frame_idx,frame_time_in_ms,pitch,yaw,roll,lm_mp_0_x,lm_mp_0_y,lm_mp_0_z,lm_mp_1_x,lm_mp_1_y,lm_mp_1_z,lm_mp_2_x,lm_mp_2_y,lm_mp_2_z,lm_mp_3_x,lm_mp_3_y,lm_mp_3_z,lm_mp_4_x,lm_mp_4_y,lm_mp_4_z,lm_mp_5_x,lm_mp_5_y,lm_mp_5_z,lm_mp_6_x,lm_mp_6_y,lm_mp_6_z,lm_mp_7_x,lm_mp_7_y,lm_mp_7_z,lm_mp_8_x,lm_mp_8_y,lm_mp_8_z,lm_mp_9_x,lm_mp_9_y,lm_mp_9_z,lm_mp_10_x,lm_mp_10_y,lm_mp_10_z,lm_mp_11_x,lm_mp_11_y,lm_mp_11_z,lm_mp_12_x,lm_mp_12_y,lm_mp_12_z,lm_mp_13_x,lm_mp_13_y,lm_mp_13_z,lm_mp_14_x,lm_mp_14_y,lm_mp_14_z,lm_mp_15_x,lm_mp_15_y,lm_mp_15_z,lm_mp_16_x,lm_mp_16_y,lm_mp_16_z,lm_mp_17_x,lm_mp_17_y,lm_mp_17_z,lm_mp_18_x,lm_mp_18_y,lm_mp_18_z,lm_mp_19_x,lm_mp_19_y,lm_mp_19_z,lm_mp_20_x,lm_mp_20_y,lm_mp_20_z,lm_mp_21_x,lm_mp_21_y,lm_mp_21_z,lm_mp_22_x,lm_mp_22_y,lm_mp_22_z,lm_mp_23_x,lm_mp_23_y,lm_mp_23_z,lm_mp_24_x,lm_mp_24_y,lm_mp_24_z,lm_mp_25_x,lm_mp_25_y,lm_mp_25_z,lm_mp_26_x,lm_mp_26_y,lm_mp_26_z,lm_mp_27_x,lm_mp_27_y,lm_mp_27_z,lm_mp_28_x,lm_mp_28_y,lm_mp_28_z,lm_mp_29_x,lm_mp_29_y,lm_mp_29_z,lm_mp_30_x,lm_mp_30_y,lm_mp_30_z,lm_mp_31_x,lm_mp_31_y,lm_mp_31_z,lm_mp_32_x,lm_mp_32_y,lm_mp_32_z,lm_mp_33_x,lm_mp_33_y,lm_mp_33_z,lm_mp_34_x,lm_mp_34_y,lm_mp_34_z,lm_mp_35_x,lm_mp_35_y,lm_mp_35_z,lm_mp_36_x,lm_mp_36_y,lm_mp_36_z,lm_mp_37_x,lm_mp_37_y,lm_mp_37_z,lm_mp_38_x,lm_mp_38_y,lm_mp_38_z,lm_mp_39_x,lm_mp_39_y,lm_mp_39_z,lm_mp_40_x,lm_mp_40_y,lm_mp_40_z,lm_mp_41_x,lm_mp_41_y,lm_mp_41_z,lm_mp_42_x,lm_mp_42_y,lm_mp_42_z,lm_mp_43_x,lm_mp_43_y,lm_mp_43_z,lm_mp_44_x,lm_mp_44_y,lm_mp_44_z,lm_mp_45_x,lm_mp_45_y,lm_mp_45_z,lm_mp_46_x,lm_mp_46_y,lm_mp_46_z,lm_mp_47_x,lm_mp_47_y,lm_mp_47_z,lm_mp_48_x,lm_mp_48_y,lm_mp_48_z,lm_mp_49_x,lm_mp_49_y,lm_mp_49_z,lm_mp_50_x,lm_mp_50_y,lm_mp_50_z,lm_mp_51_x,lm_mp_51_y,lm_mp_51_z,lm_mp_52_x,lm_mp_52_y,lm_mp_52_z,lm_mp_53_x,lm_mp_53_y,lm_mp_53_z,lm_mp_54_x,lm_mp_54_y,lm_mp_54_z,lm_mp_55_x,lm_mp_55_y,lm_mp_55_z,lm_mp_56_x,lm_mp_56_y,lm_mp_56_z,lm_mp_57_x,lm_mp_57_y,lm_mp_57_z,lm_mp_58_x,lm_mp_58_y,lm_mp_58_z,lm_mp_59_x,lm_mp_59_y,lm_mp_59_z,lm_mp_60_x,lm_mp_60_y,lm_mp_60_z,lm_mp_61_x,lm_mp_61_y,lm_mp_61_z,lm_mp_62_x,lm_mp_62_y,lm_mp_62_z,lm_mp_63_x,lm_mp_63_y,lm_mp_63_z,lm_mp_64_x,lm_mp_64_y,lm_mp_64_z,lm_mp_65_x,lm_mp_65_y,lm_mp_65_z,lm_mp_66_x,lm_mp_66_y,lm_mp_66_z,lm_mp_67_x,lm_mp_67_y,lm_mp_67_z,lm_mp_68_x,lm_mp_68_y,lm_mp_68_z,lm_mp_69_x,lm_mp_69_y,lm_mp_69_z,lm_mp_70_x,lm_mp_70_y,lm_mp_70_z,lm_mp_71_x,lm_mp_71_y,lm_mp_71_z,lm_mp_72_x,lm_mp_72_y,lm_mp_72_z,lm_mp_73_x,lm_mp_73_y,lm_mp_73_z,lm_mp_74_x,lm_mp_74_y,lm_mp_74_z,lm_mp_75_x,lm_mp_75_y,lm_mp_75_z,lm_mp_76_x,lm_mp_76_y,lm_mp_76_z,lm_mp_77_x,lm_mp_77_y,lm_mp_77_z,lm_mp_78_x,lm_mp_78_y,lm_mp_78_z,lm_mp_79_x,lm_mp_79_y,lm_mp_79_z,lm_mp_80_x,lm_mp_80_y,lm_mp_80_z,lm_mp_81_x,lm_mp_81_y,lm_mp_81_z,lm_mp_82_x,lm_mp_82_y,lm_mp_82_z,lm_mp_83_x,lm_mp_83_y,lm_mp_83_z,lm_mp_84_x,lm_mp_84_y,lm_mp_84_z,lm_mp_85_x,lm_mp_85_y,lm_mp_85_z,lm_mp_86_x,lm_mp_86_y,lm_mp_86_z,lm_mp_87_x,lm_mp_87_y,lm_mp_87_z,lm_mp_88_x,lm_mp_88_y,lm_mp_88_z,lm_mp_89_x,lm_mp_89_y,lm_mp_89_z,lm_mp_90_x,lm_mp_90_y,lm_mp_90_z,lm_mp_91_x,lm_mp_91_y,lm_mp_91_z,lm_mp_92_x,lm_mp_92_y,lm_mp_92_z,lm_mp_93_x,lm_mp_93_y,lm_mp_93_z,lm_mp_94_x,lm_mp_94_y,lm_mp_94_z,lm_mp_95_x,lm_mp_95_y,lm_mp_95_z,lm_mp_96_x,lm_mp_96_y,lm_mp_96_z,lm_mp_97_x,lm_mp_97_y,lm_mp_97_z,lm_mp_98_x,lm_mp_98_y,lm_mp_98_z,lm_mp_99_x,lm_mp_99_y,lm_mp_99_z,lm_mp_100_x,lm_mp_100_y,lm_mp_100_z,lm_mp_101_x,lm_mp_101_y,lm_mp_101_z,lm_mp_102_x,lm_mp_102_y,lm_mp_102_z,lm_mp_103_x,lm_mp_103_y,lm_mp_103_z,lm_mp_104_x,lm_mp_104_y,lm_mp_104_z,lm_mp_105_x,lm_mp_105_y,lm_mp_105_z,lm_mp_106_x,lm_mp_106_y,lm_mp_106_z,lm_mp_107_x,lm_mp_107_y,lm_mp_107_z,lm_mp_108_x,lm_mp_108_y,lm_mp_108_z,lm_mp_109_x,lm_mp_109_y,lm_mp_109_z,lm_mp_110_x,lm_mp_110_y,lm_mp_110_z,lm_mp_111_x,lm_mp_111_y,lm_mp_111_z,lm_mp_112_x,lm_mp_112_y,lm_mp_112_z,lm_mp_113_x,lm_mp_113_y,lm_mp_113_z,lm_mp_114_x,lm_mp_114_y,lm_mp_114_z,lm_mp_115_x,lm_mp_115_y,lm_mp_115_z,lm_mp_116_x,lm_mp_116_y,lm_mp_116_z,lm_mp_117_x,lm_mp_117_y,lm_mp_117_z,lm_mp_118_x,lm_mp_118_y,lm_mp_118_z,lm_mp_119_x,lm_mp_119_y,lm_mp_119_z,lm_mp_120_x,lm_mp_120_y,lm_mp_120_z,lm_mp_121_x,lm_mp_121_y,lm_mp_121_z,lm_mp_122_x,lm_mp_122_y,lm_mp_122_z,lm_mp_123_x,lm_mp_123_y,lm_mp_123_z,lm_mp_124_x,lm_mp_124_y,lm_mp_124_z,lm_mp_125_x,lm_mp_125_y,lm_mp_125_z,lm_mp_126_x,lm_mp_126_y,lm_mp_126_z,lm_mp_127_x,lm_mp_127_y,lm_mp_127_z,lm_mp_128_x,lm_mp_128_y,lm_mp_128_z,lm_mp_129_x,lm_mp_129_y,lm_mp_129_z,lm_mp_130_x,lm_mp_130_y,lm_mp_130_z,lm_mp_131_x,lm_mp_131_y,lm_mp_131_z,lm_mp_132_x,lm_mp_132_y,lm_mp_132_z,lm_mp_133_x,lm_mp_133_y,lm_mp_133_z,lm_mp_134_x,lm_mp_134_y,lm_mp_134_z,lm_mp_135_x,lm_mp_135_y,lm_mp_135_z,lm_mp_136_x,lm_mp_136_y,lm_mp_136_z,lm_mp_137_x,lm_mp_137_y,lm_mp_137_z,lm_mp_138_x,lm_mp_138_y,lm_mp_138_z,lm_mp_139_x,lm_mp_139_y,lm_mp_139_z,lm_mp_140_x,lm_mp_140_y,lm_mp_140_z,lm_mp_141_x,lm_mp_141_y,lm_mp_141_z,lm_mp_142_x,lm_mp_142_y,lm_mp_142_z,lm_mp_143_x,lm_mp_143_y,lm_mp_143_z,lm_mp_144_x,lm_mp_144_y,lm_mp_144_z,lm_mp_145_x,lm_mp_145_y,lm_mp_145_z,lm_mp_146_x,lm_mp_146_y,lm_mp_146_z,lm_mp_147_x,lm_mp_147_y,lm_mp_147_z,lm_mp_148_x,lm_mp_148_y,lm_mp_148_z,lm_mp_149_x,lm_mp_149_y,lm_mp_149_z,lm_mp_150_x,lm_mp_150_y,lm_mp_150_z,lm_mp_151_x,lm_mp_151_y,lm_mp_151_z,lm_mp_152_x,lm_mp_152_y,lm_mp_152_z,lm_mp_153_x,lm_mp_153_y,lm_mp_153_z,lm_mp_154_x,lm_mp_154_y,lm_mp_154_z,lm_mp_155_x,lm_mp_155_y,lm_mp_155_z,lm_mp_156_x,lm_mp_156_y,lm_mp_156_z,lm_mp_157_x,lm_mp_157_y,lm_mp_157_z,lm_mp_158_x,lm_mp_158_y,lm_mp_158_z,lm_mp_159_x,lm_mp_159_y,lm_mp_159_z,lm_mp_160_x,lm_mp_160_y,lm_mp_160_z,lm_mp_161_x,lm_mp_161_y,lm_mp_161_z,lm_mp_162_x,lm_mp_162_y,lm_mp_162_z,lm_mp_163_x,lm_mp_163_y,lm_mp_163_z,lm_mp_164_x,lm_mp_164_y,lm_mp_164_z,lm_mp_165_x,lm_mp_165_y,lm_mp_165_z,lm_mp_166_x,lm_mp_166_y,lm_mp_166_z,lm_mp_167_x,lm_mp_167_y,lm_mp_167_z,lm_mp_168_x,lm_mp_168_y,lm_mp_168_z,lm_mp_169_x,lm_mp_169_y,lm_mp_169_z,lm_mp_170_x,lm_mp_170_y,lm_mp_170_z,lm_mp_171_x,lm_mp_171_y,lm_mp_171_z,lm_mp_172_x,lm_mp_172_y,lm_mp_172_z,lm_mp_173_x,lm_mp_173_y,lm_mp_173_z,lm_mp_174_x,lm_mp_174_y,lm_mp_174_z,lm_mp_175_x,lm_mp_175_y,lm_mp_175_z,lm_mp_176_x,lm_mp_176_y,lm_mp_176_z,lm_mp_177_x,lm_mp_177_y,lm_mp_177_z,lm_mp_178_x,lm_mp_178_y,lm_mp_178_z,lm_mp_179_x,lm_mp_179_y,lm_mp_179_z,lm_mp_180_x,lm_mp_180_y,lm_mp_180_z,lm_mp_181_x,lm_mp_181_y,lm_mp_181_z,lm_mp_182_x,lm_mp_182_y,lm_mp_182_z,lm_mp_183_x,lm_mp_183_y,lm_mp_183_z,lm_mp_184_x,lm_mp_184_y,lm_mp_184_z,lm_mp_185_x,lm_mp_185_y,lm_mp_185_z,lm_mp_186_x,lm_mp_186_y,lm_mp_186_z,lm_mp_187_x,lm_mp_187_y,lm_mp_187_z,lm_mp_188_x,lm_mp_188_y,lm_mp_188_z,lm_mp_189_x,lm_mp_189_y,lm_mp_189_z,lm_mp_190_x,lm_mp_190_y,lm_mp_190_z,lm_mp_191_x,lm_mp_191_y,lm_mp_191_z,lm_mp_192_x,lm_mp_192_y,lm_mp_192_z,lm_mp_193_x,lm_mp_193_y,lm_mp_193_z,lm_mp_194_x,lm_mp_194_y,lm_mp_194_z,lm_mp_195_x,lm_mp_195_y,lm_mp_195_z,lm_mp_196_x,lm_mp_196_y,lm_mp_196_z,lm_mp_197_x,lm_mp_197_y,lm_mp_197_z,lm_mp_198_x,lm_mp_198_y,lm_mp_198_z,lm_mp_199_x,lm_mp_199_y,lm_mp_199_z,lm_mp_200_x,lm_mp_200_y,lm_mp_200_z,lm_mp_201_x,lm_mp_201_y,lm_mp_201_z,lm_mp_202_x,lm_mp_202_y,lm_mp_202_z,lm_mp_203_x,lm_mp_203_y,lm_mp_203_z,lm_mp_204_x,lm_mp_204_y,lm_mp_204_z,lm_mp_205_x,lm_mp_205_y,lm_mp_205_z,lm_mp_206_x,lm_mp_206_y,lm_mp_206_z,lm_mp_207_x,lm_mp_207_y,lm_mp_207_z,lm_mp_208_x,lm_mp_208_y,lm_mp_208_z,lm_mp_209_x,lm_mp_209_y,lm_mp_209_z,lm_mp_210_x,lm_mp_210_y,lm_mp_210_z,lm_mp_211_x,lm_mp_211_y,lm_mp_211_z,lm_mp_212_x,lm_mp_212_y,lm_mp_212_z,lm_mp_213_x,lm_mp_213_y,lm_mp_213_z,lm_mp_214_x,lm_mp_214_y,lm_mp_214_z,lm_mp_215_x,lm_mp_215_y,lm_mp_215_z,lm_mp_216_x,lm_mp_216_y,lm_mp_216_z,lm_mp_217_x,lm_mp_217_y,lm_mp_217_z,lm_mp_218_x,lm_mp_218_y,lm_mp_218_z,lm_mp_219_x,lm_mp_219_y,lm_mp_219_z,lm_mp_220_x,lm_mp_220_y,lm_mp_220_z,lm_mp_221_x,lm_mp_221_y,lm_mp_221_z,lm_mp_222_x,lm_mp_222_y,lm_mp_222_z,lm_mp_223_x,lm_mp_223_y,lm_mp_223_z,lm_mp_224_x,lm_mp_224_y,lm_mp_224_z,lm_mp_225_x,lm_mp_225_y,lm_mp_225_z,lm_mp_226_x,lm_mp_226_y,lm_mp_226_z,lm_mp_227_x,lm_mp_227_y,lm_mp_227_z,lm_mp_228_x,lm_mp_228_y,lm_mp_228_z,lm_mp_229_x,lm_mp_229_y,lm_mp_229_z,lm_mp_230_x,lm_mp_230_y,lm_mp_230_z,lm_mp_231_x,lm_mp_231_y,lm_mp_231_z,lm_mp_232_x,lm_mp_232_y,lm_mp_232_z,lm_mp_233_x,lm_mp_233_y,lm_mp_233_z,lm_mp_234_x,lm_mp_234_y,lm_mp_234_z,lm_mp_235_x,lm_mp_235_y,lm_mp_235_z,lm_mp_236_x,lm_mp_236_y,lm_mp_236_z,lm_mp_237_x,lm_mp_237_y,lm_mp_237_z,lm_mp_238_x,lm_mp_238_y,lm_mp_238_z,lm_mp_239_x,lm_mp_239_y,lm_mp_239_z,lm_mp_240_x,lm_mp_240_y,lm_mp_240_z,lm_mp_241_x,lm_mp_241_y,lm_mp_241_z,lm_mp_242_x,lm_mp_242_y,lm_mp_242_z,lm_mp_243_x,lm_mp_243_y,lm_mp_243_z,lm_mp_244_x,lm_mp_244_y,lm_mp_244_z,lm_mp_245_x,lm_mp_245_y,lm_mp_245_z,lm_mp_246_x,lm_mp_246_y,lm_mp_246_z,lm_mp_247_x,lm_mp_247_y,lm_mp_247_z,lm_mp_248_x,lm_mp_248_y,lm_mp_248_z,lm_mp_249_x,lm_mp_249_y,lm_mp_249_z,lm_mp_250_x,lm_mp_250_y,lm_mp_250_z,lm_mp_251_x,lm_mp_251_y,lm_mp_251_z,lm_mp_252_x,lm_mp_252_y,lm_mp_252_z,lm_mp_253_x,lm_mp_253_y,lm_mp_253_z,lm_mp_254_x,lm_mp_254_y,lm_mp_254_z,lm_mp_255_x,lm_mp_255_y,lm_mp_255_z,lm_mp_256_x,lm_mp_256_y,lm_mp_256_z,lm_mp_257_x,lm_mp_257_y,lm_mp_257_z,lm_mp_258_x,lm_mp_258_y,lm_mp_258_z,lm_mp_259_x,lm_mp_259_y,lm_mp_259_z,lm_mp_260_x,lm_mp_260_y,lm_mp_260_z,lm_mp_261_x,lm_mp_261_y,lm_mp_261_z,lm_mp_262_x,lm_mp_262_y,lm_mp_262_z,lm_mp_263_x,lm_mp_263_y,lm_mp_263_z,lm_mp_264_x,lm_mp_264_y,lm_mp_264_z,lm_mp_265_x,lm_mp_265_y,lm_mp_265_z,lm_mp_266_x,lm_mp_266_y,lm_mp_266_z,lm_mp_267_x,lm_mp_267_y,lm_mp_267_z,lm_mp_268_x,lm_mp_268_y,lm_mp_268_z,lm_mp_269_x,lm_mp_269_y,lm_mp_269_z,lm_mp_270_x,lm_mp_270_y,lm_mp_270_z,lm_mp_271_x,lm_mp_271_y,lm_mp_271_z,lm_mp_272_x,lm_mp_272_y,lm_mp_272_z,lm_mp_273_x,lm_mp_273_y,lm_mp_273_z,lm_mp_274_x,lm_mp_274_y,lm_mp_274_z,lm_mp_275_x,lm_mp_275_y,lm_mp_275_z,lm_mp_276_x,lm_mp_276_y,lm_mp_276_z,lm_mp_277_x,lm_mp_277_y,lm_mp_277_z,lm_mp_278_x,lm_mp_278_y,lm_mp_278_z,lm_mp_279_x,lm_mp_279_y,lm_mp_279_z,lm_mp_280_x,lm_mp_280_y,lm_mp_280_z,lm_mp_281_x,lm_mp_281_y,lm_mp_281_z,lm_mp_282_x,lm_mp_282_y,lm_mp_282_z,lm_mp_283_x,lm_mp_283_y,lm_mp_283_z,lm_mp_284_x,lm_mp_284_y,lm_mp_284_z,lm_mp_285_x,lm_mp_285_y,lm_mp_285_z,lm_mp_286_x,lm_mp_286_y,lm_mp_286_z,lm_mp_287_x,lm_mp_287_y,lm_mp_287_z,lm_mp_288_x,lm_mp_288_y,lm_mp_288_z,lm_mp_289_x,lm_mp_289_y,lm_mp_289_z,lm_mp_290_x,lm_mp_290_y,lm_mp_290_z,lm_mp_291_x,lm_mp_291_y,lm_mp_291_z,lm_mp_292_x,lm_mp_292_y,lm_mp_292_z,lm_mp_293_x,lm_mp_293_y,lm_mp_293_z,lm_mp_294_x,lm_mp_294_y,lm_mp_294_z,lm_mp_295_x,lm_mp_295_y,lm_mp_295_z,lm_mp_296_x,lm_mp_296_y,lm_mp_296_z,lm_mp_297_x,lm_mp_297_y,lm_mp_297_z,lm_mp_298_x,lm_mp_298_y,lm_mp_298_z,lm_mp_299_x,lm_mp_299_y,lm_mp_299_z,lm_mp_300_x,lm_mp_300_y,lm_mp_300_z,lm_mp_301_x,lm_mp_301_y,lm_mp_301_z,lm_mp_302_x,lm_mp_302_y,lm_mp_302_z,lm_mp_303_x,lm_mp_303_y,lm_mp_303_z,lm_mp_304_x,lm_mp_304_y,lm_mp_304_z,lm_mp_305_x,lm_mp_305_y,lm_mp_305_z,lm_mp_306_x,lm_mp_306_y,lm_mp_306_z,lm_mp_307_x,lm_mp_307_y,lm_mp_307_z,lm_mp_308_x,lm_mp_308_y,lm_mp_308_z,lm_mp_309_x,lm_mp_309_y,lm_mp_309_z,lm_mp_310_x,lm_mp_310_y,lm_mp_310_z,lm_mp_311_x,lm_mp_311_y,lm_mp_311_z,lm_mp_312_x,lm_mp_312_y,lm_mp_312_z,lm_mp_313_x,lm_mp_313_y,lm_mp_313_z,lm_mp_314_x,lm_mp_314_y,lm_mp_314_z,lm_mp_315_x,lm_mp_315_y,lm_mp_315_z,lm_mp_316_x,lm_mp_316_y,lm_mp_316_z,lm_mp_317_x,lm_mp_317_y,lm_mp_317_z,lm_mp_318_x,lm_mp_318_y,lm_mp_318_z,lm_mp_319_x,lm_mp_319_y,lm_mp_319_z,lm_mp_320_x,lm_mp_320_y,lm_mp_320_z,lm_mp_321_x,lm_mp_321_y,lm_mp_321_z,lm_mp_322_x,lm_mp_322_y,lm_mp_322_z,lm_mp_323_x,lm_mp_323_y,lm_mp_323_z,lm_mp_324_x,lm_mp_324_y,lm_mp_324_z,lm_mp_325_x,lm_mp_325_y,lm_mp_325_z,lm_mp_326_x,lm_mp_326_y,lm_mp_326_z,lm_mp_327_x,lm_mp_327_y,lm_mp_327_z,lm_mp_328_x,lm_mp_328_y,lm_mp_328_z,lm_mp_329_x,lm_mp_329_y,lm_mp_329_z,lm_mp_330_x,lm_mp_330_y,lm_mp_330_z,lm_mp_331_x,lm_mp_331_y,lm_mp_331_z,lm_mp_332_x,lm_mp_332_y,lm_mp_332_z,lm_mp_333_x,lm_mp_333_y,lm_mp_333_z,lm_mp_334_x,lm_mp_334_y,lm_mp_334_z,lm_mp_335_x,lm_mp_335_y,lm_mp_335_z,lm_mp_336_x,lm_mp_336_y,lm_mp_336_z,lm_mp_337_x,lm_mp_337_y,lm_mp_337_z,lm_mp_338_x,lm_mp_338_y,lm_mp_338_z,lm_mp_339_x,lm_mp_339_y,lm_mp_339_z,lm_mp_340_x,lm_mp_340_y,lm_mp_340_z,lm_mp_341_x,lm_mp_341_y,lm_mp_341_z,lm_mp_342_x,lm_mp_342_y,lm_mp_342_z,lm_mp_343_x,lm_mp_343_y,lm_mp_343_z,lm_mp_344_x,lm_mp_344_y,lm_mp_344_z,lm_mp_345_x,lm_mp_345_y,lm_mp_345_z,lm_mp_346_x,lm_mp_346_y,lm_mp_346_z,lm_mp_347_x,lm_mp_347_y,lm_mp_347_z,lm_mp_348_x,lm_mp_348_y,lm_mp_348_z,lm_mp_349_x,lm_mp_349_y,lm_mp_349_z,lm_mp_350_x,lm_mp_350_y,lm_mp_350_z,lm_mp_351_x,lm_mp_351_y,lm_mp_351_z,lm_mp_352_x,lm_mp_352_y,lm_mp_352_z,lm_mp_353_x,lm_mp_353_y,lm_mp_353_z,lm_mp_354_x,lm_mp_354_y,lm_mp_354_z,lm_mp_355_x,lm_mp_355_y,lm_mp_355_z,lm_mp_356_x,lm_mp_356_y,lm_mp_356_z,lm_mp_357_x,lm_mp_357_y,lm_mp_357_z,lm_mp_358_x,lm_mp_358_y,lm_mp_358_z,lm_mp_359_x,lm_mp_359_y,lm_mp_359_z,lm_mp_360_x,lm_mp_360_y,lm_mp_360_z,lm_mp_361_x,lm_mp_361_y,lm_mp_361_z,lm_mp_362_x,lm_mp_362_y,lm_mp_362_z,lm_mp_363_x,lm_mp_363_y,lm_mp_363_z,lm_mp_364_x,lm_mp_364_y,lm_mp_364_z,lm_mp_365_x,lm_mp_365_y,lm_mp_365_z,lm_mp_366_x,lm_mp_366_y,lm_mp_366_z,lm_mp_367_x,lm_mp_367_y,lm_mp_367_z,lm_mp_368_x,lm_mp_368_y,lm_mp_368_z,lm_mp_369_x,lm_mp_369_y,lm_mp_369_z,lm_mp_370_x,lm_mp_370_y,lm_mp_370_z,lm_mp_371_x,lm_mp_371_y,lm_mp_371_z,lm_mp_372_x,lm_mp_372_y,lm_mp_372_z,lm_mp_373_x,lm_mp_373_y,lm_mp_373_z,lm_mp_374_x,lm_mp_374_y,lm_mp_374_z,lm_mp_375_x,lm_mp_375_y,lm_mp_375_z,lm_mp_376_x,lm_mp_376_y,lm_mp_376_z,lm_mp_377_x,lm_mp_377_y,lm_mp_377_z,lm_mp_378_x,lm_mp_378_y,lm_mp_378_z,lm_mp_379_x,lm_mp_379_y,lm_mp_379_z,lm_mp_380_x,lm_mp_380_y,lm_mp_380_z,lm_mp_381_x,lm_mp_381_y,lm_mp_381_z,lm_mp_382_x,lm_mp_382_y,lm_mp_382_z,lm_mp_383_x,lm_mp_383_y,lm_mp_383_z,lm_mp_384_x,lm_mp_384_y,lm_mp_384_z,lm_mp_385_x,lm_mp_385_y,lm_mp_385_z,lm_mp_386_x,lm_mp_386_y,lm_mp_386_z,lm_mp_387_x,lm_mp_387_y,lm_mp_387_z,lm_mp_388_x,lm_mp_388_y,lm_mp_388_z,lm_mp_389_x,lm_mp_389_y,lm_mp_389_z,lm_mp_390_x,lm_mp_390_y,lm_mp_390_z,lm_mp_391_x,lm_mp_391_y,lm_mp_391_z,lm_mp_392_x,lm_mp_392_y,lm_mp_392_z,lm_mp_393_x,lm_mp_393_y,lm_mp_393_z,lm_mp_394_x,lm_mp_394_y,lm_mp_394_z,lm_mp_395_x,lm_mp_395_y,lm_mp_395_z,lm_mp_396_x,lm_mp_396_y,lm_mp_396_z,lm_mp_397_x,lm_mp_397_y,lm_mp_397_z,lm_mp_398_x,lm_mp_398_y,lm_mp_398_z,lm_mp_399_x,lm_mp_399_y,lm_mp_399_z,lm_mp_400_x,lm_mp_400_y,lm_mp_400_z,lm_mp_401_x,lm_mp_401_y,lm_mp_401_z,lm_mp_402_x,lm_mp_402_y,lm_mp_402_z,lm_mp_403_x,lm_mp_403_y,lm_mp_403_z,lm_mp_404_x,lm_mp_404_y,lm_mp_404_z,lm_mp_405_x,lm_mp_405_y,lm_mp_405_z,lm_mp_406_x,lm_mp_406_y,lm_mp_406_z,lm_mp_407_x,lm_mp_407_y,lm_mp_407_z,lm_mp_408_x,lm_mp_408_y,lm_mp_408_z,lm_mp_409_x,lm_mp_409_y,lm_mp_409_z,lm_mp_410_x,lm_mp_410_y,lm_mp_410_z,lm_mp_411_x,lm_mp_411_y,lm_mp_411_z,lm_mp_412_x,lm_mp_412_y,lm_mp_412_z,lm_mp_413_x,lm_mp_413_y,lm_mp_413_z,lm_mp_414_x,lm_mp_414_y,lm_mp_414_z,lm_mp_415_x,lm_mp_415_y,lm_mp_415_z,lm_mp_416_x,lm_mp_416_y,lm_mp_416_z,lm_mp_417_x,lm_mp_417_y,lm_mp_417_z,lm_mp_418_x,lm_mp_418_y,lm_mp_418_z,lm_mp_419_x,lm_mp_419_y,lm_mp_419_z,lm_mp_420_x,lm_mp_420_y,lm_mp_420_z,lm_mp_421_x,lm_mp_421_y,lm_mp_421_z,lm_mp_422_x,lm_mp_422_y,lm_mp_422_z,lm_mp_423_x,lm_mp_423_y,lm_mp_423_z,lm_mp_424_x,lm_mp_424_y,lm_mp_424_z,lm_mp_425_x,lm_mp_425_y,lm_mp_425_z,lm_mp_426_x,lm_mp_426_y,lm_mp_426_z,lm_mp_427_x,lm_mp_427_y,lm_mp_427_z,lm_mp_428_x,lm_mp_428_y,lm_mp_428_z,lm_mp_429_x,lm_mp_429_y,lm_mp_429_z,lm_mp_430_x,lm_mp_430_y,lm_mp_430_z,lm_mp_431_x,lm_mp_431_y,lm_mp_431_z,lm_mp_432_x,lm_mp_432_y,lm_mp_432_z,lm_mp_433_x,lm_mp_433_y,lm_mp_433_z,lm_mp_434_x,lm_mp_434_y,lm_mp_434_z,lm_mp_435_x,lm_mp_435_y,lm_mp_435_z,lm_mp_436_x,lm_mp_436_y,lm_mp_436_z,lm_mp_437_x,lm_mp_437_y,lm_mp_437_z,lm_mp_438_x,lm_mp_438_y,lm_mp_438_z,lm_mp_439_x,lm_mp_439_y,lm_mp_439_z,lm_mp_440_x,lm_mp_440_y,lm_mp_440_z,lm_mp_441_x,lm_mp_441_y,lm_mp_441_z,lm_mp_442_x,lm_mp_442_y,lm_mp_442_z,lm_mp_443_x,lm_mp_443_y,lm_mp_443_z,lm_mp_444_x,lm_mp_444_y,lm_mp_444_z,lm_mp_445_x,lm_mp_445_y,lm_mp_445_z,lm_mp_446_x,lm_mp_446_y,lm_mp_446_z,lm_mp_447_x,lm_mp_447_y,lm_mp_447_z,lm_mp_448_x,lm_mp_448_y,lm_mp_448_z,lm_mp_449_x,lm_mp_449_y,lm_mp_449_z,lm_mp_450_x,lm_mp_450_y,lm_mp_450_z,lm_mp_451_x,lm_mp_451_y,lm_mp_451_z,lm_mp_452_x,lm_mp_452_y,lm_mp_452_z,lm_mp_453_x,lm_mp_453_y,lm_mp_453_z,lm_mp_454_x,lm_mp_454_y,lm_mp_454_z,lm_mp_455_x,lm_mp_455_y,lm_mp_455_z,lm_mp_456_x,lm_mp_456_y,lm_mp_456_z,lm_mp_457_x,lm_mp_457_y,lm_mp_457_z,lm_mp_458_x,lm_mp_458_y,lm_mp_458_z,lm_mp_459_x,lm_mp_459_y,lm_mp_459_z,lm_mp_460_x,lm_mp_460_y,lm_mp_460_z,lm_mp_461_x,lm_mp_461_y,lm_mp_461_z,lm_mp_462_x,lm_mp_462_y,lm_mp_462_z,lm_mp_463_x,lm_mp_463_y,lm_mp_463_z,lm_mp_464_x,lm_mp_464_y,lm_mp_464_z,lm_mp_465_x,lm_mp_465_y,lm_mp_465_z,lm_mp_466_x,lm_mp_466_y,lm_mp_466_z,lm_mp_467_x,lm_mp_467_y,lm_mp_467_z,lm_mp_468_x,lm_mp_468_y,lm_mp_468_z,lm_mp_469_x,lm_mp_469_y,lm_mp_469_z,lm_mp_470_x,lm_mp_470_y,lm_mp_470_z,lm_mp_471_x,lm_mp_471_y,lm_mp_471_z,lm_mp_472_x,lm_mp_472_y,lm_mp_472_z,lm_mp_473_x,lm_mp_473_y,lm_mp_473_z,lm_mp_474_x,lm_mp_474_y,lm_mp_474_z,lm_mp_475_x,lm_mp_475_y,lm_mp_475_z,lm_mp_476_x,lm_mp_476_y,lm_mp_476_z,lm_mp_477_x,lm_mp_477_y,lm_mp_477_z,au_1,au_2,au_4,au_6,au_7,au_10,au_12,au_14,au_15,au_17,au_23,au_24,au_1_intensity,au_2_intensity,au_4_intensity,au_5_intensity,au_6_intensity,au_9_intensity,au_12_intensity,au_15_intensity,au_17_intensity,au_20_intensity,au_25_intensity,au_26_intensity,facial_expression,gaze_yaw,gaze_pitch
15,0.5,28.42657031973278,-3.717399388137659,0.7134751757939103,0.5447505712509155,0.4344911575317383,-0.08360498398542404,0.4917594790458679,0.3769075572490692,-0.1162119209766388,0.5036220550537109,0.41577380895614624,-0.07411517202854156,0.41104158759117126,0.38594895601272583,-0.08826612681150436,0.4722214937210083,0.3673951029777527,-0.11811751872301102,0.444900780916214,0.36740997433662415,-0.10322930663824081,0.36958304047584534,0.37708428502082825,-0.029742037877440453,0.24623322486877441,0.5186681747436523,-0.06784021854400635,0.3203268051147461,0.367709755897522,-0.00018752040341496468,0.2965538501739502,0.3564167022705078,0.005813023541122675,0.21146120131015778,0.3349359929561615,0.05370160564780235,0.5481647253036499,0.43661603331565857,-0.08288465440273285,0.5492655038833618,0.43992170691490173,-0.07845471054315567,0.5476650595664978,0.4432004392147064,-0.07161112129688263,0.6339848041534424,0.48022839426994324,-0.05842016637325287,0.6431476473808289,0.48307687044143677,-0.06368327885866165,0.6505414247512817,0.48673951625823975,-0.06969641894102097,0.6542564630508423,0.4913112223148346,-0.06813713908195496,0.6623085737228394,0.48984888195991516,-0.05575612559914589,0.5012325048446655,0.39083194732666016,-0.10862588882446289,0.48432838916778564,0.41836124658584595,-0.09527608752250671,0.0987529456615448,0.6025567054748535,-0.017884381115436554,0.30655741691589355,0.47724485397338867,-0.04864930734038353,0.29291489720344543,0.4958385229110718,-0.06362640112638474,0.2767670154571533,0.5130499601364136,-0.07279926538467407,0.24557995796203613,0.5306777358055115,-0.07507629692554474,0.3149546682834625,0.45960426330566406,-0.02972329594194889,0.2323973923921585,0.4689735174179077,-0.06258513033390045,0.2527341842651367,0.45110374689102173,-0.04145641624927521,0.21764983236789703,0.48939746618270874,-0.07319844514131546,0.21315641701221466,0.5067448616027832,-0.07616553455591202,0.24351292848587036,0.5542354583740234,-0.07905835658311844,0.6333979368209839,0.5772370100021362,-0.09498339146375656,0.23499032855033875,0.5232724547386169,-0.0662521943449974,0.1834280788898468,0.6407244205474854,-0.041258905082941055,0.21475103497505188,0.5649830102920532,-0.0727657601237297,0.3904170095920563,0.5055598020553589,-0.09643959254026413,0.5164461135864258,0.4595268666744232,-0.09997257590293884,0.5278926491737366,0.4627169668674469,-0.09315242618322372,0.4982714056968689,0.48979413509368896,-0.10883794724941254,0.49029386043548584,0.5112748742103577,-0.10616002231836319,0.5112569332122803,0.4858115315437317,-0.10015355795621872,0.5018854141235352,0.5043593049049377,-0.09492935985326767,0.5384723544120789,0.5692017674446106,-0.09282546490430832,0.4807370901107788,0.3904916048049927,-0.12501710653305054,0.4603850841522217,0.3835201859474182,-0.1284143626689911,0.17024880647659302,0.5208052396774292,-0.0900379940867424,0.3668350875377655,0.45428651571273804,-0.05669885873794556,0.43588098883628845,0.4577685594558716,-0.11195273697376251,0.42129358649253845,0.45982494950294495,-0.10476090013980865,0.34289121627807617,0.5660830736160278,-0.12269843369722366,0.43519067764282227,0.3829748034477234,-0.11357379704713821,0.18965937197208405,0.4620852768421173,-0.07509101927280426,0.17294441163539886,0.4923110008239746,-0.0867653489112854,0.08692166209220886,0.5501365065574646,-0.027730504050850868,0.2737789750099182,0.39750295877456665,-0.026999088004231453,0.2755894958972931,0.43896082043647766,-0.02259695716202259,0.5008171796798706,0.5718192458152771,-0.10181012004613876,0.40821975469589233,0.7423959374427795,-0.03182683140039444,0.4572811722755432,0.4524765610694885,-0.09443593770265579,0.47433024644851685,0.4415675401687622,-0.082810178399086,0.4971473813056946,0.5426018238067627,-0.0903516486287117,0.5034112334251404,0.5373896956443787,-0.08561396598815918,0.15194593369960785,0.495625376701355,-0.08081835508346558,0.44182053208351135,0.47026318311691284,-0.10287120938301086,0.22068046033382416,0.43127989768981934,-0.054230574518442154,0.2038094699382782,0.42439138889312744,-0.055353306233882904,0.125722736120224,0.43094390630722046,-0.019741583615541458,0.1203034371137619,0.5207509994506836,-0.0555693618953228,0.1659797728061676,0.4212021827697754,-0.034481361508369446,0.15179729461669922,0.5293152928352356,-0.08016300946474075,0.12645050883293152,0.5679026246070862,-0.0473613478243351,0.5235905051231384,0.4614591598510742,-0.09912004321813583,0.5051140785217285,0.4878743588924408,-0.10553110390901566,0.4960470199584961,0.5081512928009033,-0.10179939866065979,0.46393802762031555,0.4531360864639282,-0.08574274182319641,0.5006064772605896,0.5399720072746277,-0.08698956668376923,0.5233571529388428,0.5425785779953003,-0.08726395666599274,0.5055458545684814,0.5350081920623779,-0.08441963791847229,0.4618728756904602,0.42657041549682617,-0.1170588806271553,0.5051751136779785,0.5015966892242432,-0.0908038392663002,0.5143555998802185,0.48376116156578064,-0.0920606255531311,0.5296494960784912,0.4638409912586212,-0.08704379200935364,0.640150249004364,0.5168140530586243,-0.07261534035205841,0.6230779886245728,0.5214722156524658,-0.08562649041414261,0.6210225224494934,0.5153886079788208,-0.0868278220295906,0.6159345507621765,0.5087394118309021,-0.08039559423923492,0.609590470790863,0.50266033411026,-0.07441732287406921,0.555095911026001,0.5272096991539001,-0.0811472162604332,0.5532666444778442,0.5332992076873779,-0.08538936823606491,0.5503596067428589,0.5410177111625671,-0.09067372232675552,0.5474138855934143,0.5479189157485962,-0.09183324873447418,0.47732794284820557,0.5213223099708557,-0.10567200928926468,0.2729645371437073,0.7259458899497986,0.0054330602288246155,0.5029618740081787,0.4038417339324951,-0.08550240844488144,0.5317031145095825,0.5322045683860779,-0.0814427062869072,0.5278819799423218,0.5373302102088928,-0.08467450737953186,0.4867832064628601,0.4396040737628937,-0.08638674765825272,0.456892728805542,0.47607800364494324,-0.08289049565792084,0.48113733530044556,0.4402938187122345,-0.08462116122245789,0.363018274307251,0.47775861620903015,-0.07129497081041336,0.3534236252307892,0.5092467069625854,-0.09427890181541443,0.4263356328010559,0.4721794128417969,-0.09763038903474808,0.09472718834877014,0.49277541041374207,-0.030334847047924995,0.13224531710147858,0.4724586606025696,-0.0506124347448349,0.17003121972084045,0.45988428592681885,-0.07148156315088272,0.5716632604598999,0.5585045218467712,-0.09181661903858185,0.24761077761650085,0.38660871982574463,-0.0295364148914814,0.20416297018527985,0.38067764043807983,-0.007554762531071901,0.1647210717201233,0.3807372450828552,0.00959393847733736,0.2598578929901123,0.526131808757782,-0.0765044242143631,0.24045920372009277,0.5816177725791931,-0.08754179626703262,0.318306028842926,0.4468232989311218,-0.01891191489994526,0.2056780904531479,0.5303276181221008,-0.08003875613212585,0.36510440707206726,0.4344227910041809,-0.0507061667740345,0.4398947060108185,0.43258875608444214,-0.12019012123346329,0.24708373844623566,0.617332935333252,-0.09199531376361847,0.25877636671066284,0.5787707567214966,-0.10048659145832062,0.28344646096229553,0.5594415068626404,-0.09877439588308334,0.31110313534736633,0.5215587019920349,-0.07860252261161804,0.32709458470344543,0.4908458888530731,-0.05760881304740906,0.3360459506511688,0.46628907322883606,-0.042600903660058975,0.36088839173316956,0.39463815093040466,-0.040258195251226425,0.2952970266342163,0.6309819221496582,-0.10938232392072678,0.19029681384563446,0.5437196493148804,-0.08233895897865295,0.4939979910850525,0.398281455039978,-0.11603406816720963,0.3897300958633423,0.45579832792282104,-0.07005514204502106,0.16903601586818695,0.6822155117988586,0.01305333524942398,0.3402268588542938,0.4453219175338745,-0.030606331303715706,0.4237652122974396,0.48244670033454895,-0.07795547693967819,0.22761276364326477,0.5302304625511169,-0.07023360580205917,0.4235962927341461,0.43511277437210083,-0.10994739830493927,0.3348121643066406,0.7402251362800598,-0.009452976286411285,0.31251001358032227,0.4439936876296997,-0.012791532091796398,0.4276611804962158,0.406289279460907,-0.1159936785697937,0.5146692991256714,0.6693302989006042,-0.09347463399171829,0.5373703241348267,0.7001960873603821,-0.0735008716583252,0.27953076362609863,0.6848334074020386,-0.05829808861017227,0.4599234163761139,0.6926764249801636,-0.09073836356401443,0.14951404929161072,0.6049805283546448,-0.038683123886585236,0.6565302610397339,0.5943891406059265,-0.09694227576255798,0.49648672342300415,0.40986886620521545,-0.08934183418750763,0.39074695110321045,0.4799450635910034,-0.07858221232891083,0.20726987719535828,0.5832788944244385,-0.06923443078994751,0.2689119279384613,0.5030062198638916,-0.06570019572973251,0.28379344940185547,0.48855915665626526,-0.05827402323484421,0.5183781385421753,0.5477614402770996,-0.08933516591787338,0.34235700964927673,0.6506904363632202,-0.10894761979579926,0.7131774425506592,0.5713791251182556,-0.08206494152545929,0.6383204460144043,0.6374883651733398,-0.08403557538986206,0.5955308675765991,0.6669716835021973,-0.07963743060827255,0.24696074426174164,0.3421713709831238,0.03107670322060585,0.7401960492134094,0.5340855121612549,-0.053672634065151215,0.2950035333633423,0.4738541841506958,-0.04477038234472275,0.3039848208427429,0.4589158892631531,-0.030405540019273758,0.3099479079246521,0.44901329278945923,-0.01839977316558361,0.17654244601726532,0.5556251406669617,-0.07288619875907898,0.28884780406951904,0.4535527229309082,-0.02850445918738842,0.270925372838974,0.4670775830745697,-0.04210999235510826,0.25639259815216064,0.4814717471599579,-0.05494574084877968,0.244364395737648,0.4973084330558777,-0.06468034535646439,0.23865780234336853,0.5092732906341553,-0.06760980933904648,0.12450949847698212,0.6439390778541565,0.0008483108831569552,0.2567448914051056,0.5122753381729126,-0.0681929737329483,0.5174022912979126,0.42144596576690674,-0.07274257391691208,0.47823524475097656,0.49564647674560547,-0.1019788533449173,0.45531272888183594,0.44652503728866577,-0.09848501533269882,0.5005408525466919,0.44751885533332825,-0.0914096012711525,0.34281450510025024,0.3773648142814636,-0.006964939180761576,0.5674535036087036,0.6465524435043335,-0.0906810462474823,0.6117153763771057,0.6231936812400818,-0.09232466667890549,0.6967707276344299,0.5588039755821228,-0.09078137576580048,0.47823861241340637,0.7261407971382141,-0.056189294904470444,0.3042326271533966,0.44632619619369507,-0.019144613295793533,0.38606807589530945,0.41049879789352417,-0.06595391780138016,0.725419282913208,0.5209641456604004,-0.06280828267335892,0.6782880425453186,0.6055192947387695,-0.09072291851043701,0.3351713716983795,0.7016107439994812,-0.06680139154195786,0.5827887654304504,0.5177100300788879,-0.08057626336812973,0.5839835405349731,0.5249462723731995,-0.08597161620855331,0.5850566625595093,0.533150315284729,-0.09191905707120895,0.5857447385787964,0.5407541990280151,-0.09246440976858139,0.6064916253089905,0.5418024659156799,-0.08848722279071808,0.4986405372619629,0.5218024849891663,-0.09096755087375641,0.4932539463043213,0.5256733894348145,-0.09571586549282074,0.48807117342948914,0.5288823843002319,-0.09973453730344772,0.48451656103134155,0.5474887490272522,-0.10625980794429779,0.37737715244293213,0.6117721796035767,-0.12357475608587265,0.3620273768901825,0.4134751558303833,-0.04314927011728287,0.30994972586631775,0.41979268193244934,-0.002734633395448327,0.30343878269195557,0.4329604208469391,-0.011209971271455288,0.5020260214805603,0.5183833837509155,-0.08783762156963348,0.43182122707366943,0.6510529518127441,-0.10797957330942154,0.3212995231151581,0.4025166928768158,-0.015232336707413197,0.6164778470993042,0.5609187483787537,-0.08911577612161636,0.4195408821105957,0.3712562918663025,-0.07766901701688766,0.387248694896698,0.39065980911254883,-0.0630231648683548,0.39570724964141846,0.3744979202747345,-0.05204213410615921,0.4072287380695343,0.43311652541160583,-0.08335911482572556,0.7026375532150269,0.5080586671829224,-0.06585235893726349,0.6786697506904602,0.4988343119621277,-0.059896718710660934,0.6540296077728271,0.5302628874778748,-0.07862319052219391,0.5346762537956238,0.5910394787788391,-0.09671588987112045,0.4282413125038147,0.5050120949745178,-0.08881629258394241,0.5771049857139587,0.581127405166626,-0.09280209988355637,0.3938811421394348,0.544394850730896,-0.11676590144634247,0.43771111965179443,0.5288479924201965,-0.10389271378517151,0.41666102409362793,0.5815473794937134,-0.12062482535839081,0.6748358607292175,0.5437411665916443,-0.09107363224029541,0.4069821834564209,0.4564022123813629,-0.08217798918485641,0.5431276559829712,0.6193545460700989,-0.09828844666481018,0.5896402597427368,0.6009033918380737,-0.09341046959161758,0.4914069175720215,0.5919905304908752,-0.10921857506036758,0.38605326414108276,0.6661688089370728,-0.10435755550861359,0.4791179597377777,0.6268686652183533,-0.11007033288478851,0.39429062604904175,0.7071406245231628,-0.07826299220323563,0.4548632502555847,0.5583973526954651,-0.11175493896007538,0.38770872354507446,0.4332181513309479,-0.06780415028333664,0.45471498370170593,0.4289579391479492,-0.12248744815587997,0.4477340281009674,0.4535217881202698,-0.10865578055381775,0.4495779573917389,0.40637993812561035,-0.12755201756954193,0.27887871861457825,0.42230531573295593,-0.01759391278028488,0.24161654710769653,0.4426555931568146,-0.043499771505594254,0.21641506254673004,0.46524834632873535,-0.06599211692810059,0.2005162537097931,0.4891618490219116,-0.08038369566202164,0.1958986073732376,0.5110613703727722,-0.08421263098716736,0.22217795252799988,0.5459611415863037,-0.07257097959518433,0.22917534410953522,0.6650270819664001,-0.05342135578393936,0.258248507976532,0.5493072867393494,-0.08305329084396362,0.27936112880706787,0.5339038968086243,-0.07952697575092316,0.3004230558872223,0.5089911818504333,-0.0678502768278122,0.3167966306209564,0.48324841260910034,-0.049717649817466736,0.3259629011154175,0.46214890480041504,-0.03118511103093624,0.331033319234848,0.4461209177970886,-0.0205371230840683,0.21940186619758606,0.706549346446991,0.01468940544873476,0.45172032713890076,0.46167024970054626,-0.09943189471960068,0.40780019760131836,0.40703707933425903,-0.08837108314037323,0.4680769443511963,0.40646427869796753,-0.12614011764526367,0.48280805349349976,0.41013312339782715,-0.11175926774740219,0.47010406851768494,0.4144182801246643,-0.1176924929022789,0.46022048592567444,0.46458786725997925,-0.08834598958492279,0.48798513412475586,0.404613733291626,-0.11528563499450684,0.49105173349380493,0.41523826122283936,-0.0922524631023407,0.318565309047699,0.43652307987213135,-0.007432418875396252,0.3300202488899231,0.42978328466415405,-0.009349665604531765,0.3371710479259491,0.42496007680892944,-0.020093459635972977,0.23613733053207397,0.5169297456741333,-0.06805719435214996,0.21507932245731354,0.5213436484336853,-0.07489562779664993,0.43102771043777466,0.36348146200180054,-0.05492224171757698,0.4217924475669861,0.3537731170654297,0.17228975892066956,0.5077992081642151,0.3926768898963928,-0.07000989466905594,0.37099725008010864,0.3255961537361145,0.3587077558040619,0.41257375478744507,0.3746679425239563,0.10630333423614502,0.4213610887527466,0.37085404992103577,0.12266439944505692,0.427610844373703,0.3658926486968994,0.1417907476425171,0.421894371509552,0.35899752378463745,0.1786557137966156,0.4048772156238556,0.3752363324165344,0.09279951453208923,0.39514631032943726,0.3413255214691162,0.12972790002822876,0.38877591490745544,0.34746453166007996,0.11062631756067276,0.4013112187385559,0.33813926577568054,0.14947402477264404,0.4069804549217224,0.33978012204170227,0.16521435976028442,0.4293425679206848,0.36218124628067017,0.19395551085472107,0.7077158689498901,0.465931236743927,0.01830245368182659,0.41881275177001953,0.35147929191589355,0.18499232828617096,0.44887566566467285,0.35362011194229126,0.33634987473487854,0.41591504216194153,0.3534192740917206,0.2346448004245758,0.512075662612915,0.36646389961242676,0.059740133583545685,0.5599724650382996,0.4095877408981323,-0.06011587381362915,0.5641701221466064,0.4205976724624634,-0.05641819164156914,0.5790343284606934,0.3936789035797119,-0.026078762486577034,0.5945196151733398,0.38873541355133057,0.008235063403844833,0.5775477886199951,0.407990962266922,-0.028331518173217773,0.5896307229995728,0.4018093943595886,0.0012248603161424398,0.653295636177063,0.4216073155403137,0.05441315099596977,0.4999966025352478,0.3690166473388672,-0.10343150049448013,0.48255425691604614,0.35875725746154785,-0.10268257558345795,0.3953305780887604,0.32082846760749817,0.19752220809459686,0.4400034546852112,0.37177056074142456,0.04480469971895218,0.5128039121627808,0.3650234341621399,-0.016062147915363312,0.5005372762680054,0.3646235466003418,-0.006046191323548555,0.5331120491027832,0.35149550437927246,0.13636527955532074,0.4562003016471863,0.3590635061264038,-0.08075784146785736,0.383033812046051,0.31619393825531006,0.12569747865200043,0.3894219398498535,0.3149857521057129,0.16436484456062317,0.3403552174568176,0.3034577965736389,0.30940720438957214,0.3710660934448242,0.3437173366546631,0.03949661925435066,0.38519221544265747,0.35548609495162964,0.10129711031913757,0.6340667009353638,0.4062809348106384,0.076231949031353,0.6310735940933228,0.45459720492362976,0.323867529630661,0.5162079930305481,0.3810247778892517,-0.02372664026916027,0.5136250853538513,0.3940422534942627,-0.04755977541208267,0.6231838464736938,0.39639797806739807,0.063651904463768,0.6189034581184387,0.4026990234851837,0.04935401678085327,0.37767931818962097,0.30582308769226074,0.18616102635860443,0.5202207565307617,0.3741528391838074,-0.008646832779049873,0.37621423602104187,0.3243110179901123,0.08316992223262787,0.3640786409378052,0.3132801651954651,0.08652973920106888,0.2779453992843628,0.292600154876709,0.17304769158363342,0.3521256148815155,0.2963464856147766,0.23931927978992462,0.29985424876213074,0.29876118898391724,0.12932029366493225,0.38340985774993896,0.31522005796432495,0.22834090888500214,0.3805637061595917,0.3127366304397583,0.28749534487724304,0.5642516016960144,0.41447746753692627,-0.059666432440280914,0.5797605514526367,0.4003894329071045,-0.027671432122588158,0.5931739807128906,0.39431920647621155,0.00241095875389874,0.5165554881095886,0.38777196407318115,-0.027558116242289543,0.6214876174926758,0.39954298734664917,0.055146846920251846,0.6377444267272949,0.40685901045799255,0.03233840689063072,0.6163678765296936,0.4050970673561096,0.04660405218601227,0.5083101987838745,0.3734067678451538,-0.05180150642991066,0.5849066376686096,0.4080253839492798,0.0005928984610363841,0.573326051235199,0.4143734276294708,-0.024348847568035126,0.5615484714508057,0.42646580934524536,-0.049336936324834824,0.6741524934768677,0.46922874450683594,-0.03552790358662605,0.6718670129776001,0.46077725291252136,-0.04523354768753052,0.6667560338973999,0.45835816860198975,-0.045343730598688126,0.6571282148361206,0.45774659514427185,-0.038812655955553055,0.6460936069488525,0.4582420885562897,-0.03515539690852165,0.6383357644081116,0.42790138721466064,0.010585970245301723,0.6446412205696106,0.4232996702194214,0.006390656344592571,0.6522374749183655,0.4178757071495056,0.00462376931682229,0.6574957370758057,0.41415300965309143,0.011244609951972961,0.5837512612342834,0.38942641019821167,0.02688482776284218,0.531390905380249,0.4225010275840759,0.4031532406806946,0.6288764476776123,0.4173409938812256,0.032838933169841766,0.6339815855026245,0.4118373990058899,0.030208900570869446,0.5180618762969971,0.4011320173740387,-0.05162259191274643,0.5275396108627319,0.3877525329589844,-0.007430429570376873,0.5161381363868713,0.3976152539253235,-0.05038698762655258,0.4608834981918335,0.36764681339263916,0.064406618475914,0.48935532569885254,0.3579366207122803,0.08963849395513535,0.5099340677261353,0.370818167924881,0.004536493681371212,0.3093356192111969,0.2914654612541199,0.24424290657043457,0.3253132998943329,0.2920563220977783,0.1869647055864334,0.3707483112812042,0.3048722445964813,0.14047212898731232,0.664421796798706,0.43411779403686523,0.029410947114229202,0.3550541400909424,0.3270353078842163,0.043196581304073334,0.27639836072921753,0.3157523274421692,0.0780988559126854,0.24793532490730286,0.3062250018119812,0.10674641281366348,0.42733731865882874,0.3623223304748535,0.16231881082057953,0.4372185468673706,0.36690810322761536,0.2162223607301712,0.3994259834289551,0.3744204044342041,0.09030706435441971,0.4075445532798767,0.3406819999217987,0.19789397716522217,0.4207579791545868,0.3719226121902466,0.03031017817556858,0.5015659332275391,0.36067259311676025,-0.0427192747592926,0.49391865730285645,0.34418177604675293,0.2535414695739746,0.4547615051269531,0.371332585811615,0.18511375784873962,0.4643058180809021,0.3755893409252167,0.14337241649627686,0.4542078673839569,0.3812215328216553,0.1064874604344368,0.4384646713733673,0.3843885064125061,0.08299534767866135,0.42719587683677673,0.38406163454055786,0.0625784695148468,0.384005606174469,0.36950892210006714,-0.005688006523996592,0.5386641621589661,0.3540094792842865,0.23547953367233276,0.4029090702533722,0.3359249532222748,0.22097620368003845,0.5058215856552124,0.38543716073036194,-0.0987427681684494,0.461669921875,0.37239187955856323,0.027973057702183723,0.4392327666282654,0.38360485434532166,0.42128443717956543,0.417097270488739,0.3818950653076172,0.0517558678984642,0.5102357268333435,0.37715864181518555,0.02458980306982994,0.4157852828502655,0.35200315713882446,0.19394215941429138,0.48664483428001404,0.3610193729400635,-0.03139081969857216,0.5810497999191284,0.4383702278137207,0.3709912598133087,0.39511725306510925,0.37164878845214844,0.10137957334518433,0.46970510482788086,0.3580831289291382,-0.05847414210438728,0.6799001693725586,0.4395044445991516,0.16396567225456238,0.6968671083450317,0.4680597186088562,0.1962520182132721,0.5412764549255371,0.38170623779296875,0.31884944438934326,0.6583333015441895,0.4298478960990906,0.21253010630607605,0.4109795093536377,0.3336678147315979,0.31996190547943115,0.7300669550895691,0.4770147502422333,0.02592254988849163,0.5064781308174133,0.39939063787460327,-0.07893767952919006,0.4845348596572876,0.37164586782455444,0.042552921921014786,0.4117066264152527,0.3571949601173401,0.26930421590805054,0.4214773178100586,0.35952916741371155,0.14526601135730743,0.4153900742530823,0.3640247583389282,0.12844730913639069,0.6406537294387817,0.4026147127151489,0.039331577718257904,0.5789331793785095,0.37107980251312256,0.22341947257518768,0.7513940334320068,0.5068818926811218,-0.011394990608096123,0.7342820167541504,0.48209303617477417,0.08997488021850586,0.718923807144165,0.4754217267036438,0.1393163800239563,0.40760719776153564,0.3674107789993286,0.1145794466137886,0.39995530247688293,0.36924347281455994,0.10671571642160416,0.39653006196022034,0.37083899974823,0.10455437004566193,0.39207395911216736,0.3345808982849121,0.25448206067085266,0.39697200059890747,0.3625248074531555,0.11064860224723816,0.40178152918815613,0.3569650650024414,0.11926659196615219,0.4074918031692505,0.3521724343299866,0.1330319344997406,0.4134129285812378,0.34892964363098145,0.14947019517421722,0.4171028733253479,0.34891077876091003,0.1620206981897354,0.40105438232421875,0.35177522897720337,0.39880838990211487,0.4227306842803955,0.3560062050819397,0.16073352098464966,0.5619691014289856,0.38979455828666687,-0.001425666268914938,0.5145580768585205,0.37609800696372986,-0.031076570972800255,0.5354406237602234,0.40413230657577515,-0.050241678953170776,0.7006268501281738,0.4518964886665344,0.11756298691034317,0.7135970592498779,0.4656291902065277,0.07207014411687851,0.7373224496841431,0.49431782960891724,-0.02386823669075966,0.6698110103607178,0.4637434780597687,0.26117002964019775,0.3956757187843323,0.3677104115486145,0.10569707304239273,0.42534762620925903,0.36656975746154785,-0.01126007828861475,0.7469693422317505,0.49100634455680847,0.03859543427824974,0.5857003927230835,0.39933913946151733,0.294482558965683,0.6461546421051025,0.44111642241477966,-0.011592057533562183,0.6553645133972168,0.43770554661750793,-0.014275488443672657,0.6648166179656982,0.4348274767398834,-0.016822582110762596,0.6721659898757935,0.4342040717601776,-0.013254341669380665,0.673018753528595,0.4494059383869171,-0.00015759465168230236,0.6025146245956421,0.4004243016242981,0.0284657534211874,0.6061438322067261,0.39408475160598755,0.03518914058804512,0.608018159866333,0.38868552446365356,0.040392469614744186,0.6090388298034668,0.39481300115585327,0.058494891971349716,0.5817179083824158,0.37040942907333374,0.1567697525024414,0.40081143379211426,0.37089866399765015,0.013400096446275711,0.3833223879337311,0.36599302291870117,0.0692363828420639,0.3872103691101074,0.36604100465774536,0.09389478713274002,0.5980163812637329,0.4051205515861511,0.026803620159626007,0.6312612295150757,0.39939871430397034,0.17716003954410553,0.3847108483314514,0.36546772718429565,0.027497950941324234,0.685818076133728,0.4597809910774231,0.009012176655232906,0.40894216299057007,0.3663707971572876,-0.03356601297855377,0.4646242558956146,0.36701661348342896,-0.011460777372121811,0.6896237730979919,0.47758156061172485,-0.031467095017433167,0.6603132486343384,0.4244895577430725,0.07377560436725616,0.5337487459182739,0.37831932306289673,0.03942497447133064,0.6764565110206604,0.442521333694458,0.04263933002948761,0.5502051711082458,0.36468183994293213,0.08430960029363632,0.5634040832519531,0.3793894648551941,0.05610034987330437,0.5891784429550171,0.37638160586357117,0.10927329957485199,0.7150213122367859,0.48349568247795105,-0.02864593267440796,0.4796249568462372,0.3706279993057251,0.008402409963309765,0.6783742904663086,0.43236130475997925,0.09803414344787598,0.6922785043716431,0.4514097273349762,0.058318059891462326,0.638677716255188,0.4064190089702606,0.09650248289108276,0.6118811964988708,0.3887208104133606,0.21434913575649261,0.6473836898803711,0.4083016812801361,0.12885457277297974,0.624906063079834,0.416573166847229,0.26500624418258667,0.5974027514457703,0.38715144991874695,0.07706253975629807,0.443180650472641,0.3698440492153168,0.009900437667965889,0.5082455277442932,0.3667673170566559,-0.051800332963466644,0.5170444250106812,0.3700687885284424,-0.027761800214648247,0.4917944371700287,0.3578794300556183,-0.07121884822845459,0.37844106554985046,0.35225510597229004,0.08177999407052994,0.3830913305282593,0.3390318751335144,0.1028120145201683,0.3900698721408844,0.33112388849258423,0.1259748786687851,0.3969855010509491,0.32749438285827637,0.1530459225177765,0.4026774764060974,0.33095622062683105,0.1770760864019394,0.416062593460083,0.3531935214996338,0.20899087190628052,0.49580496549606323,0.36656653881073,0.3333778381347656,0.43911343812942505,0.3659449815750122,0.17359866201877594,0.44261279702186584,0.37046486139297485,0.14414449036121368,0.4360312521457672,0.3759881854057312,0.1166076585650444,0.4236810803413391,0.3799237906932831,0.09556803107261658,0.41404613852500916,0.3804900050163269,0.07888377457857132,0.4069328010082245,0.37980329990386963,0.06911873072385788,0.48256242275238037,0.4067269563674927,0.4222857356071472,0.5203752517700195,0.3775854706764221,-0.019892849028110504,0.4468063414096832,0.36299002170562744,-0.032006654888391495,0.5038095712661743,0.36575204133987427,-0.08097638189792633,0.5067228674888611,0.3840000629425049,-0.08572233468294144,0.5062856078147888,0.37401020526885986,-0.07161502540111542,0.5224034786224365,0.386846125125885,-0.021562224254012108,0.5074658989906311,0.3836248517036438,-0.09391520917415619,0.5084591507911682,0.3959997594356537,-0.07441563159227371,0.3937112092971802,0.37302425503730774,0.08765501528978348,0.3965300917625427,0.376733660697937,0.06111980229616165,0.4030173122882843,0.3767355680465698,0.03792284429073334,0.4186476469039917,0.34992748498916626,0.17265714704990387,0.41081005334854126,0.34367436170578003,0.18165968358516693,0.26375967264175415,0.4846309721469879,-0.04860493540763855,0.280722975730896,0.4649146795272827,-0.04860493540763855,0.24666880071163177,0.47784513235092163,-0.04860493540763855,0.24636901915073395,0.5043483376502991,-0.04860493540763855,0.28012213110923767,0.49133771657943726,-0.04860493540763855,0.3812273144721985,0.34885138273239136,0.13573439419269562,0.39008718729019165,0.34230896830558777,0.13573439419269562,0.3664558529853821,0.34053775668144226,0.13573439419269562,0.37189754843711853,0.3557182550430298,0.13573439419269562,0.3954894542694092,0.3574557900428772,0.13573439419269562,0,0,0,0,0,1,1,0,0,0,0,0,0.11231532692909241,0.06408564746379852,0.12099787592887878,0.048673950135707855,0.023610584437847137,0.0544649213552475,0.04957740753889084,0.052438974380493164,0.0856671929359436,0.08098183572292328,0.7142423987388611,0.1589166224002838,Sadness,-9.451560020446777,-30.61395835876465
24,0.8,35.46009253199075,1.3791609377015006,0.471321326230782,0.5515276193618774,0.4200475811958313,-0.10444873571395874,0.5419212579727173,0.38708972930908203,-0.12790563702583313,0.5369200110435486,0.4287591874599457,-0.0871482640504837,0.45046111941337585,0.3879965543746948,-0.08831166476011276,0.5239353179931641,0.37551647424697876,-0.1271544247865677,0.4937669038772583,0.3736211657524109,-0.10719198733568192,0.40956056118011475,0.3762599229812622,-0.016899311915040016,0.213826522231102,0.48768118023872375,-0.0631612241268158,0.36795610189437866,0.36575746536254883,0.022332970052957535,0.3487582504749298,0.3523682951927185,0.03329409286379814,0.2549092471599579,0.31742051243782043,0.10694821178913116,0.559508204460144,0.42488476634025574,-0.10515142977237701,0.5652396082878113,0.4323110580444336,-0.10151956230401993,0.5671139359474182,0.43938708305358887,-0.09593626111745834,0.6151999235153198,0.4817749559879303,-0.08315439522266388,0.6274389624595642,0.48692163825035095,-0.09118607640266418,0.6395686864852905,0.4945482611656189,-0.09927491098642349,0.6479353308677673,0.5039084553718567,-0.09915173798799515,0.6756866574287415,0.5358483791351318,-0.08812379837036133,0.545951247215271,0.4025880694389343,-0.12112225592136383,0.5182164907455444,0.42536360025405884,-0.10804568976163864,0.032593727111816406,0.5505963563919067,-0.005114808212965727,0.29306256771087646,0.4606447219848633,-0.04147640988230705,0.2727505564689636,0.4747042953968048,-0.05938771367073059,0.2496212124824524,0.48822590708732605,-0.07043513655662537,0.20240947604179382,0.5021929740905762,-0.07300150394439697,0.30834922194480896,0.4464107155799866,-0.019895197823643684,0.22525891661643982,0.43935447931289673,-0.052559781819581985,0.25216054916381836,0.42680007219314575,-0.027782058343291283,0.20120128989219666,0.4562528729438782,-0.06602977216243744,0.18759235739707947,0.472551167011261,-0.07036479562520981,0.1904682070016861,0.5272086262702942,-0.08009477704763412,0.6120167374610901,0.617398738861084,-0.13939958810806274,0.19646140933036804,0.49169039726257324,-0.06128934025764465,0.10636457800865173,0.6034318208694458,-0.040775831788778305,0.14557413756847382,0.5398887991905212,-0.07212519645690918,0.3803943693637848,0.49926039576530457,-0.10913694649934769,0.5197319984436035,0.44004714488983154,-0.12282337248325348,0.5388182401657104,0.4518859386444092,-0.11841542273759842,0.49947577714920044,0.47143614292144775,-0.13437284529209137,0.4891034960746765,0.49502626061439514,-0.13334257900714874,0.5178852081298828,0.4738962650299072,-0.12672396004199982,0.5052751302719116,0.4933849573135376,-0.1224503442645073,0.5081783533096313,0.5885183215141296,-0.12754912674427032,0.5252218246459961,0.39797818660736084,-0.13783913850784302,0.5054891109466553,0.3888392150402069,-0.13883331418037415,0.1350937783718109,0.48256754875183105,-0.08218871802091599,0.37593206763267517,0.4483206570148468,-0.055812202394008636,0.45035693049430847,0.45709019899368286,-0.12502765655517578,0.4334433972835541,0.45775189995765686,-0.11595352739095688,0.30409303307533264,0.5515084266662598,-0.14028215408325195,0.4776133894920349,0.3867945075035095,-0.11929748207330704,0.18930411338806152,0.42520731687545776,-0.061047326773405075,0.15532821416854858,0.4531038701534271,-0.07622382044792175,0.042861998081207275,0.49660539627075195,-0.006246250122785568,0.31058433651924133,0.37796756625175476,-0.007093777880072594,0.27882689237594604,0.4201999008655548,-0.006915407720953226,0.467062771320343,0.5830084085464478,-0.13520413637161255,0.30163827538490295,0.7456983327865601,-0.07836051285266876,0.47544407844543457,0.45476359128952026,-0.10713956505060196,0.49797698855400085,0.44681522250175476,-0.0958898589015007,0.4902697205543518,0.5308776497840881,-0.12121600657701492,0.4972279667854309,0.5264387726783752,-0.11511808633804321,0.1298346221446991,0.4552302956581116,-0.06748796254396439,0.45135995745658875,0.4702334702014923,-0.11677439510822296,0.23888611793518066,0.4004429578781128,-0.03720441833138466,0.22612452507019043,0.3919386863708496,-0.03534955903887749,0.1302170753479004,0.39027297496795654,0.01761939935386181,0.09688234329223633,0.47436410188674927,-0.0360928475856781,0.18393191695213318,0.3867005705833435,-0.005116409156471491,0.1089128851890564,0.49100571870803833,-0.07004691660404205,0.08217978477478027,0.5216084122657776,-0.03181896731257439,0.5301181674003601,0.44585660099983215,-0.12329783290624619,0.5086600184440613,0.4723416566848755,-0.13182610273361206,0.49694061279296875,0.49401554465293884,-0.12934467196464539,0.48206833004951477,0.45650431513786316,-0.09852447360754013,0.4942042827606201,0.5285179615020752,-0.11701846867799759,0.5152261853218079,0.5332366824150085,-0.1179337352514267,0.4997042417526245,0.5250221490859985,-0.1136632189154625,0.49158531427383423,0.42945951223373413,-0.12967556715011597,0.5110851526260376,0.4931405782699585,-0.11878473311662674,0.5246371030807495,0.475142240524292,-0.11938924342393875,0.5437684655189514,0.45655757188796997,-0.1134907528758049,0.6397376656532288,0.557670533657074,-0.10733608901500702,0.6121389865875244,0.524934709072113,-0.1188812181353569,0.6054303646087646,0.5145836472511292,-0.11828780174255371,0.5967604517936707,0.5051507949829102,-0.1097462847828865,0.5896080732345581,0.49840620160102844,-0.10099814087152481,0.5417536497116089,0.5216875076293945,-0.10889347642660141,0.5403733849525452,0.526782214641571,-0.1149754449725151,0.5389318466186523,0.5340383648872375,-0.12169460952281952,0.5385372042655945,0.5418747663497925,-0.12408731877803802,0.4632452428340912,0.526810348033905,-0.13044330477714539,0.1619960516691208,0.7051906585693359,-0.021248502656817436,0.5413200855255127,0.41607218980789185,-0.09793251752853394,0.5224872827529907,0.5255876779556274,-0.10988637804985046,0.5191065073013306,0.5288800001144409,-0.11426471173763275,0.5111964344978333,0.44746479392051697,-0.10146842896938324,0.4643803536891937,0.47822105884552,-0.09711046516895294,0.5053523778915405,0.4468758702278137,-0.09855764359235764,0.36223599314689636,0.46977245807647705,-0.07517414540052414,0.33916279673576355,0.4980168044567108,-0.10396593064069748,0.43349283933639526,0.4704984426498413,-0.1097780168056488,0.07429862022399902,0.4428607225418091,-0.0010321654845029116,0.12976300716400146,0.42967990040779114,-0.026399897411465645,0.17031684517860413,0.4213564693927765,-0.0542026162147522,0.5480984449386597,0.5850132703781128,-0.12744273245334625,0.2919035255908966,0.36381658911705017,-0.006132683251053095,0.23729434609413147,0.35539671778678894,0.02666408009827137,0.18907690048217773,0.35077032446861267,0.054940301924943924,0.22313763201236725,0.498784601688385,-0.07477860897779465,0.1699649542570114,0.5570824146270752,-0.0924220010638237,0.316500723361969,0.4354860782623291,-0.006868707947432995,0.16254757344722748,0.4982597529888153,-0.07510935515165329,0.38235294818878174,0.4292968213558197,-0.0469646193087101,0.465015709400177,0.43274062871932983,-0.1320348083972931,0.18152542412281036,0.5883500576019287,-0.10163986682891846,0.20452837646007538,0.5498369336128235,-0.10836648941040039,0.2492293119430542,0.5305571556091309,-0.10584773123264313,0.2946910560131073,0.499014288187027,-0.0826214998960495,0.320039302110672,0.4744153618812561,-0.0570690743625164,0.3393746316432953,0.45329999923706055,-0.03827735409140587,0.39362773299217224,0.39143142104148865,-0.029704473912715912,0.22647427022457123,0.6092127561569214,-0.12770162522792816,0.13732866942882538,0.5121529698371887,-0.07746946066617966,0.5361419916152954,0.4078223705291748,-0.1294369250535965,0.4001040756702423,0.4518672525882721,-0.0735165923833847,0.0707487165927887,0.6441536545753479,0.0061233085580170155,0.35278382897377014,0.43465089797973633,-0.022441795095801353,0.42592060565948486,0.48071563243865967,-0.08875070512294769,0.18351276218891144,0.499459445476532,-0.06627699732780457,0.44571158289909363,0.4343149662017822,-0.1190798208117485,0.22241438925266266,0.7300750017166138,-0.04619710147380829,0.3101171553134918,0.43197184801101685,0.0009901314042508602,0.46099698543548584,0.40769731998443604,-0.12356169521808624,0.44315922260284424,0.6897578239440918,-0.13546667993068695,0.4589517116546631,0.7269797325134277,-0.12776021659374237,0.18670174479484558,0.6621324419975281,-0.07494200021028519,0.37470608949661255,0.7037093639373779,-0.12970797717571259,0.087736576795578,0.5624246597290039,-0.02982233837246895,0.631090521812439,0.6395721435546875,-0.14563405513763428,0.5330957770347595,0.4201808571815491,-0.10216911882162094,0.391223669052124,0.47493624687194824,-0.08613801747560501,0.11870427429676056,0.5627811551094055,-0.06965125352144241,0.2465808093547821,0.47559666633605957,-0.06052849814295769,0.26742035150527954,0.46535274386405945,-0.05188516527414322,0.5114353895187378,0.5382645130157471,-0.12099957466125488,0.26778653264045715,0.6373009085655212,-0.13457539677619934,0.7078014612197876,0.6291782855987549,-0.13206374645233154,0.595496416091919,0.6823204755783081,-0.1374562829732895,0.5360421538352966,0.704211950302124,-0.1339387446641922,0.2949545383453369,0.32811734080314636,0.0703827440738678,0.7541879415512085,0.596632719039917,-0.09847365319728851,0.2833881974220276,0.45506414771080017,-0.03630225360393524,0.2970326244831085,0.44391757249832153,-0.019633278250694275,0.30601179599761963,0.43619397282600403,-0.005740291438996792,0.10902462899684906,0.5274403691291809,-0.06716395169496536,0.28497058153152466,0.4350263774394989,-0.015397493727505207,0.26339656114578247,0.44333621859550476,-0.030883539468050003,0.24307897686958313,0.4541926980018616,-0.04564005136489868,0.22326388955116272,0.467603474855423,-0.057424671947956085,0.21079044044017792,0.47814521193504333,-0.061265330761671066,0.04044055938720703,0.5973210334777832,0.0043513039126992226,0.22933664917945862,0.4825749695301056,-0.06360204517841339,0.5485223531723022,0.435344398021698,-0.0879482626914978,0.4760914444923401,0.500747561454773,-0.1236233115196228,0.4760672450065613,0.4484126567840576,-0.11012077331542969,0.5199730396270752,0.4569421112537384,-0.10961523652076721,0.38333529233932495,0.37541061639785767,0.011845720000565052,0.5099809169769287,0.6764407157897949,-0.13534991443157196,0.5689229965209961,0.6608020067214966,-0.1393018364906311,0.6915122270584106,0.6108486652374268,-0.1396428942680359,0.38423746824264526,0.7428089380264282,-0.10838165879249573,0.30222463607788086,0.43212199211120605,-0.00549137219786644,0.4144884943962097,0.40866392850875854,-0.06292247772216797,0.7404606342315674,0.5786548256874084,-0.1080932766199112,0.6535226106643677,0.6571251749992371,-0.14333052933216095,0.23860779404640198,0.6887377500534058,-0.09154114872217178,0.5653212666511536,0.5120952725410461,-0.10792399197816849,0.5669090747833252,0.5189699530601501,-0.11566336452960968,0.5704176425933838,0.5282663702964783,-0.12312902510166168,0.5750151872634888,0.5380704402923584,-0.12526047229766846,0.5926679372787476,0.5754836201667786,-0.12454935163259506,0.49867409467697144,0.5111051797866821,-0.11963684111833572,0.4922003149986267,0.5128331780433655,-0.12493474781513214,0.48600202798843384,0.5146080255508423,-0.12909071147441864,0.45955851674079895,0.5550823211669922,-0.13487660884857178,0.32180148363113403,0.6033554673194885,-0.15045949816703796,0.38742291927337646,0.4091140031814575,-0.035423003137111664,0.3235151171684265,0.40891233086586,0.015051284804940224,0.30700746178627014,0.4206920266151428,0.004926569759845734,0.5028230547904968,0.5096973180770874,-0.11627113074064255,0.3625521659851074,0.6544234752655029,-0.142677441239357,0.352349191904068,0.3930826485157013,0.0022899333853274584,0.5978561639785767,0.5976592302322388,-0.12889301776885986,0.4647873342037201,0.3755550980567932,-0.07565101981163025,0.42309194803237915,0.39023375511169434,-0.05690040439367294,0.43793588876724243,0.37641727924346924,-0.044089533388614655,0.428213894367218,0.43197309970855713,-0.08706352114677429,0.7196366786956787,0.560879111289978,-0.10781439393758774,0.6937507390975952,0.5476767420768738,-0.09677738696336746,0.6525999307632446,0.574159562587738,-0.11806967854499817,0.49675536155700684,0.6106173992156982,-0.1343180388212204,0.42117542028427124,0.503241777420044,-0.10415714979171753,0.5466505289077759,0.60970538854599,-0.13201618194580078,0.3677646517753601,0.5376803278923035,-0.13691075146198273,0.4202241897583008,0.5288000702857971,-0.1252407282590866,0.3762505352497101,0.5789302587509155,-0.14756153523921967,0.6725453734397888,0.591111421585083,-0.13609254360198975,0.41846764087677,0.4540311098098755,-0.08869533985853195,0.49529197812080383,0.6424176096916199,-0.1398196965456009,0.5537897348403931,0.6332173347473145,-0.1367766559123993,0.4503886103630066,0.6024301648139954,-0.14480876922607422,0.30765852332115173,0.6615543365478516,-0.13572072982788086,0.42329859733581543,0.6373733282089233,-0.14683645963668823,0.29893338680267334,0.7058587074279785,-0.11120931059122086,0.42524880170822144,0.561423122882843,-0.13932839035987854,0.40701529383659363,0.43034684658050537,-0.06804558634757996,0.4826958179473877,0.43081194162368774,-0.13510678708553314,0.46504974365234375,0.4542161226272583,-0.12204618752002716,0.4855479598045349,0.4088978171348572,-0.1394755095243454,0.29292023181915283,0.4048987627029419,0.0005304155056364834,0.2484181523323059,0.41618219017982483,-0.028274016454815865,0.21331334114074707,0.4324810802936554,-0.05447385832667351,0.18547505140304565,0.45365363359451294,-0.07213323563337326,0.16736771166324615,0.47528332471847534,-0.07792395353317261,0.16728800535202026,0.5180615186691284,-0.07015308737754822,0.1427329182624817,0.6342105269432068,-0.061945006251335144,0.2140209674835205,0.5215229392051697,-0.08468423038721085,0.24811500310897827,0.5082550644874573,-0.08098020404577255,0.2806991636753082,0.487820565700531,-0.06757861375808716,0.30604737997055054,0.46716490387916565,-0.04542987421154976,0.32349473237991333,0.4495407044887543,-0.0235036239027977,0.3358788788318634,0.4358397126197815,-0.009828037582337856,0.11360867321491241,0.6770129799842834,-0.0016633296618238091,0.46567070484161377,0.4630577266216278,-0.1128164604306221,0.4390049874782562,0.40749239921569824,-0.09035441279411316,0.5061295032501221,0.41089165210723877,-0.13891242444515228,0.5204349756240845,0.41671469807624817,-0.12476811558008194,0.5054504871368408,0.41876864433288574,-0.13015033304691315,0.4729243814945221,0.4673442840576172,-0.10177797079086304,0.5278204083442688,0.4125157594680786,-0.1287386119365692,0.5260423421859741,0.42383265495300293,-0.10499927401542664,0.31992068886756897,0.42652493715286255,0.007132151164114475,0.34102609753608704,0.4208638072013855,0.005074586719274521,0.3574962615966797,0.4158828854560852,-0.008077947422862053,0.20308665931224823,0.4854387938976288,-0.06255903840065002,0.17925295233726501,0.48808929324150085,-0.07000374794006348,0.48014819622039795,0.37022310495376587,-0.05050402134656906,0.4783501923084259,0.3465064764022827,0.21015092730522156,0.5491009950637817,0.40689846873283386,-0.0795431062579155,0.415631502866745,0.3377881646156311,0.43707388639450073,0.4544019401073456,0.37360668182373047,0.13495057821273804,0.46814441680908203,0.36803752183914185,0.15294471383094788,0.47951364517211914,0.3617006540298462,0.1742834895849228,0.4843831956386566,0.34793820977211,0.21571038663387299,0.4414702355861664,0.37634140253067017,0.11944384127855301,0.4396716058254242,0.3320229649543762,0.16638030111789703,0.42642003297805786,0.3407692313194275,0.14540117979049683,0.45410457253456116,0.32751262187957764,0.18749703466892242,0.4659880995750427,0.328513503074646,0.20424950122833252,0.5005230903625488,0.350832462310791,0.23031285405158997,0.7426064014434814,0.5202157497406006,-0.009610042907297611,0.47813880443573,0.34129655361175537,0.22427859902381897,0.4937996566295624,0.37322932481765747,0.3883158564567566,0.49592727422714233,0.3389914035797119,0.2771293520927429,0.5631517171859741,0.3883340358734131,0.06958722323179245,0.575046718120575,0.40367555618286133,-0.07741732895374298,0.5865077972412109,0.4198695421218872,-0.07663407176733017,0.6018096208572388,0.39758360385894775,-0.04025327041745186,0.6197879314422607,0.3987653851509094,-0.002868940122425556,0.6024739742279053,0.41348740458488464,-0.045009490102529526,0.614599883556366,0.4120112657546997,-0.012351478450000286,0.6923568844795227,0.4659097194671631,0.0421704538166523,0.553196907043457,0.38131797313690186,-0.11339030414819717,0.5377066135406494,0.36968928575515747,-0.10973067581653595,0.46791917085647583,0.31118401885032654,0.24295198917388916,0.48609215021133423,0.38272643089294434,0.05973976477980614,0.5662149786949158,0.3830960988998413,-0.01663372851908207,0.5536484718322754,0.38142937421798706,-0.004024744965136051,0.590455174446106,0.37850528955459595,0.15512722730636597,0.5087502002716064,0.3679981529712677,-0.08204636722803116,0.43593886494636536,0.31079715490341187,0.16557200253009796,0.45283377170562744,0.3069196343421936,0.2072950154542923,0.39422905445098877,0.31153151392936707,0.388813853263855,0.39829403162002563,0.3472752571105957,0.0676109790802002,0.4186333119869232,0.351859450340271,0.1339554339647293,0.6762797832489014,0.4470330476760864,0.070033960044384,0.6487235426902771,0.5058521628379822,0.33988508582115173,0.5615842938423157,0.3987922668457031,-0.02665821649134159,0.5532987117767334,0.4107391834259033,-0.05591537430882454,0.6374728679656982,0.41453543305397034,0.0562257319688797,0.6315988302230835,0.41842353343963623,0.040507204830646515,0.4464220404624939,0.2973446846008301,0.23446230590343475,0.5692414045333862,0.3937773108482361,-0.01032922975718975,0.41793835163116455,0.32281917333602905,0.11839902400970459,0.409110426902771,0.31219834089279175,0.12499281764030457,0.33699703216552734,0.29114967584609985,0.24449850618839264,0.41535109281539917,0.30552932620048523,0.29788070917129517,0.3625980019569397,0.2997061610221863,0.18085002899169922,0.4636959433555603,0.30368226766586304,0.27907833456993103,0.43758392333984375,0.32465624809265137,0.34754112362861633,0.5828193426132202,0.41049957275390625,-0.0783558338880539,0.6040469408035278,0.4049110412597656,-0.043406471610069275,0.6184265613555908,0.40456897020339966,-0.010274786502122879,0.5587297677993774,0.4056287109851837,-0.0324726328253746,0.6347122192382812,0.41649898886680603,0.04697157442569733,0.6492264270782471,0.42890140414237976,0.019856248050928116,0.6289430856704712,0.4202890992164612,0.037195999175310135,0.558263897895813,0.3883519470691681,-0.056102484464645386,0.6086572408676147,0.4188075661659241,-0.013937162235379219,0.5985370874404907,0.42190003395080566,-0.04211518540978432,0.5850721001625061,0.4286847710609436,-0.0705518051981926,0.6981208920478821,0.5176005959510803,-0.06474114954471588,0.6709240078926086,0.4838466942310333,-0.07275652885437012,0.6603842973709106,0.47555914521217346,-0.07120943814516068,0.6457380056381226,0.4701673090457916,-0.06243647634983063,0.6318239569664001,0.4682108759880066,-0.0566396489739418,0.6393722295761108,0.44573694467544556,-0.0038237350527197123,0.6499655842781067,0.4437329173088074,-0.009484865702688694,0.6616957187652588,0.4424385130405426,-0.012602293863892555,0.6721290349960327,0.443224161863327,-0.0057267383672297,0.630746603012085,0.419159471988678,0.021005786955356598,0.5489795207977295,0.4581732749938965,0.4467208981513977,0.6355162858963013,0.4349849820137024,0.021719925105571747,0.6426510810852051,0.43173566460609436,0.01802004873752594,0.5561516284942627,0.4178905487060547,-0.06218741089105606,0.5703960657119751,0.4083412289619446,-0.01153660099953413,0.5549445152282715,0.41436854004859924,-0.059811294078826904,0.5091890096664429,0.38217270374298096,0.07979438453912735,0.5425982475280762,0.3773078918457031,0.10630471259355545,0.5601412057876587,0.3896898031234741,0.005957296583801508,0.3681294023990631,0.295513778924942,0.3209051191806793,0.38917967677116394,0.2984905242919922,0.24283751845359802,0.42755502462387085,0.29980114102363586,0.18573959171772003,0.701751172542572,0.4807431697845459,0.012455115094780922,0.38570553064346313,0.3300269842147827,0.07596831023693085,0.3335871398448944,0.3099361062049866,0.12367954850196838,0.3023078143596649,0.2979143261909485,0.16929452121257782,0.4853566586971283,0.3548976182937622,0.19703155755996704,0.5181668996810913,0.35344892740249634,0.25324660539627075,0.4321458339691162,0.37683355808258057,0.11734719574451447,0.4777064919471741,0.3287346363067627,0.24040186405181885,0.4660903811454773,0.37976640462875366,0.045049045234918594,0.556877613067627,0.3759806454181671,-0.044534895569086075,0.5489301681518555,0.3695002794265747,0.2916746437549591,0.5276046991348267,0.3625553846359253,0.21718811988830566,0.5239042639732361,0.37240034341812134,0.1700545996427536,0.5006031394004822,0.38260117173194885,0.12867437303066254,0.4775990843772888,0.3871834874153137,0.1030249297618866,0.46005502343177795,0.38875651359558105,0.08142998814582825,0.42831605672836304,0.3715256452560425,0.00952406320720911,0.5926820039749146,0.3851415514945984,0.26506972312927246,0.48096388578414917,0.32390281558036804,0.26675066351890564,0.552408754825592,0.39850807189941406,-0.11006531119346619,0.5085952281951904,0.38551467657089233,0.03819025680422783,0.4644743502140045,0.4047049283981323,0.4867054224014282,0.44555339217185974,0.388017475605011,0.07092972844839096,0.5569217205047607,0.3969261050224304,0.027769384905695915,0.4805382490158081,0.3393031358718872,0.23391659557819366,0.5410856008529663,0.3751281499862671,-0.030350105836987495,0.5973904132843018,0.481741726398468,0.40175965428352356,0.4260369539260864,0.3736655116081238,0.1314522624015808,0.5239557027816772,0.36957430839538574,-0.05831547826528549,0.7188987731933594,0.49230870604515076,0.15915659070014954,0.726264238357544,0.5262126326560974,0.19002358615398407,0.5819665789604187,0.41517096757888794,0.35396265983581543,0.6952199935913086,0.48079362511634827,0.21648742258548737,0.46044379472732544,0.3488641381263733,0.3775767982006073,0.764592170715332,0.5359287261962891,-0.005662163719534874,0.5461557507514954,0.4127642810344696,-0.09046436101198196,0.5323594808578491,0.38894349336624146,0.05231403559446335,0.5003222227096558,0.33933112025260925,0.3152312636375427,0.471432089805603,0.35607266426086426,0.1797391176223755,0.46112293004989624,0.36221176385879517,0.16093279421329498,0.6551992893218994,0.4272240996360779,0.02714785560965538,0.6292730569839478,0.4084332585334778,0.24396635591983795,0.7778381109237671,0.5702588558197021,-0.04972817376255989,0.7680491805076599,0.5430399775505066,0.06711052358150482,0.7520710229873657,0.5350173711776733,0.12424027919769287,0.4491961896419525,0.3669648766517639,0.1453734189271927,0.43704450130462646,0.3705505132675171,0.13677261769771576,0.4296764135360718,0.37277376651763916,0.13468241691589355,0.4794026017189026,0.3193167448043823,0.30406782031059265,0.4277951419353485,0.3602965772151947,0.143878772854805,0.4354071021080017,0.35113751888275146,0.15350870788097382,0.4465106427669525,0.3440495729446411,0.16879072785377502,0.4592106342315674,0.33997493982315063,0.1863745152950287,0.4686128795146942,0.3397510051727295,0.200092151761055,0.4355492889881134,0.3677573800086975,0.4726259708404541,0.47640591859817505,0.3510169982910156,0.19711138308048248,0.607189953327179,0.4152589738368988,-0.008852931670844555,0.5624728202819824,0.3932190537452698,-0.03402658924460411,0.5738261342048645,0.42256802320480347,-0.06280533224344254,0.7401113510131836,0.5071709752082825,0.10304573178291321,0.7512324452400208,0.5221743583679199,0.04855071008205414,0.7646425366401672,0.5540255308151245,-0.06330008804798126,0.6932538747787476,0.5197491645812988,0.2648264765739441,0.42620420455932617,0.3687341809272766,0.13709229230880737,0.4731055498123169,0.37396538257598877,-0.0008730457630008459,0.7787685394287109,0.5534767508506775,0.008491857908666134,0.62288498878479,0.4404612183570862,0.31929251551628113,0.6393653750419617,0.45665812492370605,-0.02919819951057434,0.6524669528007507,0.45630279183387756,-0.03383636474609375,0.6671143770217896,0.4583130478858948,-0.037486251443624496,0.6797053813934326,0.4639022946357727,-0.03461620584130287,0.70549476146698,0.49780982732772827,-0.022763080894947052,0.6230822205543518,0.41388532519340515,0.018013693392276764,0.6277496218681335,0.40923917293548584,0.025906451046466827,0.6310451626777649,0.4044851064682007,0.032294321805238724,0.6549710035324097,0.42971327900886536,0.054227497428655624,0.6342149972915649,0.4057989716529846,0.1701013594865799,0.4452817142009735,0.3756312131881714,0.028551826253533363,0.4117766320705414,0.3677367866039276,0.09704893082380295,0.4179959297180176,0.36640700697898865,0.12414178997278214,0.6173979043960571,0.418276846408844,0.015635335817933083,0.6782604455947876,0.44404304027557373,0.18393827974796295,0.4080103635787964,0.3714691400527954,0.05060689151287079,0.7189041376113892,0.510077178478241,-0.01587519980967045,0.45550936460494995,0.37097978591918945,-0.023530978709459305,0.5146977305412292,0.379169762134552,-0.005679700989276171,0.7156649827957153,0.5281803011894226,-0.06412452459335327,0.7020567655563354,0.47075995802879333,0.06218975782394409,0.5809395909309387,0.40237054228782654,0.042350176721811295,0.7147562503814697,0.49139663577079773,0.024123160168528557,0.6035853624343872,0.3929641544818878,0.09343935549259186,0.6121471524238586,0.4080348014831543,0.058218248188495636,0.6406576037406921,0.4111729860305786,0.11623863875865936,0.7431498169898987,0.5384955406188965,-0.0646965280175209,0.5286316871643066,0.38530707359313965,0.014116555452346802,0.72137451171875,0.4829511344432831,0.08618000149726868,0.7315337061882019,0.5037486553192139,0.03746408224105835,0.6831268072128296,0.44914546608924866,0.09224412590265274,0.6588382124900818,0.4317531883716583,0.22813138365745544,0.6937775015830994,0.4542785584926605,0.1276635229587555,0.6600733995437622,0.46375513076782227,0.27939310669898987,0.6449086666107178,0.42156821489334106,0.07763124257326126,0.4904727339744568,0.3800637125968933,0.020267145708203316,0.561082124710083,0.38218510150909424,-0.055247437208890915,0.5680732727050781,0.38815414905548096,-0.030667023733258247,0.5479570627212524,0.37086352705955505,-0.07539796829223633,0.4101782739162445,0.35167354345321655,0.11393103748559952,0.42302241921424866,0.33404839038848877,0.13839863240718842,0.4392545223236084,0.32346031069755554,0.16361580789089203,0.4550725817680359,0.31880128383636475,0.19248120486736298,0.46786847710609436,0.3206706941127777,0.2184188961982727,0.48708951473236084,0.3394815921783447,0.24985076487064362,0.5395632982254028,0.3928588330745697,0.3776577115058899,0.5035773515701294,0.3578546643257141,0.20698291063308716,0.4983428120613098,0.3665183186531067,0.17387337982654572,0.4829241633415222,0.3746892809867859,0.14264918863773346,0.4640975296497345,0.38014698028564453,0.12015166878700256,0.4487292468547821,0.38267359137535095,0.10153691470623016,0.43763503432273865,0.38329410552978516,0.09156277030706406,0.5023329854011536,0.4343922734260559,0.47752875089645386,0.567609965801239,0.39649099111557007,-0.023045411333441734,0.4972667694091797,0.37256497144699097,-0.026281490921974182,0.5578179359436035,0.3794980049133301,-0.08790247142314911,0.5526864528656006,0.3978443443775177,-0.09535791724920273,0.5564354658126831,0.38808512687683105,-0.07826941460371017,0.5653713345527649,0.40608978271484375,-0.026384588330984116,0.5542436838150024,0.39728403091430664,-0.10458661615848541,0.5491620898246765,0.41000232100486755,-0.08497769385576248,0.42387479543685913,0.37558984756469727,0.11538179963827133,0.4246619641780853,0.3804245591163635,0.0844251736998558,0.42867904901504517,0.38325774669647217,0.057539500296115875,0.47447454929351807,0.34046125411987305,0.21138718724250793,0.474643349647522,0.33194369077682495,0.22182753682136536,0.2418496310710907,0.46712398529052734,-0.03998834267258644,0.262256920337677,0.45384079217910767,-0.03998834267258644,0.22961528599262238,0.4570828378200531,-0.03998834267258644,0.22091737389564514,0.4806412160396576,-0.03998834267258644,0.253902792930603,0.4772118926048279,-0.03998834267258644,0.4498489201068878,0.3514045774936676,0.1701011061668396,0.4645080268383026,0.3442304730415344,0.1701011061668396,0.43624168634414673,0.33960509300231934,0.1701011061668396,0.43489015102386475,0.3585442900657654,0.1701011061668396,0.46318039298057556,0.36287975311279297,0.1701011061668396,0,0,0,0,0,1,1,1,0,0,0,0,0.04684891179203987,0.041735291481018066,0.056100308895111084,0.04897179454565048,0.02418873831629753,0.0403730571269989,0.07932453602552414,0.051810748875141144,0.0597522035241127,0.09537020325660706,0.9833994507789612,0.21041350066661835,Neutral,-7.028703689575195,-24.1899356842041
28,0.9333333333333333,29.006405046723792,2.9291500426475277,0.21067133619406256,0.5788055658340454,0.47327423095703125,-0.09659703820943832,0.5574018359184265,0.403940349817276,-0.12596209347248077,0.5490701198577881,0.44193118810653687,-0.08263616263866425,0.470962256193161,0.39839670062065125,-0.08923947811126709,0.541948676109314,0.39183199405670166,-0.1265149861574173,0.5137737393379211,0.3872643709182739,-0.10829352587461472,0.4337747097015381,0.3814336657524109,-0.023491401225328445,0.23905155062675476,0.48894742131233215,-0.05687570199370384,0.39615121483802795,0.3673968017101288,0.011403829790651798,0.3793824315071106,0.35283511877059937,0.019854852929711342,0.2932039201259613,0.3103172183036804,0.08835124224424362,0.5872436761856079,0.4800807237625122,-0.09666376560926437,0.5953354239463806,0.4882548451423645,-0.09247676283121109,0.6001762747764587,0.49431660771369934,-0.0854632779955864,0.6018635630607605,0.49623289704322815,-0.07625919580459595,0.6113871932029724,0.5027981996536255,-0.08305062353610992,0.6212766766548157,0.511293888092041,-0.09101110696792603,0.628942608833313,0.5202224850654602,-0.09099063277244568,0.6645619869232178,0.5460237860679626,-0.07941103726625443,0.5597090721130371,0.4183116555213928,-0.11838983744382858,0.5306218266487122,0.4399660527706146,-0.10355690866708755,0.0530129075050354,0.5386990904808044,0.00730136688798666,0.3166486918926239,0.46106767654418945,-0.038647811859846115,0.2975090742111206,0.47449249029159546,-0.05480782315135002,0.2743971347808838,0.487859308719635,-0.06436128914356232,0.2264861911535263,0.5026663541793823,-0.06533183157444,0.33028945326805115,0.44800445437431335,-0.01900300942361355,0.2488950490951538,0.44492578506469727,-0.051212601363658905,0.2750892639160156,0.43240684270858765,-0.028758756816387177,0.22552500665187836,0.4614890217781067,-0.06270108371973038,0.21190153062343597,0.47696810960769653,-0.06563661992549896,0.21368518471717834,0.5255641937255859,-0.07024849206209183,0.5967450141906738,0.627018392086029,-0.1230718195438385,0.2216644287109375,0.4934958815574646,-0.05478166416287422,0.11748003959655762,0.595623791217804,-0.02550465427339077,0.16668099164962769,0.5393084287643433,-0.06168679520487785,0.39169058203697205,0.5061348676681519,-0.09952697157859802,0.5490776300430298,0.48879778385162354,-0.11328009516000748,0.5717653632164001,0.5039359331130981,-0.10766763985157013,0.5252039432525635,0.5121890902519226,-0.12291654199361801,0.5133845806121826,0.5293686985969543,-0.12116879969835281,0.5501264929771423,0.5185617208480835,-0.11494876444339752,0.5354418754577637,0.5302928686141968,-0.11042167246341705,0.504826545715332,0.5963979959487915,-0.11371008306741714,0.5401934385299683,0.4146779477596283,-0.13482384383678436,0.5227237939834595,0.4049655497074127,-0.13690045475959778,0.15888406336307526,0.48857995867729187,-0.0776856392621994,0.39294591546058655,0.4532686471939087,-0.05298229679465294,0.4620767831802368,0.46871721744537354,-0.1177910566329956,0.44625815749168396,0.46792569756507874,-0.10913615673780441,0.31228503584861755,0.5552071332931519,-0.12571391463279724,0.4967459440231323,0.4001232385635376,-0.11860933154821396,0.21550488471984863,0.4325093924999237,-0.06326396018266678,0.18139773607254028,0.4600808620452881,-0.0752105861902237,0.06862139701843262,0.48683613538742065,0.0002971637877635658,0.33494508266448975,0.38552534580230713,-0.015059451572597027,0.3007071614265442,0.42576828598976135,-0.008757595904171467,0.4674001932144165,0.5918618440628052,-0.11997435241937637,0.2859693169593811,0.7396547794342041,-0.04461270943284035,0.48632317781448364,0.4671171009540558,-0.10033221542835236,0.5090232491493225,0.4597638249397278,-0.09031637758016586,0.5110294818878174,0.5525014400482178,-0.10771248489618301,0.5174594521522522,0.5484043955802917,-0.10288853198289871,0.15314140915870667,0.463380366563797,-0.06630535423755646,0.46150141954421997,0.4810662865638733,-0.10883685946464539,0.2652866542339325,0.40731823444366455,-0.042372316122055054,0.2511045038700104,0.3998054563999176,-0.04157433658838272,0.16441525518894196,0.38431957364082336,0.011200513690710068,0.12370036542415619,0.4694059491157532,-0.034971684217453,0.21678905189037323,0.3851888179779053,-0.013692743144929409,0.1290724277496338,0.4979857802391052,-0.06494569778442383,0.10437455773353577,0.5147889256477356,-0.026379870250821114,0.5607128143310547,0.49690109491348267,-0.11321169883012772,0.5379437804222107,0.515670895576477,-0.12014851719141006,0.5243702530860901,0.5299648642539978,-0.11730771511793137,0.4925674796104431,0.468696266412735,-0.0922262966632843,0.5145906805992126,0.550390899181366,-0.10431957989931107,0.5276198387145996,0.5488490462303162,-0.10662825405597687,0.520085871219635,0.5466200113296509,-0.10166926681995392,0.50480055809021,0.4438360631465912,-0.12430182844400406,0.5430629849433899,0.5299438834190369,-0.1061856746673584,0.5587581396102905,0.5199887752532959,-0.10672636330127716,0.5785953998565674,0.5078959465026855,-0.1013890877366066,0.6293330192565918,0.5664709806442261,-0.09692587703466415,0.5999602675437927,0.5370176434516907,-0.10898569971323013,0.593647837638855,0.5272666215896606,-0.10839511454105377,0.586301863193512,0.5173007249832153,-0.09992615878582001,0.5804383158683777,0.5100523829460144,-0.09234257787466049,0.5447357296943665,0.5319830179214478,-0.09898532927036285,0.5445265173912048,0.5379682779312134,-0.10448940098285675,0.5438855886459351,0.5457422733306885,-0.1110372319817543,0.543655514717102,0.5536511540412903,-0.11298134177923203,0.46930450201034546,0.5378470420837402,-0.11871843785047531,0.1594696044921875,0.693976640701294,0.009187641553580761,0.5544500946998596,0.4303850531578064,-0.09420455992221832,0.5323655605316162,0.5391461849212646,-0.09930752962827682,0.5303329229354858,0.5436528921127319,-0.10330234467983246,0.5216711759567261,0.4607292711734772,-0.09516042470932007,0.4731289744377136,0.48918092250823975,-0.08908475190401077,0.5159993767738342,0.4600321650505066,-0.09268028289079666,0.37758809328079224,0.4745936691761017,-0.06946459412574768,0.35229066014289856,0.502909243106842,-0.09477228671312332,0.44490373134613037,0.48017606139183044,-0.1020013615489006,0.10452845692634583,0.4353178143501282,-0.0007894875598140061,0.15978315472602844,0.42658185958862305,-0.029914526268839836,0.1945822536945343,0.4297487735748291,-0.05684718117117882,0.5418276786804199,0.5924939513206482,-0.11457982659339905,0.3143666386604309,0.37265944480895996,-0.015918457880616188,0.2717706859111786,0.35410258173942566,0.013533259741961956,0.22573180496692657,0.34493085741996765,0.04226507246494293,0.24769912660121918,0.4984925091266632,-0.06746415793895721,0.19294679164886475,0.5528610944747925,-0.07981552928686142,0.3371734321117401,0.4381236433982849,-0.0069679575972259045,0.18558600544929504,0.5016170740127563,-0.0684441551566124,0.40134528279304504,0.43434980511665344,-0.04615634307265282,0.4792872965335846,0.44607847929000854,-0.12660448253154755,0.19108012318611145,0.5855492353439331,-0.08543454110622406,0.22955943644046783,0.5448601841926575,-0.09572400152683258,0.27522724866867065,0.5263276696205139,-0.09519338607788086,0.32089805603027344,0.49624204635620117,-0.07504554837942123,0.3459518551826477,0.4727357029914856,-0.05239997059106827,0.36414963006973267,0.45336294174194336,-0.03626662865281105,0.4168274402618408,0.3965446352958679,-0.03407842665910721,0.23161724209785461,0.6082891225814819,-0.10833658277988434,0.15869176387786865,0.5153942704200745,-0.06998633593320847,0.5496314167976379,0.4237510561943054,-0.12591490149497986,0.4154152572154999,0.4587478041648865,-0.06907933205366135,0.07929614186286926,0.6305670142173767,0.02965463325381279,0.37670472264289856,0.43628713488578796,-0.022638004273176193,0.43680769205093384,0.48910632729530334,-0.08077527582645416,0.20702484250068665,0.501268208026886,-0.058937735855579376,0.46086469292640686,0.44574958086013794,-0.11437506228685379,0.2136618196964264,0.721111536026001,-0.013610223308205605,0.32957422733306885,0.4356245994567871,0.0003749421739485115,0.4785451292991638,0.4202595353126526,-0.12095170468091965,0.42694729566574097,0.693514883518219,-0.11143085360527039,0.43663880228996277,0.7288822531700134,-0.09867384284734726,0.1882466971874237,0.6565197110176086,-0.052368778735399246,0.3605610430240631,0.7042484283447266,-0.10350582003593445,0.10457244515419006,0.5547013282775879,-0.019512159749865532,0.6119930148124695,0.6501346230506897,-0.12675052881240845,0.545914888381958,0.4346924424171448,-0.0979207456111908,0.40469956398010254,0.48149365186691284,-0.0792556181550026,0.1375294327735901,0.5606653690338135,-0.05717019736766815,0.27167022228240967,0.4762322008609772,-0.05545872822403908,0.2920810580253601,0.46596699953079224,-0.04804307222366333,0.5246502757072449,0.5542066693305969,-0.10897599905729294,0.2676944434642792,0.6372737884521484,-0.11269965767860413,0.6864360570907593,0.6416357755661011,-0.11458820849657059,0.572557806968689,0.690517246723175,-0.11433905363082886,0.5128694772720337,0.7098575234413147,-0.10823259502649307,0.3303254246711731,0.3258538246154785,0.052978694438934326,0.7356135845184326,0.6099780797958374,-0.08509422838687897,0.30655959248542786,0.45633524656295776,-0.033974092453718185,0.31856927275657654,0.4459676742553711,-0.01857692003250122,0.3261512815952301,0.4391339421272278,-0.005716539919376373,0.12703090906143188,0.5304945707321167,-0.058575015515089035,0.30734187364578247,0.4397096037864685,-0.01568313129246235,0.2885541021823883,0.447851300239563,-0.0303348358720541,0.27032044529914856,0.458124577999115,-0.04371161013841629,0.2511008083820343,0.4706012010574341,-0.053874172270298004,0.23797693848609924,0.48048070073127747,-0.05655386298894882,0.05571267008781433,0.5840866565704346,0.02256687544286251,0.25466346740722656,0.4834432601928711,-0.0576721727848053,0.558753490447998,0.4494849145412445,-0.08242494612932205,0.4836300015449524,0.5123770833015442,-0.11337278038263321,0.48753583431243896,0.46137863397598267,-0.10426723957061768,0.5291458368301392,0.47077834606170654,-0.1020650863647461,0.4094224274158478,0.37822431325912476,0.0030495019163936377,0.4924054741859436,0.6828368902206421,-0.11334861069917679,0.5504403114318848,0.6691723465919495,-0.11879903078079224,0.6726051568984985,0.6235112547874451,-0.1230648085474968,0.3639912009239197,0.7405106425285339,-0.07591308653354645,0.32241684198379517,0.4363795816898346,-0.00607074610888958,0.43433767557144165,0.41623279452323914,-0.0634441152215004,0.7235081195831299,0.5924647450447083,-0.09477695822715759,0.6311965584754944,0.66768878698349,-0.12267886847257614,0.23421087861061096,0.6846904158592224,-0.06647041440010071,0.5608043670654297,0.5223327875137329,-0.09839043766260147,0.5631188154220581,0.529393196105957,-0.10524959117174149,0.566459596157074,0.5386286377906799,-0.11270009726285934,0.5707184076309204,0.5483405590057373,-0.11469588428735733,0.5839914083480835,0.5832874178886414,-0.11261925101280212,0.525086522102356,0.5397894978523254,-0.1074027344584465,0.5168111324310303,0.5414153337478638,-0.11242742836475372,0.5086830854415894,0.5424072742462158,-0.11622824519872665,0.4632067382335663,0.5651994347572327,-0.12142541259527206,0.322967529296875,0.6065446138381958,-0.13152563571929932,0.40866559743881226,0.4142484962940216,-0.03723231330513954,0.34439805150032043,0.4143413305282593,0.010981143452227116,0.32753047347068787,0.42540502548217773,0.002714788308367133,0.531684160232544,0.5378813743591309,-0.10403213649988174,0.3553765118122101,0.6569058895111084,-0.12009245902299881,0.3757440745830536,0.3985671401023865,-0.003940706606954336,0.5861905813217163,0.6060073375701904,-0.11512494832277298,0.48615261912345886,0.38615185022354126,-0.07856582850217819,0.444732666015625,0.3979693055152893,-0.060110580176115036,0.46061763167381287,0.38425979018211365,-0.049129925668239594,0.4446101188659668,0.4411686062812805,-0.08407104760408401,0.7045849561691284,0.5736880898475647,-0.09637991338968277,0.6808796525001526,0.5588427186012268,-0.08679301291704178,0.6397387385368347,0.5839225649833679,-0.10585031658411026,0.48949310183525085,0.6185545325279236,-0.11823989450931549,0.4300103783607483,0.5117998123168945,-0.09436917304992676,0.5365891456604004,0.6174940466880798,-0.11708986014127731,0.37483954429626465,0.5444030165672302,-0.1237843707203865,0.426437646150589,0.5378366708755493,-0.1134590208530426,0.37784093618392944,0.5853416919708252,-0.13115234673023224,0.65659499168396,0.6025956273078918,-0.12160138040781021,0.4327753186225891,0.4623622000217438,-0.0834859162569046,0.4830006957054138,0.6496023535728455,-0.12053916603326797,0.5396924018859863,0.6414347290992737,-0.11894533038139343,0.44691920280456543,0.6104924082756042,-0.12752923369407654,0.30254215002059937,0.6620526909828186,-0.11208833754062653,0.4152922034263611,0.6430176496505737,-0.12689095735549927,0.28894123435020447,0.7035074234008789,-0.08429189026355743,0.42771559953689575,0.5705043077468872,-0.12494104355573654,0.4246366620063782,0.4375542998313904,-0.06593147665262222,0.49613893032073975,0.44505980610847473,-0.1297355592250824,0.47631973028182983,0.4667232632637024,-0.1151643767952919,0.5014788508415222,0.4238845705986023,-0.13551005721092224,0.31535667181015015,0.4114478826522827,-0.0036880208645015955,0.2725357711315155,0.4227920174598694,-0.031070182099938393,0.23831960558891296,0.43909457325935364,-0.05487912893295288,0.21065224707126617,0.45983824133872986,-0.0699118822813034,0.19151294231414795,0.48056063055992126,-0.07362967729568481,0.18962544202804565,0.5190358757972717,-0.06153135746717453,0.1491561383008957,0.6273571252822876,-0.042408790439367294,0.23855537176132202,0.5192497968673706,-0.0751209706068039,0.27315229177474976,0.5061389207839966,-0.072907954454422,0.30589205026626587,0.48640790581703186,-0.0615093857049942,0.33050185441970825,0.4666946828365326,-0.0417947880923748,0.3463834226131439,0.45046287775039673,-0.022303326055407524,0.35776302218437195,0.437980592250824,-0.010151798836886883,0.11636921763420105,0.6642880439758301,0.02553906850516796,0.4759460985660553,0.47483471035957336,-0.10559406876564026,0.457702100276947,0.4173927307128906,-0.08920808881521225,0.5205067992210388,0.4268302619457245,-0.13486893475055695,0.5335769653320312,0.4322205185890198,-0.12088856846094131,0.5189963579177856,0.4341614842414856,-0.1257801055908203,0.48249730467796326,0.4789343774318695,-0.0947188064455986,0.5410939455032349,0.4282909631729126,-0.12500081956386566,0.5384143590927124,0.4384833574295044,-0.10064227879047394,0.3398449718952179,0.4301673471927643,0.005709669087082148,0.3619898855686188,0.4245724081993103,0.0025476859882473946,0.3804865777492523,0.419467568397522,-0.010862458497285843,0.22936293482780457,0.48741838335990906,-0.05692359060049057,0.20339256525039673,0.49123281240463257,-0.063858762383461,0.5014972686767578,0.3806777894496918,-0.05495064705610275,0.496579647064209,0.34026581048965454,0.19133828580379486,0.5634781122207642,0.41989004611968994,-0.0776578038930893,0.45726948976516724,0.3212026357650757,0.40369001030921936,0.4733397662639618,0.3678317070007324,0.12134645879268646,0.4877397418022156,0.36204177141189575,0.13779589533805847,0.5001412630081177,0.3560774326324463,0.1576409935951233,0.5047175884246826,0.34218305349349976,0.19687046110630035,0.45947176218032837,0.3712959885597229,0.10738138854503632,0.45729780197143555,0.3291134834289551,0.1475842446088791,0.44349515438079834,0.33793002367019653,0.12854640185832977,0.4724428057670593,0.3241942524909973,0.16747424006462097,0.4849647879600525,0.3245190382003784,0.18375363945960999,0.5247637033462524,0.34599006175994873,0.21159391105175018,0.7347973585128784,0.5313650369644165,-0.004953833296895027,0.496603786945343,0.3350239396095276,0.204589381814003,0.52704918384552,0.3618679642677307,0.3644547164440155,0.5210856199264526,0.33469003438949585,0.2556416392326355,0.5801154971122742,0.39513731002807617,0.06267467886209488,0.5998782515525818,0.45632708072662354,-0.07195094227790833,0.6149756908416748,0.47569888830184937,-0.06968016177415848,0.6248742341995239,0.4470824599266052,-0.03729955106973648,0.6416879892349243,0.44416069984436035,-0.0023365034721791744,0.629584789276123,0.4664173722267151,-0.04053106531500816,0.6400068998336792,0.46049585938453674,-0.010124625638127327,0.6909922361373901,0.47741469740867615,0.0410638190805912,0.569091796875,0.3975706100463867,-0.11265149712562561,0.5561150312423706,0.38543701171875,-0.1104658991098404,0.48884183168411255,0.3089637756347656,0.21836914122104645,0.5062606334686279,0.3874378204345703,0.05164927616715431,0.5819331407546997,0.394320011138916,-0.019265925511717796,0.5699275135993958,0.3917495608329773,-0.007462133187800646,0.6095178127288818,0.381631076335907,0.1426374465227127,0.5288565158843994,0.3813542127609253,-0.0847676545381546,0.4524956941604614,0.30978962779045105,0.14342014491558075,0.47156035900115967,0.30567848682403564,0.18316876888275146,0.43798521161079407,0.29560577869415283,0.3546012341976166,0.4135753810405731,0.34677475690841675,0.05337713658809662,0.435291051864624,0.34885603189468384,0.11917901784181595,0.6799598336219788,0.45860666036605835,0.06735903769731522,0.6635655164718628,0.49774572253227234,0.3304522931575775,0.5762431621551514,0.4100569188594818,-0.027466652914881706,0.5674902200698853,0.4222900867462158,-0.054110266268253326,0.6607344150543213,0.4490448534488678,0.05434182286262512,0.6552325487136841,0.4529626965522766,0.039352674037218094,0.4653300344944,0.296957790851593,0.20881685614585876,0.5840277671813965,0.4042280316352844,-0.012115846388041973,0.43269020318984985,0.3219519257545471,0.09959492087364197,0.42359745502471924,0.312145471572876,0.10465560853481293,0.38078606128692627,0.2781389057636261,0.21482574939727783,0.45620158314704895,0.2952372431755066,0.26903513073921204,0.40307047963142395,0.2922452390193939,0.1556515097618103,0.48548316955566406,0.3020974099636078,0.2528921663761139,0.4760572612285614,0.31406301259994507,0.3188876807689667,0.6087669730186462,0.4656605124473572,-0.0723012387752533,0.6281002759933472,0.4568781554698944,-0.03971165046095848,0.6415233612060547,0.4521341323852539,-0.008856513537466526,0.5732454657554626,0.4165857434272766,-0.03222573176026344,0.6579781174659729,0.4511481523513794,0.04549412056803703,0.6582797765731812,0.45871028304100037,0.019155969843268394,0.6528061628341675,0.45461639761924744,0.03622042387723923,0.5738474130630493,0.4015098512172699,-0.0574125312268734,0.6374803781509399,0.4668080806732178,-0.01073841005563736,0.6291873455047607,0.47370484471321106,-0.036438047885894775,0.6169590950012207,0.4829236567020416,-0.06240980699658394,0.6870887875556946,0.5284803509712219,-0.05826368182897568,0.6504818201065063,0.5028273463249207,-0.06719266623258591,0.6410820484161377,0.4949646592140198,-0.0657675489783287,0.6289325952529907,0.48822325468063354,-0.057067304849624634,0.6181464195251465,0.4845578074455261,-0.05218822509050369,0.6379685401916504,0.4679472744464874,-0.0032550031319260597,0.6473644375801086,0.46749231219291687,-0.0084892762824893,0.657489001750946,0.46781742572784424,-0.011660843156278133,0.6666867733001709,0.4694415032863617,-0.005039830692112446,0.6394673585891724,0.43186455965042114,0.01929471641778946,0.5760343670845032,0.44302231073379517,0.428777813911438,0.6441905498504639,0.46180859208106995,0.02084389142692089,0.6514822244644165,0.46017152070999146,0.017438605427742004,0.5690729022026062,0.43018871545791626,-0.059434063732624054,0.5844017267227173,0.41845864057540894,-0.011323082260787487,0.5684970617294312,0.4263163208961487,-0.057540662586688995,0.5286492705345154,0.3868142366409302,0.07105248421430588,0.5620688796043396,0.38171452283859253,0.0959165096282959,0.5755188465118408,0.3995485007762909,0.0030511736404150724,0.4129588007926941,0.28030291199684143,0.2880299985408783,0.43118858337402344,0.28843173384666443,0.2152923345565796,0.44401270151138306,0.2997651696205139,0.16190075874328613,0.696506679058075,0.4921075999736786,0.012846260331571102,0.4000377357006073,0.3305905759334564,0.05914120748639107,0.3718806803226471,0.3051413893699646,0.10199349373579025,0.3436424136161804,0.2879067361354828,0.1449280083179474,0.5059173703193665,0.34907400608062744,0.17913702130317688,0.5460872650146484,0.34853994846343994,0.23407147824764252,0.449313759803772,0.37225377559661865,0.10569693148136139,0.49879392981529236,0.32449811697006226,0.2183586210012436,0.48737984895706177,0.38458681106567383,0.03725618124008179,0.5737811326980591,0.3887709975242615,-0.047072719782590866,0.5759146213531494,0.3643757998943329,0.2719009816646576,0.5557055473327637,0.35808315873146057,0.19976837933063507,0.5518826246261597,0.36898890137672424,0.15521687269210815,0.526995062828064,0.37930238246917725,0.116579070687294,0.5024325251579285,0.3835911154747009,0.09270337969064713,0.48371726274490356,0.3854164779186249,0.07217992842197418,0.4523138403892517,0.3764267563819885,0.0015417139511555433,0.6152561902999878,0.3830183148384094,0.24836136400699615,0.5037261247634888,0.32045090198516846,0.2428910881280899,0.5667176246643066,0.4137483239173889,-0.10827381908893585,0.5273885130882263,0.39207923412323,0.032220713794231415,0.50096595287323,0.3865422010421753,0.46037036180496216,0.467737078666687,0.3850122392177582,0.06205623596906662,0.5717159509658813,0.40571194887161255,0.02512037381529808,0.5001859664916992,0.33357006311416626,0.21381531655788422,0.5587208271026611,0.3865550756454468,-0.03371760621666908,0.6190003156661987,0.4696386456489563,0.3879452645778656,0.4423196315765381,0.36899638175964355,0.11869988590478897,0.5431836247444153,0.382114052772522,-0.06165893003344536,0.7232081294059753,0.4960881471633911,0.1565241515636444,0.7301648259162903,0.5272313952445984,0.18646688759326935,0.6059666872024536,0.4079544246196747,0.33739134669303894,0.7040718793869019,0.48110678791999817,0.21112526953220367,0.4965671896934509,0.33759599924087524,0.3508422374725342,0.7563401460647583,0.5471159815788269,0.0007147624273784459,0.5596866607666016,0.4266429543495178,-0.0872739776968956,0.5498509407043457,0.3955601155757904,0.04632943496108055,0.5271449685096741,0.3351377248764038,0.29260504245758057,0.4891703128814697,0.3495332598686218,0.16263934969902039,0.4785318374633789,0.35573798418045044,0.14502498507499695,0.6644822359085083,0.45772606134414673,0.026252837851643562,0.6475188732147217,0.40803617238998413,0.23115944862365723,0.7642394304275513,0.5827258229255676,-0.040413014590740204,0.7636874914169312,0.5510914921760559,0.06950955837965012,0.7514117360115051,0.5400597453117371,0.12367019057273865,0.4661715626716614,0.36084187030792236,0.13070322573184967,0.4535401165485382,0.36502936482429504,0.12313757091760635,0.44592636823654175,0.367770254611969,0.12161615490913391,0.5028302669525146,0.3163880705833435,0.2789752185344696,0.4450049102306366,0.35644590854644775,0.1286848783493042,0.45332640409469604,0.34749138355255127,0.13690827786922455,0.46487975120544434,0.34006983041763306,0.1508791595697403,0.4777618646621704,0.3354262709617615,0.1674257516860962,0.48715078830718994,0.3345224857330322,0.18078747391700745,0.475201278924942,0.3502247929573059,0.442142516374588,0.49434345960617065,0.3446118235588074,0.1789775937795639,0.6175296306610107,0.4279128611087799,-0.008878783322870731,0.5775964260101318,0.4049220085144043,-0.03509652614593506,0.5842387676239014,0.4362173080444336,-0.05949823558330536,0.7400884032249451,0.5138624906539917,0.10342667251825333,0.7475161552429199,0.5309090614318848,0.05199463665485382,0.7517683506011963,0.5669431686401367,-0.053611766546964645,0.70186448097229,0.5163976550102234,0.258551687002182,0.4427837133407593,0.36442816257476807,0.12321920692920685,0.49446332454681396,0.381575345993042,-0.007168636191636324,0.7701117992401123,0.5640878081321716,0.014033845625817776,0.6421694159507751,0.4351179301738739,0.30692240595817566,0.629967987537384,0.4751141667366028,-0.026848144829273224,0.6406400203704834,0.47645363211631775,-0.0309809111058712,0.6524502038955688,0.4799850285053253,-0.034872736781835556,0.6632065176963806,0.48572421073913574,-0.03217795491218567,0.6968669891357422,0.5089939832687378,-0.020096758380532265,0.647743821144104,0.4561179280281067,0.01806708052754402,0.6512293815612793,0.45043492317199707,0.02516990900039673,0.6534559726715088,0.4446815252304077,0.03096388839185238,0.6614540815353394,0.44199857115745544,0.05116602033376694,0.6496731042861938,0.40896016359329224,0.1597553789615631,0.4681240916252136,0.38036131858825684,0.02071431651711464,0.4284439980983734,0.3651140332221985,0.08541635423898697,0.4344426095485687,0.3629060387611389,0.11095242202281952,0.6437927484512329,0.4613785445690155,0.016403455287218094,0.6884381771087646,0.4471432864665985,0.17667338252067566,0.4261374771595001,0.3699893653392792,0.04012591391801834,0.7108773589134216,0.5210118889808655,-0.012355986982584,0.4780709743499756,0.37872859835624695,-0.029803993180394173,0.5333398580551147,0.3885195851325989,-0.010191468521952629,0.7042084336280823,0.5396086573600769,-0.056832026690244675,0.7027626037597656,0.4805976450443268,0.06094958260655403,0.5949766635894775,0.41125380992889404,0.03874111920595169,0.7107526063919067,0.501804769039154,0.025066712871193886,0.6193844079971313,0.3993449807167053,0.08554061502218246,0.6246365308761597,0.41747739911079407,0.05345279723405838,0.6535879969596863,0.41760650277137756,0.10890232771635056,0.7310035228729248,0.5509283542633057,-0.056614380329847336,0.5458881855010986,0.39381086826324463,0.009828138165175915,0.7225949764251709,0.4911074936389923,0.08516696095466614,0.7282634973526001,0.5132094025611877,0.039630450308322906,0.6885080337524414,0.45840388536453247,0.08855362981557846,0.6732319593429565,0.4323529601097107,0.2183990180492401,0.7004790306091309,0.46055737137794495,0.12290710210800171,0.6745765209197998,0.4606114625930786,0.27071434259414673,0.654771089553833,0.4312688708305359,0.07267460227012634,0.5105035305023193,0.3871340751647949,0.014117703773081303,0.577167272567749,0.39544180035591125,-0.05719549581408501,0.5833348631858826,0.39979124069213867,-0.032121866941452026,0.5658480525016785,0.38526907563209534,-0.07758062332868576,0.42596766352653503,0.3494952917098999,0.09936507791280746,0.4391997754573822,0.33200106024742126,0.12057583779096603,0.45645254850387573,0.32125937938690186,0.14360524713993073,0.4736076891422272,0.31623417139053345,0.1708492487668991,0.4873785972595215,0.31736236810684204,0.19601759314537048,0.5099086761474609,0.3347218632698059,0.2291719615459442,0.5682230591773987,0.3835662305355072,0.35706010460853577,0.5276672840118408,0.3531016707420349,0.18962211906909943,0.5226446986198425,0.3621560335159302,0.158273845911026,0.5059572458267212,0.3700604736804962,0.12912698090076447,0.4858359694480896,0.3755151629447937,0.10835526138544083,0.46941250562667847,0.37852203845977783,0.09111770987510681,0.45757943391799927,0.37974345684051514,0.08188053220510483,0.5345916748046875,0.4171203672885895,0.4551990330219269,0.5823138952255249,0.40750306844711304,-0.024026701226830482,0.5175355672836304,0.3826178312301636,-0.03107965737581253,0.5740341544151306,0.39448773860931396,-0.08849256485700607,0.5673910975456238,0.4119091331958771,-0.09411593526601791,0.571902334690094,0.402117520570755,-0.07861590385437012,0.5797194838523865,0.4166563153266907,-0.02622322551906109,0.5687935948371887,0.4119872450828552,-0.10302169620990753,0.5630447864532471,0.42340996861457825,-0.08241423219442368,0.44067978858947754,0.3713851571083069,0.10401357710361481,0.44329360127449036,0.3773028254508972,0.07476868480443954,0.4490014314651489,0.380723237991333,0.04877375811338425,0.4930497407913208,0.3347465395927429,0.1919078230857849,0.49408936500549316,0.3270888924598694,0.2012150138616562,0.2728363871574402,0.47417181730270386,-0.03711724281311035,0.293150931596756,0.46117717027664185,-0.03711724281311035,0.2594904899597168,0.4657498002052307,-0.03711724281311035,0.25169578194618225,0.48743584752082825,-0.03711724281311035,0.2856634259223938,0.48264187574386597,-0.03711724281311035,0.45853307843208313,0.351563960313797,0.1535336971282959,0.47237977385520935,0.3450621962547302,0.1535336971282959,0.44426199793815613,0.3406413495540619,0.1535336971282959,0.44449982047080994,0.3577880859375,0.1535336971282959,0.4723376929759979,0.36230993270874023,0.1535336971282959,0,0,0,0,0,1,1,0,0,0,0,0,0.045420825481414795,0.03864063322544098,0.07503831386566162,0.04240024834871292,0.018990330398082733,0.0374697744846344,0.041183680295944214,0.0551019087433815,0.05746539309620857,0.07341710478067398,0.7556461691856384,0.14087679982185364,Neutral,3.463526964187622,-19.451265335083008
30,1.0,28.66256286747377,-12.383404801062559,0.8340025847275204,0.525232195854187,0.44357866048812866,-0.08719533681869507,0.45873603224754333,0.3908562660217285,-0.12122981995344162,0.48068422079086304,0.4281226396560669,-0.07663289457559586,0.3815077245235443,0.4118213653564453,-0.09103158116340637,0.4371708035469055,0.3841993808746338,-0.1232491284608841,0.41057854890823364,0.38841044902801514,-0.10735567659139633,0.33967363834381104,0.4092637598514557,-0.030411431565880775,0.2465830147266388,0.5655436515808105,-0.0645679160952568,0.29864123463630676,0.4088881015777588,0.000960104982368648,0.27388566732406616,0.4012003540992737,0.007142072077840567,0.1758078932762146,0.38978034257888794,0.06253372877836227,0.5316804647445679,0.44552314281463623,-0.08618168532848358,0.5363337397575378,0.44859930872917175,-0.0812145248055458,0.5378049612045288,0.4515843093395233,-0.07305344939231873,0.6228471994400024,0.4674391448497772,-0.06721186637878418,0.6337178945541382,0.46866780519485474,-0.07247907668352127,0.6437205076217651,0.4710199236869812,-0.07985468208789825,0.6522477865219116,0.47449079155921936,-0.08011796325445175,0.6413213610649109,0.4791772961616516,-0.06790701299905777,0.4714781641960144,0.4036872982978821,-0.11319433152675629,0.4616781771183014,0.4332796037197113,-0.09837880730628967,0.12818112969398499,0.6724516153335571,-0.007136089727282524,0.298720121383667,0.5117990374565125,-0.0455855131149292,0.29108279943466187,0.530298113822937,-0.061223775148391724,0.28015145659446716,0.5499598979949951,-0.07095946371555328,0.24701249599456787,0.5783204436302185,-0.07258014380931854,0.302066445350647,0.49601778388023376,-0.02647896483540535,0.22024402022361755,0.5230081081390381,-0.05964437127113342,0.23530219495296478,0.5028612017631531,-0.03792626038193703,0.21142469346523285,0.5450254678726196,-0.0710468515753746,0.2112821489572525,0.5626364946365356,-0.07408816367387772,0.25434279441833496,0.5991237163543701,-0.07648635655641556,0.6426352262496948,0.5727555751800537,-0.10721486806869507,0.23306173086166382,0.5742756128311157,-0.0630415603518486,0.22147154808044434,0.6972071528434753,-0.03507354483008385,0.22227239608764648,0.6232906579971313,-0.06955116987228394,0.3921971023082733,0.5315025448799133,-0.09765469282865524,0.5039563179016113,0.47029972076416016,-0.10417943447828293,0.5204530954360962,0.47270840406417847,-0.09661529958248138,0.4916878044605255,0.5012189149856567,-0.1137126013636589,0.4884638488292694,0.5223128199577332,-0.1122305765748024,0.5077891945838928,0.4961336553096771,-0.10440932214260101,0.5006839632987976,0.5141986608505249,-0.10010436177253723,0.5517948865890503,0.5749217867851257,-0.1021612137556076,0.45088881254196167,0.4057613015174866,-0.13020621240139008,0.42912206053733826,0.4019466042518616,-0.13367004692554474,0.17818181216716766,0.5859498977661133,-0.08880004286766052,0.3562164902687073,0.4848959147930145,-0.056786537170410156,0.42516806721687317,0.47843998670578003,-0.1144624873995781,0.4113842844963074,0.4822721779346466,-0.10669083148241043,0.3604527413845062,0.5980109572410583,-0.123715341091156,0.40447497367858887,0.4052804112434387,-0.11770018190145493,0.18593347072601318,0.523794949054718,-0.07469934225082397,0.17621482908725739,0.5567782521247864,-0.08675750344991684,0.10334134101867676,0.6211828589439392,-0.017948925495147705,0.25524258613586426,0.44455665349960327,-0.025211133062839508,0.254675030708313,0.48824918270111084,-0.0181322880089283,0.5185908079147339,0.5834205746650696,-0.10920963436365128,0.46707504987716675,0.7682750225067139,-0.0280536487698555,0.44545644521713257,0.46998536586761475,-0.09653238207101822,0.4584096372127533,0.4571923613548279,-0.08545167744159698,0.49988460540771484,0.5481789112091064,-0.09729626774787903,0.5043809413909912,0.5420050621032715,-0.09252255409955978,0.15514391660690308,0.5666436553001404,-0.07981602102518082,0.43422412872314453,0.489879846572876,-0.10498573631048203,0.20985785126686096,0.48695820569992065,-0.053393520414829254,0.19204656779766083,0.4850790500640869,-0.05448374152183533,0.11196088790893555,0.4969446063041687,-0.011341490782797337,0.1297876238822937,0.5870369672775269,-0.0522545725107193,0.15146584808826447,0.4809383153915405,-0.03160351887345314,0.15893399715423584,0.6007041335105896,-0.07771672308444977,0.14710038900375366,0.6339135766029358,-0.04213622584939003,0.5135663747787476,0.47194597125053406,-0.10318101197481155,0.500429630279541,0.4987606108188629,-0.11035066843032837,0.49478206038475037,0.518446147441864,-0.10755474865436554,0.45172858238220215,0.4699375629425049,-0.08786381781101227,0.502353847026825,0.5450268983840942,-0.0939527153968811,0.5263289213180542,0.5425012111663818,-0.09672515839338303,0.5060474276542664,0.5393002033233643,-0.09165968000888824,0.4423002004623413,0.44375765323638916,-0.12059064209461212,0.5038483142852783,0.5112290382385254,-0.09516125917434692,0.5115138292312622,0.4937645196914673,-0.09525991976261139,0.5239164233207703,0.4731556177139282,-0.08943776786327362,0.6272748708724976,0.5076608657836914,-0.08529351651668549,0.6271990537643433,0.5069904923439026,-0.0982738733291626,0.6202948689460754,0.5016298890113831,-0.09827849268913269,0.6115545034408569,0.49618345499038696,-0.0902397558093071,0.6032692193984985,0.4919092357158661,-0.08404415845870972,0.5534440279006958,0.5236408710479736,-0.09080373495817184,0.5537462830543518,0.5288624167442322,-0.09547535330057144,0.5537091493606567,0.5357882976531982,-0.10131712257862091,0.5543646812438965,0.5421267151832581,-0.10286293923854828,0.4828692078590393,0.5358073711395264,-0.11123907566070557,0.3318745493888855,0.7715393900871277,0.014158543199300766,0.47671937942504883,0.41653019189834595,-0.0884789377450943,0.5312765836715698,0.5323271155357361,-0.0903119221329689,0.5289733409881592,0.5371800065040588,-0.09385363757610321,0.47006848454475403,0.4532109498977661,-0.08932579308748245,0.45049944519996643,0.4935148358345032,-0.08453226834535599,0.4647337794303894,0.4548644423484802,-0.08746439218521118,0.3586023449897766,0.5080767869949341,-0.07149291783571243,0.3570575416088104,0.540229320526123,-0.0952376052737236,0.41949382424354553,0.49370113015174866,-0.0992058664560318,0.09660926461219788,0.5626692175865173,-0.021771438419818878,0.13004454970359802,0.5366838574409485,-0.04759940877556801,0.16579191386699677,0.5275844931602478,-0.07037047296762466,0.5774974226951599,0.5586791634559631,-0.10297650843858719,0.22527775168418884,0.44102782011032104,-0.02820458821952343,0.17924641072750092,0.4355717897415161,-0.00456127617508173,0.1389297991991043,0.4415087103843689,0.018137458711862564,0.2641358971595764,0.5682741403579712,-0.07446185499429703,0.25794070959091187,0.6261947751045227,-0.08508647978305817,0.3019467890262604,0.48525506258010864,-0.015106415376067162,0.20906054973602295,0.5891015529632568,-0.07789404690265656,0.34929734468460083,0.4659343957901001,-0.05082012340426445,0.4220544695854187,0.45311999320983887,-0.12362214177846909,0.27801498770713806,0.6641715168952942,-0.08940532803535461,0.28528866171836853,0.6103121638298035,-0.0992761179804802,0.3117693066596985,0.5812523365020752,-0.09819012880325317,0.32927608489990234,0.5409656763076782,-0.07830340415239334,0.33432790637016296,0.5123404860496521,-0.05660471320152283,0.33584198355674744,0.4905189275741577,-0.041706014424562454,0.33503299951553345,0.42786362767219543,-0.04075571522116661,0.3299359083175659,0.6704522967338562,-0.1082954928278923,0.19639939069747925,0.6072651147842407,-0.08010958135128021,0.4659463167190552,0.4119568467140198,-0.12066199630498886,0.3795018494129181,0.48277103900909424,-0.07022563368082047,0.21935635805130005,0.7424456477165222,0.025101160630583763,0.33442091941833496,0.47206491231918335,-0.02894129976630211,0.41987165808677673,0.5039721727371216,-0.07827629894018173,0.2272804081439972,0.5837383270263672,-0.06713323295116425,0.4069921374320984,0.45788419246673584,-0.1126294955611229,0.3957517445087433,0.776343584060669,-0.0031453524716198444,0.29282546043395996,0.4864436388015747,-0.008082712069153786,0.4029596447944641,0.42923611402511597,-0.11963822692632675,0.5538135766983032,0.681882917881012,-0.09836385399103165,0.5818971395492554,0.7102232575416565,-0.07690989226102829,0.3277605473995209,0.7279462814331055,-0.05383438616991043,0.5059998631477356,0.7117692232131958,-0.09260469675064087,0.17893485724925995,0.6670275330543518,-0.032739341259002686,0.6702505350112915,0.5878232717514038,-0.10903234034776688,0.4714745879173279,0.42343446612358093,-0.09238314628601074,0.3867611885070801,0.5060390830039978,-0.07881098240613937,0.21349945664405823,0.6470446586608887,-0.06523825228214264,0.2682449519634247,0.5431852340698242,-0.06260447949171066,0.2787732779979706,0.526678204536438,-0.05509940907359123,0.5239702463150024,0.5478591322898865,-0.0985635370016098,0.38134026527404785,0.6835765838623047,-0.10858739912509918,0.7171216011047363,0.558438241481781,-0.09462645649909973,0.6637991666793823,0.6356064081192017,-0.09296368807554245,0.6303364634513855,0.6704360842704773,-0.08632474392652512,0.21335308253765106,0.39212852716445923,0.034780971705913544,0.7340515851974487,0.5171497464179993,-0.06651334464550018,0.2848826050758362,0.51255863904953,-0.041307300329208374,0.28898006677627563,0.4992232322692871,-0.02649986930191517,0.2918463349342346,0.49052563309669495,-0.014104809612035751,0.17996260523796082,0.6266863942146301,-0.06946250796318054,0.26994383335113525,0.4987284541130066,-0.024177776649594307,0.2545395791530609,0.5133503675460815,-0.038182858377695084,0.24367186427116394,0.5288277268409729,-0.05148183926939964,0.23603138327598572,0.5462945699691772,-0.0616714246571064,0.23356804251670837,0.5590245127677917,-0.06431694328784943,0.16478663682937622,0.710487961769104,0.012740759178996086,0.2575165331363678,0.5556433796882629,-0.06501810252666473,0.4969675540924072,0.4315079152584076,-0.07565296441316605,0.47682613134384155,0.5097678899765015,-0.10633418709039688,0.4417870044708252,0.46424391865730286,-0.10067661851644516,0.4865545630455017,0.45901989936828613,-0.09552878886461258,0.3174922466278076,0.4142345190048218,-0.0058389948680996895,0.5993061661720276,0.6527252197265625,-0.09863182157278061,0.6357474327087402,0.6233639717102051,-0.10236672312021255,0.6990524530410767,0.545979917049408,-0.10446006804704666,0.5304843187332153,0.7433042526245117,-0.05609283223748207,0.2849727272987366,0.4900209605693817,-0.014709842391312122,0.3633599579334259,0.4395366907119751,-0.06718163192272186,0.7174991369247437,0.5038087368011475,-0.07623278349637985,0.692995548248291,0.5979054570198059,-0.10180415213108063,0.38664159178733826,0.73653644323349,-0.06375662237405777,0.5792794823646545,0.5100845694541931,-0.09027592837810516,0.5829164981842041,0.5158445835113525,-0.09633728861808777,0.5870315432548523,0.522972047328949,-0.10323124378919601,0.5922625660896301,0.5293773412704468,-0.10448384284973145,0.6032488346099854,0.536664605140686,-0.10104703903198242,0.49878352880477905,0.5301920175552368,-0.09748736023902893,0.4943837523460388,0.5345233678817749,-0.10256586968898773,0.4894407391548157,0.538406252861023,-0.10646744072437286,0.4971027970314026,0.5611432194709778,-0.11277922987937927,0.4055349826812744,0.639589250087738,-0.1256811022758484,0.34080472588539124,0.4460810422897339,-0.04324938729405403,0.2886492908000946,0.4625130295753479,0.0013315743999555707,0.2818658649921417,0.47788721323013306,-0.00669469777494669,0.5012998580932617,0.5265890955924988,-0.09360542893409729,0.46859997510910034,0.6729531288146973,-0.11088145524263382,0.3033961057662964,0.43933624029159546,-0.012761353515088558,0.6209371089935303,0.5568898916244507,-0.10143540799617767,0.3865653872489929,0.3960345983505249,-0.0804428830742836,0.35928940773010254,0.42002129554748535,-0.06483569741249084,0.3638390004634857,0.40275290608406067,-0.05372918024659157,0.39056503772735596,0.4583771824836731,-0.08474025130271912,0.6909365653991699,0.4933914542198181,-0.08008373528718948,0.6628046631813049,0.48665258288383484,-0.07305900752544403,0.6472069025039673,0.5210601687431335,-0.09218838065862656,0.554248034954071,0.5990901589393616,-0.10615712404251099,0.42946457862854004,0.5260590314865112,-0.09096507728099823,0.5909485816955566,0.5828108191490173,-0.10395454615354538,0.4044650197029114,0.5698285698890686,-0.11943496763706207,0.44457167387008667,0.5489768385887146,-0.10811567306518555,0.4364287853240967,0.6049832105636597,-0.12406449019908905,0.6728955507278442,0.5330747961997986,-0.10542254894971848,0.3967837691307068,0.48085734248161316,-0.08304622769355774,0.5687640905380249,0.6276863217353821,-0.10707072913646698,0.608278751373291,0.6026673316955566,-0.10404757410287857,0.5138095021247864,0.6059405207633972,-0.11655142158269882,0.42799386382102966,0.6936130523681641,-0.10508976131677628,0.5088776350021362,0.6428940892219543,-0.11609581857919693,0.44574233889579773,0.7344174385070801,-0.07719114422798157,0.47005701065063477,0.576861560344696,-0.11739809811115265,0.37117016315460205,0.4613516628742218,-0.06850011646747589,0.4357466697692871,0.4471984803676605,-0.12623362243175507,0.4359508156776428,0.4725320339202881,-0.11123371124267578,0.42437300086021423,0.42596352100372314,-0.1327524483203888,0.2584572732448578,0.47078371047973633,-0.013968188315629959,0.22660386562347412,0.49636492133140564,-0.04131612554192543,0.20780842006206512,0.5222451090812683,-0.06464973837137222,0.19840526580810547,0.5483455061912537,-0.07968425750732422,0.19782717525959015,0.5710858106613159,-0.0834350436925888,0.22679981589317322,0.6009167432785034,-0.06968678534030914,0.2726173996925354,0.7153730988502502,-0.04802892729640007,0.2719615697860718,0.5872973203659058,-0.0809219628572464,0.29320719838142395,0.5649757981300354,-0.07838188856840134,0.3074938654899597,0.5371813178062439,-0.06682002544403076,0.31505411863327026,0.5122056603431702,-0.047305990010499954,0.31805846095085144,0.4931091070175171,-0.028806554153561592,0.3191671073436737,0.4787997007369995,-0.017480824142694473,0.2751196324825287,0.7598628401756287,0.025443589314818382,0.4420718550682068,0.47999247908592224,-0.10154962539672852,0.38375747203826904,0.4330277442932129,-0.09057740122079849,0.4426233470439911,0.42316150665283203,-0.13082818686962128,0.4578571915626526,0.425129771232605,-0.11598476022481918,0.4468128979206085,0.4306849241256714,-0.12178806215524673,0.4508166015148163,0.4817768335342407,-0.09029793739318848,0.46148496866226196,0.41896599531173706,-0.1198379322886467,0.467338502407074,0.42933839559555054,-0.095304936170578,0.2987964451313019,0.4775371551513672,-0.0029176364187151194,0.3133169412612915,0.46562397480010986,-0.005620546638965607,0.3249491751194,0.4559723138809204,-0.018201271072030067,0.23318924009799957,0.567375123500824,-0.0647515058517456,0.21545737981796265,0.5771758556365967,-0.07246717065572739,0.39667779207229614,0.3865833282470703,-0.05662758648395538,0.3912031352519989,0.3759448528289795,0.1819949895143509,0.4802874028682709,0.40414565801620483,-0.07244542986154556,0.34001126885414124,0.36182916164398193,0.3780486285686493,0.3878916800022125,0.3987526297569275,0.11365155875682831,0.39517489075660706,0.3934430778026581,0.13012230396270752,0.3998299241065979,0.3876612186431885,0.14974720776081085,0.39211440086364746,0.3836357593536377,0.18810442090034485,0.3805629312992096,0.40040212869644165,0.09911124408245087,0.36257651448249817,0.36671653389930725,0.13783229887485504,0.3572535812854767,0.3746548891067505,0.11813414841890335,0.3684617578983307,0.36255788803100586,0.1577812135219574,0.3745827078819275,0.36383137106895447,0.17405694723129272,0.40081655979156494,0.3879237473011017,0.20353996753692627,0.6909527778625488,0.4517797827720642,0.009402132593095303,0.38752567768096924,0.3747960925102234,0.19487135112285614,0.4222675859928131,0.3794934153556824,0.3521069586277008,0.38586360216140747,0.38390082120895386,0.2456844449043274,0.4823880195617676,0.3793042004108429,0.0632019117474556,0.535137414932251,0.4200328290462494,-0.06281283497810364,0.5462914705276489,0.4299458861351013,-0.058369141072034836,0.5503776669502258,0.4037705063819885,-0.027983849868178368,0.5643429756164551,0.3964847922325134,0.00597645016387105,0.5557982325553894,0.4168471097946167,-0.029837485402822495,0.5651537179946899,0.4088873267173767,-0.0005312128341756761,0.632312536239624,0.41683903336524963,0.049261827021837234,0.46570098400115967,0.38184720277786255,-0.10791485756635666,0.44608980417251587,0.37404653429985046,-0.10719650983810425,0.35942283272743225,0.3479549288749695,0.2056029587984085,0.4112430512905121,0.39367324113845825,0.04791794344782829,0.4813491404056549,0.37624359130859375,-0.015518500469624996,0.4691506028175354,0.37775617837905884,-0.004784643650054932,0.5021533966064453,0.3625253438949585,0.14223839342594147,0.4203556776046753,0.3784193992614746,-0.08393034338951111,0.34572693705558777,0.34160467982292175,0.12996409833431244,0.352764755487442,0.3407037556171417,0.16988246142864227,0.3036935329437256,0.3449508547782898,0.3264455795288086,0.3361727297306061,0.3694338798522949,0.04203082248568535,0.35543742775917053,0.3838924765586853,0.10899412631988525,0.6143388748168945,0.40419480204582214,0.07360871881246567,0.6238627433776855,0.45497992634773254,0.33588510751724243,0.48823636770248413,0.3917059004306793,-0.022779075428843498,0.4872434139251709,0.40473705530166626,-0.048874907195568085,0.5921396017074585,0.3960074186325073,0.061076391488313675,0.589478611946106,0.4024183750152588,0.046221934258937836,0.34050869941711426,0.33513304591178894,0.193260058760643,0.4909721612930298,0.3843306303024292,-0.007656344678252935,0.33904632925987244,0.34940648078918457,0.08680999279022217,0.3263489007949829,0.3404886722564697,0.09044668823480606,0.23567062616348267,0.3417118191719055,0.1852758526802063,0.31401827931404114,0.3368735909461975,0.24986164271831512,0.26057058572769165,0.3456629812717438,0.13595516979694366,0.3473815619945526,0.34636637568473816,0.23844470083713531,0.34650757908821106,0.3480217456817627,0.30097782611846924,0.5427166223526001,0.4243561625480652,-0.062247805297374725,0.5543981790542603,0.4098814129829407,-0.029575392603874207,0.5654565691947937,0.4018593728542328,0.000301382620818913,0.4896751642227173,0.3982701599597931,-0.02777463011443615,0.591134786605835,0.39903783798217773,0.052187711000442505,0.6094063520431519,0.4025357663631439,0.026663420721888542,0.5880851149559021,0.40509700775146484,0.04312277212738991,0.47739177942276,0.3850935697555542,-0.05327926576137543,0.5634483098983765,0.4151199460029602,-0.0006219613715074956,0.5548861026763916,0.42302900552749634,-0.024913262575864792,0.547019362449646,0.4353821873664856,-0.05012878403067589,0.6493523120880127,0.45892149209976196,-0.04697395861148834,0.6615540981292725,0.44500109553337097,-0.056193429976701736,0.652698814868927,0.4436327815055847,-0.05493713915348053,0.641209065914154,0.4442865550518036,-0.0468905009329319,0.6295953989028931,0.4464544653892517,-0.043132513761520386,0.6148401498794556,0.42040061950683594,0.004216409754008055,0.6204180717468262,0.415408730506897,-0.00047733925748616457,0.627184271812439,0.409830242395401,-0.002932855626568198,0.6331671476364136,0.40614214539527893,0.0034426748752593994,0.5592501759529114,0.392264723777771,0.025416890159249306,0.522134006023407,0.43682730197906494,0.42105984687805176,0.6028647422790527,0.41304701566696167,0.027556171640753746,0.606433629989624,0.4074612855911255,0.02469923160970211,0.49232959747314453,0.4114573001861572,-0.05342523381114006,0.500843346118927,0.39708834886550903,-0.006653113756328821,0.4900088906288147,0.4080684781074524,-0.05192291736602783,0.4318808615207672,0.38731375336647034,0.06822952628135681,0.45900362730026245,0.374385267496109,0.0937889963388443,0.48003828525543213,0.38279902935028076,0.0063713970594108105,0.2686743140220642,0.33779311180114746,0.25853508710861206,0.28566789627075195,0.3370645046234131,0.19553790986537933,0.33293139934539795,0.33301377296447754,0.14618463814258575,0.6403692960739136,0.4274069368839264,0.021871797740459442,0.31816375255584717,0.35453349351882935,0.045549165457487106,0.23826414346694946,0.36372503638267517,0.0829569473862648,0.20688317716121674,0.3576974868774414,0.11726106703281403,0.3983904719352722,0.38510507345199585,0.1710921674966812,0.40860000252723694,0.3946079611778259,0.22675737738609314,0.3748558759689331,0.4008748531341553,0.09701131284236908,0.3750959038734436,0.3677223324775696,0.20703057944774628,0.3916720747947693,0.39621514081954956,0.032644037157297134,0.46828144788742065,0.3733701705932617,-0.04372784495353699,0.4641452133655548,0.3620796799659729,0.2651795446872711,0.427021324634552,0.3932671844959259,0.1941465437412262,0.43709686398506165,0.39294883608818054,0.1504916399717331,0.42851242423057556,0.39862945675849915,0.11168171465396881,0.41418078541755676,0.4038776755332947,0.08780565112829208,0.4031991958618164,0.4048142433166504,0.06663025170564651,0.3531814217567444,0.3993378281593323,-0.005303038749843836,0.5107139348983765,0.3649553060531616,0.2458777278661728,0.3700284957885742,0.36558985710144043,0.2311350405216217,0.4753158688545227,0.3975239396095276,-0.10288821160793304,0.43253329396247864,0.39138197898864746,0.030900029465556145,0.42232850193977356,0.41153502464294434,0.4423849582672119,0.39242541790008545,0.4037614166736603,0.055432870984077454,0.48213666677474976,0.3895190358161926,0.027348389849066734,0.38481584191322327,0.37755197286605835,0.2037063091993332,0.4535420536994934,0.37600040435791016,-0.03154662624001503,0.573550283908844,0.4459526538848877,0.3864615857601166,0.369738906621933,0.3992372751235962,0.10907502472400665,0.43462473154067993,0.3754575252532959,-0.0603039413690567,0.6659678220748901,0.4300927221775055,0.16620567440986633,0.6874076128005981,0.4582863450050354,0.1989274024963379,0.52167809009552,0.39308708906173706,0.3334074914455414,0.6435956954956055,0.4240681529045105,0.2192031592130661,0.38037723302841187,0.36455899477005005,0.3352454900741577,0.7164316177368164,0.45991212129592896,0.01738015003502369,0.47946053743362427,0.4113902449607849,-0.08163122832775116,0.45591238141059875,0.3880534768104553,0.04618297517299652,0.3815228044986725,0.39120298624038696,0.28204479813575745,0.39303725957870483,0.3808140754699707,0.1540200263261795,0.38917824625968933,0.38647007942199707,0.13666190207004547,0.6122057437896729,0.39873701333999634,0.03405230492353439,0.5542927980422974,0.3765098452568054,0.23281173408031464,0.7399332523345947,0.4889662265777588,-0.02263597585260868,0.7231135368347168,0.46672141551971436,0.08467669039964676,0.7089036703109741,0.4622969329357147,0.13754239678382874,0.3825637698173523,0.39152592420578003,0.12236781418323517,0.37528693675994873,0.39500880241394043,0.11436804383993149,0.3716609477996826,0.39787518978118896,0.11214359104633331,0.35953524708747864,0.3684525489807129,0.2663533389568329,0.3690509796142578,0.3879392147064209,0.11928457766771317,0.3718685209751129,0.38060396909713745,0.12794725596904755,0.3761771619319916,0.37405699491500854,0.1418868452310562,0.38146254420280457,0.3697715401649475,0.1584155410528183,0.38527578115463257,0.3701868951320648,0.17143043875694275,0.3764004409313202,0.384186327457428,0.41995787620544434,0.39298370480537415,0.37734290957450867,0.1701194941997528,0.5361043214797974,0.39513468742370605,-0.002567845396697521,0.4852844476699829,0.3870229423046112,-0.03111199289560318,0.5114151835441589,0.41226500272750854,-0.05293167009949684,0.6874979734420776,0.4393541216850281,0.11555581539869308,0.7010685801506042,0.4509241282939911,0.06680000573396683,0.7244532108306885,0.4759414792060852,-0.03551146760582924,0.6612547636032104,0.4583079218864441,0.26912862062454224,0.36934706568717957,0.394517719745636,0.11365411430597305,0.3933061361312866,0.390442430973053,-0.010941712185740471,0.7344205379486084,0.4739266335964203,0.02992769330739975,0.5687826871871948,0.4046429991722107,0.3074423670768738,0.6257208585739136,0.43117961287498474,-0.01862538792192936,0.6346642971038818,0.42668142914772034,-0.021774224936962128,0.6442827582359314,0.42306578159332275,-0.025304771959781647,0.6537244319915771,0.4215642213821411,-0.022670792415738106,0.6470355987548828,0.44076967239379883,-0.009737218730151653,0.5759826898574829,0.4042097330093384,0.026085898280143738,0.577220618724823,0.3983932137489319,0.032640788704156876,0.5772204399108887,0.3934231996536255,0.03795401751995087,0.5869941115379333,0.39501363039016724,0.05659177154302597,0.5550943613052368,0.37462353706359863,0.16260722279548645,0.3708886206150055,0.3982272744178772,0.01499806996434927,0.3554215729236603,0.39436590671539307,0.07556872814893723,0.3600791096687317,0.3946818709373474,0.10094070434570312,0.5738250017166138,0.40926265716552734,0.02467332035303116,0.6103495359420776,0.39719972014427185,0.18251849710941315,0.3558812737464905,0.39159443974494934,0.0308265071362257,0.6659768223762512,0.44882458448410034,-0.0003254073380958289,0.375843346118927,0.3926391005516052,-0.03456687927246094,0.4332064986228943,0.38536062836647034,-0.010535341687500477,0.6699855923652649,0.46500325202941895,-0.04347984492778778,0.6417386531829834,0.4176585078239441,0.06916414946317673,0.5061897039413452,0.38758450746536255,0.04141524061560631,0.6574460864067078,0.43367326259613037,0.035339370369911194,0.5205463171005249,0.37217968702316284,0.08718093484640121,0.5368483662605286,0.38453617691993713,0.056651413440704346,0.5633261203765869,0.37834593653678894,0.1119704395532608,0.6988317966461182,0.46771448850631714,-0.04105764627456665,0.4497840702533722,0.3870586156845093,0.010539188981056213,0.661186933517456,0.4227864742279053,0.0948048084974289,0.6760081648826599,0.4398089051246643,0.05209428817033768,0.6193296909332275,0.40259993076324463,0.09489403665065765,0.5902513265609741,0.38984304666519165,0.2227291315793991,0.6273595094680786,0.40320253372192383,0.12971103191375732,0.6096729040145874,0.4161111116409302,0.27574655413627625,0.5746389031410217,0.38808417320251465,0.07698366791009903,0.41266900300979614,0.39114099740982056,0.011597075499594212,0.47593408823013306,0.37844914197921753,-0.0533507764339447,0.48675018548965454,0.3805803656578064,-0.027692832052707672,0.4563645124435425,0.37185657024383545,-0.07401855289936066,0.347221314907074,0.38055670261383057,0.08831462264060974,0.3499244153499603,0.36612311005592346,0.10859542340040207,0.3561789393424988,0.3569760322570801,0.13160201907157898,0.3626047670841217,0.3526492714881897,0.15926998853683472,0.36869877576828003,0.3562447428703308,0.18419082462787628,0.38545161485671997,0.3811975121498108,0.21906892955303192,0.47271928191185,0.3848525881767273,0.34873518347740173,0.41114261746406555,0.38845449686050415,0.18252113461494446,0.41556936502456665,0.390969842672348,0.15145385265350342,0.4100593030452728,0.3965790867805481,0.12269003689289093,0.3992979824542999,0.40220803022384644,0.10176821798086166,0.3900694251060486,0.4040563702583313,0.08411520719528198,0.3825293183326721,0.4043641686439514,0.07436220347881317,0.470575213432312,0.428255558013916,0.4424165189266205,0.4918104410171509,0.3876447081565857,-0.019447438418865204,0.4132021963596344,0.3837915062904358,-0.03234700486063957,0.4698553681373596,0.37794390320777893,-0.08430605381727219,0.4768284261226654,0.39563870429992676,-0.08913681656122208,0.4747883379459381,0.38594257831573486,-0.07433829456567764,0.49539250135421753,0.3966548442840576,-0.021353263407945633,0.47693395614624023,0.395405650138855,-0.09789925813674927,0.48111674189567566,0.4075062870979309,-0.0770091861486435,0.36848294734954834,0.40074020624160767,0.0946846753358841,0.37099263072013855,0.4030885100364685,0.06632339954376221,0.3771299421787262,0.4007680118083954,0.041084352880716324,0.3869447410106659,0.3719746470451355,0.18230967223644257,0.37906041741371155,0.36878108978271484,0.19110193848609924,0.24977043271064758,0.5422608256340027,-0.04497614502906799,0.26101529598236084,0.5219774842262268,-0.04497614502906799,0.2309512495994568,0.5384418964385986,-0.04497614502906799,0.23813724517822266,0.5627230405807495,-0.04497614502906799,0.2681814134120941,0.5462834239006042,-0.04497614502906799,0.37050753831863403,0.3739657402038574,0.1444094181060791,0.3768608570098877,0.36652296781539917,0.1444094181060791,0.3555380702018738,0.3686624765396118,0.1444094181060791,0.36390790343284607,0.3816909193992615,0.1444094181060791,0.38523876667022705,0.37929457426071167,0.1444094181060791,0,0,0,0,0,1,1,0,0,0,0,0,0.11930109560489655,0.08488122373819351,0.0880075991153717,0.0837930291891098,0.027100570499897003,0.06187756359577179,0.13185888528823853,0.09238775819540024,0.10830811411142349,0.16288158297538757,0.9961353540420532,0.30600306391716003,Sadness,-13.510522842407227,-17.864011764526367
38,1.2666666666666666,21.606525781797043,-17.488085865337077,1.162591567986277,0.49939411878585815,0.47966712713241577,-0.07512004673480988,0.43731802701950073,0.4199133515357971,-0.1151532530784607,0.46792709827423096,0.4447680711746216,-0.06658084690570831,0.36287879943847656,0.44790929555892944,-0.09071153402328491,0.41383928060531616,0.41734692454338074,-0.11934901028871536,0.3864861726760864,0.4237562417984009,-0.10678144544363022,0.31297391653060913,0.4486796259880066,-0.040963221341371536,0.28201717138290405,0.6063092350959778,-0.05470999702811241,0.2599133253097534,0.45340341329574585,-0.018176410347223282,0.23071657121181488,0.4503805637359619,-0.016742264851927757,0.12815731763839722,0.45289182662963867,0.023965489119291306,0.5103596448898315,0.47882288694381714,-0.07347976416349411,0.5193731784820557,0.47701573371887207,-0.06733448803424835,0.5236967206001282,0.47451168298721313,-0.05672061815857887,0.6236255168914795,0.47231000661849976,-0.05013040453195572,0.6363140344619751,0.4732838273048401,-0.05194094032049179,0.6495010256767273,0.4734934866428375,-0.05621759966015816,0.6622609496116638,0.47144338488578796,-0.05196534842252731,0.6488680839538574,0.46022480726242065,-0.032054491341114044,0.45256054401397705,0.4280880093574524,-0.1060447096824646,0.45154523849487305,0.4542502164840698,-0.08808322995901108,0.1758848875761032,0.7185765504837036,0.0037943425122648478,0.316901296377182,0.5440375804901123,-0.04283712059259415,0.31381863355636597,0.5669620037078857,-0.05469116196036339,0.3081984221935272,0.5891594290733337,-0.06151484698057175,0.28884515166282654,0.6156097650527954,-0.060254380106925964,0.315529465675354,0.5251674652099609,-0.02737571857869625,0.2401682734489441,0.5753440856933594,-0.05790695920586586,0.24921029806137085,0.549814760684967,-0.04129184037446976,0.23819246888160706,0.5988022089004517,-0.06562356650829315,0.24457362294197083,0.6134614944458008,-0.06620822846889496,0.30229008197784424,0.6354421973228455,-0.061148062348365784,0.6706808805465698,0.5435894727706909,-0.05865126848220825,0.274457722902298,0.6139450073242188,-0.052689846605062485,0.27957403659820557,0.7246909141540527,-0.011602570302784443,0.28042060136795044,0.6542247533798218,-0.05300750583410263,0.41430628299713135,0.5489601492881775,-0.0790431797504425,0.49092739820480347,0.4989253580570221,-0.08774995803833008,0.5169317722320557,0.4924962520599365,-0.07950934767723083,0.498959481716156,0.5177549719810486,-0.09372097253799438,0.515069842338562,0.5274061560630798,-0.09129314124584198,0.519936203956604,0.506336510181427,-0.08549211174249649,0.5276247262954712,0.5153622627258301,-0.08077683299779892,0.597553014755249,0.554448664188385,-0.07256138324737549,0.4347775876522064,0.434551477432251,-0.12191587686538696,0.4121834635734558,0.4345281720161438,-0.1271142214536667,0.21225987374782562,0.6445669531822205,-0.07882524281740189,0.3555345833301544,0.5142797231674194,-0.052925314754247665,0.4315415024757385,0.4985440969467163,-0.09968370944261551,0.418292760848999,0.503606379032135,-0.09319359809160233,0.4063432514667511,0.6129657030105591,-0.09710221737623215,0.38653841614723206,0.44028788805007935,-0.11377885192632675,0.19387224316596985,0.5983483195304871,-0.0757901594042778,0.19696082174777985,0.6263443827629089,-0.0817972719669342,0.13583733141422272,0.6780478954315186,-0.01610604114830494,0.2362382411956787,0.5039540529251099,-0.03792916238307953,0.26433104276657104,0.5276086926460266,-0.02425321750342846,0.5701696872711182,0.5659275650978088,-0.07960918545722961,0.5400290489196777,0.7437434196472168,0.026866275817155838,0.4476618468761444,0.4871845245361328,-0.08293599635362625,0.456213116645813,0.4735259413719177,-0.0734294205904007,0.5533357858657837,0.5294432044029236,-0.07308052480220795,0.5533534288406372,0.523380696773529,-0.07101687043905258,0.1791297048330307,0.6360958814620972,-0.07571297883987427,0.4442943036556244,0.5056146383285522,-0.08923941850662231,0.20382297039031982,0.559614360332489,-0.06043115630745888,0.18311482667922974,0.5637760162353516,-0.06364021450281143,0.10382698476314545,0.5651760101318359,-0.029670439660549164,0.15362469851970673,0.6445286273956299,-0.050705041736364365,0.140798881649971,0.54534512758255,-0.04714236781001091,0.19929459691047668,0.655545711517334,-0.06739092618227005,0.18528993427753448,0.6816749572753906,-0.03379540890455246,0.5059162378311157,0.49671652913093567,-0.08658018708229065,0.5109779834747314,0.5130475163459778,-0.09118092805147171,0.521710991859436,0.5222046971321106,-0.08755657076835632,0.45368683338165283,0.48534080386161804,-0.07467547804117203,0.5538554191589355,0.5265012979507446,-0.07137000560760498,0.5722609162330627,0.524275004863739,-0.07387637346982956,0.5523179769515991,0.5207926034927368,-0.07033451646566391,0.43600356578826904,0.46724337339401245,-0.10848161578178406,0.5287429094314575,0.5094042420387268,-0.0748317614197731,0.5233950614929199,0.5001303553581238,-0.07494301348924637,0.5221475958824158,0.4881262183189392,-0.0701495110988617,0.6451769471168518,0.48713019490242004,-0.046917855739593506,0.6503717303276062,0.49590060114860535,-0.06754899770021439,0.6383891701698303,0.49539661407470703,-0.07152201235294342,0.6265513896942139,0.4921903908252716,-0.06671735644340515,0.6162968277931213,0.4886828660964966,-0.06400531530380249,0.5869877934455872,0.5090755224227905,-0.06997664272785187,0.5896155834197998,0.5137149691581726,-0.0720839872956276,0.5932363271713257,0.5192966461181641,-0.07631803303956985,0.5980073809623718,0.5233892202377319,-0.07604128867387772,0.5142605304718018,0.5326026082038879,-0.08972027897834778,0.4052169919013977,0.7715743780136108,0.056489426642656326,0.46047496795654297,0.43688133358955383,-0.07991237938404083,0.5716730356216431,0.5149750709533691,-0.0695803314447403,0.5718798041343689,0.519565761089325,-0.071794793009758,0.46689164638519287,0.4676659107208252,-0.07544902712106705,0.46184152364730835,0.5045178532600403,-0.06872145086526871,0.46199530363082886,0.47036540508270264,-0.07469277828931808,0.3672981560230255,0.5346347689628601,-0.061946138739585876,0.3806849420070648,0.5634921789169312,-0.07848404347896576,0.4303017258644104,0.5112376809120178,-0.08443193137645721,0.11056329309940338,0.6273611187934875,-0.02998928911983967,0.1374683380126953,0.5998871922492981,-0.05414162203669548,0.17350555956363678,0.6056774854660034,-0.07329299300909042,0.6147103309631348,0.537350594997406,-0.07052986323833466,0.20205113291740417,0.5111843943595886,-0.04420982673764229,0.1539798527956009,0.49810490012168884,-0.028757307678461075,0.11134479939937592,0.5084512829780579,-0.010486366227269173,0.2996886968612671,0.606289803981781,-0.06283238530158997,0.3156073987483978,0.6591607332229614,-0.06527451425790787,0.31163695454597473,0.5131564140319824,-0.0179129671305418,0.25099092721939087,0.6342920660972595,-0.06663919240236282,0.3414738178253174,0.49848443269729614,-0.050301287323236465,0.4203760623931885,0.47866615653038025,-0.11151771247386932,0.3342277407646179,0.6885416507720947,-0.062965027987957,0.3334616720676422,0.650892436504364,-0.07872070372104645,0.34715989232063293,0.6259413957595825,-0.0810544490814209,0.3523900508880615,0.5816563963890076,-0.06638935208320618,0.3496778607368469,0.548004150390625,-0.05043776333332062,0.34382814168930054,0.5236390829086304,-0.04019780084490776,0.31451085209846497,0.4665070176124573,-0.04757081717252731,0.39214226603507996,0.6833876371383667,-0.07563711702823639,0.24406425654888153,0.6507000923156738,-0.06704562902450562,0.45019882917404175,0.43646156787872314,-0.11163272708654404,0.38120004534721375,0.508450984954834,-0.06292364746332169,0.28562918305397034,0.7656000852584839,0.0532061830163002,0.3348281681537628,0.5057826042175293,-0.03129512444138527,0.4331148564815521,0.5193357467651367,-0.06413634866476059,0.27188771963119507,0.6228337287902832,-0.05543743073940277,0.4057875871658325,0.4845539927482605,-0.10237117111682892,0.4705536961555481,0.7646044492721558,0.04558398202061653,0.30348122119903564,0.5120614767074585,-0.011877516284584999,0.39255404472351074,0.4611903727054596,-0.11246280372142792,0.6125828623771667,0.6549153327941895,-0.04774525389075279,0.6405057907104492,0.6743756532669067,-0.01936316303908825,0.3973592519760132,0.7334475517272949,-0.016712890937924385,0.571652889251709,0.687452495098114,-0.041400689631700516,0.22757963836193085,0.7049610018730164,-0.017363479360938072,0.6987251043319702,0.5540263056755066,-0.05454911291599274,0.45806318521499634,0.4439360201358795,-0.0828244537115097,0.3977683186531067,0.5274933576583862,-0.06673038750886917,0.28383833169937134,0.6680683493614197,-0.04543168470263481,0.2933695614337921,0.5850504636764526,-0.05502934753894806,0.2993571162223816,0.5657126903533936,-0.04997286573052406,0.5736144185066223,0.5284587740898132,-0.07444590330123901,0.4464474320411682,0.6835557222366333,-0.07028070092201233,0.7340502738952637,0.5185070633888245,-0.03740643709897995,0.7020549774169922,0.5967022180557251,-0.035786692053079605,0.6783044338226318,0.6327838897705078,-0.02981361374258995,0.17157243192195892,0.45117026567459106,0.001549395965412259,0.7382148504257202,0.47717732191085815,-0.01590581238269806,0.30264320969581604,0.5467540621757507,-0.03924483060836792,0.30360937118530273,0.5291098356246948,-0.027091363444924355,0.3039945363998413,0.5176830887794495,-0.016596568748354912,0.2379821240901947,0.6624722480773926,-0.05482767894864082,0.28656697273254395,0.5305730700492859,-0.027263810858130455,0.27706772089004517,0.5500449538230896,-0.03921550512313843,0.2707788348197937,0.569972813129425,-0.049379199743270874,0.26848098635673523,0.5892238020896912,-0.0563611201941967,0.2701042890548706,0.6015188097953796,-0.05717458575963974,0.2231522798538208,0.7463464736938477,0.031986918300390244,0.28759121894836426,0.5975254774093628,-0.05588566139340401,0.4867933988571167,0.4444916844367981,-0.0640818253159523,0.4970896244049072,0.5131099224090576,-0.08585307002067566,0.4421752989292145,0.4835721254348755,-0.08844771236181259,0.48769643902778625,0.4690898358821869,-0.07932771742343903,0.28565022349357605,0.4554363489151001,-0.02078341320157051,0.6487149000167847,0.6235065460205078,-0.04775962606072426,0.6749851703643799,0.5914053916931152,-0.049614179879426956,0.7157963514328003,0.5122379064559937,-0.05106710270047188,0.5970883965492249,0.7106113433837891,0.0014403354143723845,0.29687419533729553,0.5180096626281738,-0.018349409103393555,0.35056188702583313,0.47395598888397217,-0.0677170529961586,0.720610499382019,0.47031497955322266,-0.028785737231373787,0.7210597991943359,0.5582300424575806,-0.04330328851938248,0.45809030532836914,0.7299576997756958,-0.020456843078136444,0.6032419204711914,0.5003083348274231,-0.06924185156822205,0.6092677116394043,0.5049168467521667,-0.07223957031965256,0.6173129081726074,0.509964644908905,-0.0769416019320488,0.6276057958602905,0.5128910541534424,-0.07541797310113907,0.6317008137702942,0.5151398181915283,-0.06524015218019485,0.5384743213653564,0.5212832093238831,-0.07710418850183487,0.535954475402832,0.5268231630325317,-0.08150666952133179,0.531375527381897,0.531432569026947,-0.08439410477876663,0.5400099158287048,0.5501347184181213,-0.08840115368366241,0.46188637614250183,0.6390743851661682,-0.0902133584022522,0.32618793845176697,0.48202741146087646,-0.04693339392542839,0.2865798771381378,0.4973016083240509,-0.00895523652434349,0.288159042596817,0.5089232325553894,-0.013607232831418514,0.5373862981796265,0.5167283415794373,-0.07291090488433838,0.5305995941162109,0.6575179100036621,-0.06729355454444885,0.2885633707046509,0.4826509654521942,-0.02387678623199463,0.649095892906189,0.5313423275947571,-0.05873776972293854,0.36219942569732666,0.43254250288009644,-0.0837978944182396,0.3403022587299347,0.45734158158302307,-0.06907576322555542,0.3386683464050293,0.44053915143013,-0.0611627958714962,0.3866587281227112,0.4865865111351013,-0.07893335074186325,0.6935526728630066,0.4654283821582794,-0.035917729139328,0.6674774885177612,0.46347126364707947,-0.03250162675976753,0.6634083986282349,0.49617666006088257,-0.047894831746816635,0.6015424728393555,0.5793541073799133,-0.07015755027532578,0.4512326121330261,0.5368966460227966,-0.07217645645141602,0.6294428110122681,0.5594371557235718,-0.06447714567184448,0.44202277064323425,0.5788404941558838,-0.09256969392299652,0.47636303305625916,0.5528519153594971,-0.08486092835664749,0.4851997494697571,0.6024094820022583,-0.09155634790658951,0.6887818574905396,0.5041041374206543,-0.05590027570724487,0.40033793449401855,0.504284679889679,-0.0736885666847229,0.61833655834198,0.6047637462615967,-0.06318959593772888,0.6469998359680176,0.5759955048561096,-0.057512667030096054,0.5665711760520935,0.5903468728065491,-0.08124806731939316,0.49400389194488525,0.6834765672683716,-0.06200370937585831,0.5659157633781433,0.6252195835113525,-0.0754777267575264,0.5162678956985474,0.7176284790039062,-0.028173435479402542,0.5144726037979126,0.5706323981285095,-0.0893358662724495,0.36530864238739014,0.4915858209133148,-0.06516306847333908,0.4314734935760498,0.4715810716152191,-0.11403593420982361,0.43993473052978516,0.4917423129081726,-0.09690437465906143,0.4144529104232788,0.4559766948223114,-0.12280739098787308,0.2561614215373993,0.5160571932792664,-0.023922938853502274,0.23128977417945862,0.5530809760093689,-0.04663694277405739,0.22131581604480743,0.5850018858909607,-0.06453923881053925,0.22107774019241333,0.6107422113418579,-0.07442519068717957,0.23047730326652527,0.627133846282959,-0.07489120215177536,0.2764740586280823,0.6366679668426514,-0.056084465235471725,0.3377404510974884,0.7324188947677612,-0.017105313017964363,0.3139888346195221,0.6260467171669006,-0.06624466925859451,0.3255996108055115,0.6054098606109619,-0.06591983884572983,0.33180171251296997,0.574762225151062,-0.057943012565374374,0.3326256573200226,0.5449303388595581,-0.043386440724134445,0.3297078013420105,0.5226804614067078,-0.029125533998012543,0.3252212703227997,0.5075675249099731,-0.020798930898308754,0.34540608525276184,0.7714884877204895,0.0606740266084671,0.44839462637901306,0.4961252808570862,-0.08691652864217758,0.37175244092941284,0.46634140610694885,-0.08729566633701324,0.4312777519226074,0.4507707357406616,-0.12073568999767303,0.4455312490463257,0.44900575280189514,-0.10634250938892365,0.43656593561172485,0.4558486342430115,-0.11145442724227905,0.4576660990715027,0.49501216411590576,-0.075953908264637,0.44779616594314575,0.4432903528213501,-0.11043617874383926,0.4557647109031677,0.4499695897102356,-0.08545336872339249,0.30545705556869507,0.50457364320755,-0.008380857296288013,0.3138991892337799,0.4953071177005768,-0.01281738467514515,0.3185974359512329,0.4917535185813904,-0.02469155751168728,0.27230286598205566,0.6089130640029907,-0.05586853623390198,0.2549024820327759,0.6228525638580322,-0.06242624670267105,0.36779433488845825,0.4212103486061096,-0.06350556015968323,0.3255380094051361,0.3919139504432678,0.1404569298028946,0.4576911926269531,0.4248461425304413,-0.0674748346209526,0.26078978180885315,0.3840341567993164,0.31180793046951294,0.3364904224872589,0.4133404493331909,0.0835847407579422,0.34073883295059204,0.4055502414703369,0.09707418829202652,0.34370946884155273,0.3988109529018402,0.11362350732088089,0.3380739688873291,0.3948126435279846,0.14638660848140717,0.3303285837173462,0.419166624546051,0.07231239974498749,0.29364603757858276,0.40072083473205566,0.09809412062168121,0.2929583787918091,0.4098329544067383,0.08218394219875336,0.29808589816093445,0.39378151297569275,0.1153460443019867,0.3058980405330658,0.39061951637268066,0.1301027536392212,0.3596827983856201,0.39252156019210815,0.16115044057369232,0.6739314794540405,0.4249596893787384,0.03340834379196167,0.3232422471046448,0.3911104202270508,0.15143190324306488,0.35122278332710266,0.3849296569824219,0.2945571839809418,0.3499520719051361,0.3930547535419464,0.19701308012008667,0.44167983531951904,0.39599260687828064,0.04868738725781441,0.5006531476974487,0.4596228003501892,-0.054573845118284225,0.5241308212280273,0.4606530964374542,-0.04869326949119568,0.517822265625,0.4387698173522949,-0.024876030161976814,0.5369346141815186,0.4242177903652191,0.00283811055123806,0.5334152579307556,0.44535186886787415,-0.025685543194413185,0.545299768447876,0.4331810772418976,-0.001291212160140276,0.6137565970420837,0.40894728899002075,0.0466899648308754,0.43945708870887756,0.4098256230354309,-0.10421456396579742,0.4176296591758728,0.4052612781524658,-0.10611987113952637,0.29658302664756775,0.384278267621994,0.15453556180000305,0.3743338882923126,0.41993439197540283,0.030833084136247635,0.44813624024391174,0.3986697196960449,-0.020757483318448067,0.4354630708694458,0.4010884761810303,-0.011942217126488686,0.44956061244010925,0.374379426240921,0.11404158920049667,0.3914993405342102,0.4120071530342102,-0.08699851483106613,0.2677980065345764,0.391513466835022,0.0855691134929657,0.279501736164093,0.3849910497665405,0.12111621350049973,0.22187161445617676,0.37799546122550964,0.25913599133491516,0.2688713073730469,0.4211060404777527,0.014987177215516567,0.29669979214668274,0.41842561960220337,0.07647102326154709,0.5916117429733276,0.4019014239311218,0.0641038715839386,0.5742295980453491,0.425173819065094,0.31709253787994385,0.46007320284843445,0.41177308559417725,-0.024244679138064384,0.46427762508392334,0.4233778417110443,-0.04425301402807236,0.577791690826416,0.4077727496623993,0.051463495939970016,0.5762364268302917,0.4145459532737732,0.03831828758120537,0.26991939544677734,0.38445979356765747,0.1400539129972458,0.4601392447948456,0.404478520154953,-0.01153113879263401,0.2624226212501526,0.40271055698394775,0.049718763679265976,0.2462589144706726,0.40109962224960327,0.050488993525505066,0.16332553327083588,0.3932070732116699,0.1264985352754593,0.23544320464134216,0.3707105219364166,0.18826696276664734,0.19484326243400574,0.39330723881721497,0.08479059487581253,0.2910134196281433,0.38536375761032104,0.18300051987171173,0.26799261569976807,0.37307974696159363,0.23805390298366547,0.5146274566650391,0.46026334166526794,-0.053746238350868225,0.5273122787475586,0.44254398345947266,-0.026281455531716347,0.5418136715888977,0.42866766452789307,-0.001607146579772234,0.46389591693878174,0.41745856404304504,-0.027050571516156197,0.5774123668670654,0.41128695011138916,0.043594710528850555,0.5953733921051025,0.4137064516544342,0.023627731949090958,0.5750357508659363,0.41658955812454224,0.035910848528146744,0.4476795792579651,0.40836071968078613,-0.05491076782345772,0.5454133152961731,0.4358363151550293,0.0004685971653088927,0.5355122089385986,0.4471944272518158,-0.018534908071160316,0.5282338857650757,0.46045738458633423,-0.038325946778059006,0.6481988430023193,0.4408513009548187,-0.016639232635498047,0.6617478132247925,0.4473181962966919,-0.03369840979576111,0.6493402719497681,0.45043185353279114,-0.03629479929804802,0.6359715461730957,0.45303043723106384,-0.03162618726491928,0.6246030330657959,0.45537662506103516,-0.0307462140917778,0.604543924331665,0.43071871995925903,0.005764319561421871,0.6086705923080444,0.426013320684433,0.003473123535513878,0.6148532629013062,0.41996920108795166,0.0022039683535695076,0.6214494705200195,0.4142812192440033,0.008247708901762962,0.5321062207221985,0.4010274410247803,0.018718397244811058,0.4618828594684601,0.41832995414733887,0.379465252161026,0.5910063982009888,0.42334723472595215,0.023739702999591827,0.593198835849762,0.41890519857406616,0.02202731929719448,0.4726579487323761,0.4287261366844177,-0.04673667252063751,0.4747054874897003,0.4144871234893799,-0.006634500343352556,0.46862298250198364,0.4260658323764801,-0.04631517454981804,0.3920963406562805,0.41020113229751587,0.049379415810108185,0.41414493322372437,0.39298081398010254,0.07198136299848557,0.44743266701698303,0.4036320447921753,-0.00011017553333658725,0.18929648399353027,0.3801653981208801,0.1939479261636734,0.21175743639469147,0.3777010142803192,0.1379411220550537,0.2534129023551941,0.39001986384391785,0.09752156585454941,0.6248327493667603,0.41525065898895264,0.027861975133419037,0.2434600293636322,0.4183740019798279,0.013693886809051037,0.18296796083450317,0.4174395799636841,0.03997652977705002,0.14419907331466675,0.41599929332733154,0.06807386130094528,0.34305498003959656,0.39554187655448914,0.13196881115436554,0.3800673186779022,0.39072489738464355,0.18231242895126343,0.32452574372291565,0.42305660247802734,0.07097247242927551,0.31870537996292114,0.39037805795669556,0.1590941846370697,0.3563742935657501,0.42563337087631226,0.016420528292655945,0.4349817931652069,0.39860987663269043,-0.04792530834674835,0.3964415192604065,0.3694649934768677,0.2179573029279709,0.3914441764354706,0.385985791683197,0.1543586701154709,0.3939294219017029,0.38726115226745605,0.11676960438489914,0.3833673894405365,0.398945689201355,0.08477647602558136,0.3699641823768616,0.40996670722961426,0.06472757458686829,0.3574509620666504,0.4168904423713684,0.04627811908721924,0.3214404284954071,0.43638238310813904,-0.019569147378206253,0.4471327066421509,0.36843058466911316,0.20532874763011932,0.3203493356704712,0.3887786567211151,0.17991644144058228,0.45323655009269714,0.42129480838775635,-0.09747541695833206,0.398050457239151,0.41661393642425537,0.017774609848856926,0.3564673662185669,0.40877029299736023,0.3850076496601105,0.34393778443336487,0.4220951795578003,0.03594363480806351,0.4504817724227905,0.40897613763809204,0.020359398797154427,0.3265382945537567,0.39292311668395996,0.15885256230831146,0.42013511061668396,0.4025878310203552,-0.03766448795795441,0.517333447933197,0.4209294319152832,0.3558495044708252,0.31746241450309753,0.4240674674510956,0.08066363632678986,0.40254464745521545,0.40570831298828125,-0.06524129211902618,0.6285921335220337,0.4039190709590912,0.16102392971515656,0.6535140872001648,0.4233529269695282,0.19988885521888733,0.45537763833999634,0.38496071100234985,0.289968341588974,0.5972388982772827,0.40109291672706604,0.20523379743099213,0.30524295568466187,0.3796005845069885,0.27422553300857544,0.6994514465332031,0.42653143405914307,0.04521878808736801,0.46069538593292236,0.4317358732223511,-0.07416018098592758,0.41924190521240234,0.4090818166732788,0.03289753571152687,0.35924750566482544,0.39669352769851685,0.2298097163438797,0.3272654116153717,0.3966390788555145,0.11655674129724503,0.3265257179737091,0.40303051471710205,0.10196977108716965,0.5982057452201843,0.4082760214805603,0.030210211873054504,0.4939284920692444,0.3746527433395386,0.20062614977359772,0.7335838675498962,0.4491913914680481,0.018944351002573967,0.7028692364692688,0.42896103858947754,0.10537023097276688,0.6828426122665405,0.42563554644584656,0.14789186418056488,0.3238566219806671,0.4101404845714569,0.09051535278558731,0.32006317377090454,0.41692978143692017,0.08452163636684418,0.3184807002544403,0.42160117626190186,0.0831543579697609,0.3215703070163727,0.39170825481414795,0.211436465382576,0.30891212821006775,0.4157639741897583,0.08614039421081543,0.30684855580329895,0.40793049335479736,0.09227851778268814,0.30713731050491333,0.39977359771728516,0.1034550592303276,0.3107781410217285,0.39325302839279175,0.11776097863912582,0.31591638922691345,0.39070460200309753,0.12953273952007294,0.30315130949020386,0.39440587162971497,0.35699862241744995,0.3262835144996643,0.39329686760902405,0.130389004945755,0.5109668374061584,0.40691474080085754,-0.003336973488330841,0.4556523859500885,0.4081708788871765,-0.03294762223958969,0.49383991956710815,0.42571812868118286,-0.04527492821216583,0.6573013067245483,0.4092406630516052,0.1213824674487114,0.67826247215271,0.41886651515960693,0.08416842669248581,0.7160744667053223,0.4419545829296112,0.0033205149229615927,0.6193516254425049,0.4255751371383667,0.2612529993057251,0.3132932782173157,0.4208073019981384,0.0830824002623558,0.36076176166534424,0.422554075717926,-0.022961245849728584,0.7206424474716187,0.43519479036331177,0.06056370213627815,0.5066535472869873,0.3903036117553711,0.27373743057250977,0.617541491985321,0.44178640842437744,-0.011688752099871635,0.625328779220581,0.4369611144065857,-0.012407360598444939,0.6353830099105835,0.4322004020214081,-0.014239661395549774,0.6465939283370972,0.4274795651435852,-0.010347550734877586,0.637344241142273,0.4252862334251404,0.006746724713593721,0.5593979954719543,0.42216137051582336,0.020695185288786888,0.5585606694221497,0.4174375534057617,0.025385593995451927,0.5558476448059082,0.41277772188186646,0.029455382376909256,0.5608704686164856,0.399416446685791,0.0451483316719532,0.5019599795341492,0.377789169549942,0.13810737431049347,0.3375363349914551,0.4315184950828552,-0.00033291883300989866,0.30265235900878906,0.42927733063697815,0.05008285865187645,0.3068455457687378,0.42541050910949707,0.07175807654857635,0.558063268661499,0.42508605122566223,0.02086571231484413,0.5613794922828674,0.3875613212585449,0.16459612548351288,0.30014240741729736,0.4300994277000427,0.010502908378839493,0.652919352054596,0.427676796913147,0.02100842073559761,0.3458581268787384,0.4282565712928772,-0.04513567313551903,0.4003657400608063,0.41259050369262695,-0.01963932253420353,0.6650036573410034,0.44241657853126526,-0.009577613323926926,0.616461992263794,0.40350598096847534,0.06759361922740936,0.47232457995414734,0.40213900804519653,0.03311709314584732,0.6378690004348755,0.4148784875869751,0.04516094923019409,0.4753769040107727,0.38365304470062256,0.07085994631052017,0.5008775591850281,0.3944007158279419,0.045551761984825134,0.517925500869751,0.38284122943878174,0.09462935477495193,0.6904534697532654,0.439724862575531,-0.0053249248303473,0.41657406091690063,0.4114072024822235,0.0011231577955186367,0.6310479640960693,0.40136951208114624,0.09561072289943695,0.6534934639930725,0.4148428738117218,0.06567554920911789,0.588654637336731,0.39526206254959106,0.08502697199583054,0.533672571182251,0.38176804780960083,0.19772271811962128,0.5883150696754456,0.39118802547454834,0.11818107962608337,0.5537555813789368,0.39635607600212097,0.2517324984073639,0.5403939485549927,0.3923891484737396,0.06403380632400513,0.37894195318222046,0.41964152455329895,-0.0011323317885398865,0.44433748722076416,0.4025176763534546,-0.0561358742415905,0.45510387420654297,0.40206775069236755,-0.030349142849445343,0.4245620667934418,0.40050429105758667,-0.0760728269815445,0.28715234994888306,0.4218289256095886,0.05717936158180237,0.28165844082832336,0.4084770083427429,0.07160735875368118,0.2831442952156067,0.397621750831604,0.09033849835395813,0.28928181529045105,0.3899352550506592,0.1143886148929596,0.30084556341171265,0.3876405358314514,0.13698256015777588,0.3392338752746582,0.3936315178871155,0.17275646328926086,0.4033331871032715,0.38318103551864624,0.29679015278816223,0.3651546239852905,0.39135223627090454,0.14327335357666016,0.3670181334018707,0.39436936378479004,0.11677286773920059,0.36139971017837524,0.40286219120025635,0.09252801537513733,0.3523281514644623,0.41272854804992676,0.07509554177522659,0.34353387355804443,0.4195573925971985,0.06070297956466675,0.33567014336586,0.4244769513607025,0.052312351763248444,0.408512145280838,0.41699087619781494,0.3918275833129883,0.46236705780029297,0.40756404399871826,-0.021408917382359505,0.38128629326820374,0.4151167869567871,-0.04089459776878357,0.4398145079612732,0.4044337272644043,-0.08386047184467316,0.45181360840797424,0.41840919852256775,-0.08510728180408478,0.4459373354911804,0.41019606590270996,-0.07366164028644562,0.46924614906311035,0.41522806882858276,-0.020879946649074554,0.45287132263183594,0.4186611473560333,-0.09297539293766022,0.46027645468711853,0.4279685616493225,-0.07077209651470184,0.3177163898944855,0.42640283703804016,0.06904058903455734,0.3230432868003845,0.42919400334358215,0.044383883476257324,0.3258455991744995,0.42719802260398865,0.022424526512622833,0.3197185695171356,0.39028608798980713,0.1396452933549881,0.3151220679283142,0.3907737135887146,0.1461477279663086,0.2884896397590637,0.5525426268577576,-0.04166938364505768,0.29219383001327515,0.5320315957069397,-0.04166938364505768,0.26902103424072266,0.5504458546638489,-0.04166938364505768,0.2843477725982666,0.5736334919929504,-0.04166938364505768,0.3078746497631073,0.5549513101577759,-0.04166938364505768,0.3089054822921753,0.39860057830810547,0.10822217166423798,0.3116632103919983,0.3906548023223877,0.10822217166423798,0.29308414459228516,0.3978518843650818,0.10822217166423798,0.30648723244667053,0.4069308638572693,0.10822217166423798,0.32496941089630127,0.39968061447143555,0.10822217166423798,0,0,0,0,0,1,1,0,0,0,0,0,0.13415129482746124,0.08398377150297165,0.08154948055744171,0.11372004449367523,0.041009560227394104,0.06336697936058044,0.29360663890838623,0.07686033099889755,0.1119299903512001,0.17824101448059082,0.7043080925941467,0.2992543578147888,Neutral,-22.88055992126465,-11.046566009521484
40,1.3333333333333333,32.52506620641053,-9.200864400400432,0.8080068314061134,0.5430715680122375,0.4306810796260834,-0.08705508708953857,0.4958804249763489,0.3695982098579407,-0.10567670315504074,0.5112031698226929,0.41096097230911255,-0.07220370322465897,0.4211280941963196,0.38355231285095215,-0.07401522994041443,0.4771209955215454,0.3610881567001343,-0.10499154031276703,0.4522709846496582,0.3637029826641083,-0.08812110871076584,0.383367121219635,0.3800188899040222,-0.01223236508667469,0.2617957293987274,0.5233944058418274,-0.06238235905766487,0.340461403131485,0.37400078773498535,0.02165115438401699,0.31747353076934814,0.3636420667171478,0.03177015483379364,0.24021640419960022,0.34628480672836304,0.09009391814470291,0.5479146838188171,0.43314364552497864,-0.08763793110847473,0.5509867072105408,0.436776727437973,-0.08461766690015793,0.5511861443519592,0.4401607811450958,-0.08021649718284607,0.623874306678772,0.47081732749938965,-0.07149015367031097,0.6356393098831177,0.47440627217292786,-0.07857143878936768,0.6463745832443237,0.4789274334907532,-0.08564531803131104,0.6540175676345825,0.4841863512992859,-0.08622175455093384,0.6619846820831299,0.4815064072608948,-0.07806612551212311,0.5060021877288818,0.38403671979904175,-0.10019419342279434,0.49173539876937866,0.41120946407318115,-0.09071265906095505,0.13371123373508453,0.6052361726760864,-0.012991956435143948,0.32020166516304016,0.48249515891075134,-0.04032605513930321,0.30753791332244873,0.49947890639305115,-0.05655433237552643,0.29240986704826355,0.5162060260772705,-0.06714479625225067,0.26162993907928467,0.5352079272270203,-0.07123681902885437,0.328097939491272,0.46700185537338257,-0.020932933315634727,0.25022560358047485,0.47490355372428894,-0.050534624606370926,0.27011942863464355,0.4577341079711914,-0.028203031048178673,0.23604904115200043,0.49443918466567993,-0.06307599693536758,0.23121649026870728,0.5113952159881592,-0.06783346086740494,0.26170045137405396,0.5565598607063293,-0.07772481441497803,0.6425541043281555,0.5695590376853943,-0.12713557481765747,0.25006502866744995,0.5286269187927246,-0.0613236278295517,0.21095964312553406,0.6462347507476807,-0.04881201684474945,0.23485127091407776,0.5658661127090454,-0.07247035205364227,0.40581366419792175,0.5015153288841248,-0.09835895895957947,0.5143365263938904,0.4536357522010803,-0.10463059693574905,0.5294708013534546,0.45833349227905273,-0.10086441785097122,0.4962746500968933,0.4825229048728943,-0.11674442887306213,0.48814523220062256,0.503280520439148,-0.11789693683385849,0.5120906233787537,0.48015981912612915,-0.10995562374591827,0.5015421509742737,0.49774909019470215,-0.10771873593330383,0.5468548536300659,0.5635692477226257,-0.11600629985332489,0.485817551612854,0.3822639584541321,-0.11505743116140366,0.466251939535141,0.37631186842918396,-0.11593666672706604,0.1963130682706833,0.5213979482650757,-0.08004861325025558,0.383182555437088,0.45342350006103516,-0.050385601818561554,0.44738125801086426,0.4518718719482422,-0.10834275186061859,0.4338780343532562,0.4547605514526367,-0.10082489252090454,0.36078348755836487,0.5633251667022705,-0.1289139688014984,0.44341981410980225,0.37812674045562744,-0.09981459379196167,0.21754297614097595,0.46471524238586426,-0.05784310773015022,0.19975470006465912,0.49380436539649963,-0.07288166880607605,0.12113583087921143,0.5512775778770447,-0.01409745030105114,0.30012428760528564,0.4063289761543274,-0.006478139199316502,0.29155024886131287,0.4467008113861084,-0.009725423529744148,0.5113053917884827,0.567760169506073,-0.1229962706565857,0.43620565533638,0.7504062652587891,-0.07035896182060242,0.46798285841941833,0.4465525150299072,-0.09208615124225616,0.48433083295822144,0.43540188670158386,-0.08118212968111038,0.49229007959365845,0.5327823758125305,-0.11049000173807144,0.4983808398246765,0.5278052687644958,-0.10445723682641983,0.18066473305225372,0.4956575036048889,-0.06617982685565948,0.4542325735092163,0.4649823307991028,-0.10152953863143921,0.24966761469841003,0.4360361397266388,-0.03460557386279106,0.23390009999275208,0.4281899631023407,-0.03306867927312851,0.15694697201251984,0.43442869186401367,0.00910473708063364,0.14820845425128937,0.521355390548706,-0.04117898643016815,0.18993118405342102,0.4234021008014679,-0.007981344126164913,0.17884023487567902,0.5284985899925232,-0.07082068920135498,0.1554570496082306,0.5697115659713745,-0.03961433470249176,0.523107647895813,0.45634058117866516,-0.10503627359867096,0.5045889019966125,0.48149245977401733,-0.11456233263015747,0.49484777450561523,0.5008014440536499,-0.1140068769454956,0.4747490882873535,0.4474872946739197,-0.08430986106395721,0.4956241250038147,0.5302412509918213,-0.10646292567253113,0.5186634063720703,0.5322895050048828,-0.10703077167272568,0.5006182789802551,0.5255993008613586,-0.10336536169052124,0.47018706798553467,0.41913628578186035,-0.11064469069242477,0.5055244565010071,0.49562543630599976,-0.10456214845180511,0.5163915157318115,0.47871989011764526,-0.1038489043712616,0.5326750874519348,0.4597308933734894,-0.09722025692462921,0.6407675743103027,0.5075226426124573,-0.09624378383159637,0.6232523322105408,0.5123727321624756,-0.10496707260608673,0.6173447966575623,0.505710780620575,-0.10429565608501434,0.6086727976799011,0.4983116686344147,-0.09674647450447083,0.6000488996505737,0.49190840125083923,-0.08896482735872269,0.547507643699646,0.5168691277503967,-0.09811311960220337,0.546981930732727,0.522887647151947,-0.10350406914949417,0.5460187196731567,0.5304591655731201,-0.10945961624383926,0.5453620553016663,0.5371702313423157,-0.11195110529661179,0.48783719539642334,0.5164257884025574,-0.11605583131313324,0.3054812252521515,0.735785186290741,-0.022852743044495583,0.509111225605011,0.3979839086532593,-0.0810108482837677,0.5252893567085266,0.5223356485366821,-0.0996905043721199,0.5222260355949402,0.5272316336631775,-0.1036713644862175,0.4968540370464325,0.4334324300289154,-0.08601682633161545,0.4696902930736542,0.47124147415161133,-0.0843762755393982,0.491333544254303,0.4340651035308838,-0.08342453837394714,0.3803182542324066,0.4761022925376892,-0.0681312307715416,0.370712548494339,0.5062494277954102,-0.09455147385597229,0.4395535886287689,0.4674049913883209,-0.09601189196109772,0.1276712864637375,0.49416473507881165,-0.00869918242096901,0.1587887406349182,0.4732091724872589,-0.02980840764939785,0.19944746792316437,0.46118420362472534,-0.052269186824560165,0.5771902799606323,0.551426887512207,-0.11574162542819977,0.27563658356666565,0.3941550850868225,-0.004914150107651949,0.22637107968330383,0.38554298877716064,0.022531993687152863,0.19449302554130554,0.3875022232532501,0.043153148144483566,0.2762497067451477,0.5299103856086731,-0.07198452204465866,0.2601911425590515,0.5817944407463074,-0.08962160348892212,0.33151188492774963,0.45560210943222046,-0.009545445442199707,0.2260107547044754,0.5331631898880005,-0.07406320422887802,0.3806546926498413,0.434210866689682,-0.04178633168339729,0.44920814037323,0.4257049858570099,-0.11309769004583359,0.2703455686569214,0.6192499399185181,-0.09905343502759933,0.2783677577972412,0.5801736116409302,-0.10240133106708527,0.30252185463905334,0.561985969543457,-0.09882831573486328,0.32894742488861084,0.5253393054008484,-0.07636109739542007,0.343557745218277,0.4959675669670105,-0.05278141424059868,0.3517155945301056,0.4730652868747711,-0.03558679670095444,0.37521398067474365,0.3962487578392029,-0.024550609290599823,0.317451536655426,0.6328122615814209,-0.12144798785448074,0.2124655842781067,0.5450004935264587,-0.07705628126859665,0.49917298555374146,0.39065828919410706,-0.10798480361700058,0.4049140214920044,0.4535057246685028,-0.06523870676755905,0.20419231057167053,0.6900534629821777,-0.0007974259788170457,0.35601258277893066,0.4534571170806885,-0.021122179925441742,0.4384748637676239,0.478381872177124,-0.07871509343385696,0.24403837323188782,0.5350787043571472,-0.06604035943746567,0.43477556109428406,0.429473340511322,-0.10230104625225067,0.365304172039032,0.7499549388885498,-0.043235231190919876,0.3248106837272644,0.45355433225631714,-0.002827136078849435,0.4370352029800415,0.40081119537353516,-0.10476966947317123,0.5339016318321228,0.6704452037811279,-0.12860561907291412,0.5583021640777588,0.7016738653182983,-0.11443031579256058,0.3052937984466553,0.6921650767326355,-0.07842838019132614,0.48195475339889526,0.6967841386795044,-0.12499625235795975,0.17771020531654358,0.608758270740509,-0.038683563470840454,0.6684274077415466,0.5868566036224365,-0.13334523141384125,0.5029118061065674,0.403335303068161,-0.08516302704811096,0.4066891074180603,0.4770359694957733,-0.07696796208620071,0.22735381126403809,0.5820204019546509,-0.07163550704717636,0.28376418352127075,0.5066878795623779,-0.058702219277620316,0.29755157232284546,0.4926958978176117,-0.050294023007154465,0.514882504940033,0.5372337698936462,-0.10984368622303009,0.3638656437397003,0.6532519459724426,-0.12765909731388092,0.7230455875396729,0.5620270371437073,-0.12157013267278671,0.6529178023338318,0.6316640973091125,-0.12459757924079895,0.6127893924713135,0.6641935706138611,-0.1204797700047493,0.26876309514045715,0.3508604168891907,0.06331310421228409,0.7485303282737732,0.5252817273139954,-0.09190790355205536,0.3078194558620453,0.4797273576259613,-0.03590688109397888,0.31620606780052185,0.46665510535240173,-0.02104504220187664,0.3220503032207489,0.45798376202583313,-0.008894526399672031,0.19918085634708405,0.5554413199424744,-0.06931786984205246,0.30008670687675476,0.4594855010509491,-0.017191827297210693,0.2820926606655121,0.4704793393611908,-0.03082212805747986,0.2673180103302002,0.4843021631240845,-0.04433681443333626,0.25582534074783325,0.5008589029312134,-0.05559350922703743,0.25123801827430725,0.5134633183479309,-0.059721559286117554,0.15936145186424255,0.6493775844573975,-0.00345317623578012,0.2722689211368561,0.5163235068321228,-0.06210226193070412,0.524049699306488,0.4165186882019043,-0.0729120671749115,0.4884999990463257,0.49016547203063965,-0.10832786560058594,0.46540194749832153,0.44011929631233215,-0.09449779987335205,0.5086058378219604,0.44138094782829285,-0.09352056682109833,0.36042505502700806,0.38246798515319824,0.012371789664030075,0.584034264087677,0.6443537473678589,-0.12713943421840668,0.6262105703353882,0.6184758543968201,-0.1290236860513687,0.7054640054702759,0.5497358441352844,-0.12622064352035522,0.5027328133583069,0.7312966585159302,-0.09659220278263092,0.31605249643325806,0.4548930525779724,-0.008509588427841663,0.3986257016658783,0.4092036485671997,-0.05395578593015671,0.732566237449646,0.5121915340423584,-0.09703852981328964,0.6904322504997253,0.5971781015396118,-0.13083551824092865,0.3603076934814453,0.7092037796974182,-0.09296855330467224,0.5740987062454224,0.5068364143371582,-0.09625758975744247,0.5772339105606079,0.5141505002975464,-0.10326457023620605,0.5810461640357971,0.5225837230682373,-0.11002492159605026,0.585236132144928,0.5303000211715698,-0.11220153421163559,0.6091163158416748,0.5330548286437988,-0.11259973049163818,0.4964286983013153,0.5140266418457031,-0.10687541961669922,0.49097687005996704,0.5173376798629761,-0.1118084266781807,0.48542672395706177,0.5200396776199341,-0.11562398076057434,0.4949166178703308,0.5434192419052124,-0.12148521095514297,0.395114928483963,0.6114767789840698,-0.1391124576330185,0.3768750727176666,0.4140892028808594,-0.030773593112826347,0.326942503452301,0.4290122389793396,0.010863536968827248,0.3178901970386505,0.44200506806373596,0.0008311596466228366,0.5000962018966675,0.5112011432647705,-0.10421570390462875,0.45032697916030884,0.6524465680122375,-0.13403044641017914,0.3409687578678131,0.41202831268310547,0.0015719813527539372,0.6229372024536133,0.5532739758491516,-0.11731956899166107,0.4291125237941742,0.3699243664741516,-0.06176818162202835,0.3991415202617645,0.3902285695075989,-0.04759576544165611,0.4070448577404022,0.37532758712768555,-0.035187747329473495,0.4196639955043793,0.42959335446357727,-0.07526356726884842,0.7073207497596741,0.4992564022541046,-0.09640569239854813,0.6809145212173462,0.4903322458267212,-0.0866757333278656,0.6575329303741455,0.5212917327880859,-0.10669893771409988,0.545793890953064,0.5867370367050171,-0.12312591075897217,0.4426507353782654,0.5003822445869446,-0.09318385273218155,0.5864211916923523,0.5750862956047058,-0.12071260809898376,0.4083162844181061,0.5405300855636597,-0.12437090277671814,0.45048773288726807,0.5244080424308777,-0.11266417056322098,0.43116244673728943,0.5793160796165466,-0.13513022661209106,0.6808421611785889,0.534675657749176,-0.12285725772380829,0.4211062788963318,0.45283135771751404,-0.07766083627939224,0.5565651655197144,0.6158348321914673,-0.12933751940727234,0.601365327835083,0.5953336954116821,-0.12595529854297638,0.5040706992149353,0.5891405344009399,-0.1325286328792572,0.4071565866470337,0.6692109107971191,-0.1290363371372223,0.49440914392471313,0.6257383823394775,-0.13613811135292053,0.4185599684715271,0.7139840722084045,-0.11004042625427246,0.4673858880996704,0.555410623550415,-0.12620589137077332,0.4015219211578369,0.43134185671806335,-0.0595572404563427,0.4631582796573639,0.4215198755264282,-0.11533425003290176,0.45825254917144775,0.44731879234313965,-0.105173759162426,0.45715636014938354,0.3987671136856079,-0.11789830774068832,0.2991936504840851,0.43066340684890747,-0.002225672360509634,0.26379701495170593,0.44922012090682983,-0.02804170921444893,0.23862773180007935,0.47036027908325195,-0.05188189446926117,0.2222001552581787,0.4930173456668854,-0.06876920908689499,0.216943621635437,0.5144206285476685,-0.07506914436817169,0.24095919728279114,0.5486334562301636,-0.06979117542505264,0.25543081760406494,0.671479344367981,-0.06749129295349121,0.27588507533073425,0.5522347688674927,-0.08135876059532166,0.29654765129089355,0.5368832349777222,-0.07657765597105026,0.3164999485015869,0.5126826763153076,-0.06344388425350189,0.33155855536460876,0.4884434640407562,-0.04311147332191467,0.3401472866535187,0.4691998064517975,-0.02326144278049469,0.34554633498191833,0.45431074500083923,-0.01127300038933754,0.254023015499115,0.7155202627182007,-0.00678233290091157,0.4632348120212555,0.4559595286846161,-0.09749466180801392,0.4189028739929199,0.4038216471672058,-0.07704399526119232,0.47474244236946106,0.3979076147079468,-0.1171661838889122,0.48940807580947876,0.40219151973724365,-0.10453075170516968,0.4774310886859894,0.40628206729888916,-0.11007559299468994,0.4719907343387604,0.4593666195869446,-0.08775460720062256,0.49376654624938965,0.3966405987739563,-0.10764824599027634,0.4981151223182678,0.40824878215789795,-0.08787139505147934,0.3322407305240631,0.4462522566318512,0.0028845302294939756,0.34535032510757446,0.43890148401260376,0.002241225913167,0.35379210114479065,0.43399161100387573,-0.007813996635377407,0.2500632405281067,0.5218583941459656,-0.061546921730041504,0.23323087394237518,0.5256890058517456,-0.06857360899448395,0.44019556045532227,0.363469660282135,-0.039196960628032684,0.44274604320526123,0.35767415165901184,0.1872168481349945,0.5137351751327515,0.3892185091972351,-0.06439163535833359,0.4033062160015106,0.34956076741218567,0.3791031539440155,0.43181338906288147,0.38181841373443604,0.12080033123493195,0.44146597385406494,0.3764500021934509,0.13725179433822632,0.4482268691062927,0.3702262043952942,0.15615373849868774,0.4458417594432831,0.3605725169181824,0.1924687623977661,0.4219365417957306,0.3838529884815216,0.10648360848426819,0.41210830211639404,0.347351610660553,0.14954102039337158,0.4038562774658203,0.3548566699028015,0.13019654154777527,0.42090171575546265,0.3430432081222534,0.16844181716442108,0.42855507135391235,0.34366124868392944,0.18320517241954803,0.45635783672332764,0.36224162578582764,0.205593079328537,0.7144460678100586,0.46311667561531067,-0.008277852088212967,0.44041305780410767,0.35450780391693115,0.1998172551393509,0.47644442319869995,0.3740676939487457,0.3432805836200714,0.4469032287597656,0.35288137197494507,0.24648746848106384,0.5245708227157593,0.37316906452178955,0.06476125866174698,0.5566325783729553,0.40752992033958435,-0.06235971674323082,0.5648455619812012,0.41888609528541565,-0.06165466457605362,0.5750784873962402,0.3933921456336975,-0.02934873104095459,0.5899299383163452,0.38837218284606934,0.0031147224362939596,0.5770564079284668,0.40691572427749634,-0.03368639945983887,0.5879683494567871,0.400691956281662,-0.005559543147683144,0.6584562063217163,0.42516785860061646,0.03965388983488083,0.5039797425270081,0.36318644881248474,-0.0924810916185379,0.48719269037246704,0.3543369174003601,-0.08914361149072647,0.42248043417930603,0.3268195390701294,0.21820008754730225,0.45453399419784546,0.37792760133743286,0.05542590096592903,0.521247148513794,0.3656802475452423,-0.008224531076848507,0.5099642276763916,0.36647355556488037,0.0021717213094234467,0.5492026209831238,0.3617573082447052,0.14055432379245758,0.4633563160896301,0.3568606376647949,-0.06555643677711487,0.40418368577957153,0.3258216381072998,0.15049971640110016,0.4137156009674072,0.32260629534721375,0.1876322627067566,0.369925856590271,0.32848620414733887,0.336698442697525,0.38496649265289307,0.35745638608932495,0.06257915496826172,0.39950188994407654,0.36414003372192383,0.119390107691288,0.6418330669403076,0.41145196557044983,0.0646919384598732,0.6650815010070801,0.4633936882019043,0.3009814918041229,0.5244194269180298,0.38048291206359863,-0.01805792562663555,0.5216183662414551,0.3927404284477234,-0.044321492314338684,0.6162216067314148,0.39254069328308105,0.052564479410648346,0.6124071478843689,0.39857327938079834,0.03866637870669365,0.40387165546417236,0.3144230842590332,0.21085897088050842,0.5298010110855103,0.37514621019363403,-0.0030441870912909508,0.3943161964416504,0.33615902066230774,0.10811706632375717,0.3828684389591217,0.3262551724910736,0.1143605038523674,0.3043367266654968,0.313521146774292,0.21000029146671295,0.375329852104187,0.3194282650947571,0.2649100124835968,0.3201035261154175,0.31666961312294006,0.16216155886650085,0.41344109177589417,0.3213046193122864,0.2494436800479889,0.40620851516723633,0.33568868041038513,0.30798375606536865,0.5627024173736572,0.41264188289642334,-0.0633237212896347,0.5773593783378601,0.3997649550437927,-0.032079100608825684,0.5899248719215393,0.3936878442764282,-0.003424127586185932,0.5249991416931152,0.38711002469062805,-0.02348138950765133,0.6146824359893799,0.3955215811729431,0.04428861290216446,0.6308629512786865,0.4028157591819763,0.02014020085334778,0.610327959060669,0.4009270966053009,0.03567752242088318,0.5142452716827393,0.371124804019928,-0.0425996258854866,0.5849153995513916,0.40656518936157227,-0.007434347178786993,0.5747476816177368,0.41318225860595703,-0.03182048723101616,0.5641168355941772,0.4247036278247833,-0.05695044994354248,0.672960638999939,0.46368035674095154,-0.056587617844343185,0.6701834797859192,0.45595303177833557,-0.061507370322942734,0.6613713502883911,0.45269620418548584,-0.05974765121936798,0.6484388709068298,0.45094460248947144,-0.05214112997055054,0.6352988481521606,0.4506921172142029,-0.046847257763147354,0.6296107769012451,0.42210689187049866,-0.00034205353586003184,0.6368597745895386,0.4179787039756775,-0.005690758116543293,0.6457293033599854,0.4135737419128418,-0.007946300320327282,0.6526533961296082,0.4108920395374298,-0.002155865542590618,0.5915292501449585,0.39207857847213745,0.02374851703643799,0.5697519183158875,0.4381668269634247,0.39266330003738403,0.621300995349884,0.41227927803993225,0.021771064028143883,0.6266175508499146,0.4072808027267456,0.018443964421749115,0.5261025428771973,0.3991472125053406,-0.04960799589753151,0.5379155874252319,0.38846543431282043,-0.005255607888102531,0.5242018699645996,0.3960292935371399,-0.047547683119773865,0.47600257396698,0.37485426664352417,0.07318883389234543,0.504021406173706,0.36693209409713745,0.09680695086717606,0.5199680924415588,0.3731113076210022,0.010731604881584644,0.3364395499229431,0.31573742628097534,0.2769623100757599,0.34667718410491943,0.3139505684375763,0.21680516004562378,0.3925088346004486,0.3156905770301819,0.16786925494670868,0.6668869256973267,0.43496227264404297,0.012847932986915112,0.36968520283699036,0.3420288562774658,0.07044145464897156,0.29675352573394775,0.32925480604171753,0.11145579069852829,0.2751610279083252,0.32271862030029297,0.1447140872478485,0.4498313367366791,0.3652225732803345,0.17625461518764496,0.468497097492218,0.36438339948654175,0.22579655051231384,0.4148903489112854,0.38407593965530396,0.10413702577352524,0.4337221384048462,0.34324783086776733,0.21443037688732147,0.4348023235797882,0.3774922490119934,0.04250110685825348,0.5082219243049622,0.3599424660205841,-0.032311972230672836,0.5170801877975464,0.3603019118309021,0.25978797674179077,0.48185861110687256,0.37038180232048035,0.19434407353401184,0.4856383204460144,0.3770599961280823,0.1529318243265152,0.47173237800598145,0.3856435716152191,0.11602546274662018,0.4546106457710266,0.39054471254348755,0.09338416159152985,0.4411579966545105,0.39193224906921387,0.0739140659570694,0.3976430892944336,0.3737362027168274,0.011369368992745876,0.5618633031845093,0.3667394518852234,0.2369343787431717,0.43258076906204224,0.3385757803916931,0.23771317303180695,0.5101826190948486,0.37980908155441284,-0.08996545523405075,0.4744418263435364,0.37685316801071167,0.03699733316898346,0.4764063060283661,0.4048217535018921,0.42551761865615845,0.4294279217720032,0.39108747243881226,0.0644029974937439,0.5218631029129028,0.3803008198738098,0.028569266200065613,0.44037485122680664,0.3536207675933838,0.20832334458827972,0.49489519000053406,0.3616679906845093,-0.02047460898756981,0.6184830069541931,0.4503573179244995,0.3543049991130829,0.40946492552757263,0.38169893622398376,0.11602332442998886,0.47705549001693726,0.35764452815055847,-0.044822808355093,0.698610782623291,0.4440155625343323,0.14002388715744019,0.719451904296875,0.47133302688598633,0.16775403916835785,0.5711987018585205,0.396223247051239,0.31342536211013794,0.6817087531089783,0.43635475635528564,0.19099222123622894,0.4375462830066681,0.35555773973464966,0.3335689902305603,0.739530622959137,0.47395485639572144,-0.0049031805247068405,0.5122753381729126,0.39437878131866455,-0.07429774850606918,0.49777302145957947,0.3772435188293457,0.049433913081884384,0.44705986976623535,0.3538598120212555,0.27990394830703735,0.4415128827095032,0.3651721477508545,0.16055311262607574,0.4350738525390625,0.3710082769393921,0.14389541745185852,0.6343739032745361,0.3992155194282532,0.026796074584126472,0.6024572849273682,0.38127368688583374,0.21814529597759247,0.7597354650497437,0.5008077621459961,-0.04762373864650726,0.7479150891304016,0.4812566936016083,0.05768105387687683,0.7359896302223206,0.4767175018787384,0.10883810371160507,0.4263412058353424,0.3756479024887085,0.12967640161514282,0.41698092222213745,0.37874650955200195,0.12155076861381531,0.4118885397911072,0.38078993558883667,0.11899587512016296,0.4263956844806671,0.33590638637542725,0.27061381936073303,0.40975069999694824,0.37118762731552124,0.12791487574577332,0.41491448879241943,0.36412182450294495,0.13731448352336884,0.4219988286495209,0.35811930894851685,0.15126170217990875,0.42980602383613586,0.3541274070739746,0.16715386509895325,0.43551144003868103,0.3533663749694824,0.17893816530704498,0.4358864426612854,0.37445273995399475,0.41155311465263367,0.44320493936538696,0.360853910446167,0.17583218216896057,0.5697708129882812,0.3906577527523041,-0.0023725233040750027,0.5222007036209106,0.3751506209373474,-0.02419118583202362,0.5415677428245544,0.4016837775707245,-0.050075463950634,0.7154988050460815,0.45446091890335083,0.09033592790365219,0.7259685397148132,0.46549203991889954,0.04267523065209389,0.7441368699073792,0.48820266127586365,-0.056163061410188675,0.698050856590271,0.4695712924003601,0.23503118753433228,0.4091048538684845,0.37752896547317505,0.12140597403049469,0.4365696310997009,0.36963608860969543,0.0029452028684318066,0.7575467824935913,0.4875531792640686,0.004486846271902323,0.615708589553833,0.4108056128025055,0.28263822197914124,0.6361411809921265,0.43468916416168213,-0.022700199857354164,0.6470152139663696,0.43196338415145874,-0.026660939678549767,0.6586326360702515,0.43019869923591614,-0.029805205762386322,0.668818473815918,0.43075233697891235,-0.027549277991056442,0.6728250980377197,0.4472004473209381,-0.018300963565707207,0.5989726185798645,0.3983621299266815,0.020041627809405327,0.6015722155570984,0.39254724979400635,0.026990195736289024,0.6026922464370728,0.387536883354187,0.03268470987677574,0.6169613599777222,0.39885175228118896,0.05208104848861694,0.6000741720199585,0.3784032464027405,0.15331919491291046,0.4145750105381012,0.3759337365627289,0.02801925502717495,0.39697009325027466,0.3766181170940399,0.08601221442222595,0.40139132738113403,0.37594878673553467,0.11031606793403625,0.5958508253097534,0.4029056131839752,0.01765313558280468,0.6504085063934326,0.4062628746032715,0.1637989580631256,0.39613866806030273,0.3777063488960266,0.046281564980745316,0.6897413730621338,0.4574276804924011,-0.013652847148478031,0.4199942946434021,0.36845019459724426,-0.016888346523046494,0.47472187876701355,0.3693951368331909,-0.0004906553076580167,0.6914800405502319,0.47167375683784485,-0.05706673860549927,0.6688332557678223,0.4278663396835327,0.05658488720655441,0.5450369119644165,0.382689505815506,0.041359398514032364,0.6827046871185303,0.44358211755752563,0.02215603180229664,0.5628018379211426,0.3715965747833252,0.08578988164663315,0.5737512707710266,0.38439780473709106,0.05533308535814285,0.6032235026359558,0.3824693560600281,0.10552380234003067,0.71932053565979,0.4773695170879364,-0.057416725903749466,0.49094271659851074,0.3737749457359314,0.01680411584675312,0.6895499229431152,0.43557795882225037,0.0763799175620079,0.7012940645217896,0.45189058780670166,0.03315221890807152,0.6496480107307434,0.41147342324256897,0.0837765783071518,0.6350821256637573,0.3973402976989746,0.20325784385204315,0.6617913246154785,0.4134501814842224,0.11423888802528381,0.653030276298523,0.42566442489624023,0.24728436768054962,0.6085042953491211,0.3922419548034668,0.07228992879390717,0.4550396800041199,0.3736240863800049,0.02138218656182289,0.5142098069190979,0.3648122549057007,-0.04163551330566406,0.5250821113586426,0.3697178363800049,-0.020651422441005707,0.49712082743644714,0.35537752509117126,-0.05909315124154091,0.3932783007621765,0.3630775809288025,0.10170181840658188,0.3996475040912628,0.34787940979003906,0.12430723756551743,0.4092658758163452,0.3384357988834381,0.147478386759758,0.4188041687011719,0.33372464776039124,0.17347154021263123,0.4270091950893402,0.33554208278656006,0.1961260437965393,0.44279128313064575,0.3536202311515808,0.22227202355861664,0.5245683789253235,0.38420534133911133,0.3343447148799896,0.4633144736289978,0.367146372795105,0.18528473377227783,0.4636603891849518,0.37340638041496277,0.15593533217906952,0.4549063444137573,0.3807394504547119,0.1284421980381012,0.441356897354126,0.3862857222557068,0.10796943306922913,0.42971301078796387,0.3884808421134949,0.09118766337633133,0.42104145884513855,0.3888099193572998,0.08190512657165527,0.5205446481704712,0.4257524311542511,0.41898852586746216,0.5292521119117737,0.3776891231536865,-0.014399567618966103,0.45610493421554565,0.36428728699684143,-0.01835046336054802,0.5081129670143127,0.36187314987182617,-0.0700978934764862,0.5114783048629761,0.38012295961380005,-0.07739189267158508,0.5112735629081726,0.3708673119544983,-0.06204184889793396,0.5317906141281128,0.38679540157318115,-0.017899462953209877,0.5118182897567749,0.37891507148742676,-0.08540140092372894,0.5143243670463562,0.39184361696243286,-0.0693812146782875,0.408353716135025,0.38330939412117004,0.10192856937646866,0.4100479781627655,0.3866874575614929,0.07545912265777588,0.4147193431854248,0.3872315585613251,0.052389148622751236,0.43874236941337585,0.3536725640296936,0.18867889046669006,0.4344451427459717,0.3465474247932434,0.1979968398809433,0.28302183747291565,0.4944961965084076,-0.04007502645254135,0.29902565479278564,0.4773158133029938,-0.04007502645254135,0.26605698466300964,0.4885573983192444,-0.04007502645254135,0.26682665944099426,0.5113447308540344,-0.04007502645254135,0.29923680424690247,0.5002915859222412,-0.04007502645254135,0.4272606670856476,0.36153626441955566,0.15163931250572205,0.4371627867221832,0.35495471954345703,0.15163931250572205,0.4139622449874878,0.35368120670318604,0.15163931250572205,0.4170539081096649,0.36822015047073364,0.15163931250572205,0.4400303363800049,0.36921435594558716,0.15163931250572205,0,0,0,0,0,1,1,0,0,0,0,0,0.05783684924244881,0.05031684413552284,0.07085242867469788,0.05474994331598282,0.023594915866851807,0.042817920446395874,0.05233234167098999,0.04825828596949577,0.05587995424866676,0.09018592536449432,0.5481873750686646,0.16163748502731323,Neutral,-22.06028175354004,-58.275394439697266
44,1.4666666666666666,31.834245505144697,-14.374463156970835,1.038082889608944,0.5291000604629517,0.4467800259590149,-0.07911951839923859,0.4730074405670166,0.37892162799835205,-0.11215353012084961,0.49231863021850586,0.4146801233291626,-0.06975261121988297,0.398693323135376,0.3998931348323822,-0.08764028549194336,0.4522098898887634,0.3728977143764496,-0.11432262510061264,0.4265075922012329,0.3775333762168884,-0.10019764304161072,0.3567168116569519,0.399370014667511,-0.031163033097982407,0.2648094892501831,0.5632873177528381,-0.07759853452444077,0.31444764137268066,0.39879298210144043,-0.004532633814960718,0.28979235887527466,0.391151487827301,0.00018364326388109475,0.19206050038337708,0.38374942541122437,0.04745272919535637,0.5347046852111816,0.4478358328342438,-0.0785333439707756,0.5387353301048279,0.4488489627838135,-0.0740056112408638,0.5408709049224854,0.44959259033203125,-0.06643811613321304,0.6240074634552002,0.460636705160141,-0.055161673575639725,0.6364797353744507,0.4631710350513458,-0.05946166813373566,0.6486595869064331,0.46590280532836914,-0.0653342604637146,0.6589386463165283,0.467815637588501,-0.06363743543624878,0.6557642221450806,0.4598180651664734,-0.050198744982481,0.484886109828949,0.39110422134399414,-0.10459967702627182,0.47501683235168457,0.4189068078994751,-0.09217868000268936,0.14493979513645172,0.6624594330787659,-0.03637177124619484,0.31799501180648804,0.5038828253746033,-0.054905280470848083,0.3098900318145752,0.5238118171691895,-0.07102499902248383,0.29826074838638306,0.5443623065948486,-0.0815785676240921,0.2652510702610016,0.5739459991455078,-0.08552722632884979,0.32142627239227295,0.48761454224586487,-0.03544308990240097,0.23699632287025452,0.520943284034729,-0.07092553377151489,0.2529720067977905,0.49914443492889404,-0.048752836883068085,0.22784654796123505,0.543897271156311,-0.08293875306844711,0.22780251502990723,0.5615215301513672,-0.08666815608739853,0.2709001302719116,0.5916503667831421,-0.0902821496129036,0.6573210954666138,0.5463544130325317,-0.09501036256551743,0.2514464855194092,0.5717511177062988,-0.07693012058734894,0.23832771182060242,0.6827713847160339,-0.05764032527804375,0.2382817566394806,0.614507257938385,-0.08627570420503616,0.4092101454734802,0.5134925246238708,-0.09980253875255585,0.5080878138542175,0.4696527123451233,-0.09674450755119324,0.5242398977279663,0.46903491020202637,-0.09028954803943634,0.49745625257492065,0.4934593141078949,-0.1079678162932396,0.4951678514480591,0.5088053941726685,-0.10811667144298553,0.5133379697799683,0.48708057403564453,-0.0994260311126709,0.5074083209037781,0.5004563331604004,-0.09639088064432144,0.5677337646484375,0.5485150218009949,-0.09719299525022507,0.4657992720603943,0.3928515911102295,-0.12165849655866623,0.4448750615119934,0.38896244764328003,-0.12548059225082397,0.19314852356910706,0.5842853784561157,-0.10402856022119522,0.37328433990478516,0.47002220153808594,-0.06055610254406929,0.4412934184074402,0.4608742594718933,-0.11168546974658966,0.42799752950668335,0.4650680124759674,-0.10491619259119034,0.3791128098964691,0.5785738229751587,-0.13107414543628693,0.4211342930793762,0.39300376176834106,-0.11165021359920502,0.20292623341083527,0.5243507027626038,-0.08697560429573059,0.19180496037006378,0.5572118759155273,-0.10053651034832001,0.12137512862682343,0.6106768250465393,-0.04527692869305611,0.27657827734947205,0.4388623833656311,-0.03299954906105995,0.2733798027038574,0.48273348808288574,-0.028783200308680534,0.534636914730072,0.5569247603416443,-0.1072830781340599,0.4832483232021332,0.7506259679794312,-0.04514795541763306,0.4599751830101013,0.45311111211776733,-0.09282049536705017,0.4718981385231018,0.4413180351257324,-0.0802173912525177,0.5060848593711853,0.5252454876899719,-0.09534233063459396,0.5109137892723083,0.5194786190986633,-0.08985183387994766,0.16947287321090698,0.5663737058639526,-0.09525991231203079,0.4497319459915161,0.47193634510040283,-0.10239594429731369,0.22912608087062836,0.4853403866291046,-0.06310766190290451,0.20943552255630493,0.48436397314071655,-0.06489893049001694,0.1308136284351349,0.4868921935558319,-0.03254973888397217,0.14931423962116241,0.5742271542549133,-0.072271928191185,0.17078718543052673,0.4692281484603882,-0.046983424574136734,0.1728028804063797,0.5971747040748596,-0.09514378011226654,0.16590586304664612,0.6209275126457214,-0.06444553285837173,0.5172288417816162,0.4701193571090698,-0.0962001234292984,0.505928099155426,0.4907923638820648,-0.10498293489217758,0.501436710357666,0.5050825476646423,-0.10348181426525116,0.4657141864299774,0.4530746340751648,-0.08416174352169037,0.5088310837745667,0.5223878622055054,-0.09157320857048035,0.5326062440872192,0.5216696858406067,-0.09114477783441544,0.5124797821044922,0.5168725252151489,-0.0886378362774849,0.4573994576931,0.4282877445220947,-0.11544341593980789,0.5107572078704834,0.4967047870159149,-0.09149112552404404,0.5174809694290161,0.4836391806602478,-0.09062767028808594,0.5284870862960815,0.46758878231048584,-0.08362620323896408,0.6427403688430786,0.48645684123039246,-0.06871230155229568,0.635260283946991,0.4965512156486511,-0.08297524601221085,0.6266041994094849,0.49250879883766174,-0.0845148116350174,0.6157464981079102,0.4866490662097931,-0.07821546494960785,0.6057420372962952,0.48115214705467224,-0.07296909391880035,0.5584484338760376,0.5050688982009888,-0.08338560909032822,0.5593494772911072,0.5110121369361877,-0.08704280108213425,0.5601731538772583,0.5182138681411743,-0.09238097816705704,0.5614290237426758,0.523967444896698,-0.09404543042182922,0.49759501218795776,0.5135102272033691,-0.10833986103534698,0.34736180305480957,0.7572346925735474,-0.011574910022318363,0.48902732133865356,0.40358859300613403,-0.08142340928316116,0.5371654033660889,0.5112078785896301,-0.08518848568201065,0.5350805521011353,0.5163801908493042,-0.08825680613517761,0.4829493463039398,0.43777766823768616,-0.08316586911678314,0.46483707427978516,0.4754635691642761,-0.08160700649023056,0.47792142629623413,0.43927741050720215,-0.08179420977830887,0.3757670223712921,0.4924517273902893,-0.07603016495704651,0.37476271390914917,0.523036003112793,-0.10068394243717194,0.4356243908405304,0.4761018455028534,-0.09786101430654526,0.11541573703289032,0.552036702632904,-0.04618678614497185,0.1498345583677292,0.5242932438850403,-0.06544765084981918,0.1809747815132141,0.5282552242279053,-0.08394107222557068,0.5931949615478516,0.5339627265930176,-0.09442078322172165,0.2445545643568039,0.4372979700565338,-0.03687106817960739,0.1976715624332428,0.4254552125930786,-0.017571043223142624,0.1568658947944641,0.4331837594509125,0.0004541166708804667,0.28229621052742004,0.5633259415626526,-0.08615626394748688,0.2734787166118622,0.6165122389793396,-0.09974009543657303,0.3215331435203552,0.47695207595825195,-0.024232612922787666,0.22502167522907257,0.5856293439865112,-0.09265975654125214,0.36640986800193787,0.45182573795318604,-0.054082080721855164,0.43838149309158325,0.43692249059677124,-0.11925118416547775,0.2967436611652374,0.6467022895812988,-0.10558776557445526,0.30047696828842163,0.6021493077278137,-0.11126867681741714,0.3267900049686432,0.5740163922309875,-0.10752762109041214,0.3458820581436157,0.5328807830810547,-0.08574678748846054,0.3522626757621765,0.5031207203865051,-0.06325872242450714,0.3543153703212738,0.48076167702674866,-0.04743538051843643,0.3525017201900482,0.41640913486480713,-0.04279883950948715,0.34886056184768677,0.6514872908592224,-0.12190508842468262,0.21179144084453583,0.6016503572463989,-0.09627269953489304,0.4797809422016144,0.3986165523529053,-0.11245819181203842,0.39628908038139343,0.4674037992954254,-0.0721813291311264,0.23393265902996063,0.7312756776809692,-0.004711763933300972,0.3530523478984833,0.46251219511032104,-0.034769926220178604,0.4357603192329407,0.48667243123054504,-0.07858332991600037,0.2455756664276123,0.5805322527885437,-0.08159520477056503,0.4237300157546997,0.44205155968666077,-0.10952413082122803,0.4116877615451813,0.7609649896621704,-0.025076240301132202,0.31249070167541504,0.47847992181777954,-0.018299264833331108,0.4198727011680603,0.41511356830596924,-0.11479008197784424,0.5702388286590576,0.6575425267219543,-0.09991039335727692,0.5972801446914673,0.687332034111023,-0.08125761151313782,0.3458263576030731,0.7101463675498962,-0.07240509241819382,0.5234784483909607,0.6890892386436462,-0.09899075329303741,0.1964021474123001,0.6537332534790039,-0.055779002606868744,0.6850219964981079,0.5611634254455566,-0.09668242186307907,0.4843127131462097,0.40991419553756714,-0.08560521900653839,0.40337300300598145,0.4897247850894928,-0.0810689702630043,0.22865191102027893,0.6352370381355286,-0.08385365456342697,0.28675147891044617,0.5399681329727173,-0.07414446771144867,0.2976146638393402,0.5217828154563904,-0.06583749502897263,0.5301644802093506,0.5265233516693115,-0.0934613049030304,0.40006569027900696,0.6633594632148743,-0.12012612074613571,0.7317965030670166,0.533321738243103,-0.07873892784118652,0.6785436868667603,0.6096320152282715,-0.08670525997877121,0.6451153755187988,0.6455579996109009,-0.08512460440397263,0.23015566170215607,0.38428783416748047,0.023747777566313744,0.7476450800895691,0.49414169788360596,-0.04785861074924469,0.304026335477829,0.5059019327163696,-0.05150941014289856,0.3082382380962372,0.4916338324546814,-0.03661240264773369,0.3113429844379425,0.4826650023460388,-0.02432064712047577,0.19466108083724976,0.6180760860443115,-0.0880303904414177,0.28740596771240234,0.4923073947429657,-0.03478535637259483,0.27102571725845337,0.5075257420539856,-0.0492684543132782,0.25985807180404663,0.5238415002822876,-0.06296449154615402,0.252549946308136,0.5422884225845337,-0.07363380491733551,0.25081682205200195,0.555810809135437,-0.07706238329410553,0.1801028698682785,0.7004032731056213,-0.017481518909335136,0.2757279574871063,0.5532702803611755,-0.07736962288618088,0.5072159171104431,0.41684645414352417,-0.06802103668451309,0.4906614124774933,0.48973581194877625,-0.10186674445867538,0.456744909286499,0.4476022720336914,-0.09714324027299881,0.498423308134079,0.4422493278980255,-0.08825743943452835,0.3335825502872467,0.404402494430542,-0.009494905360043049,0.6146118640899658,0.6268481612205505,-0.09527868032455444,0.6506179571151733,0.5967705249786377,-0.09453711658716202,0.7128547430038452,0.5204769372940063,-0.08793425559997559,0.5464643239974976,0.7225862145423889,-0.06657234579324722,0.3036283254623413,0.48280614614486694,-0.02512645162642002,0.3807593584060669,0.4262009263038635,-0.06736721098423004,0.7299262881278992,0.48064950108528137,-0.057628851383924484,0.7079859972000122,0.5717877745628357,-0.09054572880268097,0.404768168926239,0.7176087498664856,-0.0791960284113884,0.5830403566360474,0.49525827169418335,-0.08088749647140503,0.588001012802124,0.5019183158874512,-0.08596380800008774,0.5939096212387085,0.5094350576400757,-0.09194613248109818,0.6008737087249756,0.5152574777603149,-0.09265267103910446,0.6193270683288574,0.5135794878005981,-0.08838306367397308,0.5061535835266113,0.511368453502655,-0.09437241405248642,0.5016449689865112,0.5158882737159729,-0.09967987984418869,0.4963306486606598,0.519649088382721,-0.10379529744386673,0.5124836564064026,0.5365743637084961,-0.11111532151699066,0.42405903339385986,0.6182680130004883,-0.13209527730941772,0.3581041693687439,0.43326306343078613,-0.046041589230298996,0.30819079279899597,0.45431482791900635,-0.007490938063710928,0.301303505897522,0.4703845679759979,-0.016962965950369835,0.5086897611618042,0.5075255632400513,-0.09071164578199387,0.48638999462127686,0.6498860120773315,-0.11614784598350525,0.32273924350738525,0.43060779571533203,-0.018754728138446808,0.6357983946800232,0.5319080352783203,-0.08883337676525116,0.4031936526298523,0.3854554295539856,-0.07594604790210724,0.37688201665878296,0.40826690196990967,-0.06394688785076141,0.3809223473072052,0.3924935460090637,-0.05196347087621689,0.40733602643013,0.443342924118042,-0.08395256847143173,0.7033443450927734,0.47095537185668945,-0.061320483684539795,0.6758866310119629,0.46576541662216187,-0.05490221455693245,0.6614665985107422,0.4976946711540222,-0.07558111101388931,0.5692253112792969,0.5727918148040771,-0.1015387549996376,0.44530943036079407,0.507128119468689,-0.09063395857810974,0.6056773662567139,0.5568228363990784,-0.09522681683301926,0.42226946353912354,0.5495184659957886,-0.12150125950574875,0.4606218636035919,0.5278578996658325,-0.10746056586503983,0.4539192318916321,0.5822862982749939,-0.12643848359584808,0.6866048574447632,0.5080764293670654,-0.08868717402219772,0.41336753964424133,0.46497273445129395,-0.08313126116991043,0.5841186046600342,0.6013410091400146,-0.10318611562252045,0.6232178211212158,0.5760183334350586,-0.09588415175676346,0.5295668840408325,0.5800801515579224,-0.11514659225940704,0.4462587535381317,0.6722095012664795,-0.11430534720420837,0.5256208181381226,0.6179071664810181,-0.11669541895389557,0.46375173330307007,0.7138500809669495,-0.08888711035251617,0.4858311712741852,0.5531436204910278,-0.11682736128568649,0.3882276117801666,0.4468402862548828,-0.06967511028051376,0.45140811800956726,0.43145114183425903,-0.1211106926202774,0.45147040486335754,0.45520323514938354,-0.10755131393671036,0.4405624270439148,0.4115542769432068,-0.12604966759681702,0.2783595621585846,0.4649856686592102,-0.02375430054962635,0.24474695324897766,0.4934670627117157,-0.0518389455974102,0.22444850206375122,0.5217130184173584,-0.0762934535741806,0.21412114799022675,0.5485054850578308,-0.09223958849906921,0.21354566514492035,0.5705031752586365,-0.09716139733791351,0.24364890158176422,0.5948438048362732,-0.08491772413253784,0.2902786433696747,0.6990278959274292,-0.06884997338056564,0.28876933455467224,0.5804769992828369,-0.09318745881319046,0.30996939539909363,0.5575847625732422,-0.08845452219247818,0.32539957761764526,0.5292381644248962,-0.07538226246833801,0.3338037431240082,0.5032705664634705,-0.055379610508680344,0.337180495262146,0.4836558401584625,-0.03643584996461868,0.33837100863456726,0.46917587518692017,-0.025009913370013237,0.2899152934551239,0.7472766637802124,-0.0028040483593940735,0.45703640580177307,0.4624462425708771,-0.09831204265356064,0.4009075462818146,0.4195294678211212,-0.0885421559214592,0.45789775252342224,0.4088906943798065,-0.1237129420042038,0.47169017791748047,0.41097384691238403,-0.10866385698318481,0.46156245470046997,0.4160624146461487,-0.1153753250837326,0.4650556445121765,0.46423226594924927,-0.0867898017168045,0.47540372610092163,0.40516361594200134,-0.11189359426498413,0.48039576411247253,0.4153161942958832,-0.08883786201477051,0.31853365898132324,0.46937376260757446,-0.012427356094121933,0.3327222466468811,0.4563034176826477,-0.013481788337230682,0.34384870529174805,0.4468143582344055,-0.02391296625137329,0.25099197030067444,0.564690351486206,-0.07804972678422928,0.23259097337722778,0.5751473307609558,-0.0859605222940445,0.41224366426467896,0.3767951726913452,-0.05202659219503403,0.40083378553390503,0.3730635643005371,0.17763446271419525,0.4910988211631775,0.3932065963745117,-0.06527769565582275,0.3425620496273041,0.3615533709526062,0.3670719563961029,0.3984368145465851,0.39405226707458496,0.11014252156019211,0.4055141508579254,0.3893008530139923,0.12724237143993378,0.4097142815589905,0.38386595249176025,0.14686410129070282,0.4020766615867615,0.37857604026794434,0.1843370795249939,0.3912475109100342,0.3954910635948181,0.09499775618314743,0.37208235263824463,0.36382561922073364,0.13335731625556946,0.3675326704978943,0.37071681022644043,0.11284487694501877,0.3779287338256836,0.3602263331413269,0.15364034473896027,0.38421446084976196,0.36143583059310913,0.16992759704589844,0.4102784991264343,0.3814634680747986,0.20017945766448975,0.6984045505523682,0.4338063895702362,0.025506652891635895,0.3968922197818756,0.371264785528183,0.1901237815618515,0.42496585845947266,0.3726755678653717,0.34398943185806274,0.3964207172393799,0.37521934509277344,0.24076858162879944,0.4894255995750427,0.3716186285018921,0.06706126779317856,0.5360975861549377,0.4234362840652466,-0.05423982813954353,0.5472742319107056,0.4302460551261902,-0.05102960392832756,0.5500200390815735,0.40568777918815613,-0.019774142652750015,0.563372015953064,0.39535513520240784,0.013371825218200684,0.5560738444328308,0.4158537983894348,-0.0228586308658123,0.565436601638794,0.405769407749176,0.005783224944025278,0.6367616653442383,0.40351665019989014,0.05839698761701584,0.47901254892349243,0.3709094226360321,-0.09865742921829224,0.45991280674934387,0.36371010541915894,-0.09815050661563873,0.3715413212776184,0.3462839126586914,0.2012602537870407,0.4225503206253052,0.3861439824104309,0.04808289185166359,0.4903331398963928,0.3685821294784546,-0.009204269386827946,0.47855961322784424,0.370282918214798,0.0005931277992203832,0.5068949460983276,0.3560381531715393,0.145008847117424,0.435152530670166,0.3686230778694153,-0.07673127949237823,0.35671231150627136,0.3417527973651886,0.12582874298095703,0.36390724778175354,0.34063130617141724,0.1657419055700302,0.3098064064979553,0.34306642413139343,0.31517696380615234,0.34923845529556274,0.36830925941467285,0.03727376461029053,0.3667176365852356,0.3790874481201172,0.10295241326093674,0.6173104047775269,0.3924292325973511,0.08118277788162231,0.6263126134872437,0.4464266300201416,0.3371522128582001,0.49678826332092285,0.3835600018501282,-0.017376365140080452,0.4960293769836426,0.3952063024044037,-0.04274928197264671,0.5920166373252869,0.38615280389785767,0.06734416633844376,0.590151309967041,0.3926082253456116,0.05253380909562111,0.3529820442199707,0.33438095450401306,0.18760521709918976,0.4984719157218933,0.37687116861343384,-0.0016922767972573638,0.3506605625152588,0.34958237409591675,0.08231750130653381,0.33880919218063354,0.3411438465118408,0.08536235988140106,0.24833302199840546,0.3370107412338257,0.17345388233661652,0.32203567028045654,0.33250758051872253,0.24050743877887726,0.2738264799118042,0.3392542004585266,0.12672311067581177,0.36080077290534973,0.3431997299194336,0.2323240339756012,0.3512575328350067,0.3446248769760132,0.2912268042564392,0.5433651804924011,0.4266926944255829,-0.0540926568210125,0.5540914535522461,0.410705029964447,-0.021948739886283875,0.5650293231010437,0.4000735580921173,0.007192096672952175,0.4977264404296875,0.3898894786834717,-0.022053660824894905,0.5914085507392883,0.3894209861755371,0.058451201766729355,0.6100509762763977,0.39392346143722534,0.035273268818855286,0.5890514850616455,0.39514076709747314,0.0496087484061718,0.48821812868118286,0.3758260905742645,-0.04581248015165329,0.5647437572479248,0.410444974899292,0.005379929672926664,0.5562834739685059,0.42026805877685547,-0.018547246232628822,0.5488570332527161,0.4335741698741913,-0.04333527386188507,0.6617571115493774,0.4406334459781647,-0.029532162472605705,0.6675007343292236,0.4393913745880127,-0.04008978232741356,0.6568845510482788,0.43921053409576416,-0.04036750644445419,0.6431217789649963,0.43958398699760437,-0.033931050449609756,0.6298900246620178,0.44055119156837463,-0.031072231009602547,0.6150046586990356,0.4126041531562805,0.013978933915495872,0.6212735176086426,0.407904714345932,0.010102830827236176,0.6291035413742065,0.4023491144180298,0.008624061942100525,0.6358011960983276,0.39802810549736023,0.01509696152061224,0.5637542009353638,0.38177698850631714,0.03247293457388878,0.5224008560180664,0.43201929330825806,0.4150441288948059,0.6032028198242188,0.40417852997779846,0.035619184374809265,0.6069549918174744,0.39898937940597534,0.03316153213381767,0.5016363859176636,0.40079718828201294,-0.046042438596487045,0.5075458288192749,0.3891007900238037,-0.000890580820851028,0.49899226427078247,0.3980119824409485,-0.04529879614710808,0.4414985775947571,0.38002341985702515,0.06908275932073593,0.4665869176387787,0.36727771162986755,0.09576404839754105,0.48821523785591125,0.37521758675575256,0.011483488604426384,0.2784232199192047,0.3340306878089905,0.24725574254989624,0.29662683606147766,0.331488698720932,0.1864553987979889,0.34496748447418213,0.33327460289001465,0.14072032272815704,0.6474707126617432,0.4119422435760498,0.033729806542396545,0.3321346044540405,0.3546806275844574,0.0400884672999382,0.253375768661499,0.3566970229148865,0.07327836006879807,0.2214071899652481,0.3524850010871887,0.1042257621884346,0.4082084894180298,0.3807811737060547,0.16780775785446167,0.4178958833217621,0.38575559854507446,0.2236579805612564,0.38560551404953003,0.39552485942840576,0.09203966706991196,0.3860725164413452,0.3634248375892639,0.2027207911014557,0.40428298711776733,0.38820868730545044,0.032512981444597244,0.4791533946990967,0.36480021476745605,-0.03654184937477112,0.4679349660873413,0.3559096157550812,0.262195348739624,0.4346209466457367,0.3871408700942993,0.1929861605167389,0.444028377532959,0.3892406225204468,0.15048761665821075,0.43651214241981506,0.39520514011383057,0.11177803575992584,0.42343005537986755,0.3999698758125305,0.0869654044508934,0.41303324699401855,0.40086573362350464,0.06500624120235443,0.36881864070892334,0.3904162347316742,-0.005921533796936274,0.513632595539093,0.3591330647468567,0.2456580102443695,0.38161543011665344,0.360045462846756,0.2261849194765091,0.48806801438331604,0.3854309320449829,-0.09405717998743057,0.44322633743286133,0.38378867506980896,0.032769862562417984,0.4228726923465729,0.4077898859977722,0.4328286945819855,0.4029216468334198,0.3999595046043396,0.053088802844285965,0.489658921957016,0.38219642639160156,0.031413037329912186,0.3946559727191925,0.37274158000946045,0.19912569224834442,0.464802086353302,0.36790937185287476,-0.02544507198035717,0.5743933916091919,0.4393466114997864,0.3834241032600403,0.3806305229663849,0.39352715015411377,0.10311375558376312,0.4478779137134552,0.3662598431110382,-0.05342632159590721,0.6715338230133057,0.4150066673755646,0.1743815690279007,0.6931999921798706,0.4444006085395813,0.20792193710803986,0.5230711698532104,0.3858907222747803,0.32944607734680176,0.6484717726707458,0.41097545623779297,0.22433260083198547,0.38366955518722534,0.3599313497543335,0.3256964087486267,0.7242723703384399,0.44084203243255615,0.03414654731750488,0.4912343919277191,0.3992406129837036,-0.07448355108499527,0.4646059274673462,0.3803703188896179,0.048648182302713394,0.3931593894958496,0.3797401785850525,0.27635133266448975,0.4028530418872833,0.37842804193496704,0.15025635063648224,0.39891982078552246,0.3835492730140686,0.13283765316009521,0.612758994102478,0.3894205689430237,0.042431723326444626,0.5568545460700989,0.3693144917488098,0.2342873364686966,0.7511746287345886,0.4675367474555969,-0.0034461093600839376,0.7302968502044678,0.449023962020874,0.09967736899852753,0.7152795791625977,0.4459575414657593,0.14951348304748535,0.3926267623901367,0.3878554403781891,0.11803283542394638,0.3857009708881378,0.39054203033447266,0.10933854430913925,0.3822982609272003,0.39260241389274597,0.10630667209625244,0.3720839023590088,0.36051082611083984,0.2601202726364136,0.3791639804840088,0.38361603021621704,0.11323326826095581,0.38126957416534424,0.3771674633026123,0.12245681136846542,0.3847655951976776,0.371444433927536,0.13681815564632416,0.38967734575271606,0.36760520935058594,0.15385420620441437,0.3938708007335663,0.36778533458709717,0.16699035465717316,0.37749913334846497,0.3826994299888611,0.40918365120887756,0.4027552008628845,0.37492918968200684,0.16612127423286438,0.5417511463165283,0.3848870098590851,0.004950326401740313,0.49455124139785767,0.3787229657173157,-0.025166168808937073,0.5198795795440674,0.39985281229019165,-0.04446806013584137,0.6932449340820312,0.42257028818130493,0.12643872201442719,0.7075715065002441,0.43320634961128235,0.08051270991563797,0.7342473268508911,0.4550028145313263,-0.01664201356470585,0.6658979654312134,0.447042852640152,0.2742728888988495,0.37984225153923035,0.3893454968929291,0.1075453907251358,0.40745148062705994,0.38146597146987915,-0.008989713154733181,0.7434036731719971,0.45436331629753113,0.04778014495968819,0.5705623626708984,0.39592790603637695,0.3060940206050873,0.625853419303894,0.424686461687088,-0.007553956937044859,0.6362267732620239,0.42075955867767334,-0.009787519462406635,0.6477110981941223,0.4173131287097931,-0.012056251056492329,0.6586081981658936,0.4150378108024597,-0.0086494917050004,0.6569430828094482,0.42374372482299805,0.004899653606116772,0.5765446424484253,0.39822623133659363,0.03195122629404068,0.577141523361206,0.3929820954799652,0.03880557417869568,0.5764749646186829,0.38823559880256653,0.04430638626217842,0.5903869271278381,0.38405561447143555,0.06336991488933563,0.558517575263977,0.3668330907821655,0.16646209359169006,0.3849959373474121,0.38981038331985474,0.014314993284642696,0.36801886558532715,0.3893428444862366,0.0691954717040062,0.3717847466468811,0.3890817165374756,0.0947689339518547,0.5752971172332764,0.40249529480934143,0.030558360740542412,0.6144970655441284,0.38595396280288696,0.18763725459575653,0.3687984049320221,0.3882346749305725,0.026653630658984184,0.6743378639221191,0.43146398663520813,0.015205231495201588,0.3916395306587219,0.38326162099838257,-0.032563306391239166,0.44521427154541016,0.37685561180114746,-0.006870738696306944,0.6806049346923828,0.4460182189941406,-0.025503208860754967,0.6459454298019409,0.40351417660713196,0.07906508445739746,0.5120722055435181,0.3800058960914612,0.04631998389959335,0.6635345816612244,0.4176872968673706,0.0482102632522583,0.5257948637008667,0.36443668603897095,0.09264415502548218,0.5414557456970215,0.37583693861961365,0.06279797852039337,0.5668243765830994,0.36975163221359253,0.11798480153083801,0.7084448337554932,0.4475997984409332,-0.022253599017858505,0.4601401388645172,0.3795155882835388,0.014000823721289635,0.6661026477813721,0.40757134556770325,0.10529520362615585,0.6823977828025818,0.42309489846229553,0.06544363498687744,0.6224316954612732,0.3904978632926941,0.10294970870018005,0.5932713747024536,0.38039731979370117,0.22560453414916992,0.631623387336731,0.3906446099281311,0.13727490603923798,0.6129065752029419,0.40540093183517456,0.27723971009254456,0.5775754451751709,0.37816113233566284,0.08352036029100418,0.42505332827568054,0.38297510147094727,0.013524346053600311,0.48687803745269775,0.3695860505104065,-0.04573143646121025,0.49562400579452515,0.37263280153274536,-0.021153299137949944,0.4688994884490967,0.3625917434692383,-0.06606658548116684,0.359549343585968,0.3767035901546478,0.0819038599729538,0.3607335388660431,0.36343297362327576,0.1033545657992363,0.3661791682243347,0.35515984892845154,0.12744760513305664,0.37277114391326904,0.35126304626464844,0.15563055872917175,0.3793191611766815,0.35426604747772217,0.18053843080997467,0.3956035077571869,0.3745080530643463,0.21448954939842224,0.4745759963989258,0.3780319094657898,0.342715322971344,0.4196620285511017,0.3833669424057007,0.18012849986553192,0.42397162318229675,0.38681334257125854,0.14982172846794128,0.4194478988647461,0.39250659942626953,0.12119493633508682,0.40944039821624756,0.39764389395713806,0.09955800324678421,0.400508314371109,0.399269163608551,0.08106373995542526,0.3933912515640259,0.39943140745162964,0.0706438198685646,0.47103458642959595,0.4240947663784027,0.43406206369400024,0.49966806173324585,0.37980449199676514,-0.01338820718228817,0.42708197236061096,0.3747059106826782,-0.028158405795693398,0.4820573329925537,0.36797475814819336,-0.07563985884189606,0.4883795976638794,0.38447147607803345,-0.08090920746326447,0.48616594076156616,0.375792920589447,-0.06628383696079254,0.5026781558990479,0.3885217308998108,-0.01545158214867115,0.4890761971473694,0.3837352395057678,-0.08918271213769913,0.49233514070510864,0.39601802825927734,-0.06986993551254272,0.3795807659626007,0.3949534595012665,0.08882614970207214,0.382851243019104,0.39785534143447876,0.0615990087389946,0.38864731788635254,0.3968108296394348,0.0378744974732399,0.3959912657737732,0.36919617652893066,0.17785044014453888,0.38904857635498047,0.3653120696544647,0.18671764433383942,0.27198678255081177,0.5398977398872375,-0.05646954104304314,0.28348344564437866,0.5188256502151489,-0.05646954104304314,0.25396105647087097,0.5358774662017822,-0.05646954104304314,0.2605692148208618,0.5607010126113892,-0.05646954104304314,0.2898198068141937,0.543769121170044,-0.05646954104304314,0.385879784822464,0.3784942328929901,0.13953211903572083,0.39183276891708374,0.3719133138656616,0.13953211903572083,0.3712124824523926,0.37347865104675293,0.13953211903572083,0.3793291449546814,0.3852829337120056,0.13953211903572083,0.40004900097846985,0.38360100984573364,0.13953211903572083,0,0,0,0,0,1,1,0,0,0,0,0,0.18451109528541565,0.10642828047275543,0.09864835441112518,0.09813053905963898,0.028843004256486893,0.07236487418413162,0.14634278416633606,0.08087579905986786,0.08400125801563263,0.129237562417984,1.0980623960494995,0.3432181775569916,Sadness,-17.70167350769043,-26.281574249267578
46,1.5333333333333334,33.120749657719394,-17.02874238483053,1.3342249653852516,0.5152114033699036,0.4679185748100281,-0.07068497687578201,0.4551924467086792,0.3853515684604645,-0.11073628067970276,0.47711819410324097,0.4190622568130493,-0.06362774223089218,0.37514248490333557,0.41078269481658936,-0.09318138659000397,0.432690292596817,0.38059115409851074,-0.11513721942901611,0.403790682554245,0.38648077845573425,-0.1035190150141716,0.3237527906894684,0.4116794466972351,-0.041620418429374695,0.25417381525039673,0.574384868144989,-0.08892130106687546,0.2715950608253479,0.41364336013793945,-0.020852018147706985,0.24338790774345398,0.407579243183136,-0.02010713331401348,0.13642223179340363,0.4065030515193939,0.017696760594844818,0.5232332348823547,0.4670848846435547,-0.06887950748205185,0.530307412147522,0.46539509296417236,-0.06281603127717972,0.5349671244621277,0.4632757604122162,-0.05229443311691284,0.6177523136138916,0.4623294174671173,-0.04675499349832535,0.6308819055557251,0.4637385606765747,-0.048239484429359436,0.6446218490600586,0.4642571806907654,-0.05261661484837532,0.657321572303772,0.4625288248062134,-0.04899683594703674,0.6442418098449707,0.4512849748134613,-0.030787063762545586,0.46739572286605835,0.3965539336204529,-0.10184477269649506,0.46018514037132263,0.42484503984451294,-0.08820774406194687,0.1297655999660492,0.6934036016464233,-0.05821971595287323,0.2987726926803589,0.5113698840141296,-0.06527304649353027,0.2934092879295349,0.5330953001976013,-0.08098345994949341,0.285122275352478,0.5553925633430481,-0.09137685596942902,0.2576432228088379,0.5854976177215576,-0.09568154066801071,0.2996547520160675,0.49360302090644836,-0.04556567594408989,0.21758803725242615,0.5382142663002014,-0.08641520887613297,0.2299281358718872,0.513841450214386,-0.06448929756879807,0.21239744126796722,0.5623217225074768,-0.09771155565977097,0.2159932404756546,0.5788772702217102,-0.10065994411706924,0.26765328645706177,0.6056663393974304,-0.09872908145189285,0.6557856798171997,0.5376065373420715,-0.07134100794792175,0.24321989715099335,0.5834498405456543,-0.08849477767944336,0.23343029618263245,0.704566478729248,-0.06569225341081619,0.2377082109451294,0.6307404637336731,-0.096076600253582,0.4040375351905823,0.5222346186637878,-0.09793277829885483,0.5015537738800049,0.487636536359787,-0.08828103542327881,0.5221547484397888,0.4815351963043213,-0.07932262867689133,0.49921831488609314,0.5034610629081726,-0.09954815357923508,0.5039559006690979,0.5116333365440369,-0.10110814869403839,0.5175913572311401,0.4937500059604645,-0.0896417498588562,0.5174451470375061,0.5012239813804626,-0.088124580681324,0.5782422423362732,0.5417623519897461,-0.08738529682159424,0.4499261975288391,0.4000359773635864,-0.12039501219987869,0.4277781844139099,0.3974756896495819,-0.12635910511016846,0.18114331364631653,0.6098834872245789,-0.11995989829301834,0.3534614145755768,0.48276761174201965,-0.06584988534450531,0.4326547086238861,0.46802207827568054,-0.10962490737438202,0.4182898998260498,0.47305017709732056,-0.10391979664564133,0.3826107680797577,0.5890413522720337,-0.12938374280929565,0.40085911750793457,0.40287449955940247,-0.11487971246242523,0.17861303687095642,0.5538188815116882,-0.10538803040981293,0.17380645871162415,0.5857080817222595,-0.117868572473526,0.0984317809343338,0.6444394588470459,-0.07201998680830002,0.2373509407043457,0.45974022150039673,-0.04985387250781059,0.24816900491714478,0.4939590096473694,-0.04381578043103218,0.5491583347320557,0.5516061186790466,-0.09835208207368851,0.4924274682998657,0.7464773058891296,-0.028411105275154114,0.450214147567749,0.4583694338798523,-0.08984580636024475,0.46067512035369873,0.4460662007331848,-0.0751287192106247,0.5237524509429932,0.5139641165733337,-0.08827951550483704,0.5270930528640747,0.5084063410758972,-0.08360486477613449,0.15258465707302094,0.5971642136573792,-0.11444860696792603,0.44292372465133667,0.4775516092777252,-0.0989149734377861,0.19650502502918243,0.5132535099983215,-0.08169092983007431,0.17632481455802917,0.5158916115760803,-0.08579016476869583,0.09036970138549805,0.5187439322471619,-0.0636218786239624,0.1246967613697052,0.6064538359642029,-0.09478956460952759,0.13295869529247284,0.4984705150127411,-0.07411109656095505,0.16268573701381683,0.624183177947998,-0.11201586574316025,0.1481640636920929,0.650599479675293,-0.0835476815700531,0.5127517580986023,0.4853988587856293,-0.08684610575437546,0.5089319348335266,0.4993114769458771,-0.09610993415117264,0.510576605796814,0.5070851445198059,-0.09591986984014511,0.4560490846633911,0.4576754570007324,-0.0798376277089119,0.5258708000183105,0.5111932158470154,-0.0849422812461853,0.5467576384544373,0.5096524953842163,-0.08463720977306366,0.5277848839759827,0.5059670805931091,-0.08239379525184631,0.44388866424560547,0.43519070744514465,-0.11385270208120346,0.5208965539932251,0.4961886405944824,-0.0815918892621994,0.5225067138671875,0.4886101484298706,-0.07864092290401459,0.5279667377471924,0.47751063108444214,-0.0700712725520134,0.6366479396820068,0.4775111675262451,-0.04984376206994057,0.6382583379745483,0.48760756850242615,-0.06908009201288223,0.6269727945327759,0.4869655668735504,-0.07265373319387436,0.6144038438796997,0.48359814286231995,-0.06790030002593994,0.6035574674606323,0.479825496673584,-0.06509508192539215,0.5654162168502808,0.49708253145217896,-0.07751571387052536,0.5674288272857666,0.501725435256958,-0.07966729253530502,0.570101261138916,0.5071392059326172,-0.08434785157442093,0.5730958580970764,0.5108548402786255,-0.08524398505687714,0.5037538409233093,0.5120954513549805,-0.10273482650518417,0.35188522934913635,0.7660785913467407,-0.0077006621286273,0.4721779227256775,0.40842485427856445,-0.07657637447118759,0.5484830141067505,0.5010541081428528,-0.07977147400379181,0.5476986169815063,0.5053010582923889,-0.08206050843000412,0.4720531702041626,0.44170764088630676,-0.07693863660097122,0.45939332246780396,0.4791465401649475,-0.07620274275541306,0.46682456135749817,0.44367045164108276,-0.07613211125135422,0.3609119653701782,0.5047913789749146,-0.0791211724281311,0.36779388785362244,0.535285472869873,-0.1014404371380806,0.42793118953704834,0.4827463626861572,-0.09557602554559708,0.08391156792640686,0.5864323973655701,-0.07601061463356018,0.11806608736515045,0.5565403699874878,-0.09076390415430069,0.15672463178634644,0.5609248876571655,-0.10497424006462097,0.5983792543411255,0.5258158445358276,-0.08250539749860764,0.20402610301971436,0.4636498689651489,-0.057438161224126816,0.15542073547840118,0.45072656869888306,-0.04545348510146141,0.10898740589618683,0.460910826921463,-0.03045036457479,0.27235421538352966,0.5745741724967957,-0.09598896652460098,0.2754476070404053,0.6317210793495178,-0.10661511868238449,0.2973744869232178,0.48234546184539795,-0.034810151904821396,0.21715247631072998,0.6039535999298096,-0.10590479522943497,0.34270358085632324,0.4650731682777405,-0.06079300865530968,0.4262458086013794,0.44533056020736694,-0.11866039782762527,0.29654207825660706,0.6650962233543396,-0.1098240315914154,0.3008003234863281,0.6170614361763,-0.11661481857299805,0.3228597044944763,0.5881533622741699,-0.11253882199525833,0.334837943315506,0.5442096590995789,-0.09050243347883224,0.33604392409324646,0.5118399262428284,-0.06922124326229095,0.3339305520057678,0.48828378319740295,-0.05451115593314171,0.3221929371356964,0.4297783672809601,-0.052861206233501434,0.35516318678855896,0.6635989546775818,-0.12083601951599121,0.2060849815607071,0.6226460933685303,-0.11015990376472473,0.46357497572898865,0.40453672409057617,-0.1097438782453537,0.38009777665138245,0.4777469336986542,-0.07477153837680817,0.2306043654680252,0.7529210448265076,-0.01358767133206129,0.3286837637424469,0.4700612723827362,-0.043143194168806076,0.4285537302494049,0.49279528856277466,-0.07584387063980103,0.2384234219789505,0.5931712985038757,-0.09282059222459793,0.41022971272468567,0.4513532817363739,-0.11023398488759995,0.41943687200546265,0.7631580829620361,-0.014791404828429222,0.288013219833374,0.4832748472690582,-0.030073950067162514,0.4024543762207031,0.425152987241745,-0.11705303192138672,0.5791612267494202,0.651908814907074,-0.07950293272733688,0.6053711175918579,0.6778352856636047,-0.05851777642965317,0.35113421082496643,0.7207521200180054,-0.06825955957174301,0.5330354571342468,0.684928834438324,-0.07966646552085876,0.18533913791179657,0.6797528266906738,-0.06985043734312057,0.6821664571762085,0.5512385964393616,-0.06837640702724457,0.46857595443725586,0.41515225172042847,-0.08089159429073334,0.3922610580921173,0.4991890490055084,-0.08142558485269547,0.23236827552318573,0.6520876288414001,-0.09305687993764877,0.27105969190597534,0.5505009293556213,-0.08528690785169601,0.2795290946960449,0.5313190817832947,-0.0769200325012207,0.5457998514175415,0.5134180188179016,-0.0863337516784668,0.4093610942363739,0.6691108345985413,-0.11295700818300247,0.7231302261352539,0.5207061171531677,-0.04691248759627342,0.6798052787780762,0.5988563299179077,-0.06070268154144287,0.6502031087875366,0.6353381872177124,-0.061306681483983994,0.18177403509616852,0.4049203097820282,-0.003663822542876005,0.7326688766479492,0.480185866355896,-0.015258711762726307,0.28407055139541626,0.5141041874885559,-0.06270322948694229,0.28635305166244507,0.4981961250305176,-0.04787670448422432,0.2877420485019684,0.48804906010627747,-0.035763051360845566,0.1921985000371933,0.6404525637626648,-0.10174976289272308,0.26688969135284424,0.4996098279953003,-0.04889889433979988,0.25421562790870667,0.5173108577728271,-0.06376475840806961,0.2459898591041565,0.535973072052002,-0.07734017074108124,0.24145887792110443,0.5556781888008118,-0.08752071857452393,0.24142873287200928,0.5689379572868347,-0.09039749950170517,0.1713697463274002,0.7276402115821838,-0.033371973782777786,0.26262474060058594,0.5641675591468811,-0.08853157609701157,0.4951964020729065,0.4197072684764862,-0.06096937134861946,0.4916980266571045,0.49037981033325195,-0.09526213258504868,0.44610345363616943,0.45347127318382263,-0.09476778656244278,0.4915804862976074,0.44447606801986694,-0.08120495826005936,0.2955746352672577,0.41801196336746216,-0.0229099839925766,0.6208369731903076,0.6203639507293701,-0.07276002317667007,0.6526667475700378,0.5883526802062988,-0.06894716620445251,0.7049919366836548,0.5092824101448059,-0.0575072355568409,0.5553293228149414,0.7148541808128357,-0.046135563403367996,0.280256062746048,0.4885248839855194,-0.03794937953352928,0.3571120798587799,0.4383164644241333,-0.07404670119285583,0.7154126167297363,0.4680776000022888,-0.02672547660768032,0.704642117023468,0.5602090358734131,-0.06150953099131584,0.4127851724624634,0.7218529582023621,-0.06867901235818863,0.5851077437400818,0.490565687417984,-0.07397349923849106,0.5913116335868835,0.4953710734844208,-0.0771946832537651,0.5990424156188965,0.5005043745040894,-0.08244124799966812,0.6083600521087646,0.5034394264221191,-0.08179736882448196,0.6189027428627014,0.5045461654663086,-0.07344034314155579,0.5205596685409546,0.5056276321411133,-0.08737166970968246,0.5162948369979858,0.5106700658798218,-0.09320487827062607,0.5110335350036621,0.5149018168449402,-0.09743436425924301,0.5239911079406738,0.5327937006950378,-0.10534708946943283,0.4327857792377472,0.6221317648887634,-0.12464824318885803,0.3307732939720154,0.4467453360557556,-0.054681263864040375,0.27840596437454224,0.4638543128967285,-0.02150220423936844,0.27490952610969543,0.47788211703300476,-0.030550144612789154,0.5225585699081421,0.5012481212615967,-0.08275332301855087,0.49712082743644714,0.6483957171440125,-0.10242927819490433,0.28804513812065125,0.4436732232570648,-0.032156802713871,0.6351894736289978,0.5231430530548096,-0.06934929639101028,0.37719568610191345,0.39551740884780884,-0.08176839351654053,0.35021376609802246,0.42032527923583984,-0.07224511355161667,0.35159555077552795,0.4035700261592865,-0.06049095839262009,0.3904336094856262,0.4535462260246277,-0.08678846806287766,0.6895623207092285,0.4600774347782135,-0.034227725118398666,0.6632102727890015,0.456329345703125,-0.03142852708697319,0.6547329425811768,0.4883679747581482,-0.0526028536260128,0.5794396996498108,0.5682645440101624,-0.08862938731908798,0.4424416720867157,0.5124559998512268,-0.0867442712187767,0.610889196395874,0.5500710010528564,-0.07915616780519485,0.42490607500076294,0.555626392364502,-0.11665445566177368,0.46336811780929565,0.5309356451034546,-0.10270410776138306,0.46222373843193054,0.5847282409667969,-0.11891600489616394,0.6795051097869873,0.49808597564697266,-0.062149904668331146,0.4000421464443207,0.4740074574947357,-0.08404196053743362,0.5929471850395203,0.5970229506492615,-0.08578445762395859,0.626760721206665,0.5691148638725281,-0.07479177415370941,0.5425805449485779,0.5773024559020996,-0.10413762181997299,0.4567214548587799,0.6735133528709412,-0.10236398130655289,0.5370301008224487,0.6152464151382446,-0.10348567366600037,0.47295093536376953,0.7134817838668823,-0.07276664674282074,0.495704710483551,0.5528970956802368,-0.11026296764612198,0.36807289719581604,0.4583447277545929,-0.07435924559831619,0.43884462118148804,0.43887367844581604,-0.12007012218236923,0.4424041509628296,0.4614861309528351,-0.10472624003887177,0.4255112111568451,0.42044830322265625,-0.1263326108455658,0.24732694029808044,0.4791232645511627,-0.0402582511305809,0.21757781505584717,0.5129569172859192,-0.06902305036783218,0.20252454280853271,0.5441127419471741,-0.0928039401769638,0.1972779631614685,0.5717605948448181,-0.10784121602773666,0.20150959491729736,0.5918443202972412,-0.11185432225465775,0.23889340460300446,0.6094886064529419,-0.09565670788288116,0.2910253405570984,0.7157888412475586,-0.07098356634378433,0.2837199568748474,0.5936025977134705,-0.10113885998725891,0.30121591687202454,0.5706615447998047,-0.09603255242109299,0.3119342625141144,0.5398091077804565,-0.08284815400838852,0.31617534160614014,0.5111483335494995,-0.06377432495355606,0.3161766529083252,0.48993417620658875,-0.04498470202088356,0.31460800766944885,0.4751253128051758,-0.03430457040667534,0.2905225455760956,0.7626497745513916,-0.005600800272077322,0.4491088390350342,0.4677349925041199,-0.09466530382633209,0.3802103102207184,0.4305616021156311,-0.09292911738157272,0.44297319650650024,0.4165381193161011,-0.12270647287368774,0.456132173538208,0.41747957468032837,-0.10596107691526413,0.44655710458755493,0.423140287399292,-0.11387462913990021,0.45758524537086487,0.4683712422847748,-0.08217569440603256,0.4597754180431366,0.41145962476730347,-0.10918103158473969,0.4652584195137024,0.42092597484588623,-0.08448465168476105,0.29259398579597473,0.4745293855667114,-0.023829735815525055,0.3056912124156952,0.46288368105888367,-0.024435658007860184,0.31517258286476135,0.45564186573028564,-0.03391624987125397,0.24244126677513123,0.5771739482879639,-0.09046294540166855,0.22361330687999725,0.5908936858177185,-0.09882534295320511,0.3843742609024048,0.38567522168159485,-0.057275738567113876,0.349200040102005,0.3852541446685791,0.16866005957126617,0.47056734561920166,0.39737749099731445,-0.06105436757206917,0.2692457139492035,0.3743770718574524,0.35549217462539673,0.359687477350235,0.39528289437294006,0.10116095840930939,0.36317670345306396,0.3907244801521301,0.11897427588701248,0.36595281958580017,0.3876338601112366,0.13923059403896332,0.3602029085159302,0.39245426654815674,0.17676693201065063,0.3547062873840332,0.3982309103012085,0.08572525531053543,0.3234298527240753,0.38578325510025024,0.11992045491933823,0.32252779603004456,0.39141595363616943,0.09868089109659195,0.3266666829586029,0.3830803632736206,0.14137449860572815,0.33254677057266235,0.3836051821708679,0.1585872620344162,0.37889593839645386,0.3934715986251831,0.194173663854599,0.6751351356506348,0.4238370656967163,0.04904855415225029,0.3481813669204712,0.3873118758201599,0.18101093173027039,0.36077940464019775,0.37835103273391724,0.3390538990497589,0.36813560128211975,0.4002392888069153,0.23386044800281525,0.4552367925643921,0.37620705366134644,0.06954358518123627,0.518207848072052,0.4453347623348236,-0.04572855308651924,0.5359120965003967,0.44595062732696533,-0.040118247270584106,0.5316423177719116,0.42220538854599,-0.01109707448631525,0.545228123664856,0.40565019845962524,0.0202877689152956,0.5429314374923706,0.42851972579956055,-0.013120925985276699,0.551457405090332,0.414201021194458,0.013891797512769699,0.616838276386261,0.3999415934085846,0.06765469908714294,0.4585370719432831,0.37646162509918213,-0.0971839651465416,0.4378320276737213,0.3701184391975403,-0.09879379719495773,0.31980523467063904,0.3834180235862732,0.18840350210666656,0.38655751943588257,0.39378291368484497,0.04390079155564308,0.4636388123035431,0.3730207681655884,-0.006330112926661968,0.4503864347934723,0.37559184432029724,0.0025120896752923727,0.4642178416252136,0.35991549491882324,0.147852823138237,0.4102935194969177,0.3764526844024658,-0.07971961051225662,0.29924675822257996,0.3780578374862671,0.10863178223371506,0.3065633773803711,0.37801188230514526,0.1505742073059082,0.23586253821849823,0.35747456550598145,0.2980634272098541,0.30074363946914673,0.39086657762527466,0.020444825291633606,0.32485532760620117,0.3974413275718689,0.08911576867103577,0.5969488620758057,0.39114272594451904,0.08906093239784241,0.5735048651695251,0.4448952078819275,0.3614019751548767,0.4728538990020752,0.387471467256546,-0.0132503192871809,0.4751448631286621,0.39911526441574097,-0.037194039672613144,0.5750855207443237,0.3847389817237854,0.07339215278625488,0.5743023753166199,0.3908979892730713,0.057857710868120193,0.2957794666290283,0.3803917169570923,0.17093709111213684,0.4731232523918152,0.3811188340187073,0.0024597835727036,0.2958947718143463,0.3812665343284607,0.06455159187316895,0.27940744161605835,0.3793990910053253,0.06552727520465851,0.18095751106739044,0.3545021414756775,0.14750735461711884,0.25430184602737427,0.34459519386291504,0.22118417918682098,0.2143276333808899,0.3541463017463684,0.10119767487049103,0.31124359369277954,0.38710862398147583,0.21863169968128204,0.2828561067581177,0.3552773892879486,0.27572202682495117,0.5283397436141968,0.44561025500297546,-0.04472238942980766,0.5382880568504333,0.42544031143188477,-0.01297654677182436,0.548713207244873,0.409603476524353,0.01458584051579237,0.47520846128463745,0.39385557174682617,-0.01738632656633854,0.5750701427459717,0.3879263699054718,0.06413457542657852,0.5949832201004028,0.3925933539867401,0.041221991181373596,0.5736413598060608,0.39292651414871216,0.054998770356178284,0.46371763944625854,0.3799501657485962,-0.043598201125860214,0.5520840883255005,0.4172402024269104,0.015089677646756172,0.5453574657440186,0.4307168424129486,-0.006561765447258949,0.5399820804595947,0.4462828040122986,-0.029712505638599396,0.6463735699653625,0.43288442492485046,-0.01098684687167406,0.6613667607307434,0.43557578325271606,-0.02632533758878708,0.6490993499755859,0.4384288191795349,-0.028366751968860626,0.6342215538024902,0.4406222999095917,-0.023557884618639946,0.6211200952529907,0.4420608878135681,-0.023168694227933884,0.6023467779159546,0.4118252098560333,0.01955862157046795,0.6081101894378662,0.4075232744216919,0.0173264741897583,0.6156922578811646,0.40155985951423645,0.016333913430571556,0.6223670244216919,0.39608895778656006,0.02335481159389019,0.5422821640968323,0.38373345136642456,0.03810101002454758,0.4613228738307953,0.43549734354019165,0.4272817373275757,0.5892340540885925,0.4026051461696625,0.04047279432415962,0.5923457741737366,0.3978292942047119,0.03893012925982475,0.4830196499824524,0.40464267134666443,-0.03958313167095184,0.4849669337272644,0.39320486783981323,0.0048063150607049465,0.4792027473449707,0.40187329053878784,-0.039242032915353775,0.4045907258987427,0.3869572579860687,0.06694987416267395,0.4280169904232025,0.37262988090515137,0.09594511240720749,0.4607212543487549,0.38012462854385376,0.014616467989981174,0.20664054155349731,0.34960830211639404,0.22534598410129547,0.23219312727451324,0.3447378873825073,0.1637212336063385,0.28472012281417847,0.37730565667152405,0.12141455709934235,0.6270519495010376,0.40677762031555176,0.04506557062268257,0.27554431557655334,0.38692378997802734,0.019669536501169205,0.19915546476840973,0.37398818135261536,0.04619941487908363,0.15884962677955627,0.37227147817611694,0.07578360289335251,0.36535489559173584,0.38936465978622437,0.16060307621955872,0.3977877199649811,0.397722989320755,0.2195034623146057,0.35000312328338623,0.400956392288208,0.08227140456438065,0.34125518798828125,0.39072126150131226,0.19222792983055115,0.3686198592185974,0.39659616351127625,0.02671949751675129,0.4527040421962738,0.36965346336364746,-0.03521033748984337,0.4108080565929413,0.3597552180290222,0.2606949210166931,0.4108540713787079,0.3856339454650879,0.19011496007442474,0.41504645347595215,0.37712520360946655,0.1473342925310135,0.4055793285369873,0.38032978773117065,0.10814514011144638,0.3921430706977844,0.3878833055496216,0.08204334229230881,0.38031136989593506,0.3909875154495239,0.05904214829206467,0.33388635516166687,0.4012252688407898,-0.01573675312101841,0.4609391987323761,0.3624233305454254,0.24917159974575043,0.3402346968650818,0.39219462871551514,0.21588820219039917,0.4689714312553406,0.3902430534362793,-0.09116476029157639,0.4105514585971832,0.39124321937561035,0.031132742762565613,0.35590657591819763,0.41552016139030457,0.43267449736595154,0.36743026971817017,0.3936977982521057,0.045399464666843414,0.46177124977111816,0.38753125071525574,0.03454386442899704,0.35010600090026855,0.39232900738716125,0.190191388130188,0.4368782043457031,0.37391555309295654,-0.02524627558887005,0.5168253779411316,0.44069957733154297,0.40208232402801514,0.34391167759895325,0.40295717120170593,0.09206212311983109,0.42109090089797974,0.3729779124259949,-0.05505002662539482,0.6335954666137695,0.4081147611141205,0.19536828994750977,0.6539452075958252,0.4361099898815155,0.23498688638210297,0.4643215835094452,0.3883535861968994,0.33655834197998047,0.603421688079834,0.4068913161754608,0.2450655996799469,0.31691741943359375,0.3679320216178894,0.31541696190834045,0.6993962526321411,0.4286247789859772,0.06250153481960297,0.4731235206127167,0.4037577509880066,-0.0696060061454773,0.4317042827606201,0.38667410612106323,0.04918714985251427,0.3740765154361725,0.4082716107368469,0.2702748477458954,0.3502160608768463,0.3848342299461365,0.14116035401821136,0.3496507704257965,0.3875606060028076,0.12338028103113174,0.5973533391952515,0.38753700256347656,0.04903304576873779,0.5063352584838867,0.37180495262145996,0.24349458515644073,0.7308063507080078,0.45320916175842285,0.029018361121416092,0.701572060585022,0.43671414256095886,0.1281449794769287,0.6824919581413269,0.435152530670166,0.17638182640075684,0.34761443734169006,0.391916960477829,0.10820166021585464,0.344910204410553,0.39675235748291016,0.09911912679672241,0.344503253698349,0.4006916880607605,0.09573826938867569,0.3370666205883026,0.39923739433288574,0.2496984452009201,0.3339885175228119,0.3943370580673218,0.10072077810764313,0.33199161291122437,0.3882984519004822,0.10984412580728531,0.33306387066841125,0.3830054998397827,0.1246267706155777,0.3368859589099884,0.38018283247947693,0.14240987598896027,0.3417423665523529,0.38112372159957886,0.15614020824432373,0.3067265450954437,0.393118679523468,0.40298229455947876,0.3494945466518402,0.38420569896698,0.15719565749168396,0.52152419090271,0.3875780701637268,0.011742895469069481,0.4698233902454376,0.38262903690338135,-0.022105515003204346,0.5043035745620728,0.4025475084781647,-0.0372358039021492,0.6608824133872986,0.412864089012146,0.14942362904548645,0.6793938279151917,0.42228370904922485,0.1064545065164566,0.714485764503479,0.44192662835121155,0.013725797645747662,0.61954665184021,0.4418453276157379,0.30177298188209534,0.33945634961128235,0.3991807997226715,0.09587214142084122,0.3753719627857208,0.3901097774505615,-0.015072280541062355,0.7187086343765259,0.440898597240448,0.07818926125764847,0.5147016048431396,0.3968488872051239,0.3192899823188782,0.6148933172225952,0.4253777861595154,-0.0006711467867717147,0.6250245571136475,0.4212620258331299,-0.0010251194471493363,0.6367771029472351,0.4168541133403778,-0.002691729459911585,0.648238480091095,0.4122530221939087,0.001561411190778017,0.6378333568572998,0.4173670709133148,0.0191919207572937,0.5616656541824341,0.40106675028800964,0.03856343403458595,0.5608087778091431,0.3965795636177063,0.04483209550380707,0.5587573051452637,0.3924226760864258,0.05007307603955269,0.5692310929298401,0.38480398058891296,0.06867710500955582,0.5146833658218384,0.36961477994918823,0.17504514753818512,0.3497462868690491,0.39938926696777344,0.006459127180278301,0.32910144329071045,0.4036402404308319,0.0563771054148674,0.33349546790122986,0.40263402462005615,0.0821351632475853,0.5611540079116821,0.40432894229888916,0.037988945841789246,0.5714666843414307,0.3848568797111511,0.202213853597641,0.3256757855415344,0.39849603176116943,0.01353154331445694,0.6535704135894775,0.423636257648468,0.03437317907810211,0.36039209365844727,0.39299464225769043,-0.04056606441736221,0.4153907597064972,0.3838939666748047,-0.008845134638249874,0.6635793447494507,0.437150776386261,-0.0027608470991253853,0.6216789484024048,0.39788490533828735,0.091140516102314,0.4837475121021271,0.38353627920150757,0.050762519240379333,0.6406846046447754,0.41059717535972595,0.06376241892576218,0.48942264914512634,0.3675650954246521,0.0976492315530777,0.5124733448028564,0.3776775002479553,0.06776421517133713,0.5302228331565857,0.37109437584877014,0.1252574771642685,0.6898068189620972,0.43659764528274536,0.004084555432200432,0.42995312809944153,0.38617759943008423,0.013995785266160965,0.6366987824440002,0.39979469776153564,0.12241464108228683,0.6563596129417419,0.41411036252975464,0.08633865416049957,0.5960206985473633,0.3874601721763611,0.11319825798273087,0.5446785688400269,0.38097891211509705,0.23914514482021332,0.5967882871627808,0.3870869576931,0.1504252552986145,0.5609555244445801,0.40397077798843384,0.2958320677280426,0.5500912070274353,0.3786969780921936,0.0899609923362732,0.39257320761680603,0.3909152150154114,0.009702040813863277,0.46164119243621826,0.3738817572593689,-0.04400146007537842,0.47013887763023376,0.3766050338745117,-0.01767752133309841,0.4441671371459961,0.36815202236175537,-0.0652882382273674,0.316840261220932,0.39786428213119507,0.06687819957733154,0.3136327862739563,0.38934779167175293,0.0876578763127327,0.31412968039512634,0.38314712047576904,0.1123659759759903,0.3171769380569458,0.3798581659793854,0.14201223850250244,0.3257276713848114,0.38290080428123474,0.16830827295780182,0.3604687452316284,0.3970092236995697,0.20638665556907654,0.41281211376190186,0.3817617893218994,0.3435952365398407,0.3854342997074127,0.3874415159225464,0.17452095448970795,0.3885580897331238,0.38372325897216797,0.1441727727651596,0.3833920955657959,0.3865954875946045,0.11512675136327744,0.3748968839645386,0.392692506313324,0.09232870489358902,0.3672909736633301,0.396657794713974,0.0733676627278328,0.3593938648700714,0.39950111508369446,0.0620058998465538,0.4071476459503174,0.4298083186149597,0.43982961773872375,0.4753580689430237,0.3837668001651764,-0.009139505214989185,0.39784863591194153,0.3825361430644989,-0.031876515597105026,0.45870792865753174,0.3727550506591797,-0.0742686316370964,0.46700388193130493,0.38883382081985474,-0.07799672335386276,0.4626424014568329,0.3801313638687134,-0.06432198733091354,0.4801175594329834,0.39264488220214844,-0.010310252197086811,0.4687091112136841,0.3882390856742859,-0.08621510863304138,0.47294169664382935,0.4003394842147827,-0.0653071179986,0.34405845403671265,0.4037320017814636,0.07816066592931747,0.3473224639892578,0.4031358063220978,0.051127415150403976,0.3499302566051483,0.39745885133743286,0.028344716876745224,0.34496045112609863,0.3834313750267029,0.16773830354213715,0.33980289101600647,0.38782060146331787,0.1765981912612915,0.25980085134506226,0.5258979797363281,-0.06880661845207214,0.268123060464859,0.5014880299568176,-0.06880661845207214,0.23877650499343872,0.5240656733512878,-0.06880661845207214,0.2508104741573334,0.5501740574836731,-0.06880661845207214,0.2802361845970154,0.5278110504150391,-0.06880661845207214,0.33519724011421204,0.3785492777824402,0.12899254262447357,0.3389052152633667,0.3716977834701538,0.12899254262447357,0.3182937800884247,0.375818133354187,0.12899254262447357,0.33160412311553955,0.38576966524124146,0.12899254262447357,0.35208943486213684,0.3814336061477661,0.12899254262447357,0,0,0,0,0,1,1,0,0,0,0,0,0.1306207776069641,0.10084149241447449,0.09021483361721039,0.1247703954577446,0.035618461668491364,0.07665005326271057,0.27099066972732544,0.10439950227737427,0.12633273005485535,0.21287131309509277,1.0565571784973145,0.4210919141769409,Sadness,820.5120239257812,269.6789245605469
47,1.5666666666666667,32.32381343879269,-7.133928073457372,0.6588965811140695,0.5469032526016235,0.4221585988998413,-0.08278122544288635,0.5192908644676208,0.3802337646484375,-0.1145944744348526,0.5250601172447205,0.41841089725494385,-0.0735250860452652,0.437784343957901,0.3933500647544861,-0.08625714480876923,0.5006492733955383,0.37192296981811523,-0.11622193455696106,0.4731837809085846,0.37383562326431274,-0.1010497659444809,0.39626726508140564,0.3882996439933777,-0.02723570540547371,0.2636093199253082,0.5285627245903015,-0.067432701587677,0.3504164516925812,0.38242876529693604,0.003057746449485421,0.3281922936439514,0.37215936183929443,0.00959241483360529,0.24440598487854004,0.35587120056152344,0.05723050236701965,0.5512327551841736,0.4243503510951996,-0.08205439895391464,0.5533701181411743,0.4285745322704315,-0.07785730063915253,0.5525886416435242,0.4332314133644104,-0.07147809863090515,0.6207555532455444,0.46556997299194336,-0.0632006973028183,0.6342931985855103,0.46966588497161865,-0.06932109594345093,0.6475732326507568,0.47531598806381226,-0.07657303661108017,0.6570823192596436,0.48234614729881287,-0.07703641802072525,0.662325382232666,0.48364585638046265,-0.06709667295217514,0.5269026756286621,0.3936794400215149,-0.10721363872289658,0.5070375800132751,0.4210655689239502,-0.09435906261205673,0.10964702069759369,0.6165165901184082,-0.02236909605562687,0.32193487882614136,0.4876691401004791,-0.047654952853918076,0.3100315034389496,0.5040708184242249,-0.06287708133459091,0.29468193650245667,0.5207217335700989,-0.07232462614774704,0.2610713243484497,0.540782630443573,-0.0748271644115448,0.32890617847442627,0.4728662371635437,-0.028317349031567574,0.2541981339454651,0.4829709231853485,-0.061328332871198654,0.273410439491272,0.4662293493747711,-0.03964465111494064,0.2398555427789688,0.5022091269493103,-0.07213684916496277,0.2340915948152542,0.5188803672790527,-0.0753660798072815,0.2594188451766968,0.5623269081115723,-0.0790618434548378,0.6364187002182007,0.5713498592376709,-0.1075362116098404,0.2505498230457306,0.5343335866928101,-0.06592251360416412,0.19244195520877838,0.6496468782424927,-0.04229900240898132,0.22852221131324768,0.5759289264678955,-0.07298540323972702,0.406637966632843,0.5082563757896423,-0.09711053222417831,0.51751309633255,0.44687575101852417,-0.0999959260225296,0.5305646657943726,0.45208925008773804,-0.09319888055324554,0.49906837940216064,0.4777734577655792,-0.10970661044120789,0.48967111110687256,0.4999934732913971,-0.10825268179178238,0.5126258730888367,0.475932776927948,-0.10085863620042801,0.5024100542068481,0.49489328265190125,-0.09670238196849823,0.5402237772941589,0.5648024678230286,-0.09976346790790558,0.5074480772018433,0.39358025789260864,-0.1236293688416481,0.48774632811546326,0.387559711933136,-0.12672202289104462,0.2003333419561386,0.5312775373458862,-0.08917716890573502,0.38797488808631897,0.46055200695991516,-0.055326689034700394,0.45524024963378906,0.46093130111694336,-0.11142798513174057,0.4405617117881775,0.4633888006210327,-0.10413965582847595,0.355180948972702,0.5682988166809082,-0.12395099550485611,0.46259602904319763,0.3888013958930969,-0.11171241849660873,0.22758129239082336,0.4731919765472412,-0.07318059355020523,0.20776566863059998,0.5028228759765625,-0.08532655984163284,0.10265915095806122,0.5653193593025208,-0.031040461733937263,0.3097645044326782,0.4138428568840027,-0.02423585020005703,0.29381638765335083,0.4554619789123535,-0.020539136603474617,0.5043107271194458,0.5697017312049866,-0.10749009996652603,0.4025163948535919,0.7479840517044067,-0.04049424082040787,0.476404070854187,0.4554138779640198,-0.09402202069759369,0.49384236335754395,0.44400015473365784,-0.0821286216378212,0.4938877522945404,0.5317263603210449,-0.09493338316679001,0.5006097555160522,0.5264102220535278,-0.08981861919164658,0.18775449693202972,0.5064367651939392,-0.07921428978443146,0.45886674523353577,0.4731137454509735,-0.1025654673576355,0.2606046199798584,0.4438580870628357,-0.05178627371788025,0.24600765109062195,0.43698111176490784,-0.052596066147089005,0.15197281539440155,0.4492029547691345,-0.02011996880173683,0.1398465931415558,0.5337054133415222,-0.053983721882104874,0.19273000955581665,0.4360682964324951,-0.031109221279621124,0.1800672858953476,0.5406847596168518,-0.07953137904405594,0.14236243069171906,0.5796273946762085,-0.04660612344741821,0.5254254937171936,0.4495057463645935,-0.09906657785177231,0.5058804750442505,0.47687581181526184,-0.1063561886548996,0.49594035744667053,0.49761658906936646,-0.10370580852031708,0.4823291301727295,0.45591405034065247,-0.08525543659925461,0.49763184785842896,0.5289716124534607,-0.09134543687105179,0.521081805229187,0.5317946076393127,-0.09302153438329697,0.5029609203338623,0.5242244601249695,-0.08872087299823761,0.48511582612991333,0.4294268786907196,-0.11618557572364807,0.5061109662055969,0.49344533681869507,-0.09269363433122635,0.5166589021682739,0.47511565685272217,-0.09308553487062454,0.533161997795105,0.4545673727989197,-0.0875593051314354,0.6395551562309265,0.5092413425445557,-0.0842316523194313,0.6262434124946594,0.5116569399833679,-0.0949287861585617,0.6181119680404663,0.5032995343208313,-0.0944414809346199,0.6069831848144531,0.4947658181190491,-0.0867726057767868,0.5970004200935364,0.4878073036670685,-0.07983540743589401,0.5473870635032654,0.5158666372299194,-0.08672275394201279,0.5476410984992981,0.5222584009170532,-0.09173107147216797,0.5481202602386475,0.5304303765296936,-0.09776296466588974,0.5489938259124756,0.5380501747131348,-0.09950701892375946,0.4870501756668091,0.5211609601974487,-0.10770688951015472,0.27210965752601624,0.7344794273376465,-0.0020818645134568214,0.5267618894577026,0.40656670928001404,-0.08447276055812836,0.526728630065918,0.5217349529266357,-0.08660579472780228,0.5240919589996338,0.5264963507652283,-0.09021594375371933,0.5062867403030396,0.4415314495563507,-0.08625030517578125,0.4723300039768219,0.4784194529056549,-0.08301956951618195,0.5007369518280029,0.4424702525138855,-0.08404615521430969,0.3824462592601776,0.4828132688999176,-0.07068715244531631,0.37075307965278625,0.5126961469650269,-0.0944816991686821,0.44369590282440186,0.47539258003234863,-0.09724747389554977,0.11543585360050201,0.509575366973877,-0.0323098786175251,0.1553443819284439,0.4864104986190796,-0.04805430769920349,0.2096337378025055,0.47101595997810364,-0.06931410729885101,0.572187066078186,0.5527076125144958,-0.10060067474842072,0.28720560669898987,0.403014600276947,-0.026441339403390884,0.23346368968486786,0.396414577960968,-0.0034611416049301624,0.19475804269313812,0.40033966302871704,0.011296906508505344,0.2770764231681824,0.5348129272460938,-0.0760456994175911,0.2554105222225189,0.5883685350418091,-0.08807627856731415,0.331963449716568,0.4621255695819855,-0.017233828082680702,0.22600038349628448,0.5417176485061646,-0.07965748757123947,0.3879634141921997,0.4418175220489502,-0.04902218282222748,0.4627200961112976,0.43582311272621155,-0.11920689791440964,0.2576431334018707,0.6228926777839661,-0.0931648388504982,0.27811887860298157,0.5823521018028259,-0.10099801421165466,0.30598950386047363,0.5613894462585449,-0.09896314144134521,0.3329750895500183,0.5250799059867859,-0.07832007110118866,0.3466827869415283,0.497301310300827,-0.05679772421717644,0.3547033369541168,0.47581034898757935,-0.04108184948563576,0.3867550790309906,0.40486693382263184,-0.038019098341464996,0.30356428027153015,0.6350599527359009,-0.11117707192897797,0.21046487987041473,0.5554245114326477,-0.08208371698856354,0.5192273855209351,0.4009940028190613,-0.11476874351501465,0.41020381450653076,0.4610741138458252,-0.0689762607216835,0.17309656739234924,0.6933044791221619,0.006860457360744476,0.3596039414405823,0.4570949673652649,-0.028569785878062248,0.4398449659347534,0.4856831729412079,-0.07793675363063812,0.24302378296852112,0.5418018102645874,-0.07006470113992691,0.44617515802383423,0.4391665458679199,-0.10881322622299194,0.33118459582328796,0.7476098537445068,-0.01745540462434292,0.3249538242816925,0.4610002636909485,-0.01115775853395462,0.4531284272670746,0.4112379550933838,-0.11447422206401825,0.5132209062576294,0.67073655128479,-0.10187949985265732,0.5328167080879211,0.7012237310409546,-0.08348806947469711,0.2835403382778168,0.6912052631378174,-0.06072823703289032,0.45794788002967834,0.6964328289031982,-0.09739873558282852,0.161577969789505,0.6156092286109924,-0.038791436702013016,0.6600049734115601,0.5889085531234741,-0.10984563827514648,0.5197923183441162,0.41260623931884766,-0.08840356767177582,0.4089541435241699,0.4840981066226959,-0.07818105071783066,0.21610957384109497,0.5951295495033264,-0.06978831440210342,0.28763067722320557,0.5116346478462219,-0.06518538296222687,0.3014144003391266,0.4978124499320984,-0.057566601783037186,0.5175658464431763,0.5371306538581848,-0.09512101113796234,0.3475128710269928,0.6545092463493347,-0.11175090819597244,0.7178381681442261,0.5648592710494995,-0.09292589128017426,0.6385976076126099,0.6336132884025574,-0.09553614258766174,0.5933957099914551,0.6652184724807739,-0.09076747298240662,0.2782667875289917,0.35934165120124817,0.03576667979359627,0.7465050220489502,0.5275450348854065,-0.06344418972730637,0.31055721640586853,0.48534393310546875,-0.04386990889906883,0.31753623485565186,0.4729851186275482,-0.02921976149082184,0.32263171672821045,0.4649380147457123,-0.01694251224398613,0.1926366239786148,0.5689590573310852,-0.07292164862155914,0.30177512764930725,0.46767765283584595,-0.02700820378959179,0.28491657972335815,0.47876080870628357,-0.040798693895339966,0.27099478244781494,0.49225708842277527,-0.05382411926984787,0.2594398260116577,0.507993757724762,-0.06376994401216507,0.2541043162345886,0.5197550058364868,-0.06702275574207306,0.13140396773815155,0.6568297147750854,-0.0046234652400016785,0.2751919627189636,0.5213390588760376,-0.06782592833042145,0.5368236303329468,0.42289209365844727,-0.07229641079902649,0.49083632230758667,0.4957154393196106,-0.10312240570783615,0.47565242648124695,0.44947195053100586,-0.0977477952837944,0.5178948044776917,0.4481189250946045,-0.09180363267660141,0.3703911304473877,0.3906635642051697,-0.004096114542335272,0.567247748374939,0.6451255083084106,-0.10074421763420105,0.6134601831436157,0.6198715567588806,-0.10389217734336853,0.7014806270599365,0.5518279075622559,-0.10456384718418121,0.47220703959465027,0.7296946048736572,-0.06488293409347534,0.31681540608406067,0.462613046169281,-0.01750318333506584,0.41086283326148987,0.41799691319465637,-0.06401561200618744,0.7321090698242188,0.5141406655311584,-0.07627186179161072,0.6808873414993286,0.6000033617019653,-0.10224167257547379,0.33639493584632874,0.7072409391403198,-0.07031827419996262,0.5724382400512695,0.5044109225273132,-0.08605148643255234,0.5764508843421936,0.5125349164009094,-0.09247711300849915,0.5823415517807007,0.5218716859817505,-0.09958389401435852,0.5889197587966919,0.53067547082901,-0.10117766261100769,0.6061451435089111,0.5345359444618225,-0.09889815002679825,0.4980906844139099,0.5121788382530212,-0.09379488974809647,0.4925360679626465,0.5152617692947388,-0.0988224670290947,0.48689591884613037,0.5180541276931763,-0.10294422507286072,0.49100762605667114,0.5467261672019958,-0.10974752902984619,0.38413459062576294,0.6143227219581604,-0.12659692764282227,0.38651758432388306,0.4223331809043884,-0.041059304028749466,0.3292894959449768,0.4371362328529358,-9.526310168439522e-05,0.31869781017303467,0.45042645931243896,-0.008867243304848671,0.5017768740653992,0.5096043944358826,-0.09090066701173782,0.4333748519420624,0.653960645198822,-0.1134633794426918,0.34660816192626953,0.41833341121673584,-0.012685463763773441,0.6181088089942932,0.5547115802764893,-0.10103952884674072,0.4470944404602051,0.3793345093727112,-0.07538848370313644,0.4134012460708618,0.3993896245956421,-0.060861196368932724,0.4226199984550476,0.3840606212615967,-0.049622029066085815,0.42991432547569275,0.43835338950157166,-0.08185476809740067,0.7083607912063599,0.5013793706893921,-0.07940933108329773,0.6816431879997253,0.4925680160522461,-0.07277317345142365,0.6559677124023438,0.5231035351753235,-0.09176222234964371,0.5367537140846252,0.5878841876983643,-0.10488645732402802,0.4420027732849121,0.5070787668228149,-0.08973387628793716,0.5789840817451477,0.5761845111846924,-0.10297902673482895,0.4058959186077118,0.5461713075637817,-0.11906903237104416,0.4486960172653198,0.5300986766815186,-0.10604756325483322,0.4240008592605591,0.5832885503768921,-0.12459997087717056,0.6786677837371826,0.5365878343582153,-0.10482701659202576,0.4270009696483612,0.4609253406524658,-0.08127376437187195,0.5443433523178101,0.6170403957366943,-0.10741281509399414,0.5920919179916382,0.5968896746635437,-0.10446330904960632,0.4947758913040161,0.5908893942832947,-0.11568282544612885,0.38847172260284424,0.6700698733329773,-0.10867119580507278,0.4808310866355896,0.6273573637008667,-0.11673145741224289,0.3933368921279907,0.7123346328735352,-0.08302689343690872,0.4618169665336609,0.5592174530029297,-0.11545657366514206,0.4104887545108795,0.4395434558391571,-0.06623697280883789,0.4778233766555786,0.4318544566631317,-0.1215473935008049,0.467313289642334,0.4564913809299469,-0.10808399319648743,0.4752504229545593,0.40999722480773926,-0.12612682580947876,0.30393826961517334,0.43930163979530334,-0.014993165619671345,0.2702822685241699,0.4574182629585266,-0.04131264239549637,0.24547037482261658,0.47828567028045654,-0.06446260213851929,0.2282768338918686,0.5009729862213135,-0.07922068238258362,0.22077399492263794,0.5226624608039856,-0.08340543508529663,0.2378789782524109,0.5568135380744934,-0.07255560904741287,0.23573581874370575,0.6724026799201965,-0.055161502212285995,0.2758656442165375,0.5559642314910889,-0.08297254890203476,0.29857322573661804,0.5394066572189331,-0.07924142479896545,0.31898415088653564,0.5153037309646606,-0.06723921746015549,0.33334556221961975,0.492087721824646,-0.04872441291809082,0.341312438249588,0.4739162027835846,-0.029499681666493416,0.34673282504081726,0.4598160982131958,-0.018564468249678612,0.2212672233581543,0.7161556482315063,0.007879475131630898,0.4696955680847168,0.4644808769226074,-0.0989912822842598,0.4329814612865448,0.41342467069625854,-0.0866110771894455,0.49382105469703674,0.4093906581401825,-0.12494227290153503,0.5071291923522949,0.4127858281135559,-0.11062432080507278,0.4946889579296112,0.41721397638320923,-0.11661451309919357,0.4770471453666687,0.46715492010116577,-0.08803123235702515,0.5127731561660767,0.40722793340682983,-0.11406515538692474,0.5139963030815125,0.4178643822669983,-0.09133346378803253,0.33231785893440247,0.4537026882171631,-0.0054766773246228695,0.34686562418937683,0.4454571306705475,-0.006981306709349155,0.3578972816467285,0.43896734714508057,-0.017751140519976616,0.2519364058971405,0.5276320576667786,-0.067622609436512,0.2341698557138443,0.5329452753067017,-0.07435374706983566,0.4585430324077606,0.37184369564056396,-0.052205972373485565,0.45128583908081055,0.3561006784439087,0.17746809124946594,0.5321123003959656,0.3950918912887573,-0.06865760684013367,0.39675816893577576,0.34436339139938354,0.3700280487537384,0.43665146827697754,0.38215428590774536,0.11062560975551605,0.44711190462112427,0.3756285607814789,0.12747594714164734,0.4552021920681,0.36863601207733154,0.1469329595565796,0.45569586753845215,0.3579140901565552,0.18401941657066345,0.42648017406463623,0.3855636715888977,0.09688197821378708,0.41951295733451843,0.3491041660308838,0.13447698950767517,0.4104863405227661,0.3577767610549927,0.11531978845596313,0.42924168705940247,0.34354281425476074,0.1544865071773529,0.4377845823764801,0.3430635333061218,0.1704515814781189,0.46754252910614014,0.35825586318969727,0.19959887862205505,0.715395987033844,0.463032066822052,0.009062392637133598,0.44990020990371704,0.3525775074958801,0.19022703170776367,0.4688372015953064,0.370904803276062,0.34279537200927734,0.45977696776390076,0.3491813540458679,0.2404317557811737,0.5338173508644104,0.3739536702632904,0.06330211460590363,0.5604807138442993,0.3978240489959717,-0.05891365185379982,0.5677929520606995,0.4090154767036438,-0.05519145727157593,0.577994167804718,0.38232433795928955,-0.024564113467931747,0.5923138856887817,0.3767644464969635,0.00970106665045023,0.579372227191925,0.3963282108306885,-0.026738671585917473,0.5901501178741455,0.3897901177406311,0.0027723670937120914,0.6601279973983765,0.4228639602661133,0.05239769443869591,0.5277397632598877,0.3725193738937378,-0.10158529877662659,0.5108252763748169,0.36374562978744507,-0.10050933063030243,0.43315860629081726,0.3266659379005432,0.2029271274805069,0.46438419818878174,0.38163477182388306,0.04839905723929405,0.5370091199874878,0.369565486907959,-0.013481802307069302,0.5247692465782166,0.3702549934387207,-0.0032821237109601498,0.5537104606628418,0.3604205846786499,0.14149658381938934,0.48442864418029785,0.36590880155563354,-0.07825411856174469,0.41151732206344604,0.32933309674263,0.13077501952648163,0.4225829243659973,0.3242616653442383,0.16976843774318695,0.37036004662513733,0.32322075963020325,0.3196389675140381,0.3890542984008789,0.3645581603050232,0.043289657682180405,0.4052581787109375,0.36774590611457825,0.10562334209680557,0.6445846557617188,0.40854692459106445,0.07638119161128998,0.6379013061523438,0.4634997248649597,0.3312094211578369,0.5390697717666626,0.3843410015106201,-0.021801287308335304,0.5356653928756714,0.39678919315338135,-0.0461745411157608,0.6174004077911377,0.38259392976760864,0.06421935558319092,0.6135579347610474,0.3887680172920227,0.04978035017848015,0.41339048743247986,0.3164357841014862,0.19190126657485962,0.5424176454544067,0.3781956434249878,-0.006291811354458332,0.4001687169075012,0.34155696630477905,0.08781757950782776,0.3888359069824219,0.33248257637023926,0.09148696810007095,0.3120655119419098,0.3142588138580322,0.1806788593530655,0.3835500478744507,0.3149465322494507,0.2456483244895935,0.33337512612342834,0.3173714876174927,0.13533459603786469,0.42536288499832153,0.32102009654045105,0.2340560108423233,0.40886861085891724,0.33087286353111267,0.29391738772392273,0.5662491321563721,0.40240252017974854,-0.05839410796761513,0.5802278518676758,0.3887069821357727,-0.02612401731312275,0.5924489498138428,0.382071316242218,0.003898636670783162,0.5384659767150879,0.39077216386795044,-0.02568085491657257,0.6158605813980103,0.3857857584953308,0.05572808161377907,0.6334893703460693,0.3952278196811676,0.030844759196043015,0.6113606691360474,0.39122772216796875,0.046869345009326935,0.5341174602508545,0.3766830563545227,-0.04955973103642464,0.5866568088531494,0.39659157395362854,0.0018009120831266046,0.5768154859542847,0.40397894382476807,-0.023152541369199753,0.5663665533065796,0.4162987470626831,-0.04857086390256882,0.6745467185974121,0.46488550305366516,-0.04583370313048363,0.673774242401123,0.4538954198360443,-0.052957210689783096,0.6628177165985107,0.4488062858581543,-0.051495905965566635,0.6477115154266357,0.44588202238082886,-0.04368354752659798,0.6332886219024658,0.44502490758895874,-0.03915766254067421,0.6307262182235718,0.41517841815948486,0.008335498161613941,0.6391258239746094,0.4117332100868225,0.0033305715769529343,0.6494156122207642,0.4078044295310974,0.0008985121385194361,0.6578765511512756,0.4059412479400635,0.007371191866695881,0.6004379987716675,0.39176085591316223,0.0288621187210083,0.5420058965682983,0.43836820125579834,0.413301020860672,0.6228722333908081,0.40430447459220886,0.03171755000948906,0.628836989402771,0.3995303511619568,0.028771070763468742,0.5393052101135254,0.4038845896720886,-0.05072026699781418,0.5477579236030579,0.39101332426071167,-0.005608135834336281,0.5378327369689941,0.40035882592201233,-0.049110718071460724,0.48454415798187256,0.37732619047164917,0.06838758289813995,0.512150228023529,0.3674761652946472,0.09422030299901962,0.5325838327407837,0.3761432468891144,0.007222883403301239,0.341993510723114,0.31231480836868286,0.2532018721103668,0.3582407236099243,0.31104645133018494,0.1932249814271927,0.400080144405365,0.319925457239151,0.14608262479305267,0.669282078742981,0.4338419437408447,0.02492895908653736,0.3740974962711334,0.3505529761314392,0.047412123531103134,0.30926454067230225,0.33371108770370483,0.0835399329662323,0.2821168005466461,0.32779067754745483,0.11243712157011032,0.45840969681739807,0.362876296043396,0.16760917007923126,0.4816300868988037,0.3585509657859802,0.22207067906856537,0.4193973243236542,0.38671356439590454,0.0942717045545578,0.4448026418685913,0.34154510498046875,0.20343685150146484,0.44605547189712524,0.38222363591194153,0.03364575281739235,0.5279103517532349,0.36545759439468384,-0.040175341069698334,0.5147593021392822,0.35900336503982544,0.25969240069389343,0.4926038980484009,0.36407944560050964,0.19091424345970154,0.49348190426826477,0.37166649103164673,0.14872989058494568,0.4772311747074127,0.3825322985649109,0.1112472340464592,0.45902466773986816,0.3894100487232208,0.08708826452493668,0.44480592012405396,0.392455518245697,0.06636331230401993,0.41085419058799744,0.38087889552116394,-0.0027636056765913963,0.5574631690979004,0.36579006910324097,0.24140553176403046,0.4446414113044739,0.3366665840148926,0.22661298513412476,0.5317295789718628,0.3882700800895691,-0.09717924147844315,0.4857155978679657,0.3806788921356201,0.03132624551653862,0.45517081022262573,0.4020642340183258,0.4333329200744629,0.4327493906021118,0.3930909335613251,0.055388305336236954,0.5317027568817139,0.38280028104782104,0.027236832305788994,0.4506825804710388,0.3511580228805542,0.19927458465099335,0.5127063989639282,0.36709585785865784,-0.028703153133392334,0.5899471640586853,0.45107853412628174,0.37993788719177246,0.41429057717323303,0.38470906019210815,0.1054791510105133,0.49719610810279846,0.36481282114982605,-0.055819157510995865,0.6907695531845093,0.44138267636299133,0.1621476113796234,0.703992486000061,0.4703262448310852,0.19870953261852264,0.5568100214004517,0.3958893418312073,0.32427191734313965,0.6692959070205688,0.43427884578704834,0.21303696930408478,0.43472644686698914,0.35149192810058594,0.3264513313770294,0.7390695810317993,0.4735761284828186,0.016188492998480797,0.5305114388465881,0.4020116329193115,-0.07780754566192627,0.5074385404586792,0.3795756697654724,0.046033989638090134,0.4615793228149414,0.34977900981903076,0.27550092339515686,0.44795843958854675,0.3643711805343628,0.15021869540214539,0.44030213356018066,0.37090200185775757,0.1331900656223297,0.6376887559890747,0.3918004035949707,0.03795084357261658,0.596036970615387,0.38002443313598633,0.22822101414203644,0.7586052417755127,0.5013446807861328,-0.019298553466796875,0.7423189878463745,0.479942262172699,0.08665428310632706,0.7266138792037964,0.4751749336719513,0.13863354921340942,0.4309951066970825,0.3764927387237549,0.11891216039657593,0.42157232761383057,0.3807770013809204,0.11095675826072693,0.4165491759777069,0.3834790885448456,0.10872872918844223,0.4399183690547943,0.33375030755996704,0.2603297531604767,0.41491544246673584,0.37401503324508667,0.11504769325256348,0.42046576738357544,0.36615121364593506,0.12374857068061829,0.4281022846698761,0.3591526746749878,0.1376514881849289,0.43681439757347107,0.3541296720504761,0.15421397984027863,0.44336774945259094,0.3525187373161316,0.1669112741947174,0.42202743887901306,0.37008678913116455,0.4109548032283783,0.45075875520706177,0.35965752601623535,0.16589045524597168,0.5798779726028442,0.3923027217388153,0.00027576740831136703,0.5385465025901794,0.37941446900367737,-0.028988225385546684,0.5547621250152588,0.4060613512992859,-0.0495404377579689,0.710861325263977,0.45195072889328003,0.11287560313940048,0.7234375476837158,0.4640267789363861,0.0647314041852951,0.7444257736206055,0.48891666531562805,-0.03590909019112587,0.6760513782501221,0.46896952390670776,0.2665095627307892,0.4139755368232727,0.3805835247039795,0.10987194627523422,0.4518156349658966,0.3760121762752533,-0.008278148248791695,0.7548001408576965,0.4870724081993103,0.03296934440732002,0.5991412997245789,0.4107956290245056,0.29860547184944153,0.6357243061065674,0.4286646842956543,-0.01465049758553505,0.6478670239448547,0.42675071954727173,-0.01830838993191719,0.6615325212478638,0.425965279340744,-0.021764924749732018,0.6736802458763123,0.42812302708625793,-0.019025832414627075,0.675480842590332,0.44728580117225647,-0.007192300166934729,0.6006883382797241,0.3877745270729065,0.0297238789498806,0.6036407351493835,0.3817020058631897,0.03652004897594452,0.604902446269989,0.3761816620826721,0.04179269075393677,0.6231606602668762,0.39688774943351746,0.06008600443601608,0.5995941758155823,0.3768048882484436,0.16092577576637268,0.42692306637763977,0.38186711072921753,0.016494035720825195,0.40143653750419617,0.3814390301704407,0.07308917492628098,0.406314492225647,0.3797697424888611,0.09810072928667068,0.5971108675003052,0.3927673101425171,0.027772244065999985,0.6459838151931763,0.403487890958786,0.1791132390499115,0.3993555009365082,0.3835381269454956,0.0307454876601696,0.6911121606826782,0.4574900269508362,0.00038420382770709693,0.43590572476387024,0.3761630058288574,-0.030850596725940704,0.490113765001297,0.3745599687099457,-0.008600939996540546,0.693000078201294,0.47297120094299316,-0.04319821298122406,0.6698268055915833,0.4254758358001709,0.0711856409907341,0.5536435842514038,0.383533239364624,0.041956838220357895,0.6836950778961182,0.4422794580459595,0.03689431771636009,0.5703280568122864,0.37073713541030884,0.08757663518190384,0.581894040107727,0.3836083710193634,0.058563075959682465,0.6073562502861023,0.3803632855415344,0.11191879212856293,0.7208603024482727,0.4783983826637268,-0.04063891991972923,0.5036866068840027,0.3777109384536743,0.011337602511048317,0.6891067028045654,0.43284401297569275,0.0946219190955162,0.7014188766479492,0.4505627453327179,0.051671575754880905,0.6510460376739502,0.40857434272766113,0.0965239629149437,0.6273342370986938,0.3955177068710327,0.21778394281864166,0.660790741443634,0.4104442596435547,0.1290772259235382,0.636630117893219,0.4248214364051819,0.2675866484642029,0.6137956380844116,0.3898807168006897,0.07909563928842545,0.4684809446334839,0.3787604570388794,0.013097028248012066,0.534416139125824,0.3705477714538574,-0.049428876489400864,0.541158139705658,0.37382781505584717,-0.025454852730035782,0.5195749998092651,0.36283960938453674,-0.06875938177108765,0.3984294533729553,0.3680652678012848,0.08620477467775345,0.4061388373374939,0.35166946053504944,0.10764108598232269,0.4167245030403137,0.3406997323036194,0.13099710643291473,0.4273403286933899,0.33455339074134827,0.1583077758550644,0.436893105506897,0.33516523241996765,0.1826084852218628,0.45456844568252563,0.35061419010162354,0.21449153125286102,0.5135437250137329,0.38278186321258545,0.33948561549186707,0.47288379073143005,0.36319485306739807,0.17901401221752167,0.47117650508880615,0.3701747953891754,0.14942002296447754,0.4605630338191986,0.37884169816970825,0.12144847214221954,0.44603514671325684,0.38599342107772827,0.0997946709394455,0.4339321553707123,0.3896850347518921,0.08294086903333664,0.4250408411026001,0.3911582827568054,0.07287828624248505,0.4953145980834961,0.4243771433830261,0.43334922194480896,0.5428283214569092,0.38117700815200806,-0.017753440886735916,0.4735742211341858,0.37119436264038086,-0.0291266031563282,0.5312553644180298,0.36935365200042725,-0.07886136323213577,0.5323916077613831,0.38671034574508667,-0.08410736918449402,0.5326913595199585,0.377166211605072,-0.06963752210140228,0.5435425043106079,0.38996657729148865,-0.019794121384620667,0.5333215594291687,0.38639068603515625,-0.09229017794132233,0.5326150059700012,0.3984437584877014,-0.07321171462535858,0.41290315985679626,0.3866829574108124,0.0915825217962265,0.4141111969947815,0.39034271240234375,0.0646975040435791,0.4179666340351105,0.39091160893440247,0.04132663458585739,0.44742101430892944,0.35225075483322144,0.1777472198009491,0.44448092579841614,0.34497565031051636,0.18697956204414368,0.2889682650566101,0.4888526499271393,-0.047667037695646286,0.30060505867004395,0.47589120268821716,-0.047667037695646286,0.2732379734516144,0.4853280186653137,-0.047667037695646286,0.2762116491794586,0.5020199418067932,-0.047667037695646286,0.3037702441215515,0.4924798905849457,-0.047667037695646286,0.43063437938690186,0.3571847677230835,0.14039145410060883,0.4396737515926361,0.3498947024345398,0.14039145410060883,0.41770491003990173,0.35002556443214417,0.14039145410060883,0.4211641550064087,0.36460116505622864,0.14039145410060883,0.44302448630332947,0.36409562826156616,0.14039145410060883,0,0,0,0,0,1,1,0,0,0,0,0,0.09331080317497253,0.07306808233261108,0.1366247981786728,0.07141047716140747,0.02914755418896675,0.06604399532079697,0.0797218382358551,0.06926415115594864,0.0729796290397644,0.10277540981769562,0.8568853139877319,0.23764096200466156,Neutral,6.128725051879883,-34.6959228515625
55,1.8333333333333333,28.774888749671728,-3.7472852814610618,0.24628662742975446,0.586785078048706,0.4724119305610657,-0.09879123419523239,0.5391063690185547,0.41187766194343567,-0.12706881761550903,0.5417950749397278,0.44802334904670715,-0.08412645757198334,0.45579689741134644,0.41633689403533936,-0.08752909302711487,0.521747350692749,0.40219631791114807,-0.1273435801267624,0.49477678537368774,0.40110376477241516,-0.10873854905366898,0.4196186363697052,0.4047154188156128,-0.022283906117081642,0.24994388222694397,0.5243611335754395,-0.04264042526483536,0.3819066286087036,0.3962768018245697,0.014425146393477917,0.3628793954849243,0.38472723960876465,0.02375226654112339,0.27563774585723877,0.35317346453666687,0.09187501668930054,0.5942357778549194,0.47801387310028076,-0.098846934735775,0.6008243560791016,0.4849252700805664,-0.09484872221946716,0.6040896773338318,0.4903264343738556,-0.08851674199104309,0.6069287657737732,0.4917619824409485,-0.07824455201625824,0.6166817545890808,0.49717432260513306,-0.08573339879512787,0.6264396905899048,0.5043220520019531,-0.09382796287536621,0.633703887462616,0.5120319128036499,-0.09411557763814926,0.6737163066864014,0.5330890417098999,-0.08289697766304016,0.5452041625976562,0.4253075420856476,-0.11966198682785034,0.5216385722160339,0.44849729537963867,-0.10331383347511292,0.08473241329193115,0.5893198251724243,0.02808874100446701,0.31774505972862244,0.4923340976238251,-0.029540834948420525,0.3017602562904358,0.5064699053764343,-0.04386397451162338,0.28282225131988525,0.5207193493843079,-0.05193788558244705,0.2446826994419098,0.5364935398101807,-0.05066942423582077,0.3286893963813782,0.47927752137184143,-0.011420692317187786,0.25429484248161316,0.48007625341415405,-0.037953492254018784,0.2774279713630676,0.4663906693458557,-0.017775600776076317,0.23519879579544067,0.49683496356010437,-0.047964394092559814,0.22499437630176544,0.5121904015541077,-0.0503012090921402,0.23801013827323914,0.5582407712936401,-0.05485900118947029,0.6202555894851685,0.6160475611686707,-0.12002137303352356,0.23538139462471008,0.5287846326828003,-0.03994902968406677,0.157376229763031,0.6355606317520142,-0.005034967791289091,0.2040431946516037,0.5683647394180298,-0.044146377593278885,0.39858296513557434,0.5253806710243225,-0.09201056510210037,0.5566450357437134,0.490354984998703,-0.11338670551776886,0.5753748416900635,0.5032138228416443,-0.1080864816904068,0.529679536819458,0.5156689286231995,-0.12045804411172867,0.5123809576034546,0.5338833332061768,-0.11626167595386505,0.550275981426239,0.5204147100448608,-0.11299039423465729,0.5310739874839783,0.5342482328414917,-0.10643114149570465,0.5242959260940552,0.5973140001296997,-0.10593045502901077,0.5239512920379639,0.4236416220664978,-0.13476312160491943,0.5047531127929688,0.4166400730609894,-0.13638031482696533,0.18622176349163055,0.5218766331672668,-0.05958571657538414,0.39260658621788025,0.4756162762641907,-0.04736397787928581,0.4592885375022888,0.4833948612213135,-0.11387266963720322,0.4441964030265808,0.48438936471939087,-0.10486498475074768,0.3308314383029938,0.5788446068763733,-0.11213992536067963,0.4799589514732361,0.41502705216407776,-0.11738936603069305,0.2270171344280243,0.4682246446609497,-0.048663608729839325,0.20044684410095215,0.49494901299476624,-0.058270618319511414,0.08841061592102051,0.5394236445426941,0.01989712007343769,0.3256130516529083,0.42085930705070496,-0.008145309053361416,0.300037145614624,0.4586119055747986,0.0002940964186564088,0.48573729395866394,0.596950352191925,-0.11081411689519882,0.3460860252380371,0.7554123401641846,-0.028884798288345337,0.4835386574268341,0.47920066118240356,-0.0979561060667038,0.5046359300613403,0.4696353077888489,-0.08975639194250107,0.49793893098831177,0.5582815408706665,-0.09931042790412903,0.5047541856765747,0.554451584815979,-0.0952959954738617,0.17885726690292358,0.4968065619468689,-0.04874560609459877,0.4616487920284271,0.49506381154060364,-0.1052224189043045,0.26768091320991516,0.4434836804866791,-0.03124372847378254,0.25495222210884094,0.4354175925254822,-0.030202265828847885,0.16082236170768738,0.4346979856491089,0.024177847430109978,0.13531479239463806,0.517225444316864,-0.015978962182998657,0.20876699686050415,0.429617315530777,-0.00039357555215246975,0.16384145617485046,0.5291234254837036,-0.04610168933868408,0.12688682973384857,0.5613074898719788,-0.005997861735522747,0.5664904117584229,0.4972125291824341,-0.11338716000318527,0.5402548313140869,0.5181698203086853,-0.1179678812623024,0.5217469334602356,0.5340765714645386,-0.11284885555505753,0.49007418751716614,0.48014456033706665,-0.09037329256534576,0.5015807151794434,0.5563001036643982,-0.09645310044288635,0.519157886505127,0.5529429912567139,-0.10008100420236588,0.5077345967292786,0.5527292490005493,-0.0943305492401123,0.4961701035499573,0.45494353771209717,-0.1219334602355957,0.5372931957244873,0.5340046286582947,-0.10279189795255661,0.5572675466537476,0.5215476155281067,-0.10555241256952286,0.5805941224098206,0.5067622661590576,-0.10235647112131119,0.6418272852897644,0.5563430190086365,-0.09806569665670395,0.6045878529548645,0.5315932631492615,-0.1096189096570015,0.5982120633125305,0.5232284069061279,-0.10876113176345825,0.5901947617530823,0.5146631598472595,-0.1001916155219078,0.5835021138191223,0.508400022983551,-0.09216520190238953,0.539610743522644,0.5356094837188721,-0.09472419321537018,0.5400108695030212,0.5405806303024292,-0.10050921887159348,0.5403203964233398,0.5474327802658081,-0.10680954903364182,0.540885329246521,0.5542668700218201,-0.10824445635080338,0.477083295583725,0.5469055771827698,-0.11255218833684921,0.21767453849315643,0.7255891561508179,0.027550581842660904,0.5438706278800964,0.4371429979801178,-0.09551338106393814,0.5234693288803101,0.5445554256439209,-0.09299936145544052,0.5215842127799988,0.5483506321907043,-0.09709567576646805,0.5175869464874268,0.4688488245010376,-0.09496132284402847,0.4748505651950836,0.5014213919639587,-0.08683157712221146,0.5117589831352234,0.46902036666870117,-0.09228873997926712,0.3812962472438812,0.4969766139984131,-0.062248967587947845,0.3608360290527344,0.5257064700126648,-0.08507850766181946,0.44553446769714355,0.49597951769828796,-0.09778479486703873,0.11246494948863983,0.487938791513443,0.01595069095492363,0.16138048470020294,0.473822683095932,-0.013275091536343098,0.2096319943666458,0.46462658047676086,-0.041730113327503204,0.5599836111068726,0.5900856852531433,-0.10884277522563934,0.30585286021232605,0.40774112939834595,-0.008100022561848164,0.2572646737098694,0.39517655968666077,0.022856667637825012,0.2142712026834488,0.39186736941337585,0.050632841885089874,0.2621281147003174,0.5322635769844055,-0.05362865701317787,0.2279108464717865,0.5827564597129822,-0.06303896754980087,0.3346728980541229,0.46938079595565796,5.030306419939734e-05,0.2107195407152176,0.5339739322662354,-0.051889196038246155,0.3973647952079773,0.45722103118896484,-0.041386980563402176,0.470907598733902,0.4601081311702728,-0.12351467460393906,0.2229851484298706,0.6193127632141113,-0.06683322042226791,0.252374529838562,0.5793212652206421,-0.08015419542789459,0.2855238616466522,0.5619477033615112,-0.08203574270009995,0.32125774025917053,0.5301398634910583,-0.06498099863529205,0.34180572628974915,0.5051479935646057,-0.04457739740610123,0.3553083837032318,0.4854636788368225,-0.03003268502652645,0.40533939003944397,0.42063695192337036,-0.031008966267108917,0.26494723558425903,0.6370590329170227,-0.09043066203594208,0.1914803683757782,0.5461570620536804,-0.05188468098640442,0.5359669923782349,0.43136754631996155,-0.12621009349822998,0.41449660062789917,0.47874578833580017,-0.06418564170598984,0.13003301620483398,0.6732529401779175,0.04975025728344917,0.36501187086105347,0.46805477142333984,-0.01723575033247471,0.44012877345085144,0.5051457285881042,-0.07667794823646545,0.2266155481338501,0.535438060760498,-0.04355975612998009,0.4538223445415497,0.46186721324920654,-0.11099909991025925,0.27362725138664246,0.746209979057312,0.0034543818328529596,0.32740747928619385,0.4674798250198364,0.008033189922571182,0.4658890962600708,0.43591970205307007,-0.11848317831754684,0.47130486369132996,0.6959941983222961,-0.1005617305636406,0.4872936010360718,0.7258418798446655,-0.087700754404068,0.2354736328125,0.6874196529388428,-0.03348859027028084,0.4098629355430603,0.7139650583267212,-0.09032469987869263,0.13618104159832,0.5984368920326233,0.001014039502479136,0.639814019203186,0.6354349851608276,-0.12392821907997131,0.5359013080596924,0.4420508146286011,-0.09866852313280106,0.40801501274108887,0.5010488033294678,-0.07337772846221924,0.1874668002128601,0.5855268239974976,-0.03820766881108284,0.2774500846862793,0.5105938911437988,-0.042875226587057114,0.29391705989837646,0.49935245513916016,-0.036736857146024704,0.5163991451263428,0.5577426552772522,-0.10186736285686493,0.3049244284629822,0.661179780960083,-0.09593970328569412,0.7085894346237183,0.6189244985580444,-0.11339835822582245,0.6092649698257446,0.6751969456672668,-0.10804654657840729,0.5563694834709167,0.6993452310562134,-0.09972690790891647,0.31082555651664734,0.36325323581695557,0.0574970580637455,0.7511780261993408,0.5849617719650269,-0.08730246126651764,0.3060355484485626,0.4888686239719391,-0.024145003408193588,0.31638309359550476,0.47821319103240967,-0.009969759732484818,0.3238688111305237,0.4710598289966583,0.002279095584526658,0.17097601294517517,0.5575441718101501,-0.0393686406314373,0.3030877113342285,0.4717145562171936,-0.00607888912782073,0.28361597657203674,0.48056477308273315,-0.01907256990671158,0.2662681043148041,0.49180325865745544,-0.030941057950258255,0.25086021423339844,0.5053533315658569,-0.03990471363067627,0.24265429377555847,0.5156854391098022,-0.04212546721100807,0.09720796346664429,0.631733775138855,0.04332159459590912,0.2630907893180847,0.5185379385948181,-0.0441010482609272,0.5524288415908813,0.4537390172481537,-0.0841822698712349,0.48731309175491333,0.5217624306678772,-0.10943973809480667,0.4834088087081909,0.47346773743629456,-0.10175838321447372,0.5259163975715637,0.47709792852401733,-0.10179779678583145,0.39656341075897217,0.40463578701019287,0.005157712381333113,0.5320889353752136,0.6783766150474548,-0.1051512137055397,0.5847518444061279,0.6592897772789001,-0.11325214058160782,0.693062961101532,0.6046001315116882,-0.12365006655454636,0.42058247327804565,0.7461802363395691,-0.062115803360939026,0.31922510266304016,0.4682030975818634,0.002507972763851285,0.42466986179351807,0.4369911849498749,-0.06025708466768265,0.7373365163803101,0.5704129934310913,-0.09898073226213455,0.6604735851287842,0.648347020149231,-0.11869443953037262,0.2847760319709778,0.7096168398857117,-0.0492713563144207,0.5602508783340454,0.5234040021896362,-0.09605833142995834,0.563397228717804,0.5294688940048218,-0.10327216982841492,0.5677672624588013,0.5373913645744324,-0.11051138490438461,0.5727927684783936,0.5456473231315613,-0.11215505003929138,0.5998630523681641,0.5770976543426514,-0.10968872904777527,0.51605224609375,0.5452876687049866,-0.10128873586654663,0.5086580514907837,0.5467973947525024,-0.105532206594944,0.5014527440071106,0.547817587852478,-0.1089644730091095,0.47608956694602966,0.5726944208145142,-0.11298862099647522,0.3504681885242462,0.6267494559288025,-0.11735278367996216,0.40074974298477173,0.4378261864185333,-0.03339393436908722,0.33949097990989685,0.4451712369918823,0.01696743071079254,0.3253456950187683,0.45664066076278687,0.010504917241632938,0.522193193435669,0.5435380339622498,-0.09841856360435486,0.3930903673171997,0.6704608798027039,-0.10687044262886047,0.3623415529727936,0.42971527576446533,0.00047056065523065627,0.6063583493232727,0.5978981852531433,-0.11216427385807037,0.46901172399520874,0.40321487188339233,-0.07858583331108093,0.4314267039299011,0.4188924729824066,-0.057999756187200546,0.4449706971645355,0.4043463468551636,-0.04842600226402283,0.4383944272994995,0.4592472314834595,-0.0805976614356041,0.7160201668739319,0.5550311207771301,-0.10021303594112396,0.6913788318634033,0.5435256958007812,-0.09048481285572052,0.6547515988349915,0.5715858936309814,-0.10681590437889099,0.5144158005714417,0.6193100214004517,-0.11000576615333557,0.43669864535331726,0.5269155502319336,-0.08875485509634018,0.5604036450386047,0.6135961413383484,-0.11122740805149078,0.387911319732666,0.5629382133483887,-0.11397033929824829,0.43659138679504395,0.5513821840286255,-0.10573714226484299,0.3984339237213135,0.6010010242462158,-0.12004274129867554,0.6736972332000732,0.5871989130973816,-0.12202000617980957,0.4312858283519745,0.48038148880004883,-0.07933179289102554,0.514970064163208,0.6487436890602112,-0.11191115528345108,0.5682997703552246,0.6350839138031006,-0.11333443969488144,0.4705158472061157,0.616426944732666,-0.11743340641260147,0.3438229560852051,0.6808941960334778,-0.09692764282226562,0.44737377762794495,0.6505885720252991,-0.11570481956005096,0.3412947952747345,0.7215039730072021,-0.06854721158742905,0.4432748556137085,0.5813841819763184,-0.11553812772035599,0.4194580912590027,0.4579615890979767,-0.06188754364848137,0.4874284863471985,0.45712488889694214,-0.12705564498901367,0.47284579277038574,0.47991761565208435,-0.11208488047122955,0.4879114627838135,0.43668466806411743,-0.13340617716312408,0.313997358083725,0.4440825581550598,0.004305399022996426,0.27544498443603516,0.45766717195510864,-0.020033318549394608,0.245794415473938,0.47484689950942993,-0.04134100303053856,0.22337466478347778,0.49495431780815125,-0.05439502373337746,0.21039313077926636,0.514838457107544,-0.057160213589668274,0.21794253587722778,0.5505732297897339,-0.045301832258701324,0.19305013120174408,0.66310054063797,-0.022272052243351936,0.25614607334136963,0.5534709692001343,-0.060818418860435486,0.28279250860214233,0.5399184226989746,-0.06042071804404259,0.30895620584487915,0.5188652276992798,-0.051084402948617935,0.3289673328399658,0.498319536447525,-0.03340693190693855,0.34174975752830505,0.48194003105163574,-0.015499832108616829,0.35093602538108826,0.46905529499053955,-0.004355239681899548,0.17214608192443848,0.7014708518981934,0.04512777552008629,0.47457557916641235,0.48758554458618164,-0.1027136743068695,0.44643449783325195,0.43553024530410767,-0.08643822371959686,0.5073713064193726,0.43714702129364014,-0.13356387615203857,0.5221962332725525,0.44079357385635376,-0.12064101547002792,0.508092999458313,0.4440656006336212,-0.12445907294750214,0.4820401668548584,0.49084004759788513,-0.09265004843473434,0.5285301804542542,0.4364067614078522,-0.1250571310520172,0.5290961265563965,0.44625693559646606,-0.10094555467367172,0.3374483585357666,0.4612247943878174,0.012211051769554615,0.3548916280269623,0.45523709058761597,0.00782889686524868,0.3681165277957916,0.4504794776439667,-0.00633786479011178,0.23848332464694977,0.5227628946304321,-0.04226331785321236,0.22097498178482056,0.5258525013923645,-0.04832121729850769,0.4838646352291107,0.3962882161140442,-0.05667278170585632,0.4725646674633026,0.3629712462425232,0.17995834350585938,0.5529699325561523,0.42629027366638184,-0.08014392852783203,0.4567940831184387,0.3446820378303528,0.38824835419654846,0.4585503041744232,0.388252317905426,0.11444111168384552,0.47086477279663086,0.38129276037216187,0.12938007712364197,0.48156267404556274,0.37532418966293335,0.1477227658033371,0.48405277729034424,0.3654399514198303,0.18464136123657227,0.4457320272922516,0.39362937211990356,0.10229939222335815,0.4326866865158081,0.35783839225769043,0.14009778201580048,0.4215324819087982,0.367108553647995,0.12311983108520508,0.4459920823574066,0.3521639108657837,0.15813806653022766,0.4584127366542816,0.35153236985206604,0.1731918305158615,0.5090808868408203,0.3671082556247711,0.1981496661901474,0.7430186867713928,0.5115554928779602,-0.013604291714727879,0.4724680185317993,0.3596346378326416,0.1926652193069458,0.5281376838684082,0.3758898377418518,0.34453684091567993,0.5042153000831604,0.36008283495903015,0.24044737219810486,0.5729278922080994,0.400019109249115,0.05423477664589882,0.605842113494873,0.4531862139701843,-0.07607903331518173,0.6190078854560852,0.4693728983402252,-0.07372244447469711,0.6260354518890381,0.44049838185310364,-0.04320491850376129,0.6390528678894043,0.4338489770889282,-0.009129129350185394,0.631286084651947,0.4573211967945099,-0.04590421915054321,0.639546811580658,0.44869714975357056,-0.015996113419532776,0.6946069598197937,0.4639609456062317,0.03303006663918495,0.5506832599639893,0.40480875968933105,-0.1147947758436203,0.5356385707855225,0.39471936225891113,-0.11257151514291763,0.4586225152015686,0.3391415774822235,0.20482349395751953,0.4975636303424835,0.4012717604637146,0.046990908682346344,0.5697999596595764,0.3993164300918579,-0.025018157437443733,0.5583442449569702,0.39803963899612427,-0.013160290196537971,0.6034254431724548,0.38444656133651733,0.1290913224220276,0.5095794200897217,0.39378851652145386,-0.08692461252212524,0.4206116795539856,0.3402724862098694,0.13554994761943817,0.4391753077507019,0.3361632823944092,0.17228816449642181,0.4284210205078125,0.3241060972213745,0.3416236937046051,0.3919060230255127,0.37503987550735474,0.052679769694805145,0.41599610447883606,0.377910315990448,0.11492397636175156,0.68159419298172,0.446742981672287,0.05735054239630699,0.6901309490203857,0.488010972738266,0.3127991557121277,0.5668904185295105,0.41478270292282104,-0.032029833644628525,0.5594223737716675,0.4273420572280884,-0.05702531337738037,0.6554810404777527,0.4311131536960602,0.04620020091533661,0.6518326997756958,0.43549951910972595,0.03238285705447197,0.4327799081802368,0.32999473810195923,0.19674913585186005,0.5747603178024292,0.40794551372528076,-0.01792173646390438,0.40415188670158386,0.35195720195770264,0.09519067406654358,0.3931783437728882,0.34442269802093506,0.10030973702669144,0.3608033359050751,0.31496545672416687,0.2090776562690735,0.44076669216156006,0.3212420344352722,0.25558581948280334,0.3814529776573181,0.32476404309272766,0.15071147680282593,0.4568259119987488,0.3347598612308502,0.23808178305625916,0.46767279505729675,0.3356805443763733,0.30265387892723083,0.613782525062561,0.4609025716781616,-0.07643403857946396,0.6294901967048645,0.4488687217235565,-0.045291054993867874,0.6399250030517578,0.44092750549316406,-0.015023734420537949,0.5651645064353943,0.4211030900478363,-0.036129411309957504,0.6536489725112915,0.43342018127441406,0.038100797683000565,0.6549414396286011,0.4431381821632385,0.012952936813235283,0.6501542925834656,0.4374842643737793,0.029383275657892227,0.5602900385856628,0.40796494483947754,-0.061641763895750046,0.6380956172943115,0.45497217774391174,-0.016802016645669937,0.6312272548675537,0.46427831053733826,-0.042143188416957855,0.6204054355621338,0.47598356008529663,-0.0672062411904335,0.6944323182106018,0.5136882662773132,-0.06332261860370636,0.6529667377471924,0.4921506345272064,-0.07185007631778717,0.6446610689163208,0.48546624183654785,-0.07031108438968658,0.6332212686538696,0.4799770712852478,-0.0615132600069046,0.6226286888122559,0.4772789776325226,-0.05590250343084335,0.6387537717819214,0.45568615198135376,-0.008478228934109211,0.6467822790145874,0.4544844627380371,-0.014137816615402699,0.6553698778152466,0.45406386256217957,-0.01744280755519867,0.6630823016166687,0.45501506328582764,-0.011124798096716404,0.6351756453514099,0.42610254883766174,0.011759978719055653,0.5989106297492981,0.447338730096817,0.4094719886779785,0.6431611776351929,0.4475814402103424,0.01501312293112278,0.6494408845901489,0.4451458156108856,0.011422079056501389,0.561589777469635,0.43449845910072327,-0.06277137249708176,0.5778669118881226,0.4208511710166931,-0.01644141785800457,0.5606979131698608,0.4310227632522583,-0.06050341576337814,0.5207827091217041,0.3980599045753479,0.0644223541021347,0.5538156032562256,0.38985952734947205,0.08664064854383469,0.5661962032318115,0.40440571308135986,-0.0029435825999826193,0.396506130695343,0.3135438561439514,0.2782423496246338,0.41137751936912537,0.3183816373348236,0.20550879836082458,0.41127750277519226,0.33266276121139526,0.15331149101257324,0.7010883688926697,0.4775061011314392,0.005694400519132614,0.374255895614624,0.36279141902923584,0.058580972254276276,0.3502943515777588,0.3397849202156067,0.10169916599988937,0.32351094484329224,0.3274605870246887,0.14389552175998688,0.4860033392906189,0.3698804974555969,0.1678132712841034,0.534050464630127,0.3682096004486084,0.21882110834121704,0.43553978204727173,0.39617401361465454,0.10152187943458557,0.4739645719528198,0.35220253467559814,0.2051570564508438,0.4773634672164917,0.40092140436172485,0.033663198351860046,0.5585086941719055,0.3956003785133362,-0.05181178078055382,0.5732709765434265,0.37299084663391113,0.2539384067058563,0.5442762970924377,0.37215906381607056,0.18555116653442383,0.5414961576461792,0.3792917728424072,0.14317090809345245,0.517336905002594,0.39028316736221313,0.10751902312040329,0.4929152727127075,0.3971901535987854,0.0860944464802742,0.47402507066726685,0.40106940269470215,0.06749262660741806,0.43819278478622437,0.3979777693748474,0.0008420307422056794,0.615188479423523,0.385028600692749,0.2301306277513504,0.48017531633377075,0.3488447964191437,0.22830522060394287,0.5518615245819092,0.4204820394515991,-0.1103004738688469,0.5183287858963013,0.4030042290687561,0.02717990055680275,0.5146926045417786,0.4025987386703491,0.4417136311531067,0.45678383111953735,0.40273183584213257,0.05884523317217827,0.5650737285614014,0.4101651906967163,0.019004715606570244,0.47655433416366577,0.358932763338089,0.20110221207141876,0.5442702770233154,0.3948558568954468,-0.03832937777042389,0.6448906660079956,0.4669702351093292,0.3694460391998291,0.4268897473812103,0.3950994312763214,0.11454304307699203,0.5255773067474365,0.39280813932418823,-0.06514811515808105,0.7358055114746094,0.47958454489707947,0.1405785232782364,0.7493621110916138,0.5087136030197144,0.1731225699186325,0.6160482168197632,0.4096348285675049,0.316224604845047,0.7188019752502441,0.46722471714019775,0.19268068671226501,0.4936453700065613,0.3557245135307312,0.3326716721057892,0.7657814025878906,0.524639904499054,-0.009210415184497833,0.5489221811294556,0.4330630302429199,-0.08908204734325409,0.54246985912323,0.40361475944519043,0.03987884521484375,0.5142137408256531,0.3623168468475342,0.27540090680122375,0.466879278421402,0.3702191114425659,0.152988463640213,0.4588158130645752,0.376409649848938,0.13681155443191528,0.6597237586975098,0.4417881965637207,0.01953044719994068,0.6521209478378296,0.40422946214675903,0.21290595829486847,0.7756960988044739,0.5573246479034424,-0.046109579503536224,0.7757358551025391,0.5280814170837402,0.06000950559973717,0.7660999298095703,0.518918514251709,0.11245366930961609,0.44881558418273926,0.3826746642589569,0.12391030788421631,0.4376256465911865,0.38891786336898804,0.11764782667160034,0.4305780827999115,0.3931305408477783,0.1169070452451706,0.4820418953895569,0.3473956882953644,0.2629079818725586,0.4282046854496002,0.3831045627593994,0.12371204793453217,0.4348142743110657,0.3738515377044678,0.13100196421146393,0.4443192481994629,0.3658658266067505,0.14344854652881622,0.45537883043289185,0.3606671690940857,0.15844681859016418,0.46386486291885376,0.35918736457824707,0.17056560516357422,0.4821503758430481,0.3701549768447876,0.4250645041465759,0.47069382667541504,0.3661016821861267,0.16830894351005554,0.6116507649421692,0.4252377152442932,-0.015276835300028324,0.566601574420929,0.4101826250553131,-0.03934188932180405,0.5768745541572571,0.43796706199645996,-0.06339126080274582,0.7507309913635254,0.494952917098999,0.09009483456611633,0.7574117183685303,0.5102233290672302,0.04058554768562317,0.7619097232818604,0.5438180565834045,-0.06111080199480057,0.7251176238059998,0.5013854503631592,0.2427772879600525,0.42683500051498413,0.3907080888748169,0.11865375190973282,0.48036855459213257,0.39774471521377563,-0.00975106656551361,0.7809446454048157,0.5394787788391113,0.005878237076103687,0.656264066696167,0.4306235611438751,0.2860283851623535,0.6326701641082764,0.46533066034317017,-0.03153558075428009,0.6424434185028076,0.4657306671142578,-0.0363013930618763,0.6529159545898438,0.4682628810405731,-0.040226440876722336,0.6622524261474609,0.47290489077568054,-0.0377444326877594,0.7026808261871338,0.49375975131988525,-0.02631116658449173,0.6458300352096558,0.441288024187088,0.011734689585864544,0.6479135751724243,0.43572452664375305,0.01819637604057789,0.6487558484077454,0.4304684102535248,0.023394646123051643,0.6596272587776184,0.43301326036453247,0.04207595810294151,0.6507635116577148,0.4046916961669922,0.14447467029094696,0.4560813903808594,0.39959102869033813,0.01860956847667694,0.41304856538772583,0.3925132751464844,0.08368042856454849,0.4182067811489105,0.39029404520988464,0.10759982466697693,0.6430851817131042,0.4470110535621643,0.009905795566737652,0.6962980031967163,0.43639108538627625,0.16024760901927948,0.41148823499679565,0.39478763937950134,0.039820533245801926,0.7186858654022217,0.5037412643432617,-0.0196225605905056,0.4620942175388336,0.39721590280532837,-0.030827106907963753,0.520581066608429,0.39942634105682373,-0.014172716066241264,0.7126871943473816,0.5224454402923584,-0.06266500800848007,0.7074915170669556,0.46617239713668823,0.0510491207242012,0.5895204544067383,0.41266265511512756,0.03130507469177246,0.7171417474746704,0.4856163263320923,0.016688665375113487,0.614176332950592,0.399406760931015,0.07449083030223846,0.620373010635376,0.4152612090110779,0.04461462423205376,0.6530122756958008,0.41222792863845825,0.09590896219015121,0.7397012114524841,0.530744194984436,-0.06356457620859146,0.5359702706336975,0.4024990200996399,0.004851162433624268,0.729453444480896,0.4746675193309784,0.07313095778226852,0.7360153794288635,0.4948779344558716,0.029522381722927094,0.691491961479187,0.44633251428604126,0.07670093327760696,0.6814473867416382,0.42421671748161316,0.20036068558692932,0.7066195011138916,0.44751352071762085,0.10907749086618423,0.6905704140663147,0.4510433077812195,0.25025323033332825,0.6533951163291931,0.42435750365257263,0.06207122653722763,0.49912089109420776,0.4006507694721222,0.010274467058479786,0.5625021457672119,0.40176811814308167,-0.06169179826974869,0.5716495513916016,0.4044561982154846,-0.03713566064834595,0.5474269986152649,0.3935161828994751,-0.08108188211917877,0.40640789270401,0.3788047432899475,0.09655219316482544,0.41494283080101013,0.3618963658809662,0.11550557613372803,0.4289100170135498,0.3507288992404938,0.13607239723205566,0.4445230960845947,0.34498152136802673,0.16096685826778412,0.4587815999984741,0.34563881158828735,0.18415576219558716,0.48993903398513794,0.36042580008506775,0.21544571220874786,0.5736377835273743,0.39161163568496704,0.3360024690628052,0.5123012065887451,0.371166467666626,0.1770058274269104,0.5085992813110352,0.37768736481666565,0.14750753343105316,0.49297675490379333,0.3857329189777374,0.12040192633867264,0.47388821840286255,0.39305201172828674,0.10164152830839157,0.4580969214439392,0.3980710506439209,0.08653707057237625,0.445946604013443,0.4009067416191101,0.07836229354143143,0.5534924268722534,0.42795565724372864,0.4359554052352905,0.5728546380996704,0.4114764928817749,-0.029073406010866165,0.5016355514526367,0.3960580825805664,-0.034169454127550125,0.5568064451217651,0.4015418589115143,-0.0917537659406662,0.5541222095489502,0.41865506768226624,-0.09655967354774475,0.5572806596755981,0.40901899337768555,-0.08194151520729065,0.5721585154533386,0.4201394319534302,-0.030776511877775192,0.5544420480728149,0.41868823766708374,-0.10528942197561264,0.5524207353591919,0.42968690395355225,-0.08458052575588226,0.4260707497596741,0.3968641757965088,0.10073453933000565,0.4304946959018707,0.4009273052215576,0.07260734587907791,0.4363190829753876,0.4015989303588867,0.047047410160303116,0.4692158102989197,0.3591061234474182,0.18091867864131927,0.4680808484554291,0.3537139892578125,0.18926899135112762,0.268399178981781,0.49499309062957764,-0.025498945266008377,0.28668951988220215,0.48081645369529724,-0.025498945266008377,0.2518312931060791,0.488692969083786,-0.025498945266008377,0.24924667179584503,0.5095235109329224,-0.025498945266008377,0.284655898809433,0.5014936327934265,-0.025498945266008377,0.44647905230522156,0.3694923520088196,0.14565551280975342,0.45955130457878113,0.36102473735809326,0.14565551280975342,0.43311816453933716,0.3606230616569519,0.14565551280975342,0.4334028363227844,0.37763717770576477,0.14565551280975342,0.45968538522720337,0.37830281257629395,0.14565551280975342,0,0,0,0,0,1,1,1,0,0,0,0,0.061760611832141876,0.06393062323331833,0.11278819292783737,0.07750415802001953,0.03559310361742973,0.06906235218048096,0.118461012840271,0.09179055690765381,0.08702397346496582,0.12807263433933258,1.2041504383087158,0.22797562181949615,Happiness,-4.605873107910156,-35.24020767211914
59,1.9666666666666666,29.421914845061444,-5.209078880248039,0.4151218935786555,0.5578171014785767,0.45086538791656494,-0.1050034761428833,0.524778425693512,0.40229010581970215,-0.1307925283908844,0.5306597352027893,0.4402099549770355,-0.08803180605173111,0.4447939991950989,0.40863490104675293,-0.08804973214864731,0.5073462724685669,0.39245492219924927,-0.1303866058588028,0.48177075386047363,0.39212766289711,-0.11052773892879486,0.4112975001335144,0.3984726071357727,-0.019731169566512108,0.24204978346824646,0.5243069529533386,-0.040790051221847534,0.37622174620628357,0.39116835594177246,0.019081152975559235,0.35744723677635193,0.37960124015808105,0.02965804748237133,0.2722013294696808,0.3487643301486969,0.10222630947828293,0.5681482553482056,0.4570784568786621,-0.10560644418001175,0.5780515670776367,0.46466368436813354,-0.10190515965223312,0.5845345854759216,0.4709168076515198,-0.09634579718112946,0.5894436836242676,0.4729531407356262,-0.08191272616386414,0.6016023755073547,0.47915011644363403,-0.09025123715400696,0.6140915751457214,0.48713135719299316,-0.09816674888134003,0.6235899925231934,0.49554845690727234,-0.0975295677781105,0.6757129430770874,0.5320778489112854,-0.08541503548622131,0.5317889451980591,0.41632628440856934,-0.1236012652516365,0.5098462104797363,0.4403281807899475,-0.10712037235498428,0.089202880859375,0.5929061770439148,0.034348927438259125,0.31152644753456116,0.4894900619983673,-0.0276801697909832,0.2965899705886841,0.5037072896957397,-0.04243787005543709,0.2778901159763336,0.5183883905410767,-0.050766345113515854,0.23629876971244812,0.5360493659973145,-0.0492737852036953,0.32143133878707886,0.4763132333755493,-0.009250886738300323,0.24527578055858612,0.47949957847595215,-0.035002581775188446,0.2686227560043335,0.4655715823173523,-0.014300644397735596,0.22516049444675446,0.4968201220035553,-0.04542062431573868,0.21448922157287598,0.5124351978302002,-0.04794306680560112,0.23233073949813843,0.5566064715385437,-0.05411843955516815,0.6208124756813049,0.6165173649787903,-0.12490728497505188,0.2262185961008072,0.5293629169464111,-0.03787173703312874,0.16052155196666718,0.6399242877960205,-0.00296358042396605,0.19529783725738525,0.5689988136291504,-0.04260551929473877,0.39231789112091064,0.5220073461532593,-0.09434837847948074,0.5312541127204895,0.4694262444972992,-0.11951159685850143,0.5577369928359985,0.4827321767807007,-0.1151336207985878,0.5133183002471924,0.4962465167045593,-0.12654456496238708,0.5042238831520081,0.5144608616828918,-0.1216079592704773,0.5391700267791748,0.5001132488250732,-0.11964315921068192,0.5258528590202332,0.5135009288787842,-0.11214341968297958,0.5224703550338745,0.5965631008148193,-0.10992303490638733,0.5098985433578491,0.414399653673172,-0.1386113315820694,0.49092188477516174,0.407264769077301,-0.13960357010364532,0.17085866630077362,0.5240703821182251,-0.05639037489891052,0.38625940680503845,0.4714016914367676,-0.04711086302995682,0.44950753450393677,0.4769843518733978,-0.11745817959308624,0.4349905848503113,0.47844812273979187,-0.10791099071502686,0.32711777091026306,0.5782971382141113,-0.11512423306703568,0.46744945645332336,0.4064183533191681,-0.11934074014425278,0.2130797803401947,0.4696272015571594,-0.0444028377532959,0.18521222472190857,0.49700868129730225,-0.054519172757864,0.09124565124511719,0.5409539937973022,0.027175992727279663,0.3147808611392975,0.4187024235725403,-0.0037601320073008537,0.2910968065261841,0.45752453804016113,0.0039144582115113735,0.48246949911117554,0.5951516032218933,-0.11526685208082199,0.3556059002876282,0.761146068572998,-0.03425807133316994,0.47368669509887695,0.472491979598999,-0.10143338143825531,0.4945635199546814,0.4624895453453064,-0.09353101998567581,0.502009928226471,0.5375761985778809,-0.10348016023635864,0.5083986520767212,0.5328195691108704,-0.09925869107246399,0.16152670979499817,0.5002379417419434,-0.04435450956225395,0.4527377486228943,0.4892597794532776,-0.10897520929574966,0.25497305393218994,0.44387251138687134,-0.02681470662355423,0.24128331243991852,0.4368838369846344,-0.02514493837952614,0.16005085408687592,0.43238547444343567,0.032924916595220566,0.13415512442588806,0.5172198414802551,-0.009961112402379513,0.20516915619373322,0.4260985255241394,0.007046587765216827,0.14749684929847717,0.5327050685882568,-0.04229529947042465,0.12712745368480682,0.5632793307304382,-0.000644469226244837,0.5451397895812988,0.4765224754810333,-0.12000282853841782,0.5264348983764648,0.4983605444431305,-0.12436346709728241,0.5150353312492371,0.5140722393989563,-0.11840411275625229,0.4805237650871277,0.47344380617141724,-0.09392964094877243,0.5055500268936157,0.5350448489189148,-0.10048741102218628,0.5200546979904175,0.5326560139656067,-0.10353787243366241,0.5110215544700623,0.530958890914917,-0.0982576310634613,0.4842856526374817,0.44711196422576904,-0.12556008994579315,0.5338964462280273,0.5127397775650024,-0.10894432663917542,0.5485426187515259,0.5010700821876526,-0.1127595379948616,0.5659682750701904,0.48661676049232483,-0.11017069220542908,0.6428450345993042,0.5565349459648132,-0.10076400637626648,0.5957189798355103,0.5156512260437012,-0.11311191320419312,0.5875842571258545,0.5060678124427795,-0.11279589682817459,0.5778365135192871,0.4962669909000397,-0.10445459932088852,0.5699087381362915,0.4888071119785309,-0.09571824222803116,0.536132276058197,0.5145145058631897,-0.09784138202667236,0.5368226766586304,0.5207558870315552,-0.10381292551755905,0.5374190807342529,0.5287854075431824,-0.10998295992612839,0.5385113954544067,0.5371095538139343,-0.11135084182024002,0.4701738953590393,0.5427457094192505,-0.11710868030786514,0.2269158512353897,0.7325210571289062,0.026652807369828224,0.5315312147140503,0.4288012683391571,-0.09941629320383072,0.5238674879074097,0.5228196382522583,-0.09613776206970215,0.5222752094268799,0.5271181464195251,-0.10046837478876114,0.5073613524436951,0.46168068051338196,-0.09899438917636871,0.46645423769950867,0.49591994285583496,-0.09045358747243881,0.5016406774520874,0.4618425965309143,-0.09624197334051132,0.3753371238708496,0.49354419112205505,-0.06284543871879578,0.35525134205818176,0.5232400894165039,-0.08671324700117111,0.4369905889034271,0.49060526490211487,-0.10101678222417831,0.11356790363788605,0.4875207841396332,0.023945651948451996,0.15919940173625946,0.4719504415988922,-0.006529004778712988,0.194194033741951,0.46750175952911377,-0.0366622619330883,0.5590764284133911,0.5902316570281982,-0.11229249835014343,0.2936505079269409,0.40741103887557983,-0.0027097859419882298,0.252369225025177,0.3906109035015106,0.030912352725863457,0.21192128956317902,0.3883446455001831,0.0601254366338253,0.2554982006549835,0.530894935131073,-0.052486542612314224,0.22377844154834747,0.580981969833374,-0.06294361501932144,0.32647278904914856,0.4665139317512512,0.00253450614400208,0.1988159418106079,0.5349704027175903,-0.049452684819698334,0.39053428173065186,0.4524189233779907,-0.040624041110277176,0.45951923727989197,0.45263952016830444,-0.1268111616373062,0.2230757623910904,0.6217538118362427,-0.06746821105480194,0.2519086003303528,0.5750954151153564,-0.08077850192785263,0.28743910789489746,0.5559890270233154,-0.08273624628782272,0.32232534885406494,0.523457407951355,-0.06531297415494919,0.3410802483558655,0.4984523057937622,-0.04415275529026985,0.3536542057991028,0.47880810499191284,-0.02904510125517845,0.3974178433418274,0.41482219099998474,-0.028851564973592758,0.26490628719329834,0.6393539905548096,-0.09308619797229767,0.17962294816970825,0.5477647185325623,-0.049218662083148956,0.5226752161979675,0.42248737812042236,-0.1302775889635086,0.40731990337371826,0.4738709330558777,-0.0651114210486412,0.1376843899488449,0.6799646615982056,0.05309028550982475,0.3623960018157959,0.4616870880126953,-0.015615573152899742,0.4325711727142334,0.5004984140396118,-0.07932541519403458,0.21649758517742157,0.5359567999839783,-0.04160847142338753,0.4434676766395569,0.4549615979194641,-0.11364614963531494,0.28310149908065796,0.7527748346328735,0.0003799473633989692,0.31805485486984253,0.46545132994651794,0.011067255400121212,0.4543047845363617,0.4280829429626465,-0.12073205411434174,0.47528403997421265,0.6979606747627258,-0.1067388579249382,0.49395790696144104,0.7295714020729065,-0.0951131209731102,0.23942729830741882,0.6919875741004944,-0.035618219524621964,0.41513678431510925,0.716581404209137,-0.09669926017522812,0.13792604207992554,0.6018524169921875,0.0050633493810892105,0.6413800716400146,0.6363685131072998,-0.13011136651039124,0.5236852765083313,0.4337843060493469,-0.10262933373451233,0.40123647451400757,0.4970378279685974,-0.07506945729255676,0.1782115399837494,0.5875824093818665,-0.03663727641105652,0.2712300717830658,0.5093178749084473,-0.04117238149046898,0.2878476679325104,0.497600793838501,-0.034923288971185684,0.5177372694015503,0.5386215448379517,-0.1055528074502945,0.3057910203933716,0.6635274291038513,-0.10032297670841217,0.7104740142822266,0.6203264594078064,-0.12072412669658661,0.6125298738479614,0.677531361579895,-0.1152135357260704,0.561132550239563,0.7022212147712708,-0.10704304277896881,0.30527442693710327,0.3580314517021179,0.06614933907985687,0.7528819441795349,0.5854724645614624,-0.09430930018424988,0.2991248071193695,0.4871239960193634,-0.02201789803802967,0.3082306385040283,0.47643131017684937,-0.00750890513882041,0.3148193061351776,0.46913790702819824,0.005078914109617472,0.15792880952358246,0.5607268214225769,-0.03634184971451759,0.2965705692768097,0.4705173075199127,-0.0028424574993550777,0.27904221415519714,0.4796454906463623,-0.016086813062429428,0.2626248598098755,0.4910176396369934,-0.02825496345758438,0.24632710218429565,0.504888653755188,-0.03743625432252884,0.2364494800567627,0.5155593752861023,-0.039754875004291534,0.10314911603927612,0.637164294719696,0.04829415678977966,0.25617751479148865,0.5178800821304321,-0.042368628084659576,0.5413329601287842,0.4457821846008301,-0.08849970996379852,0.4792046844959259,0.5165945887565613,-0.11399506777524948,0.47291213274002075,0.46647727489471436,-0.1051085889339447,0.5155680179595947,0.47001364827156067,-0.10624480992555618,0.3900286853313446,0.399289608001709,0.008994056843221188,0.5348829030990601,0.6799617409706116,-0.11120913922786713,0.5869318842887878,0.6605421900749207,-0.11931822448968887,0.6943473219871521,0.6048051118850708,-0.12973082065582275,0.4291672706604004,0.7507538795471191,-0.06911047548055649,0.31101876497268677,0.46651023626327515,0.005665054079145193,0.4157666265964508,0.43074455857276917,-0.059810660779476166,0.738752007484436,0.5697842836380005,-0.10457783937454224,0.6628385782241821,0.6502570509910583,-0.12599137425422668,0.28961917757987976,0.7139399647712708,-0.053338490426540375,0.5518559217453003,0.5032340884208679,-0.09945701062679291,0.5554944276809692,0.510526180267334,-0.1070113405585289,0.5606235265731812,0.519911527633667,-0.11387890577316284,0.5666208863258362,0.5298400521278381,-0.11515723168849945,0.599845290184021,0.577642023563385,-0.11270678043365479,0.516301691532135,0.523901104927063,-0.10608033835887909,0.508307158946991,0.5260351300239563,-0.11023865640163422,0.5002738833427429,0.527925968170166,-0.11364062875509262,0.47082236409187317,0.5695989727973938,-0.11732973903417587,0.34913119673728943,0.6272791624069214,-0.1219399943947792,0.3933613896369934,0.43245449662208557,-0.031884707510471344,0.3302519619464874,0.4428880214691162,0.02065877616405487,0.3161229193210602,0.4548741579055786,0.01396588608622551,0.5229015350341797,0.521599531173706,-0.10342340916395187,0.3947699964046478,0.6718469262123108,-0.11238977313041687,0.3556111454963684,0.42528703808784485,0.004133475478738546,0.6065043210983276,0.598343551158905,-0.11576342582702637,0.4576338529586792,0.395166277885437,-0.07884186506271362,0.42190298438072205,0.4120846688747406,-0.0569656603038311,0.4350720942020416,0.39716362953186035,-0.04703601822257042,0.42922258377075195,0.45306771993637085,-0.08187080174684525,0.7171522378921509,0.5539683103561401,-0.10459401458501816,0.6929482221603394,0.5424489974975586,-0.0938362255692482,0.6555125713348389,0.5715793371200562,-0.11038793623447418,0.5134938955307007,0.6188656091690063,-0.11433776468038559,0.43014469742774963,0.5228404402732849,-0.09168558567762375,0.5600374937057495,0.6138399243354797,-0.11511416733264923,0.38308462500572205,0.5607843995094299,-0.11721836775541306,0.43102532625198364,0.5478895306587219,-0.10915789753198624,0.3955295979976654,0.5998509526252747,-0.12411744147539139,0.6743971705436707,0.5870108604431152,-0.12688694894313812,0.42316144704818726,0.47501301765441895,-0.08119211345911026,0.515653133392334,0.6492941975593567,-0.11713366955518723,0.5690042972564697,0.6356204748153687,-0.11834153532981873,0.46863991022109985,0.6153489947319031,-0.12217198312282562,0.3459327518939972,0.6831594705581665,-0.10223046690225601,0.44774311780929565,0.6509996652603149,-0.12092927098274231,0.3468814194202423,0.7251443862915039,-0.07419329136610031,0.4391367733478546,0.5787855982780457,-0.1196640282869339,0.4114739000797272,0.45236173272132874,-0.06217685714364052,0.4755864143371582,0.4493545591831207,-0.13059155642986298,0.4626658856868744,0.47321051359176636,-0.11581142991781235,0.47512128949165344,0.42814967036247253,-0.1368023008108139,0.30327147245407104,0.44290876388549805,0.008447593078017235,0.264745831489563,0.4570733904838562,-0.01600702293217182,0.2342970073223114,0.474873811006546,-0.037775710225105286,0.21131488680839539,0.4955255687236786,-0.05138898268342018,0.19771039485931396,0.5158424377441406,-0.0543641597032547,0.20817790925502777,0.5507190823554993,-0.04357267543673515,0.19650232791900635,0.6676563620567322,-0.02238607592880726,0.2519477605819702,0.5509406328201294,-0.060354750603437424,0.2807679772377014,0.5361219644546509,-0.05992361903190613,0.30668407678604126,0.5144140720367432,-0.05048488825559616,0.32526665925979614,0.49377021193504333,-0.0321410708129406,0.3369153141975403,0.4773300290107727,-0.013844839297235012,0.34550437331199646,0.4644829034805298,-0.0022884835489094257,0.18067693710327148,0.7085245251655579,0.04668860509991646,0.4651773273944855,0.4812745749950409,-0.1064191609621048,0.43623480200767517,0.42850935459136963,-0.08731275796890259,0.49415528774261475,0.4283967614173889,-0.13727553188800812,0.5095784068107605,0.43227681517601013,-0.124527707695961,0.49549177289009094,0.4356737732887268,-0.12811027467250824,0.47303980588912964,0.4847164750099182,-0.09633085131645203,0.515487551689148,0.42769384384155273,-0.12909241020679474,0.5171276926994324,0.4380618929862976,-0.10482610017061234,0.3282734751701355,0.45870041847229004,0.015125258825719357,0.3479950428009033,0.45120760798454285,0.010561243630945683,0.3637107014656067,0.44495823979377747,-0.004012331832200289,0.23078767955303192,0.5229913592338562,-0.04007147625088692,0.21005363762378693,0.5264614820480347,-0.046082694083452225,0.4726399779319763,0.38817471265792847,-0.056617435067892075,0.4726771116256714,0.35483068227767944,0.18611595034599304,0.540644109249115,0.41829532384872437,-0.08348114788532257,0.4573422372341156,0.3429015278816223,0.401242733001709,0.45204445719718933,0.3825688362121582,0.11892908066511154,0.46520742774009705,0.375768780708313,0.13405166566371918,0.47741714119911194,0.36913231015205383,0.1526612490415573,0.4837859869003296,0.35545459389686584,0.19058002531528473,0.4392288625240326,0.3873549699783325,0.10656499862670898,0.43337100744247437,0.3472152352333069,0.1465292125940323,0.4205808937549591,0.35655009746551514,0.12928293645381927,0.448301762342453,0.3412793278694153,0.1647377461194992,0.461384117603302,0.34047168493270874,0.18001598119735718,0.5063419342041016,0.3568284809589386,0.20379602909088135,0.74350905418396,0.5088003873825073,-0.016741106286644936,0.47381675243377686,0.3499460518360138,0.1992710381746292,0.5294497609138489,0.3743855953216553,0.353648841381073,0.5059111714363098,0.3448036015033722,0.24756842851638794,0.5657694935798645,0.3934164047241211,0.05415423586964607,0.5752952694892883,0.4323253631591797,-0.08172664046287537,0.5948156118392944,0.4504131078720093,-0.08036951720714569,0.5986575484275818,0.4217202067375183,-0.04821565002202988,0.6138108968734741,0.41692450642585754,-0.013021369464695454,0.6066886186599731,0.4402303397655487,-0.05175837501883507,0.6148965954780579,0.4327732026576996,-0.02065681666135788,0.6936906576156616,0.45809638500213623,0.030861858278512955,0.5365848541259766,0.3952515721321106,-0.11821765452623367,0.5214574933052063,0.38505464792251587,-0.11530336737632751,0.46540772914886475,0.3235126733779907,0.2134006917476654,0.49029791355133057,0.395449161529541,0.048849135637283325,0.5588503479957581,0.3914151191711426,-0.026964975520968437,0.548046350479126,0.39045101404190063,-0.014555239118635654,0.5987735390663147,0.3787517547607422,0.13013812899589539,0.49669867753982544,0.38481003046035767,-0.08832085877656937,0.42493072152137756,0.3283299207687378,0.14339135587215424,0.445197194814682,0.32241493463516235,0.18059556186199188,0.42749372124671936,0.3210373520851135,0.35502493381500244,0.38979989290237427,0.36834442615509033,0.05823109298944473,0.41378849744796753,0.3676137924194336,0.12071117013692856,0.6784037351608276,0.4399452209472656,0.055136941373348236,0.6931823492050171,0.49047642946243286,0.3135838210582733,0.556018590927124,0.40721338987350464,-0.03432144597172737,0.5481257438659668,0.4200325906276703,-0.06020620837807655,0.630365252494812,0.4166063070297241,0.04390326142311096,0.6259613037109375,0.42110854387283325,0.029957711696624756,0.44031742215156555,0.31338903307914734,0.20607663691043854,0.5645836591720581,0.40050458908081055,-0.02011949196457863,0.4056665301322937,0.34243160486221313,0.10207874327898026,0.396194189786911,0.33349406719207764,0.10798103362321854,0.3574000895023346,0.31039974093437195,0.2214909940958023,0.4384635090827942,0.3166792392730713,0.26717081665992737,0.3761187493801117,0.3194285035133362,0.16120441257953644,0.4648917019367218,0.31608593463897705,0.24772025644779205,0.46695268154144287,0.33203089237213135,0.3143041133880615,0.586239755153656,0.4408654272556305,-0.08258113265037537,0.6037548780441284,0.43085163831710815,-0.05076012387871742,0.6150863170623779,0.42449837923049927,-0.019347427412867546,0.5543461441993713,0.4137668013572693,-0.038715898990631104,0.6281433701515198,0.41893091797828674,0.035708457231521606,0.6327205896377563,0.42791885137557983,0.010901391506195068,0.6238836050033569,0.4231986403465271,0.026921290904283524,0.5479756593704224,0.3994993567466736,-0.06410153210163116,0.6136361360549927,0.4396269917488098,-0.02198854275047779,0.6079140901565552,0.44800567626953125,-0.04865006357431412,0.5986948013305664,0.45817142724990845,-0.07461505383253098,0.6969530582427979,0.5113040208816528,-0.06570214033126831,0.6423210501670837,0.47586768865585327,-0.07492819428443909,0.631291925907135,0.4684566557407379,-0.07396415621042252,0.6166633367538452,0.46265214681625366,-0.06542099267244339,0.6035194396972656,0.46003058552742004,-0.05912189558148384,0.6167416572570801,0.4407261312007904,-0.010608797892928123,0.6268926858901978,0.4391227960586548,-0.016492782160639763,0.637730598449707,0.4383034110069275,-0.01955055631697178,0.6478886604309082,0.4390389323234558,-0.013110088184475899,0.6280035972595215,0.41792020201683044,0.009001516737043858,0.6028827428817749,0.4494970142841339,0.41599780321121216,0.6193326711654663,0.4329097867012024,0.013147125951945782,0.6262009143829346,0.4303315281867981,0.009406606666743755,0.5505781173706055,0.42689043283462524,-0.06632036715745926,0.5680960416793823,0.41371798515319824,-0.018957559019327164,0.5495166778564453,0.42357271909713745,-0.06386807560920715,0.5140395164489746,0.3921282887458801,0.06590407341718674,0.5476350784301758,0.383638858795166,0.08785238116979599,0.5565612316131592,0.3971152603626251,-0.004483275581151247,0.39417341351509094,0.30953916907310486,0.291232705116272,0.4075467884540558,0.31339192390441895,0.2166748046875,0.416909396648407,0.3187218904495239,0.16225479543209076,0.701914370059967,0.47259730100631714,0.0037458627484738827,0.3751490116119385,0.35392290353775024,0.06526259332895279,0.34449586272239685,0.33428287506103516,0.11137668788433075,0.31971728801727295,0.3227306008338928,0.155299574136734,0.4838859438896179,0.361875057220459,0.1731775850057602,0.5298050045967102,0.35672783851623535,0.2243582159280777,0.4295497238636017,0.38932132720947266,0.10589563846588135,0.47809284925460815,0.33838775753974915,0.2127448171377182,0.46965843439102173,0.39500418305397034,0.03576381877064705,0.5462373495101929,0.38707640767097473,-0.05380086228251457,0.5719388723373413,0.369320273399353,0.25953584909439087,0.5364983081817627,0.36625683307647705,0.18987755477428436,0.5303561091423035,0.3779429793357849,0.146486297249794,0.5050321221351624,0.3902297019958496,0.11017938703298569,0.4810686707496643,0.39635103940963745,0.0887860432267189,0.462708055973053,0.3997163474559784,0.07021006941795349,0.43001484870910645,0.39163458347320557,0.0036215977743268013,0.6131598949432373,0.3813861012458801,0.23351915180683136,0.48501014709472656,0.33296263217926025,0.23661461472511292,0.5384521484375,0.4115528464317322,-0.1140359565615654,0.5099858045578003,0.39672040939331055,0.027798257768154144,0.5182652473449707,0.40335291624069214,0.45233669877052307,0.4466126561164856,0.40071237087249756,0.061788253486156464,0.5564504861831665,0.403375506401062,0.017869092524051666,0.4792518615722656,0.34750404953956604,0.2078740894794464,0.5328933000564575,0.3868437111377716,-0.03964073210954666,0.6484060287475586,0.4695230722427368,0.3733568489551544,0.42308634519577026,0.38662922382354736,0.11955177783966064,0.51337069272995,0.38422200083732605,-0.06644512712955475,0.7358672022819519,0.4781733751296997,0.13869670033454895,0.7510001063346863,0.5093620419502258,0.17026646435260773,0.6169902086257935,0.4087412357330322,0.3209877908229828,0.7191064357757568,0.46664902567863464,0.1915626972913742,0.49419212341308594,0.3532710075378418,0.34338507056236267,0.766390323638916,0.5228474140167236,-0.013349238783121109,0.5365362167358398,0.4248148202896118,-0.0928734838962555,0.534795880317688,0.39724642038345337,0.04003845527768135,0.5153539776802063,0.3435247242450714,0.2831598222255707,0.4642845392227173,0.3639748692512512,0.15844078361988068,0.45452678203582764,0.3705023527145386,0.14189644157886505,0.6388726234436035,0.4261578917503357,0.017375405877828598,0.6504510641098022,0.4010470509529114,0.21428577601909637,0.7770605683326721,0.5572136640548706,-0.05239314213395119,0.7764443159103394,0.5276981592178345,0.05574188008904457,0.7671045064926147,0.5188320875167847,0.10879484564065933,0.44389015436172485,0.3763960599899292,0.12883822619915009,0.4328899681568146,0.38166344165802,0.12250936031341553,0.42628949880599976,0.38510826230049133,0.12184891104698181,0.48763835430145264,0.32780545949935913,0.2720568776130676,0.4249415099620819,0.37442776560783386,0.12938185036182404,0.4320964813232422,0.36539778113365173,0.13679032027721405,0.4424421787261963,0.35780471563339233,0.14948798716068268,0.45459121465682983,0.35263508558273315,0.16474537551403046,0.4637671411037445,0.35088348388671875,0.1770574301481247,0.4843238592147827,0.36962223052978516,0.43721434473991394,0.46967726945877075,0.35906440019607544,0.1741328239440918,0.6029469966888428,0.4170694351196289,-0.01845477893948555,0.5553610324859619,0.40227359533309937,-0.04156157374382019,0.5663159489631653,0.42968833446502686,-0.06732435524463654,0.7507704496383667,0.4930438995361328,0.08752048015594482,0.7575032114982605,0.5083396434783936,0.03725847601890564,0.7629452347755432,0.5424162745475769,-0.06612832099199295,0.7274585366249084,0.5031223893165588,0.24117062985897064,0.4233317971229553,0.38229483366012573,0.12397699058055878,0.4709271788597107,0.39072489738464355,-0.00840712245553732,0.7818132042884827,0.5390716195106506,0.0006907160859555006,0.6570758819580078,0.430214524269104,0.2884705364704132,0.6123836040496826,0.44954851269721985,-0.03423343971371651,0.6246652603149414,0.44964465498924255,-0.039311882108449936,0.6384215354919434,0.4519728422164917,-0.04282781109213829,0.650808572769165,0.45693230628967285,-0.03994191065430641,0.7047643661499023,0.48995259404182434,-0.0283424761146307,0.6202028393745422,0.4264964163303375,0.008214463479816914,0.6228078603744507,0.42073702812194824,0.014957796782255173,0.6243010759353638,0.4150819182395935,0.020363185554742813,0.654269814491272,0.42533159255981445,0.0398014634847641,0.6475486159324646,0.4001128673553467,0.14429280161857605,0.44804179668426514,0.3934866786003113,0.021048670634627342,0.40860968828201294,0.3841852843761444,0.08863388001918793,0.41446858644485474,0.38121095299720764,0.11290293186903,0.6173732876777649,0.43228718638420105,0.006148715037852526,0.6949231624603271,0.43332013487815857,0.15936055779457092,0.40519413352012634,0.389634907245636,0.0442320890724659,0.7197955846786499,0.5003591775894165,-0.021960856392979622,0.45229318737983704,0.3899843692779541,-0.029262537136673927,0.5106140375137329,0.3921736478805542,-0.014286628924310207,0.7143936157226562,0.520155668258667,-0.06557232141494751,0.7060281038284302,0.46126189827919006,0.04893810674548149,0.5816397666931152,0.4059412181377411,0.030168378725647926,0.7171825766563416,0.4814024567604065,0.014598234556615353,0.6083081960678101,0.3930579423904419,0.07407230883836746,0.6135663986206055,0.40836402773857117,0.043355029076337814,0.6484767198562622,0.4066431522369385,0.09506301581859589,0.7406411170959473,0.5286465883255005,-0.0674576386809349,0.5267619490623474,0.39567840099334717,0.004466507583856583,0.7285367250442505,0.471127450466156,0.07083246856927872,0.7357703447341919,0.49171727895736694,0.026773344725370407,0.6885476112365723,0.4407491087913513,0.07468169182538986,0.6803564429283142,0.42159271240234375,0.20044560730457306,0.7048438787460327,0.4435091018676758,0.10745645314455032,0.6912222504615784,0.4509512186050415,0.2506524622440338,0.6480729579925537,0.41766637563705444,0.060409508645534515,0.49018585681915283,0.39407286047935486,0.011235104873776436,0.5500783324241638,0.39312461018562317,-0.0640120878815651,0.560488224029541,0.3964913487434387,-0.03948517143726349,0.5339975357055664,0.38435155153274536,-0.08344678580760956,0.40412265062332153,0.3693141043186188,0.10249299556016922,0.4150356650352478,0.35135746002197266,0.12218038737773895,0.4310898780822754,0.33963543176651,0.14311033487319946,0.44835200905799866,0.33325642347335815,0.16827614605426788,0.4635646939277649,0.3328564763069153,0.1918589472770691,0.49201276898384094,0.3469950556755066,0.22226300835609436,0.5748186707496643,0.39031848311424255,0.34300142526626587,0.5074926614761353,0.3639630675315857,0.18199220299720764,0.5012059807777405,0.3733482360839844,0.15179242193698883,0.4842487573623657,0.3824044466018677,0.12412125617265701,0.4649178087711334,0.3893848657608032,0.10532177239656448,0.4493289589881897,0.39375174045562744,0.08999931067228317,0.43781086802482605,0.39601022005081177,0.08194170147180557,0.5576438307762146,0.4295017719268799,0.44481292366981506,0.5622330904006958,0.40392643213272095,-0.03145519644021988,0.49093490839004517,0.3882623314857483,-0.03412299230694771,0.5432243347167969,0.39232462644577026,-0.09464863687753677,0.5411434769630432,0.4101351201534271,-0.09997235238552094,0.5443339347839355,0.40030238032341003,-0.08475285768508911,0.561806857585907,0.4128546118736267,-0.03338576480746269,0.5412174463272095,0.40991806983947754,-0.10894490778446198,0.5400475263595581,0.42159485816955566,-0.08811934292316437,0.4211636781692505,0.38911187648773193,0.10534302145242691,0.4237024188041687,0.39476513862609863,0.07655340433120728,0.42805102467536926,0.39804041385650635,0.050381485372781754,0.4698335826396942,0.3503428101539612,0.18743257224559784,0.47180891036987305,0.3419215679168701,0.19624456763267517,0.2565968334674835,0.5037789344787598,-0.023080531507730484,0.27411168813705444,0.48963990807533264,-0.023080531507730484,0.2412395030260086,0.4977870583534241,-0.023080531507730484,0.2386331856250763,0.518029510974884,-0.023080531507730484,0.2716078758239746,0.5097588896751404,-0.023080531507730484,0.44143441319465637,0.36954861879348755,0.15134236216545105,0.45351672172546387,0.36133384704589844,0.15134236216545105,0.428827166557312,0.3613768219947815,0.15134236216545105,0.42946985363960266,0.3774263262748718,0.15134236216545105,0.4538765847682953,0.3775950074195862,0.15134236216545105,0,0,0,0,0,1,0,0,0,0,0,0,0.06697165220975876,0.052914395928382874,0.12709495425224304,0.054885074496269226,0.026105444878339767,0.06630566716194153,0.06961502134799957,0.08570016175508499,0.07832331955432892,0.11182332038879395,1.1447699069976807,0.2443946748971939,Neutral,-1.3397767543792725,-15.116799354553223
63,2.1,33.56719859739147,-14.655281093176717,0.9406969267205298,0.5317078828811646,0.4357377290725708,-0.09005175530910492,0.4679171144962311,0.3704952001571655,-0.11589324474334717,0.4924333691596985,0.40953385829925537,-0.07717101275920868,0.3932916224002838,0.39407140016555786,-0.08490340411663055,0.44582077860832214,0.36465245485305786,-0.11616189777851105,0.42034947872161865,0.37035757303237915,-0.09912676364183426,0.35356730222702026,0.3950701951980591,-0.020143551751971245,0.2627454400062561,0.5455284714698792,-0.07509993761777878,0.30997562408447266,0.39449936151504517,0.014093127101659775,0.2842271327972412,0.3869035243988037,0.02310858853161335,0.1915392279624939,0.3816026449203491,0.08133740723133087,0.5383464097976685,0.4371115565299988,-0.09006751328706741,0.5434325933456421,0.4390791356563568,-0.08627983927726746,0.5462100505828857,0.4407308101654053,-0.08015623688697815,0.6324217915534973,0.4534074068069458,-0.0690152496099472,0.6456996202468872,0.4552845358848572,-0.0752989798784256,0.6588290929794312,0.4578973054885864,-0.08278477191925049,0.6695061922073364,0.46029186248779297,-0.08347412198781967,0.6686861515045166,0.45813024044036865,-0.07435410469770432,0.48201221227645874,0.38358697295188904,-0.10934557765722275,0.472782701253891,0.41265493631362915,-0.09845498204231262,0.14649012684822083,0.6601638793945312,-0.026303093880414963,0.31279078125953674,0.4932072162628174,-0.05047464370727539,0.306402325630188,0.5108281373977661,-0.06807534396648407,0.29616326093673706,0.5300514101982117,-0.0796433612704277,0.2630024552345276,0.5587888360023499,-0.08432797342538834,0.31493449211120605,0.47859641909599304,-0.0292489193379879,0.23366805911064148,0.5054997801780701,-0.06371054798364639,0.2473682463169098,0.4865744113922119,-0.03915422037243843,0.22625374794006348,0.5265278220176697,-0.07734987139701843,0.22703857719898224,0.5434938669204712,-0.0821961760520935,0.269957035779953,0.5799273252487183,-0.09111037105321884,0.6723880767822266,0.5471742153167725,-0.1262321025133133,0.24946625530719757,0.5545406341552734,-0.07421515136957169,0.2420324981212616,0.6848266124725342,-0.060441259294748306,0.2359425276517868,0.6066635251045227,-0.08629761636257172,0.40612733364105225,0.512648344039917,-0.10799317806959152,0.5104424953460693,0.46138131618499756,-0.10927663743495941,0.5284635424613953,0.46205464005470276,-0.1038774624466896,0.4998354911804199,0.49063414335250854,-0.1220579594373703,0.49793896079063416,0.5102951526641846,-0.12305224686861038,0.5172966122627258,0.48411011695861816,-0.1137906163930893,0.5116018056869507,0.5010644793510437,-0.11124808341264725,0.5707151889801025,0.5539025068283081,-0.1182999238371849,0.46049273014068604,0.3847182095050812,-0.12622515857219696,0.4382387399673462,0.38112378120422363,-0.1282069832086563,0.19266775250434875,0.5689429640769958,-0.09714773297309875,0.37093254923820496,0.46774470806121826,-0.05901801213622093,0.4365246593952179,0.4577364921569824,-0.11855027079582214,0.42333072423934937,0.46240097284317017,-0.11075109243392944,0.37559181451797485,0.580011248588562,-0.14185228943824768,0.41472938656806946,0.38617029786109924,-0.11189202219247818,0.2007831186056137,0.5062323808670044,-0.07406435906887054,0.1910250335931778,0.5392045378684998,-0.09025394171476364,0.11997643113136292,0.6066504716873169,-0.029193492606282234,0.26953229308128357,0.4288446307182312,-0.016653256490826607,0.2660178542137146,0.4727640151977539,-0.018549373373389244,0.5344542264938354,0.5625195503234863,-0.12727203965187073,0.49946534633636475,0.7564758658409119,-0.07150418311357498,0.4562560021877289,0.44987952709198,-0.10015653073787689,0.469884991645813,0.43722501397132874,-0.08747038245201111,0.5107337236404419,0.533443808555603,-0.1133229061961174,0.5157102346420288,0.5268611907958984,-0.10674060881137848,0.1677917242050171,0.5502961874008179,-0.08361048251390457,0.44622617959976196,0.46986693143844604,-0.11039210110902786,0.22516578435897827,0.46950727701187134,-0.04822545126080513,0.20573438704013824,0.4680419862270355,-0.04777369648218155,0.12704907357692719,0.4821460247039795,-0.006442768033593893,0.14582274854183197,0.5700439214706421,-0.057690851390361786,0.16429978609085083,0.4641900062561035,-0.023525835946202278,0.17082743346691132,0.5853620171546936,-0.08750206977128983,0.16529923677444458,0.6184589266777039,-0.05471549555659294,0.5205098986625671,0.4623521566390991,-0.10914213955402374,0.5091754794120789,0.4877411127090454,-0.11912225931882858,0.504770815372467,0.5061047673225403,-0.11837088316679001,0.4629262685775757,0.4500008225440979,-0.09133391082286835,0.5136110782623291,0.5301268696784973,-0.10890841484069824,0.5377306938171387,0.5271994471549988,-0.10866712778806686,0.5171395540237427,0.5240247249603271,-0.10536855459213257,0.4526619017124176,0.42286592721939087,-0.12122335284948349,0.5148926973342896,0.4970901608467102,-0.10710690915584564,0.5216272473335266,0.48069125413894653,-0.10601891577243805,0.5329378843307495,0.4613197445869446,-0.09864547103643417,0.6537328362464905,0.486589252948761,-0.09419339895248413,0.6435691118240356,0.49250373244285583,-0.10400378704071045,0.6344215273857117,0.4877421259880066,-0.10333024710416794,0.6229197978973389,0.4815976023674011,-0.09515399485826492,0.6129133701324463,0.47637003660202026,-0.08800110965967178,0.5642343759536743,0.5064940452575684,-0.09909030795097351,0.565072774887085,0.5129114985466003,-0.10417837649583817,0.5658954381942749,0.5209083557128906,-0.11066161096096039,0.5671883821487427,0.5275008678436279,-0.11348824203014374,0.49590039253234863,0.5153568387031555,-0.12234855443239212,0.358794629573822,0.7623488903045654,-0.026461003348231316,0.4878728985786438,0.39716535806655884,-0.0875263586640358,0.5423299074172974,0.5154845714569092,-0.10132279247045517,0.5402207970619202,0.5211707353591919,-0.10515442490577698,0.4821603000164032,0.43362095952033997,-0.0920991599559784,0.46292781829833984,0.4737703800201416,-0.09071084856987,0.4765934348106384,0.43502238392829895,-0.08970457315444946,0.3731768727302551,0.4908357560634613,-0.07763569056987762,0.37120118737220764,0.5221586227416992,-0.10577885806560516,0.43190091848373413,0.47425851225852966,-0.10489578545093536,0.11237144470214844,0.5470648407936096,-0.02482728101313114,0.14465761184692383,0.5192109942436218,-0.046509239822626114,0.17856083810329437,0.5106565356254578,-0.06903071701526642,0.5993103384971619,0.5380541086196899,-0.11718194931745529,0.23870547115802765,0.42549705505371094,-0.01700526662170887,0.19203639030456543,0.42106032371520996,0.009509298019111156,0.15405090153217316,0.4293666183948517,0.030419161543250084,0.28029096126556396,0.5483291149139404,-0.08489951491355896,0.2733234763145447,0.6078716516494751,-0.10336431115865707,0.3139871060848236,0.46889424324035645,-0.01693422719836235,0.2244122475385666,0.5708819627761841,-0.08903944492340088,0.3638913333415985,0.44894152879714966,-0.050390198826789856,0.4325527250766754,0.4318070113658905,-0.12451265007257462,0.2965676188468933,0.648555338382721,-0.11282855272293091,0.3027080297470093,0.5893993377685547,-0.11631181091070175,0.33017662167549133,0.559084951877594,-0.11175210028886795,0.34658560156822205,0.5197428464889526,-0.08755273371934891,0.34992513060569763,0.4925747513771057,-0.0623084157705307,0.35016947984695435,0.47202998399734497,-0.04384395107626915,0.3491624891757965,0.4122813642024994,-0.03352002799510956,0.3484516143798828,0.6547805666923523,-0.13463911414146423,0.210324227809906,0.5903383493423462,-0.09261372685432434,0.4764658212661743,0.39113110303878784,-0.1178399920463562,0.3932760953903198,0.4650484621524811,-0.07377167791128159,0.24154850840568542,0.7336761355400085,-0.008436291478574276,0.34784969687461853,0.45459938049316406,-0.02868826501071453,0.4330720007419586,0.48554858565330505,-0.0857808068394661,0.2432662844657898,0.5645652413368225,-0.07925344258546829,0.41832637786865234,0.4376116096973419,-0.11331787705421448,0.42513906955718994,0.7664936184883118,-0.045630235224962234,0.30441248416900635,0.47099733352661133,-0.010152051225304604,0.41392821073532104,0.40914326906204224,-0.11681659519672394,0.5834224224090576,0.6623774766921997,-0.1306643784046173,0.616113007068634,0.6912614703178406,-0.11340244114398956,0.351080983877182,0.7153158783912659,-0.08727758377790451,0.5356918573379517,0.6953463554382324,-0.12851762771606445,0.19827403128147125,0.6534931063652039,-0.051879070699214935,0.7036451697349548,0.5610580444335938,-0.13155010342597961,0.48276588320732117,0.40345579385757446,-0.09204758703708649,0.4005504250526428,0.4882625639438629,-0.08562321215867996,0.2249162644147873,0.6330658793449402,-0.08530858159065247,0.28399109840393066,0.5231828689575195,-0.0709354504942894,0.2939237952232361,0.5071106553077698,-0.06177673861384392,0.5351934432983398,0.5329973697662354,-0.11179877817630768,0.4019300937652588,0.6681954860687256,-0.1382383108139038,0.7534420490264893,0.5295130014419556,-0.11438106000423431,0.6985409259796143,0.6089797019958496,-0.1209276095032692,0.6644190549850464,0.6469739079475403,-0.11816533654928207,0.2269701510667801,0.38073256611824036,0.05428436025977135,0.7697957754135132,0.48928597569465637,-0.08158500492572784,0.29884445667266846,0.49389034509658813,-0.04615692421793938,0.30161625146865845,0.4818493723869324,-0.029978599399328232,0.30369922518730164,0.47435224056243896,-0.01669470965862274,0.19111716747283936,0.6120017170906067,-0.0845273807644844,0.2817624807357788,0.4826507568359375,-0.026525503024458885,0.26745936274528503,0.4961299002170563,-0.041693542152643204,0.2582368552684784,0.5104804635047913,-0.05653305724263191,0.25206896662712097,0.5268223285675049,-0.06864964216947556,0.25018370151519775,0.5390415787696838,-0.07297333329916,0.18453848361968994,0.7003604769706726,-0.014030045829713345,0.2735137641429901,0.5355438590049744,-0.07467228919267654,0.5083528757095337,0.412539541721344,-0.07704713940620422,0.48919478058815,0.48952943086624146,-0.11487667262554169,0.4523622691631317,0.4438011944293976,-0.10315610468387604,0.4981141984462738,0.4390610158443451,-0.09917571395635605,0.33098429441452026,0.4004340171813965,0.005354829598218203,0.6295735239982605,0.6299543976783752,-0.12740719318389893,0.6674878001213074,0.5983946323394775,-0.1280774623155594,0.7324967384338379,0.5186613202095032,-0.12283552438020706,0.5647172331809998,0.7280673980712891,-0.09672930091619492,0.2965375781059265,0.47453102469444275,-0.016700677573680878,0.3766385316848755,0.4220126271247864,-0.06345974653959274,0.7507556080818176,0.4775640070438385,-0.09030045568943024,0.7287558317184448,0.5694453716278076,-0.12591740489006042,0.4124482572078705,0.7238452434539795,-0.09990815818309784,0.5895171165466309,0.4933907091617584,-0.09644737839698792,0.594376266002655,0.5002590417861938,-0.1031302660703659,0.6004993915557861,0.5084258913993835,-0.11056887358427048,0.6075124144554138,0.5150043368339539,-0.11302611976861954,0.6279246807098389,0.5158668160438538,-0.11288516968488693,0.5103105306625366,0.5158019661903381,-0.11013587564229965,0.5053314566612244,0.5208739042282104,-0.11566353589296341,0.499390184879303,0.5250983238220215,-0.11996415257453918,0.5107789039611816,0.5407180190086365,-0.12732739746570587,0.4239644408226013,0.6223845481872559,-0.14971432089805603,0.35519278049468994,0.4296998381614685,-0.03935785964131355,0.29974016547203064,0.4478152394294739,0.004436596762388945,0.2928951680660248,0.4629036784172058,-0.006630231160670519,0.5127720832824707,0.5115369558334351,-0.10678403079509735,0.4921719431877136,0.6555303335189819,-0.14051994681358337,0.31493163108825684,0.42425423860549927,-0.00590392155572772,0.6476163864135742,0.5337904095649719,-0.11693963408470154,0.3980238139629364,0.3794040083885193,-0.07162027806043625,0.372413694858551,0.4033469557762146,-0.05743567273020744,0.37671878933906555,0.3874261975288391,-0.04405985772609711,0.40301594138145447,0.43950513005256653,-0.08485203236341476,0.7215116024017334,0.4682683050632477,-0.09105812013149261,0.6915118098258972,0.46372953057289124,-0.0818992480635643,0.6754727363586426,0.4974591135978699,-0.10419545322656631,0.5753378868103027,0.5769572257995605,-0.12554822862148285,0.44324731826782227,0.5066851377487183,-0.10063039511442184,0.6149824261665344,0.5601208806037903,-0.12167345732450485,0.41939568519592285,0.5506009459495544,-0.13465242087841034,0.4587377607822418,0.5288589000701904,-0.12067165970802307,0.4533647298812866,0.5855464339256287,-0.14409248530864716,0.70331871509552,0.5069738626480103,-0.12052009254693985,0.40965163707733154,0.46244415640830994,-0.08644086122512817,0.594193160533905,0.6047517657279968,-0.13124923408031464,0.6361464858055115,0.5783801674842834,-0.12592889368534088,0.5320783853530884,0.5846849679946899,-0.13745185732841492,0.45124149322509766,0.6778815984725952,-0.13695505261421204,0.531552255153656,0.6227142810821533,-0.14123418927192688,0.47410109639167786,0.7204604148864746,-0.11507406085729599,0.4847354292869568,0.5564455389976501,-0.13349968194961548,0.3846933841705322,0.44351625442504883,-0.0685345008969307,0.4460076093673706,0.42605024576187134,-0.1266719549894333,0.4468403160572052,0.4517388343811035,-0.11463319510221481,0.4343303442001343,0.4046434760093689,-0.13019679486751556,0.2708430886268616,0.45552316308021545,-0.010726992972195148,0.24008959531784058,0.47954538464546204,-0.03973035886883736,0.222316175699234,0.5042017698287964,-0.06626136600971222,0.21377919614315033,0.5297393202781677,-0.08455322682857513,0.21355223655700684,0.5524545311927795,-0.09104928374290466,0.2418176531791687,0.5830186605453491,-0.0835496038198471,0.2944827973842621,0.7026805877685547,-0.07814966887235641,0.2886534333229065,0.5668570399284363,-0.09440378099679947,0.3099718391895294,0.5442613959312439,-0.08897668123245239,0.3235527575016022,0.5170636177062988,-0.07459576427936554,0.32968127727508545,0.49320489168167114,-0.05263030156493187,0.33130598068237305,0.47543269395828247,-0.031186934560537338,0.33158254623413086,0.4621717631816864,-0.018257729709148407,0.29976335167884827,0.751176655292511,-0.012174037285149097,0.4534337818622589,0.4597787857055664,-0.10592936724424362,0.39598438143730164,0.41447433829307556,-0.08764489740133286,0.4526427090167999,0.4016008973121643,-0.1287512481212616,0.46862730383872986,0.4040106534957886,-0.11418800055980682,0.45725128054618835,0.40950077772140503,-0.12063625454902649,0.4626789689064026,0.46187204122543335,-0.09480898827314377,0.47210800647735596,0.3978511393070221,-0.11742238700389862,0.4786423146724701,0.40890294313430786,-0.09515739977359772,0.3101067841053009,0.4621235728263855,-0.003627076046541333,0.32477858662605286,0.45020949840545654,-0.004153039772063494,0.33729490637779236,0.4397885203361511,-0.015048636123538017,0.24984592199325562,0.5473544001579285,-0.07472740113735199,0.2314867526292801,0.5579420328140259,-0.08265331387519836,0.4080544412136078,0.3707798421382904,-0.04664217308163643,0.39852747321128845,0.3699243664741516,0.1993846595287323,0.49054235219955444,0.3871006965637207,-0.06960500776767731,0.35847780108451843,0.3662412166595459,0.40212273597717285,0.3919294774532318,0.39191463589668274,0.12686787545681,0.4000109136104584,0.387574166059494,0.14507636427879333,0.40554147958755493,0.38229209184646606,0.16598208248615265,0.3984909951686859,0.37647032737731934,0.20571695268154144,0.3847443163394928,0.3927159309387207,0.11092125624418259,0.37279120087623596,0.35728874802589417,0.1561017781496048,0.3663944900035858,0.364185631275177,0.13471126556396484,0.3794085383415222,0.35402652621269226,0.17722970247268677,0.3851401209831238,0.3559778928756714,0.193830668926239,0.4059305191040039,0.38070061802864075,0.22082117199897766,0.7182292342185974,0.43055686354637146,0.00429786741733551,0.3949371874332428,0.36800363659858704,0.2129364013671875,0.4413212835788727,0.37807613611221313,0.3711409270763397,0.39203137159347534,0.3728947043418884,0.26491591334342957,0.49574965238571167,0.3666480779647827,0.07173394411802292,0.5417974591255188,0.41181713342666626,-0.06338716298341751,0.554298996925354,0.42020776867866516,-0.061463192105293274,0.5598574280738831,0.3933700919151306,-0.026950635015964508,0.5767876505851746,0.38358035683631897,0.00852199923247099,0.5660971403121948,0.40567976236343384,-0.03098410926759243,0.5782808065414429,0.3958914279937744,-0.00047720380825921893,0.6498498916625977,0.39992356300354004,0.05137057229876518,0.4747962951660156,0.362676203250885,-0.10144517570734024,0.4547135531902313,0.35569489002227783,-0.09884170442819595,0.3747093379497528,0.3379986882209778,0.23082669079303741,0.4255608916282654,0.38189005851745605,0.05738941952586174,0.49147355556488037,0.361812025308609,-0.008777485229074955,0.48008298873901367,0.36366182565689087,0.0022499451879411936,0.5169333219528198,0.3520793914794922,0.1552550345659256,0.4301237463951111,0.36145538091659546,-0.07432234287261963,0.36275172233581543,0.33090782165527344,0.1548612117767334,0.3695898950099945,0.3307421803474426,0.1960999071598053,0.3215007781982422,0.3473743796348572,0.353676438331604,0.34903210401535034,0.35803085565567017,0.0589696541428566,0.363526850938797,0.372913122177124,0.12317311763763428,0.6288055777549744,0.3884712755680084,0.07793917506933212,0.6523381471633911,0.44621342420578003,0.3345332145690918,0.4980967342853546,0.37692153453826904,-0.019026324152946472,0.4976590871810913,0.38939011096954346,-0.04716566577553749,0.6103001832962036,0.37721753120422363,0.06420962512493134,0.607332170009613,0.3840630054473877,0.04872020706534386,0.3592463731765747,0.32271501421928406,0.2207384556531906,0.5013964176177979,0.37029415369033813,-0.0024513581302016973,0.35484442114830017,0.33833029866218567,0.10846715420484543,0.3445682227611542,0.32781869173049927,0.11407622694969177,0.2517335116863251,0.3401618003845215,0.21299158036708832,0.3290351927280426,0.3349831700325012,0.27863797545433044,0.27312976121902466,0.33945417404174805,0.16355977952480316,0.36354997754096985,0.33378493785858154,0.26427069306373596,0.36253780126571655,0.3480571508407593,0.327422559261322,0.5498022437095642,0.4155218005180359,-0.06373022496700287,0.5642495155334473,0.39923664927482605,-0.029532650485634804,0.5782105922698975,0.38902682065963745,0.0016277837567031384,0.49965137243270874,0.38355404138565063,-0.024630680680274963,0.6092610955238342,0.3806265592575073,0.05497739091515541,0.6274949312210083,0.38447731733322144,0.029130419716238976,0.6056985259056091,0.38674718141555786,0.045511309057474136,0.48696014285087585,0.3687763810157776,-0.046597737818956375,0.5764684081077576,0.40129661560058594,-0.0018436294049024582,0.5656396150588989,0.4110060930252075,-0.027980200946331024,0.5559478998184204,0.42435699701309204,-0.05503318831324577,0.6755307912826538,0.4379522502422333,-0.05122113972902298,0.6803424954414368,0.4305289387702942,-0.057318419218063354,0.6691324710845947,0.43000733852386475,-0.05546785891056061,0.6541771292686462,0.43086695671081543,-0.047212351113557816,0.6403193473815918,0.4329890012741089,-0.04272636026144028,0.6296961903572083,0.40465056896209717,0.0066687241196632385,0.6367549896240234,0.3990934491157532,0.0015406799502670765,0.6456311345100403,0.39276444911956787,-0.0009396246168762445,0.6531675457954407,0.38808900117874146,0.005322805605828762,0.5714901685714722,0.37646251916885376,0.029982805252075195,0.5457473993301392,0.43576353788375854,0.42772915959358215,0.6189095973968506,0.395900160074234,0.03035391867160797,0.6234591603279114,0.3900526762008667,0.0271149892359972,0.5037574172019958,0.39510515332221985,-0.052265267819166183,0.51193767786026,0.3828592300415039,-0.004108331631869078,0.5009188652038574,0.3922780156135559,-0.050444576889276505,0.44623494148254395,0.37559908628463745,0.07815692573785782,0.4729957580566406,0.363074392080307,0.10543163120746613,0.49125248193740845,0.3689000606536865,0.012201523408293724,0.28556135296821594,0.3384546637535095,0.28709056973457336,0.29945728182792664,0.3332330584526062,0.22463427484035492,0.35246846079826355,0.3203158378601074,0.17278988659381866,0.6615251302719116,0.40868592262268066,0.02267252467572689,0.3346434235572815,0.34145575761795044,0.06575531512498856,0.251257061958313,0.35527145862579346,0.10735390335321426,0.22288881242275238,0.3531428575515747,0.14127978682518005,0.4043632745742798,0.37909674644470215,0.18805190920829773,0.4122850000858307,0.38661623001098633,0.2439277172088623,0.3793085515499115,0.39220428466796875,0.10805230587720871,0.3854544460773468,0.35843148827552795,0.22837363183498383,0.40564659237861633,0.38421905040740967,0.0424077995121479,0.4778929650783539,0.3576677739620209,-0.035838451236486435,0.48178091645240784,0.35729774832725525,0.2823818624019623,0.4303937554359436,0.38952940702438354,0.21050791442394257,0.4407459497451782,0.3924313187599182,0.16537776589393616,0.4318828880786896,0.3978232145309448,0.1245490312576294,0.41751155257225037,0.40130406618118286,0.09877542406320572,0.407128244638443,0.40099549293518066,0.07670248299837112,0.36690449714660645,0.38622015714645386,0.0060903835110366344,0.5283017158508301,0.3580470085144043,0.2603748142719269,0.3808937668800354,0.35446929931640625,0.253699392080307,0.48547691106796265,0.37823230028152466,-0.09816110134124756,0.44587719440460205,0.3784387707710266,0.038727715611457825,0.4432712197303772,0.41413843631744385,0.4571748673915863,0.3973526954650879,0.398794949054718,0.06540132313966751,0.4942440390586853,0.3761427402496338,0.032001033425331116,0.3922767639160156,0.36951619386672974,0.22247794270515442,0.46412718296051025,0.3610233664512634,-0.023367872461676598,0.5990679264068604,0.4411027431488037,0.388860285282135,0.3743623197078705,0.38945645093917847,0.12056924402713776,0.4447692036628723,0.3594721555709839,-0.05091553553938866,0.6926131248474121,0.41451823711395264,0.16534756124019623,0.7175561189651489,0.44183287024497986,0.19518610835075378,0.5423220992088318,0.3889511525630951,0.34443575143814087,0.6704000234603882,0.4112488031387329,0.219698965549469,0.39781081676483154,0.36473774909973145,0.357847660779953,0.7466245889663696,0.4377284646034241,0.009705040603876114,0.4904032349586487,0.39291900396347046,-0.0801403671503067,0.4692268967628479,0.3752111792564392,0.053614966571331024,0.3868199586868286,0.377887099981308,0.30169638991355896,0.39955708384513855,0.375374972820282,0.17023144662380219,0.3945750594139099,0.3804382085800171,0.15182168781757355,0.6310549974441528,0.3796752095222473,0.03648112714290619,0.5734301209449768,0.3673219084739685,0.24284890294075012,0.7735930681228638,0.4627927243709564,-0.033731475472450256,0.7536414861679077,0.4449751675128937,0.07822376489639282,0.7389446496963501,0.4426160156726837,0.13268040120601654,0.3873167932033539,0.3844933807849884,0.13614621758460999,0.3798743188381195,0.3867470324039459,0.12695081532001495,0.3762069642543793,0.3886471390724182,0.12397659569978714,0.37004566192626953,0.35447320342063904,0.28938916325569153,0.37491273880004883,0.3787461519241333,0.1329030990600586,0.3783874213695526,0.3721984028816223,0.14309147000312805,0.3834730386734009,0.36646127700805664,0.15847457945346832,0.38936847448349,0.36296093463897705,0.17615044116973877,0.3933230936527252,0.3636985421180725,0.18943919241428375,0.3957609534263611,0.3886108994483948,0.4393894374370575,0.40013161301612854,0.3717866539955139,0.18701176345348358,0.5477404594421387,0.3792220950126648,0.0006468271021731198,0.4949667453765869,0.37197810411453247,-0.026194024831056595,0.5226739645004272,0.3948076367378235,-0.05193711072206497,0.7146490216255188,0.42148900032043457,0.11212838441133499,0.729737401008606,0.43096277117729187,0.06092214584350586,0.7557904124259949,0.4516102075576782,-0.04576171562075615,0.6913437843322754,0.4456357955932617,0.26592010259628296,0.3745230436325073,0.38489001989364624,0.12616375088691711,0.40602564811706543,0.3765135109424591,-0.0009127191733568907,0.7663220167160034,0.44976097345352173,0.02188943699002266,0.59175705909729,0.39783766865730286,0.31401383876800537,0.6386567950248718,0.4170446991920471,-0.016933685168623924,0.6497864723205566,0.412068247795105,-0.020458895713090897,0.6623833775520325,0.40791451930999756,-0.02406235970556736,0.6740351915359497,0.40544331073760986,-0.02171393670141697,0.6711980104446411,0.420644611120224,-0.010750572197139263,0.5916755199432373,0.3888034224510193,0.02760676108300686,0.5929837822914124,0.3827061653137207,0.035219889134168625,0.592593252658844,0.3774123787879944,0.041384950280189514,0.599811315536499,0.3792327046394348,0.06218862161040306,0.5724978446960449,0.36290502548217773,0.17235498130321503,0.3847041428089142,0.3858430087566376,0.025303836911916733,0.36301034688949585,0.38346511125564575,0.08684142678976059,0.3665796220302582,0.38389289379119873,0.1134917140007019,0.5892695188522339,0.39344343543052673,0.02530844882130623,0.6321288347244263,0.38402098417282104,0.18742989003658295,0.3650761544704437,0.38200318813323975,0.0429304763674736,0.69150710105896,0.42833858728408813,-0.003655898617580533,0.3885163962841034,0.37817370891571045,-0.023759637027978897,0.44514229893684387,0.3710583746433258,-0.002482322510331869,0.6973522901535034,0.4430065155029297,-0.04975143074989319,0.6609722375869751,0.4010486602783203,0.0710543841123581,0.5186049938201904,0.3744902014732361,0.0469464473426342,0.6801296472549438,0.41492772102355957,0.034573424607515335,0.5346426963806152,0.35949021577835083,0.0967554897069931,0.5496950149536133,0.3707737326622009,0.06353803724050522,0.5786426067352295,0.36534154415130615,0.12044629454612732,0.7275921702384949,0.4443575143814087,-0.04854302480816841,0.462239146232605,0.3734579086303711,0.017457785084843636,0.6838564872741699,0.4059150516986847,0.09487488865852356,0.7015810608863831,0.4207281470298767,0.04889960587024689,0.635979175567627,0.38742560148239136,0.09962450712919235,0.6117410659790039,0.37872302532196045,0.22914689779281616,0.6478890180587769,0.38840651512145996,0.13394293189048767,0.6351572275161743,0.4066830277442932,0.27850842475891113,0.5878832340240479,0.3735894560813904,0.0839337706565857,0.4257006347179413,0.3779171109199524,0.020500561222434044,0.4853493571281433,0.3623594641685486,-0.04583568125963211,0.49651792645454407,0.3657829165458679,-0.022081216797232628,0.46545395255088806,0.354917973279953,-0.0655742660164833,0.3569355010986328,0.3689723014831543,0.1030474454164505,0.3615973889827728,0.35515910387039185,0.12745268642902374,0.3693698048591614,0.34706050157546997,0.15290983021259308,0.3765416443347931,0.3436761498451233,0.18195147812366486,0.3816564977169037,0.34765350818634033,0.20732317864894867,0.39225009083747864,0.3717213273048401,0.23806312680244446,0.49235355854034424,0.382351815700531,0.3642382025718689,0.4157811999320984,0.38351088762283325,0.19896867871284485,0.4199548065662384,0.38741299510002136,0.1668996959924698,0.4142019748687744,0.3928511142730713,0.1366099864244461,0.4029751718044281,0.3971664309501648,0.11369707435369492,0.39393582940101624,0.39786189794540405,0.09481752663850784,0.38698142766952515,0.39726096391677856,0.08424325287342072,0.4927537739276886,0.429394394159317,0.4530300199985504,0.5018168687820435,0.37319859862327576,-0.014896116219460964,0.4247589409351349,0.3688782751560211,-0.02294841967523098,0.478947252035141,0.3602635860443115,-0.07705505937337875,0.48672711849212646,0.3778482675552368,-0.08438239991664886,0.48430413007736206,0.36878490447998047,-0.06798259168863297,0.5058295726776123,0.3821733593940735,-0.018328873440623283,0.48695874214172363,0.37682753801345825,-0.09311096370220184,0.4918181896209717,0.3898172378540039,-0.07488534599542618,0.37329789996147156,0.39094483852386475,0.10518397390842438,0.3765721917152405,0.3943362236022949,0.07627157866954803,0.38357606530189514,0.39377450942993164,0.05127793923020363,0.3948538601398468,0.365549772977829,0.20040659606456757,0.38856855034828186,0.36073267459869385,0.2105833739042282,0.2678247392177582,0.5234816074371338,-0.05109281465411186,0.2784287631511688,0.5028241872787476,-0.05109281465411186,0.24927091598510742,0.5200644135475159,-0.05109281465411186,0.256945937871933,0.5440735220909119,-0.05109281465411186,0.28595104813575745,0.5270232558250427,-0.05109281465411186,0.3778877258300781,0.3728463053703308,0.15972861647605896,0.38548174500465393,0.36617591977119446,0.15972861647605896,0.363852322101593,0.36634165048599243,0.15972861647605896,0.36955639719963074,0.3797493577003479,0.15972861647605896,0.3912501633167267,0.37950408458709717,0.15972861647605896,0,0,0,0,0,1,1,0,0,0,0,0,0.1654490828514099,0.08532814681529999,0.11340133845806122,0.08142037689685822,0.027293602004647255,0.06006835028529167,0.08383448421955109,0.0658782497048378,0.08281371742486954,0.1179002895951271,0.7435351014137268,0.2842300832271576,Sadness,-41.23765563964844,-9.832544326782227
66,2.2,28.749998800661754,-15.539838736426717,0.9131580030347676,0.5244506001472473,0.4412391781806946,-0.08820126205682755,0.46079403162002563,0.38284021615982056,-0.1201414093375206,0.4849344491958618,0.4186147451400757,-0.07554785907268524,0.38888224959373474,0.4048178195953369,-0.0898066908121109,0.43968477845191956,0.37669891119003296,-0.12218352407217026,0.41472703218460083,0.38124406337738037,-0.10629380494356155,0.34884512424468994,0.40302151441574097,-0.02966322749853134,0.2667638659477234,0.5648025870323181,-0.06251358240842819,0.3082323670387268,0.4030522406101227,0.0007575171766802669,0.2830377221107483,0.3960493206977844,0.006678365636616945,0.18890003859996796,0.38743412494659424,0.060411322861909866,0.5305308103561401,0.4426393508911133,-0.08751724660396576,0.5352075099945068,0.44440504908561707,-0.08239474892616272,0.5370234251022339,0.4459056258201599,-0.07399618625640869,0.6218348741531372,0.4565770626068115,-0.06759005039930344,0.6327751874923706,0.45851996541023254,-0.07245590537786484,0.6433553695678711,0.4610174298286438,-0.07918588817119598,0.6524924039840698,0.46345311403274536,-0.07838349044322968,0.6463756561279297,0.46314799785614014,-0.06424244493246078,0.47395169734954834,0.3950738310813904,-0.11216633021831512,0.4670296311378479,0.4237140417098999,-0.09707537293434143,0.16233573853969574,0.6720180511474609,-0.0027651102282106876,0.3170940577983856,0.5071308612823486,-0.045024096965789795,0.3108927309513092,0.5266807079315186,-0.06006772816181183,0.3009778559207916,0.5472822785377502,-0.0691857859492302,0.26770997047424316,0.5770377516746521,-0.07020856440067291,0.3187297582626343,0.49092987179756165,-0.02601875178515911,0.23699618875980377,0.524581253528595,-0.05825250968337059,0.2507414221763611,0.5033196210861206,-0.037352126091718674,0.22985178232192993,0.546942412853241,-0.06894911825656891,0.2309151589870453,0.5642739534378052,-0.07173489034175873,0.27637797594070435,0.5977282524108887,-0.07381312549114227,0.6527523994445801,0.5540106296539307,-0.10465896874666214,0.25291910767555237,0.5739120244979858,-0.060723304748535156,0.25468170642852783,0.6930549144744873,-0.030644936487078667,0.24380946159362793,0.6230392456054688,-0.06625817716121674,0.4101469814777374,0.5229532122612,-0.09563609212636948,0.5058667063713074,0.4667710065841675,-0.10456063598394394,0.5225175619125366,0.4671401381492615,-0.09763498604297638,0.49785980582237244,0.495021790266037,-0.11408303678035736,0.4981793463230133,0.513279914855957,-0.11328545212745667,0.5137505531311035,0.4883740544319153,-0.1056148111820221,0.5101600885391235,0.504246711730957,-0.10176990926265717,0.5691860914230347,0.558830201625824,-0.10272794961929321,0.4544023871421814,0.39764249324798584,-0.12887848913669586,0.4333498179912567,0.3942185640335083,-0.13233493268489838,0.1965312361717224,0.5898898839950562,-0.08552396297454834,0.37198933959007263,0.4778697192668915,-0.05567241832613945,0.43730583786964417,0.46860241889953613,-0.11280091851949692,0.42462635040283203,0.47285962104797363,-0.10511978715658188,0.38456422090530396,0.590161144733429,-0.12097661942243576,0.4102085828781128,0.39790868759155273,-0.11633464694023132,0.20340439677238464,0.528276801109314,-0.07284009456634521,0.19394627213478088,0.5616313815116882,-0.08395198732614517,0.13408084213733673,0.6218791604042053,-0.014920641668140888,0.27249500155448914,0.44300711154937744,-0.02512470632791519,0.2694382965564728,0.4870046377182007,-0.01808786951005459,0.5381317734718323,0.5682970881462097,-0.10963304340839386,0.49875596165657043,0.7536102533340454,-0.020570902153849602,0.4558335244655609,0.459633469581604,-0.09499412029981613,0.4667178988456726,0.44690802693367004,-0.08389655500650406,0.5147092938423157,0.5324621200561523,-0.09891468286514282,0.5188331604003906,0.5259507894515991,-0.09463325887918472,0.17108091711997986,0.5719977617263794,-0.07687466591596603,0.4474198520183563,0.4794415533542633,-0.10334676504135132,0.22778095304965973,0.48920050263404846,-0.05222412943840027,0.20845158398151398,0.4880915582180023,-0.053282272070646286,0.13360080122947693,0.4972043037414551,-0.011590675450861454,0.1557522416114807,0.5870258808135986,-0.04933060333132744,0.16965030133724213,0.48007917404174805,-0.030622366815805435,0.1758888214826584,0.6045019030570984,-0.0741550624370575,0.17635080218315125,0.6330352425575256,-0.038670387119054794,0.5154016017913818,0.46762359142303467,-0.10398977994918823,0.5063778162002563,0.49221059679985046,-0.11136093735694885,0.5043290853500366,0.5092360973358154,-0.10899718105792999,0.4618910849094391,0.4592816233634949,-0.08616719394922256,0.5170373320579529,0.5292090773582458,-0.09580353647470474,0.538536548614502,0.5275262594223022,-0.09842920303344727,0.5200397372245789,0.5231561660766602,-0.09371013194322586,0.4495449960231781,0.4345502257347107,-0.11903419345617294,0.5131120681762695,0.5002734661102295,-0.09670388698577881,0.5175058841705322,0.4847039580345154,-0.09643421322107315,0.5263384580612183,0.4660431146621704,-0.09027484059333801,0.6350812911987305,0.49117323756217957,-0.0818304494023323,0.6308176517486572,0.4950687885284424,-0.0966123566031456,0.6231667995452881,0.4903540015220642,-0.09753994643688202,0.6138702630996704,0.48455139994621277,-0.09017229825258255,0.6052395105361938,0.4795829653739929,-0.08440287411212921,0.5624487996101379,0.5086652636528015,-0.09193781763315201,0.5629793405532837,0.5145250558853149,-0.09632603079080582,0.5634317398071289,0.5219327807426453,-0.10221214592456818,0.5644014477729797,0.5282166004180908,-0.1036190390586853,0.49902716279029846,0.5234767198562622,-0.11141542345285416,0.3689415454864502,0.7625855803489685,0.02166786417365074,0.47992637753486633,0.4074450731277466,-0.08740832656621933,0.5428720712661743,0.5166797041893005,-0.0919664055109024,0.5408669114112854,0.5219466686248779,-0.09552911669015884,0.477304607629776,0.44306620955467224,-0.08787200599908829,0.4635714888572693,0.4823944568634033,-0.08296865969896317,0.4724334478378296,0.444649875164032,-0.08585632592439651,0.3761911392211914,0.5011659264564514,-0.07001055032014847,0.3769555389881134,0.5332745313644409,-0.09297095239162445,0.43374374508857727,0.48383957147598267,-0.09759660810232162,0.12322328984737396,0.5636499524116516,-0.02045787312090397,0.1522352695465088,0.5368046164512634,-0.045639872550964355,0.1814073622226715,0.5324909090995789,-0.06846372783184052,0.5917227268218994,0.5423637628555298,-0.10275838524103165,0.24133765697479248,0.44134628772735596,-0.02804866060614586,0.19382129609584808,0.4336354434490204,-0.004586303606629372,0.1562335193157196,0.4406304359436035,0.01672074757516384,0.28539684414863586,0.5663416385650635,-0.07220491766929626,0.28211677074432373,0.624661922454834,-0.08200213313102722,0.3174453675746918,0.4803786277770996,-0.014805183745920658,0.2291320413351059,0.5901362299919128,-0.07510630041360855,0.36343926191329956,0.4590591490268707,-0.04982510954141617,0.4313763976097107,0.4441535174846649,-0.1220303624868393,0.3083028495311737,0.6585404872894287,-0.08567923307418823,0.31024569272994995,0.6080813407897949,-0.09642577916383743,0.33636149764060974,0.5781328082084656,-0.09604505449533463,0.3515750765800476,0.5366756319999695,-0.07656095921993256,0.3543063700199127,0.5072555541992188,-0.055488817393779755,0.3541077673435211,0.4851049482822418,-0.0408104732632637,0.3458233177661896,0.42157110571861267,-0.039864882826805115,0.35984304547309875,0.6628971695899963,-0.10454710572957993,0.2164098173379898,0.6085823178291321,-0.07672398537397385,0.46927839517593384,0.40320783853530884,-0.11941901594400406,0.3942154347896576,0.4748642146587372,-0.06894905120134354,0.257219135761261,0.7380014061927795,0.03194200620055199,0.351508766412735,0.46668514609336853,-0.028308551758527756,0.4352964162826538,0.49403566122055054,-0.07694113254547119,0.24760177731513977,0.5834746956825256,-0.06461434066295624,0.4177934527397156,0.44916844367980957,-0.11115075647830963,0.4310374855995178,0.7648048400878906,0.0047049494460225105,0.30779820680618286,0.48217058181762695,-0.007789104711264372,0.41097956895828247,0.42133980989456177,-0.11811663210391998,0.5766449570655823,0.6650032997131348,-0.09548135101795197,0.603259801864624,0.690944492816925,-0.0710899829864502,0.36157748103141785,0.719759464263916,-0.049185726791620255,0.5330650806427002,0.6964842081069946,-0.08892696350812912,0.21049286425113678,0.664644181728363,-0.028673365712165833,0.6794045567512512,0.5676419734954834,-0.10599634051322937,0.47539791464805603,0.41415905952453613,-0.09124711155891418,0.4031578600406647,0.4977651834487915,-0.07727395743131638,0.23506179451942444,0.6467704772949219,-0.06148304045200348,0.28849872946739197,0.5412927865982056,-0.06116248294711113,0.29823294281959534,0.5236454010009766,-0.05403014272451401,0.53642737865448,0.5328502058982849,-0.10022108256816864,0.4109564423561096,0.6738090515136719,-0.10505000501871109,0.7200033664703369,0.5368972420692444,-0.09056659042835236,0.6751070618629456,0.6138057708740234,-0.08849401772022247,0.6461256742477417,0.6494978666305542,-0.08150413632392883,0.2243039608001709,0.38894808292388916,0.03390812128782272,0.7336328625679016,0.49647587537765503,-0.06295308470726013,0.3030143678188324,0.5084555745124817,-0.040589094161987305,0.3054376542568207,0.49447810649871826,-0.026011131703853607,0.30724668502807617,0.4858376383781433,-0.013694735243916512,0.19907262921333313,0.6278415322303772,-0.06581969559192657,0.2833417057991028,0.495763897895813,-0.02376416139304638,0.2683693766593933,0.5114282965660095,-0.037340592592954636,0.2585999667644501,0.5282381176948547,-0.05012185871601105,0.25283733010292053,0.5463672280311584,-0.059875547885894775,0.251880019903183,0.5591469407081604,-0.06239306554198265,0.20128169655799866,0.7084154486656189,0.018517490476369858,0.2778875231742859,0.5545153617858887,-0.06317885965108871,0.5023229122161865,0.4216771423816681,-0.0748773142695427,0.4903313219547272,0.4984854459762573,-0.10543733835220337,0.4515223503112793,0.45426324009895325,-0.09920022636651993,0.4949108064174652,0.44857269525527954,-0.09440741688013077,0.3277728855609894,0.4080966114997864,-0.005575951654464006,0.6175705194473267,0.6343454122543335,-0.0961511954665184,0.6494214534759521,0.6038072109222412,-0.0996304303407669,0.7039058208465576,0.5259390473365784,-0.10134325176477432,0.5571930408477783,0.7258727550506592,-0.0488494373857975,0.2991371154785156,0.4862998127937317,-0.014350823126733303,0.3740614354610443,0.4325106143951416,-0.06611715257167816,0.718382716178894,0.4841614365577698,-0.07357720285654068,0.6999510526657104,0.5758992433547974,-0.09758824855089188,0.4195994734764099,0.7260355949401855,-0.059187643229961395,0.5848169326782227,0.49629923701286316,-0.09089230000972748,0.5888743996620178,0.5027157664299011,-0.09665298461914062,0.5937249660491943,0.5102960467338562,-0.10340756177902222,0.5996372699737549,0.5166662931442261,-0.10424497723579407,0.6143020391464233,0.5201653838157654,-0.09937254339456558,0.5113238096237183,0.5172107815742493,-0.09929163008928299,0.5071530342102051,0.5219906568527222,-0.10428314656019211,0.502240777015686,0.5259866714477539,-0.10792908817529678,0.5153614282608032,0.5474759936332703,-0.11338150501251221,0.4312863349914551,0.6293447613716125,-0.12270921468734741,0.35312172770500183,0.4395134747028351,-0.04242420941591263,0.3031700849533081,0.4587315320968628,0.0012042016023769975,0.2963119149208069,0.47469425201416016,-0.0066526844166219234,0.5132405161857605,0.5131317973136902,-0.09554298967123032,0.49461454153060913,0.6595237255096436,-0.10787082463502884,0.3181985318660736,0.435036301612854,-0.012721682898700237,0.6318074464797974,0.5392972826957703,-0.09909531474113464,0.3925582468509674,0.3891230821609497,-0.07954306155443192,0.3683107793331146,0.4133440852165222,-0.06385048478841782,0.3713884949684143,0.3961707353591919,-0.052937235683202744,0.402249813079834,0.45029786229133606,-0.08347554504871368,0.6929898858070374,0.4750921130180359,-0.07737121731042862,0.6665894985198975,0.46957412362098694,-0.0700160413980484,0.6541945934295654,0.5035045146942139,-0.08906685560941696,0.5723603963851929,0.5831338167190552,-0.10575822740793228,0.44612425565719604,0.5157181620597839,-0.08928171545267105,0.605575442314148,0.565784215927124,-0.10266377031803131,0.4249788522720337,0.560450553894043,-0.11697112768888474,0.46257370710372925,0.5380925536155701,-0.1067543774843216,0.45877888798713684,0.5937294363975525,-0.12208908051252365,0.6787301301956177,0.5143799781799316,-0.10239337384700775,0.4106331765651703,0.4721994996070862,-0.0817064493894577,0.5871843099594116,0.6109235286712646,-0.10548080503940582,0.6224086284637451,0.5845930576324463,-0.10204894840717316,0.5344409942626953,0.5913469791412354,-0.11586294323205948,0.45685261487960815,0.681736409664154,-0.10158616304397583,0.5313618183135986,0.6281781792640686,-0.11432798206806183,0.47669151425361633,0.7215210199356079,-0.07288870215415955,0.4899963140487671,0.564497172832489,-0.11638223379850388,0.38392704725265503,0.4538537561893463,-0.06735725700855255,0.44369176030158997,0.4380951523780823,-0.12466121464967728,0.4468861222267151,0.4624958336353302,-0.10962313413619995,0.4308684766292572,0.4177452623844147,-0.13088004291057587,0.27424874901771545,0.46915391087532043,-0.014020126312971115,0.2431248426437378,0.4973185360431671,-0.040478385984897614,0.2252408117055893,0.5248084664344788,-0.06319822371006012,0.21688087284564972,0.5514704585075378,-0.07739083468914032,0.2173694521188736,0.573788583278656,-0.08073818683624268,0.24742081761360168,0.6005954146385193,-0.06675676256418228,0.3065016269683838,0.7093212604522705,-0.0435396283864975,0.2946940064430237,0.5851332545280457,-0.07862639427185059,0.31556567549705505,0.5618130564689636,-0.07634204626083374,0.32842838764190674,0.532977283000946,-0.06521792709827423,0.333983451128006,0.5071038007736206,-0.04655110836029053,0.3351888656616211,0.4876863360404968,-0.028155144304037094,0.3352237939834595,0.47339779138565063,-0.017240770161151886,0.31294625997543335,0.7532604932785034,0.03277812898159027,0.4537985324859619,0.4694891571998596,-0.09993842244148254,0.3930085599422455,0.42561283707618713,-0.08929970860481262,0.447823703289032,0.41464507579803467,-0.12933295965194702,0.4624797999858856,0.41605985164642334,-0.11466753482818604,0.4524471163749695,0.42178457975387573,-0.12036804854869843,0.46248525381088257,0.4708521068096161,-0.08875925093889236,0.4654400050640106,0.41009950637817383,-0.11856269836425781,0.471977174282074,0.41992396116256714,-0.09410259127616882,0.31360766291618347,0.47330328822135925,-0.002836773172020912,0.3284846842288971,0.46064186096191406,-0.005699880886822939,0.3408723771572113,0.45091068744659424,-0.017772823572158813,0.2524157762527466,0.5673565864562988,-0.06258193403482437,0.2356763482093811,0.577978789806366,-0.06994059681892395,0.4018411934375763,0.379601389169693,-0.05610910430550575,0.3963053524494171,0.37144237756729126,0.17927896976470947,0.482737272977829,0.3962109386920929,-0.07169591635465622,0.35092994570732117,0.3520045876502991,0.375527024269104,0.3945769667625427,0.3947335481643677,0.11133544147014618,0.4020620584487915,0.38921600580215454,0.12768861651420593,0.4063601493835449,0.3833335041999817,0.14725954830646515,0.3967862129211426,0.37953439354896545,0.18547269701957703,0.38684576749801636,0.39639878273010254,0.09736167639493942,0.3677355647087097,0.36094775795936584,0.13538828492164612,0.36257535219192505,0.36888420581817627,0.11582700163125992,0.37365373969078064,0.3570866584777832,0.1553090661764145,0.37965112924575806,0.3589286208152771,0.1715298444032669,0.40561604499816895,0.3840411901473999,0.20105722546577454,0.6905633211135864,0.4346349239349365,0.009785576723515987,0.3919040560722351,0.370393306016922,0.19229979813098907,0.43146538734436035,0.36705896258354187,0.3492225706577301,0.38895368576049805,0.3799276351928711,0.24313265085220337,0.48741161823272705,0.37053459882736206,0.062430642545223236,0.5318918228149414,0.4173007607460022,-0.06394439190626144,0.5438101291656494,0.4254184365272522,-0.06001056730747223,0.5463599562644958,0.399173766374588,-0.029902705922722816,0.5607167482376099,0.3894287049770355,0.0028258697129786015,0.552985429763794,0.41101986169815063,-0.03230737894773483,0.5627045631408691,0.40135714411735535,-0.003931193612515926,0.6351035833358765,0.4047613739967346,0.04578926041722298,0.46696823835372925,0.3738929033279419,-0.10702139884233475,0.4477577805519104,0.3665379285812378,-0.10640138387680054,0.3648902475833893,0.3425767719745636,0.20351676642894745,0.4193354845046997,0.3861998915672302,0.047247014939785004,0.4841066598892212,0.3693952262401581,-0.015695706009864807,0.4728921055793762,0.37102842330932617,-0.005110566504299641,0.506782054901123,0.352134108543396,0.14037786424160004,0.42369797825813293,0.37127429246902466,-0.0832255408167839,0.3520384132862091,0.33413416147232056,0.12840977311134338,0.3584994971752167,0.334172785282135,0.16826368868350983,0.313516765832901,0.3363915681838989,0.32329684495925903,0.34387049078941345,0.362493097782135,0.04126676172018051,0.3610910475254059,0.37840360403060913,0.10674405097961426,0.6173332929611206,0.39301103353500366,0.06961268931627274,0.6322857737541199,0.437488853931427,0.3368493914604187,0.4914162755012512,0.3846402168273926,-0.022869346663355827,0.49073708057403564,0.3970802426338196,-0.048069536685943604,0.5909041166305542,0.3837965428829193,0.056425563991069794,0.5885350704193115,0.3904494345188141,0.04156087338924408,0.3461378514766693,0.32836031913757324,0.1912071704864502,0.49455732107162476,0.3773879408836365,-0.007766811642795801,0.3456527292728424,0.34176105260849,0.08550568670034409,0.33344635367393494,0.332222580909729,0.08903305977582932,0.24514183402061462,0.3359461724758148,0.1815716028213501,0.3203709125518799,0.32818859815597534,0.24705848097801208,0.26771438121795654,0.33934691548347473,0.13372255861759186,0.3523247241973877,0.3409731388092041,0.2361043393611908,0.353560209274292,0.33822154998779297,0.2980259954929352,0.5396068692207336,0.42095309495925903,-0.06385762244462967,0.5508658289909363,0.40497446060180664,-0.031978826969861984,0.562438428401947,0.39477795362472534,-0.0030621737241744995,0.49319323897361755,0.39109694957733154,-0.027309969067573547,0.5899867415428162,0.3871205449104309,0.04757610708475113,0.607529878616333,0.3905293941497803,0.022626833990216255,0.5872864723205566,0.39288803935050964,0.0385846272110939,0.47919759154319763,0.37772566080093384,-0.053041573613882065,0.5615642070770264,0.40678608417510986,-0.003885679878294468,0.5526903867721558,0.41633832454681396,-0.027304334565997124,0.5450021028518677,0.4295516610145569,-0.05161083862185478,0.6525702476501465,0.4435071349143982,-0.04415963962674141,0.6602828502655029,0.43367379903793335,-0.05525464192032814,0.6508570909500122,0.43318450450897217,-0.05481509491801262,0.6388225555419922,0.4340234696865082,-0.04753359034657478,0.6273748278617859,0.4359256327152252,-0.04403790831565857,0.6130713224411011,0.409010648727417,0.0014096454251557589,0.6182259321212769,0.4039725065231323,-0.003123772796243429,0.624921441078186,0.3980571925640106,-0.005458488129079342,0.6308267116546631,0.3937429189682007,0.0008891826728358865,0.5622654557228088,0.3827483057975769,0.022782664746046066,0.5347445607185364,0.42086929082870483,0.4214002788066864,0.6016719937324524,0.4009942412376404,0.023685626685619354,0.6048798561096191,0.39561110734939575,0.020780395716428757,0.4958636164665222,0.4030457139015198,-0.052597690373659134,0.5051915049552917,0.38978439569473267,-0.006408277899026871,0.4934300184249878,0.4000706076622009,-0.05103543400764465,0.43957656621932983,0.37912458181381226,0.06733431667089462,0.4653578996658325,0.3652659058570862,0.09290213137865067,0.48426246643066406,0.3756963312625885,0.006048544310033321,0.27800673246383667,0.3303366005420685,0.25486913323402405,0.29206615686416626,0.32916319370269775,0.19294463098049164,0.3395870327949524,0.32495784759521484,0.1441664695739746,0.642447829246521,0.41393470764160156,0.019718211144208908,0.3260277807712555,0.3465934991836548,0.044533003121614456,0.24685776233673096,0.35898107290267944,0.08128422498703003,0.217488095164299,0.3536849617958069,0.11407491564750671,0.4039084017276764,0.38087642192840576,0.1685675084590912,0.4129789173603058,0.39103713631629944,0.22405403852462769,0.380720317363739,0.39654985070228577,0.09534429758787155,0.3797205686569214,0.363185852766037,0.2044350653886795,0.3998751640319824,0.38912156224250793,0.03220779821276665,0.47026363015174866,0.3663278818130493,-0.04364356771111488,0.4705957770347595,0.3499702215194702,0.2623383104801178,0.43304556608200073,0.38958150148391724,0.1915431171655655,0.4453060030937195,0.3889906406402588,0.1482129991054535,0.4382248818874359,0.3945710361003876,0.1101711317896843,0.42412421107292175,0.39988499879837036,0.08654601871967316,0.41322487592697144,0.4005447030067444,0.06568457186222076,0.36147668957710266,0.3928706645965576,-0.005035074893385172,0.516226589679718,0.35255128145217896,0.24312706291675568,0.37417536973953247,0.3608979284763336,0.22854499518871307,0.4772966504096985,0.38906723260879517,-0.10199543833732605,0.4391342103481293,0.38419264554977417,0.03032340668141842,0.4364064335823059,0.397843599319458,0.44193437695503235,0.40236592292785645,0.39915573596954346,0.054631300270557404,0.487275093793869,0.382230281829834,0.0269551333039999,0.38871175050735474,0.3734568953514099,0.20109818875789642,0.45674678683280945,0.36926132440567017,-0.031551819294691086,0.584409236907959,0.4291549026966095,0.3872215747833252,0.37463217973709106,0.39493900537490845,0.10714593529701233,0.4377197027206421,0.36838382482528687,-0.059967465698719025,0.6678699254989624,0.41327762603759766,0.16389159858226776,0.6903373599052429,0.4399346709251404,0.19941957294940948,0.5290512442588806,0.37881362438201904,0.3308177888393402,0.6472064256668091,0.40739357471466064,0.21688295900821686,0.3888401985168457,0.3534773290157318,0.33230724930763245,0.7146012783050537,0.4414767026901245,0.01806359551846981,0.4821704030036926,0.4026426374912262,-0.0806860476732254,0.46212252974510193,0.38018932938575745,0.045439206063747406,0.38390421867370605,0.3880084156990051,0.279274582862854,0.3990698456764221,0.37632137537002563,0.15130510926246643,0.3952322006225586,0.38216304779052734,0.13407479226589203,0.6101260185241699,0.38615962862968445,0.029946744441986084,0.5590500831604004,0.36321908235549927,0.23013803362846375,0.7378183603286743,0.4690617322921753,-0.019842049106955528,0.7221057415008545,0.44809046387672424,0.08573206514120102,0.7094285488128662,0.4439046084880829,0.13783279061317444,0.38840728998184204,0.38747793436050415,0.1200016587972641,0.38055577874183655,0.3910065293312073,0.11224927008152008,0.3766500949859619,0.39371180534362793,0.11017284542322159,0.36247676610946655,0.36414164304733276,0.2637103497982025,0.37403571605682373,0.38349205255508423,0.11677363514900208,0.3770538568496704,0.3760702610015869,0.12555932998657227,0.3812510371208191,0.36927035450935364,0.13936293125152588,0.3863416314125061,0.3648734986782074,0.15586575865745544,0.3901374936103821,0.3653709292411804,0.1688082218170166,0.3890606462955475,0.3725966215133667,0.4185216426849365,0.3986095190048218,0.3727808892726898,0.16742703318595886,0.5394189953804016,0.3860764503479004,-0.0035660432185977697,0.4879198670387268,0.3799625039100647,-0.030926523730158806,0.5153594017028809,0.4031088948249817,-0.05259978398680687,0.687828779220581,0.4220561981201172,0.11376170068979263,0.7001200914382935,0.4332858920097351,0.06622573733329773,0.7232483625411987,0.456784188747406,-0.03363003209233284,0.6668758392333984,0.44027718901634216,0.2701246440410614,0.37418392300605774,0.3900414705276489,0.11150559037923813,0.39973393082618713,0.3834608793258667,-0.010938536375761032,0.7323963642120361,0.4547213912010193,0.03171093389391899,0.5751882791519165,0.38922935724258423,0.3050248622894287,0.6234833002090454,0.42039042711257935,-0.020483698695898056,0.6322191953659058,0.415785551071167,-0.02339550107717514,0.642132043838501,0.4118020534515381,-0.026721864938735962,0.6517293453216553,0.40958547592163086,-0.023780416697263718,0.649075984954834,0.42624160647392273,-0.009749806486070156,0.5743788480758667,0.3943060338497162,0.0219240915030241,0.5753329992294312,0.3886008858680725,0.028222735971212387,0.5749192237854004,0.3834969401359558,0.03357275575399399,0.5898419618606567,0.3848433494567871,0.052749019116163254,0.5588617920875549,0.3624826669692993,0.1603226512670517,0.37911733984947205,0.391454815864563,0.01489660982042551,0.36256009340286255,0.388866126537323,0.07395757734775543,0.36598920822143555,0.389590322971344,0.09913837164640427,0.5726373791694641,0.39886778593063354,0.0206304844468832,0.6133897304534912,0.3828670382499695,0.17986705899238586,0.3652490973472595,0.38545021414756775,0.03018578514456749,0.6672716736793518,0.433016300201416,0.00014761017519049346,0.3824933171272278,0.3859122097492218,-0.03411172330379486,0.43835142254829407,0.37833747267723083,-0.010685687884688377,0.6719160079956055,0.44848012924194336,-0.04123789072036743,0.6437101364135742,0.4039108157157898,0.06612632423639297,0.510688841342926,0.37933358550071716,0.04072429984807968,0.6588969230651855,0.4188438057899475,0.03392612561583519,0.5241762399673462,0.3620527982711792,0.08600151538848877,0.5404142141342163,0.37490957975387573,0.05499006062746048,0.5661917924880981,0.3668695092201233,0.10968106240034103,0.6990020275115967,0.4498130679130554,-0.039245299994945526,0.4552161395549774,0.38013195991516113,0.01017427071928978,0.6620059013366699,0.4072498679161072,0.09227152913808823,0.6760808229446411,0.42355141043663025,0.05105993151664734,0.6218348741531372,0.389934241771698,0.09146888554096222,0.5943410396575928,0.37546515464782715,0.22009627521038055,0.6292645931243896,0.38903892040252686,0.12669362127780914,0.6149789690971375,0.39983099699020386,0.2734624743461609,0.5777679681777954,0.3772376775741577,0.0743008553981781,0.419159471988678,0.38409727811813354,0.011303504928946495,0.4775339365005493,0.3712250888347626,-0.05318688228726387,0.4892714023590088,0.37359362840652466,-0.027645017951726913,0.45786941051483154,0.36464595794677734,-0.07351934164762497,0.353669136762619,0.37438780069351196,0.08623415976762772,0.35568350553512573,0.3594372868537903,0.10656978189945221,0.36193352937698364,0.3502812385559082,0.12953105568885803,0.36841464042663574,0.3464275002479553,0.15711307525634766,0.3740924000740051,0.35095974802970886,0.1819179654121399,0.38910001516342163,0.3770959973335266,0.21648986637592316,0.4809197783470154,0.37143442034721375,0.3458467423915863,0.416840523481369,0.3844824433326721,0.18007996678352356,0.4226818382740021,0.38683411478996277,0.14932622015476227,0.4182945787906647,0.3925102949142456,0.12084291875362396,0.4075721800327301,0.3982323408126831,0.0999031662940979,0.39802470803260803,0.39998236298561096,0.08289557695388794,0.39040568470954895,0.4000452160835266,0.07314808666706085,0.4845210611820221,0.4133310616016388,0.44231942296028137,0.4951053857803345,0.38060706853866577,-0.019339023157954216,0.4180600941181183,0.37670764327049255,-0.0322130024433136,0.47087785601615906,0.3703635334968567,-0.08373710513114929,0.47862708568573,0.38765957951545715,-0.08834677189588547,0.47627049684524536,0.37829530239105225,-0.07379423826932907,0.49926602840423584,0.38945597410202026,-0.02103722281754017,0.47866153717041016,0.3871401846408844,-0.09707183390855789,0.4836292266845703,0.3991759717464447,-0.07616668939590454,0.37414613366127014,0.3961051404476166,0.09304776042699814,0.37874919176101685,0.39828604459762573,0.06521251797676086,0.3866483271121979,0.3955747187137604,0.04058169946074486,0.39171820878982544,0.3673804998397827,0.17976585030555725,0.3836054503917694,0.36427223682403564,0.18843740224838257,0.2681232988834381,0.5333925485610962,-0.04375752806663513,0.27781519293785095,0.5130727291107178,-0.04375752806663513,0.24843686819076538,0.5300927758216858,-0.04375752806663513,0.2578558027744293,0.5541942715644836,-0.04375752806663513,0.2872537076473236,0.5371537208557129,-0.04375752806663513,0.3712485730648041,0.37242016196250916,0.1419747918844223,0.37769201397895813,0.3643895983695984,0.1419747918844223,0.3554886281490326,0.367145836353302,0.1419747918844223,0.36432936787605286,0.38079583644866943,0.1419747918844223,0.3864858150482178,0.37781602144241333,0.1419747918844223,0,0,0,0,0,1,1,0,0,0,0,0,0.1848408728837967,0.11262762546539307,0.12864689528942108,0.12472844123840332,0.03251282870769501,0.08390557020902634,0.19791802763938904,0.08522103726863861,0.10521584749221802,0.16178923845291138,1.294827938079834,0.4800097942352295,Sadness,0.7103497385978699,-28.084178924560547
68,2.2666666666666666,30.342636358218126,-5.614391595659117,0.457422272782827,0.5581554174423218,0.45101848244667053,-0.08899173140525818,0.5318689346313477,0.389911949634552,-0.11665107309818268,0.5388162136077881,0.4256957769393921,-0.07615399360656738,0.45422282814979553,0.39699774980545044,-0.08335749804973602,0.5140010714530945,0.38051486015319824,-0.11735451221466064,0.48821210861206055,0.38024812936782837,-0.10072268545627594,0.4178307056427002,0.3881327509880066,-0.02241845242679119,0.2652825117111206,0.5182734727859497,-0.052858516573905945,0.37429869174957275,0.37834814190864563,0.010558946058154106,0.3529749810695648,0.36672747135162354,0.018383989110589027,0.27469074726104736,0.3434959650039673,0.0755617544054985,0.5641048550605774,0.4543101191520691,-0.08903452754020691,0.5693509578704834,0.45849788188934326,-0.08506134152412415,0.5725874900817871,0.46185746788978577,-0.07907317578792572,0.5911787152290344,0.4687926173210144,-0.06999290734529495,0.6022841930389404,0.47404739260673523,-0.07661454379558563,0.6146153211593628,0.48083075881004333,-0.0838804617524147,0.6239138841629028,0.4876280128955841,-0.08391380310058594,0.6726367473602295,0.4983310103416443,-0.07281890511512756,0.5394869446754456,0.40339791774749756,-0.109596386551857,0.5199592709541321,0.4288719594478607,-0.09577907621860504,0.13535277545452118,0.5913283824920654,0.009563465602695942,0.3326917290687561,0.47979187965393066,-0.03729066997766495,0.32004016637802124,0.4957394301891327,-0.051649224013090134,0.30337756872177124,0.5114842057228088,-0.05991156026721001,0.2621636390686035,0.5292279124259949,-0.060192517936229706,0.3399960398674011,0.46493834257125854,-0.01895536109805107,0.2606894373893738,0.4745308756828308,-0.04763105884194374,0.2818283140659332,0.45889216661453247,-0.027361148968338966,0.2439194768667221,0.4928293824195862,-0.05753527954220772,0.23621293902397156,0.5083781480789185,-0.060161348432302475,0.26330167055130005,0.5500221848487854,-0.06429129093885422,0.6384082436561584,0.5832825899124146,-0.11296581476926804,0.2486085742712021,0.5230570435523987,-0.050561271607875824,0.21165183186531067,0.6309249997138977,-0.02205674722790718,0.22794227302074432,0.5627539157867432,-0.0558413565158844,0.4200296700000763,0.5089651346206665,-0.09200853854417801,0.5337326526641846,0.4708212614059448,-0.10455520451068878,0.5501936078071594,0.4776114225387573,-0.09926420450210571,0.5161294341087341,0.49531683325767517,-0.1134442389011383,0.5049518942832947,0.5121957063674927,-0.11184521019458771,0.5333118438720703,0.4952537417411804,-0.10607073456048965,0.5205284357070923,0.5092422962188721,-0.10165180265903473,0.550981342792511,0.5695898532867432,-0.10387416929006577,0.5194536447525024,0.4025035500526428,-0.12487927824258804,0.5005056262016296,0.39525142312049866,-0.12698104977607727,0.19891168177127838,0.5215435028076172,-0.07021354138851166,0.40575844049453735,0.4607125222682953,-0.04958471283316612,0.4688843786716461,0.46474021673202515,-0.10962818562984467,0.4553772509098053,0.4661712944507599,-0.10171514749526978,0.36640483140945435,0.5653088092803955,-0.11480799317359924,0.47691619396209717,0.3945564031600952,-0.11026296019554138,0.23214754462242126,0.46666157245635986,-0.05696611478924751,0.20907270908355713,0.49491462111473083,-0.06724171340465546,0.12889958918094635,0.5414760112762451,0.0011613781098276377,0.32599306106567383,0.4084877073764801,-0.013875086791813374,0.3038330674171448,0.4485512971878052,-0.009513563476502895,0.5161230564117432,0.5719548463821411,-0.10979490727186203,0.40755221247673035,0.7385450005531311,-0.03068089671432972,0.4897956848144531,0.4606427252292633,-0.09317569434642792,0.5073858499526978,0.4503783881664276,-0.08321167528629303,0.49871188402175903,0.5347679853439331,-0.09860540181398392,0.5047585964202881,0.5300981998443604,-0.09421832114458084,0.18523745238780975,0.49831557273864746,-0.0594681054353714,0.47281813621520996,0.476804256439209,-0.10120636224746704,0.27035200595855713,0.4380015730857849,-0.038224004209041595,0.25415998697280884,0.43160751461982727,-0.03797111660242081,0.17888259887695312,0.4316082000732422,0.006777400616556406,0.16324584186077118,0.5151251554489136,-0.03142772242426872,0.21750786900520325,0.42309334874153137,-0.013050729408860207,0.17584098875522614,0.5299249887466431,-0.05869647487998009,0.16471654176712036,0.5597295761108398,-0.023607458919286728,0.5421925187110901,0.4745374023914337,-0.10445403307676315,0.5246862173080444,0.4954987168312073,-0.1110481396317482,0.5127217769622803,0.5108979344367981,-0.10812502354383469,0.4958339333534241,0.4613446593284607,-0.08520952612161636,0.5019039511680603,0.5324016809463501,-0.0954543948173523,0.5189539194107056,0.5305994749069214,-0.09792966395616531,0.5074906349182129,0.5279321074485779,-0.09318622946739197,0.49740156531333923,0.43625587224960327,-0.11548858135938644,0.5265698432922363,0.5075346827507019,-0.09800312668085098,0.5399437546730042,0.49469202756881714,-0.09886351972818375,0.5555592179298401,0.479195237159729,-0.09400955587625504,0.6483969688415527,0.5224913954734802,-0.08895551413297653,0.5984319448471069,0.5100336074829102,-0.10062146186828613,0.5903367400169373,0.5022832751274109,-0.10025624185800552,0.5795613527297974,0.49341869354248047,-0.0925670936703682,0.5718262791633606,0.48669806122779846,-0.08524873107671738,0.5365791916847229,0.5126273036003113,-0.09120820462703705,0.537589430809021,0.5187501907348633,-0.09657419472932816,0.5385979413986206,0.5267609357833862,-0.10284847766160965,0.5398078560829163,0.5340438485145569,-0.10457261651754379,0.49901115894317627,0.5244038105010986,-0.10922956466674805,0.2854119539260864,0.7178130149841309,0.017192725092172623,0.5397037863731384,0.41536927223205566,-0.08701078593730927,0.5228993892669678,0.5203844308853149,-0.09108996391296387,0.5211367607116699,0.5252227783203125,-0.09493718296289444,0.5193567276000977,0.44820642471313477,-0.08772700279951096,0.48618823289871216,0.4827054440975189,-0.08265858143568039,0.5139524936676025,0.4490719437599182,-0.0853719711303711,0.3988247811794281,0.4829592704772949,-0.06431256979703903,0.384804904460907,0.5119947791099548,-0.08670400083065033,0.45851948857307434,0.4781036674976349,-0.09508467465639114,0.14216673374176025,0.4882471263408661,-0.002051378833130002,0.17952242493629456,0.4701726734638214,-0.027356887236237526,0.21169880032539368,0.4646328389644623,-0.05161503702402115,0.581173300743103,0.5602675676345825,-0.10514972358942032,0.30124133825302124,0.3982159495353699,-0.01471656747162342,0.25949591398239136,0.38607490062713623,0.011654426343739033,0.22284585237503052,0.38565102219581604,0.03389836847782135,0.2822381854057312,0.5241748094558716,-0.06230482459068298,0.2600519359111786,0.5749867558479309,-0.07285027205944061,0.3432522416114807,0.45425212383270264,-0.00798250362277031,0.22577723860740662,0.5301372408866882,-0.06254418939352036,0.40654176473617554,0.4418661892414093,-0.04331193491816521,0.47566574811935425,0.4410248398780823,-0.11775929480791092,0.2719312906265259,0.6110025644302368,-0.07727697491645813,0.2883841395378113,0.5692112445831299,-0.08769511431455612,0.32171905040740967,0.5495103001594543,-0.0878693014383316,0.3505645990371704,0.5156412124633789,-0.06934603303670883,0.3640456199645996,0.48930495977401733,-0.04909028485417366,0.37269604206085205,0.46860089898109436,-0.03420054540038109,0.4071657359600067,0.4043109118938446,-0.03215422108769417,0.31455057859420776,0.6261875629425049,-0.09823557734489441,0.20927855372428894,0.5431944727897644,-0.06343364715576172,0.5314755439758301,0.41015902161598206,-0.11656701564788818,0.42706719040870667,0.46225738525390625,-0.06465105712413788,0.1945870965719223,0.6708563566207886,0.0338357537984848,0.3783838748931885,0.4507713317871094,-0.021792858839035034,0.4551614224910736,0.48797014355659485,-0.07576972991228104,0.24155762791633606,0.5293707251548767,-0.05416863039135933,0.4605681598186493,0.44303417205810547,-0.10659801959991455,0.3403054475784302,0.7340905666351318,-0.0025642577093094587,0.3350110650062561,0.45239922404289246,-0.0010902064386755228,0.46730172634124756,0.4161693751811981,-0.11250074207782745,0.5152376890182495,0.670632004737854,-0.10113844275474548,0.5326653718948364,0.7009981274604797,-0.08201886713504791,0.29498934745788574,0.6774356365203857,-0.04629260674118996,0.4611138105392456,0.6918522119522095,-0.09351257234811783,0.18307016789913177,0.5959170460700989,-0.016706330701708794,0.6590012311935425,0.6013156771659851,-0.11620142310857773,0.5326716303825378,0.42101359367370605,-0.090504951775074,0.42459943890571594,0.48511284589767456,-0.07375147938728333,0.21339066326618195,0.5811216831207275,-0.05139276385307312,0.29478466510772705,0.5030811429023743,-0.05216878280043602,0.31044870615005493,0.4898427724838257,-0.04555337876081467,0.5164200067520142,0.5357663631439209,-0.10000447928905487,0.3558196425437927,0.6471936702728271,-0.10229931026697159,0.7155133485794067,0.58124178647995,-0.10299884527921677,0.636344313621521,0.643014669418335,-0.09990505874156952,0.5920078158378601,0.6702883243560791,-0.09252308309078217,0.3064500093460083,0.3509221076965332,0.04781296104192734,0.7464603185653687,0.546416699886322,-0.07680557668209076,0.320293664932251,0.47721803188323975,-0.03266238793730736,0.32742512226104736,0.4645424783229828,-0.018521757796406746,0.3326229155063629,0.4563082456588745,-0.006515073589980602,0.18877406418323517,0.5557169318199158,-0.05290505290031433,0.3098902702331543,0.45929571986198425,-0.01564008556306362,0.2915058135986328,0.47026708722114563,-0.028562871739268303,0.2755421996116638,0.4833814799785614,-0.04058072715997696,0.2614020109176636,0.4985179901123047,-0.04967179149389267,0.25440070033073425,0.5095053315162659,-0.0523526705801487,0.15598131716251373,0.6322557926177979,0.025571417063474655,0.27973711490631104,0.5120067000389099,-0.05384476110339165,0.550277590751648,0.4303714632987976,-0.07580127567052841,0.5030948519706726,0.5000243782997131,-0.10420992225408554,0.48864418268203735,0.4549023509025574,-0.09696382284164429,0.5302765369415283,0.4545234739780426,-0.09406105428934097,0.3938175439834595,0.38822728395462036,0.002263922244310379,0.5680713057518005,0.6496109366416931,-0.10310888290405273,0.6130064129829407,0.6282151341438293,-0.10837908089160919,0.7013756632804871,0.5679049491882324,-0.11296878755092621,0.4741695821285248,0.724824845790863,-0.059319913387298584,0.3263322710990906,0.45402416586875916,-0.006776438560336828,0.42837077379226685,0.41949495673179626,-0.05964947119355202,0.7342854142189026,0.5327146053314209,-0.08699915558099747,0.678149938583374,0.6131637692451477,-0.10926243662834167,0.34445786476135254,0.6960623860359192,-0.059310201555490494,0.5534952878952026,0.5015238523483276,-0.09076909720897675,0.5574452877044678,0.5086820721626282,-0.09758610278367996,0.563509464263916,0.5176822543144226,-0.10469264537096024,0.56965172290802,0.5258986949920654,-0.10633890330791473,0.6144785284996033,0.5450998544692993,-0.1034630611538887,0.5112780928611755,0.5203397274017334,-0.0983470156788826,0.5047953128814697,0.5231719017028809,-0.10293964296579361,0.49847400188446045,0.5252758264541626,-0.10650988668203354,0.5031497478485107,0.5490738749504089,-0.11151129007339478,0.39258307218551636,0.6106234192848206,-0.11950777471065521,0.4059087336063385,0.4220804274082184,-0.03521449863910675,0.3423512876033783,0.4308624565601349,0.008845844306051731,0.3295811712741852,0.44340330362319946,0.0011415971675887704,0.5168087482452393,0.5175629258155823,-0.09572243690490723,0.4391617178916931,0.6502426862716675,-0.10895986109972,0.3647605776786804,0.41360339522361755,-0.004835626110434532,0.623346209526062,0.5658661127090454,-0.10574795305728912,0.4643494784832001,0.38351818919181824,-0.07348696887493134,0.431749552488327,0.4009777307510376,-0.05654304102063179,0.4419604539871216,0.38614070415496826,-0.04624244198203087,0.4457174837589264,0.4410916566848755,-0.07871049642562866,0.7132705450057983,0.5188319683074951,-0.08863364905118942,0.6898152232170105,0.5083804726600647,-0.07997047901153564,0.6621688008308411,0.5372776389122009,-0.09759604930877686,0.5442043542861938,0.5924943089485168,-0.10808489471673965,0.45580244064331055,0.5091196298599243,-0.08735208958387375,0.5848211646080017,0.5839773416519165,-0.10718625038862228,0.4166303277015686,0.5458933115005493,-0.1135205551981926,0.4606040120124817,0.5318959951400757,-0.10418860614299774,0.4330351650714874,0.5824401378631592,-0.1202852725982666,0.6815359592437744,0.551941454410553,-0.11195756494998932,0.44308146834373474,0.4629538357257843,-0.07813284546136856,0.5481572151184082,0.621364414691925,-0.10978975892066956,0.5945210456848145,0.6048738360404968,-0.10881641507148743,0.5036837458610535,0.59271240234375,-0.116448774933815,0.39491572976112366,0.66371089220047,-0.10160583257675171,0.48666122555732727,0.6273219585418701,-0.11559974402189255,0.3985341191291809,0.7037419080734253,-0.07559199631214142,0.4728879928588867,0.560502290725708,-0.11430774629116058,0.42754143476486206,0.4409120976924896,-0.06190181151032448,0.48999643325805664,0.43825218081474304,-0.12057186663150787,0.48040831089019775,0.4612172842025757,-0.10707881301641464,0.48789042234420776,0.4166228175163269,-0.1252550184726715,0.31598344445228577,0.43321195244789124,-0.004348472226411104,0.2794683873653412,0.45066213607788086,-0.02845126762986183,0.25172528624534607,0.4705441892147064,-0.049898531287908554,0.23213808238506317,0.49219757318496704,-0.06345577538013458,0.222163125872612,0.5123734474182129,-0.0667383149266243,0.23712900280952454,0.5443280935287476,-0.05608111992478371,0.25091463327407837,0.6560083031654358,-0.037444137036800385,0.28316107392311096,0.5440555810928345,-0.06941349059343338,0.3103020191192627,0.5288134813308716,-0.06735921651124954,0.3326196074485779,0.5060640573501587,-0.05708839371800423,0.3472871482372284,0.48388800024986267,-0.03985288366675377,0.3556150496006012,0.46624451875686646,-0.02154041826725006,0.3619094789028168,0.4525856375694275,-0.010934174060821533,0.2388705611228943,0.6966889500617981,0.031331103295087814,0.48323577642440796,0.4690340757369995,-0.09816461056470871,0.44881242513656616,0.41668200492858887,-0.08339016139507294,0.5056724548339844,0.417324960231781,-0.12512528896331787,0.5194351077079773,0.42110729217529297,-0.11191830039024353,0.5067490339279175,0.4249938130378723,-0.11673598736524582,0.4907286763191223,0.47203579545021057,-0.08784890919923782,0.5249378681182861,0.4159572720527649,-0.1156950443983078,0.5267717838287354,0.42596811056137085,-0.09311942756175995,0.34333547949790955,0.44640085101127625,0.003646845230832696,0.3619330823421478,0.4389488697052002,0.0007580665405839682,0.37658095359802246,0.4334304928779602,-0.010828876867890358,0.2510095536708832,0.5168712139129639,-0.05255564674735069,0.23407983779907227,0.5212735533714294,-0.058588702231645584,0.47696810960769653,0.37637531757354736,-0.05156175047159195,0.4707770347595215,0.34401220083236694,0.1754775494337082,0.5465973615646362,0.4048547148704529,-0.07170181721448898,0.44536691904067993,0.33545157313346863,0.36761927604675293,0.45592111349105835,0.3743492364883423,0.11020579934120178,0.4682122766971588,0.3669026494026184,0.1258305460214615,0.4781736731529236,0.35932695865631104,0.1444942057132721,0.47791895270347595,0.3454400897026062,0.18107637763023376,0.4434511065483093,0.37864232063293457,0.09783712774515152,0.4319010376930237,0.3353394865989685,0.13497035205364227,0.4201204478740692,0.34527119994163513,0.1171925738453865,0.4451238811016083,0.32959139347076416,0.15383176505565643,0.4565412998199463,0.3293570876121521,0.16914048790931702,0.49773210287094116,0.34740719199180603,0.19548135995864868,0.7275925874710083,0.4799063503742218,-0.004316648468375206,0.4687844514846802,0.33891206979751587,0.18834982812404633,0.5138172507286072,0.36664366722106934,0.3372442126274109,0.4905075430870056,0.33726346492767334,0.2365470826625824,0.5589936971664429,0.380129337310791,0.05734311789274216,0.5733017921447754,0.4290289282798767,-0.06615080684423447,0.5849368572235107,0.4411446154117584,-0.0638798251748085,0.5922374129295349,0.4130575656890869,-0.03392805531620979,0.606818675994873,0.40449458360671997,-0.0018769848393276334,0.597862720489502,0.427351713180542,-0.037091899663209915,0.6085211038589478,0.4177964925765991,-0.009137285873293877,0.6797157526016235,0.436280757188797,0.037563879042863846,0.5415926575660706,0.38266342878341675,-0.10425106436014175,0.5256652235984802,0.372553288936615,-0.1023837998509407,0.4573182165622711,0.3143259882926941,0.20251891016960144,0.48999494314193726,0.38433724641799927,0.04715336486697197,0.557026743888855,0.3789058327674866,-0.017744800075888634,0.5457590222358704,0.3782598078250885,-0.0071561564691364765,0.5848069190979004,0.36612987518310547,0.13211743533611298,0.500731348991394,0.3726808428764343,-0.07889275252819061,0.42539548873901367,0.3166447579860687,0.1334168016910553,0.44163739681243896,0.3116552233695984,0.170676589012146,0.4157899022102356,0.31324249505996704,0.3210277855396271,0.3950284421443939,0.35500481724739075,0.049218326807022095,0.4143778681755066,0.35701990127563477,0.10831943899393082,0.6659729480743408,0.42093873023986816,0.061065658926963806,0.6725417375564575,0.46927160024642944,0.31056642532348633,0.5573316216468811,0.39437204599380493,-0.02576962485909462,0.5517492294311523,0.4062310457229614,-0.049641311168670654,0.6303818225860596,0.4011196196079254,0.04933721199631691,0.6268918514251709,0.40572404861450195,0.03557693958282471,0.43352097272872925,0.303812712430954,0.1934613436460495,0.5623671412467957,0.3876239061355591,-0.01091686449944973,0.4091007113456726,0.3294130265712738,0.09204676002264023,0.39843636751174927,0.32046806812286377,0.09661826491355896,0.3489883542060852,0.30318933725357056,0.18998780846595764,0.42521095275878906,0.3077315092086792,0.2479533702135086,0.3675611913204193,0.3096815347671509,0.14247113466262817,0.4517762064933777,0.3080253601074219,0.23405711352825165,0.45295965671539307,0.3245699405670166,0.29417598247528076,0.5801178216934204,0.43457111716270447,-0.06650109589099884,0.5958398580551147,0.4202050566673279,-0.03614003211259842,0.6083285808563232,0.41077613830566406,-0.007874373346567154,0.5561383366584778,0.40058180689811707,-0.029382094740867615,0.6286396980285645,0.4035663604736328,0.04121601581573486,0.6346411108970642,0.41254687309265137,0.017227614298462868,0.624868631362915,0.4080752730369568,0.03276152163743973,0.5509850978851318,0.38704290986061096,-0.05305742099881172,0.607982337474823,0.42362481355667114,-0.01010095700621605,0.5982910394668579,0.4336621165275574,-0.0337369367480278,0.5868010520935059,0.44648975133895874,-0.05767622962594032,0.6869184970855713,0.48006340861320496,-0.053423959761857986,0.641913890838623,0.46476393938064575,-0.06157543137669563,0.631495475769043,0.4590926170349121,-0.06039758771657944,0.6172778606414795,0.45436155796051025,-0.052481647580862045,0.6056839823722839,0.45231908559799194,-0.04747716337442398,0.6211604475975037,0.42752954363822937,-0.0028023256454616785,0.6294453144073486,0.42553800344467163,-0.008094417862594128,0.6391768455505371,0.423817902803421,-0.010912993922829628,0.6478316783905029,0.423281729221344,-0.00496771652251482,0.6206815838813782,0.40201205015182495,0.01815081387758255,0.5870302319526672,0.434644877910614,0.3979901671409607,0.6235624551773071,0.41852623224258423,0.018888160586357117,0.6292519569396973,0.4154887795448303,0.015606831759214401,0.5543235540390015,0.41258683800697327,-0.05459807813167572,0.5666377544403076,0.4003894329071045,-0.01004226878285408,0.5532494783401489,0.40951967239379883,-0.05272475257515907,0.5114956498146057,0.38055694103240967,0.06520857661962509,0.5406112670898438,0.37166982889175415,0.08870915323495865,0.5536954998970032,0.38432252407073975,0.0028621612582355738,0.3833919167518616,0.3016655743122101,0.2583600580692291,0.3966185748577118,0.3031756281852722,0.19782854616641998,0.41487041115760803,0.307461142539978,0.14948011934757233,0.6865020990371704,0.44792723655700684,0.01165965385735035,0.37870997190475464,0.33982130885124207,0.05434415489435196,0.34008827805519104,0.32595983147621155,0.09299927204847336,0.3155294358730316,0.3164706826210022,0.12622439861297607,0.48158347606658936,0.35206860303878784,0.16463647782802582,0.5182014107704163,0.34857437014579773,0.21628238260746002,0.43411779403686523,0.38024863600730896,0.09614035487174988,0.4687069058418274,0.328876793384552,0.20164427161216736,0.47074049711227417,0.38417166471481323,0.03381333500146866,0.5464872717857361,0.3746766448020935,-0.04363670572638512,0.5545353293418884,0.3592205047607422,0.25179189443588257,0.5304868817329407,0.3562638759613037,0.18444660305976868,0.529773473739624,0.366366446018219,0.1429210603237152,0.50859135389328,0.37873491644859314,0.10725037753582001,0.48618608713150024,0.38545751571655273,0.0850207507610321,0.46881070733070374,0.3887692093849182,0.06598134338855743,0.43366676568984985,0.3810393512248993,0.0007174051715992391,0.5946272611618042,0.3693593442440033,0.23042556643486023,0.47200849652290344,0.3243963122367859,0.2245279848575592,0.5450318455696106,0.3982412815093994,-0.1000661551952362,0.509351372718811,0.3851335942745209,0.028984757140278816,0.5058422088623047,0.3942956328392029,0.4236624538898468,0.4538082778453827,0.3895583152770996,0.056614309549331665,0.5535160303115845,0.39056235551834106,0.02302420139312744,0.47131940722465515,0.33753502368927,0.19712933897972107,0.5325061678886414,0.37471893429756165,-0.03157651051878929,0.6303525567054749,0.451535165309906,0.3621123731136322,0.4268948435783386,0.37779900431632996,0.10781584680080414,0.5151456594467163,0.37188825011253357,-0.05756162479519844,0.7134860754013062,0.4554617702960968,0.14491498470306396,0.7256156206130981,0.4846016466617584,0.17667612433433533,0.5976465344429016,0.39669448137283325,0.31302791833877563,0.6970233917236328,0.4457852840423584,0.1960098296403885,0.4797167181968689,0.3460462689399719,0.3239363729953766,0.7488209009170532,0.4920046329498291,0.0014284576755017042,0.5438507795333862,0.4112080931663513,-0.08058802038431168,0.5316789746284485,0.3848346769809723,0.04213366284966469,0.4958784878253937,0.3377041518688202,0.2706924080848694,0.46730080246925354,0.3543015718460083,0.14857926964759827,0.4589310884475708,0.3618822693824768,0.1322447955608368,0.6395736932754517,0.41001808643341064,0.023764489218592644,0.6303914785385132,0.38683629035949707,0.21479366719722748,0.7616780400276184,0.5215670466423035,-0.03562953323125839,0.7529661655426025,0.498913049697876,0.06687405705451965,0.7419238090515137,0.492387980222702,0.11748887598514557,0.44827109575271606,0.368344247341156,0.11895213276147842,0.43679726123809814,0.3734297752380371,0.11203032732009888,0.4300577938556671,0.37650778889656067,0.11055022478103638,0.46988987922668457,0.32079946994781494,0.25813132524490356,0.42443880438804626,0.36407899856567383,0.11677052080631256,0.42951661348342896,0.3538720905780792,0.1248469203710556,0.43905821442604065,0.3451627790927887,0.13788862526416779,0.450744092464447,0.3395898938179016,0.1535433530807495,0.4597837030887604,0.33835887908935547,0.16591580212116241,0.47233644127845764,0.3619462847709656,0.40504220128059387,0.4704269766807556,0.34865400195121765,0.16399332880973816,0.5988180637359619,0.4018985629081726,-0.007613000925630331,0.5567823052406311,0.38968008756637573,-0.03245877847075462,0.5697836875915527,0.41453298926353455,-0.054611362516880035,0.7289979457855225,0.46802133321762085,0.09583817422389984,0.737424373626709,0.48105210065841675,0.048764120787382126,0.7505007982254028,0.5080699920654297,-0.04894886538386345,0.7040599584579468,0.4795728325843811,0.2444584220647812,0.4255096912384033,0.37282034754753113,0.11194102466106415,0.4732983410358429,0.3792092800140381,-0.007622848730534315,0.7614990472793579,0.5070279240608215,0.014569368213415146,0.6365338563919067,0.41514813899993896,0.28503653407096863,0.6156028509140015,0.4385633170604706,-0.024354226887226105,0.626134991645813,0.4382955729961395,-0.028483619913458824,0.6389827728271484,0.4396209120750427,-0.032166339457035065,0.6501278877258301,0.44289612770080566,-0.029626497998833656,0.6901919841766357,0.461995005607605,-0.018216673284769058,0.6176892518997192,0.4108443856239319,0.016314156353473663,0.61916184425354,0.40554580092430115,0.022773250937461853,0.6196498870849609,0.4002242088317871,0.02799924649298191,0.6443086862564087,0.40808790922164917,0.04662125185132027,0.6301690340042114,0.3850111961364746,0.14784134924411774,0.4506683051586151,0.3827345371246338,0.018363766372203827,0.4121495485305786,0.37377500534057617,0.07711881399154663,0.4172273576259613,0.3715367913246155,0.10116301476955414,0.6158943176269531,0.416032075881958,0.014583704993128777,0.6737910509109497,0.41492190957069397,0.1634586751461029,0.41091394424438477,0.3774018883705139,0.035897303372621536,0.705101490020752,0.47277554869651794,-0.01130883488804102,0.4564761221408844,0.3786854147911072,-0.028605930507183075,0.5110836029052734,0.3802352845668793,-0.010201391763985157,0.7040857076644897,0.4888947904109955,-0.052408844232559204,0.6896899938583374,0.4394470751285553,0.05570835620164871,0.5760620832443237,0.3918602466583252,0.03564518690109253,0.7006733417510986,0.4570229947566986,0.023023787885904312,0.5967304706573486,0.37839528918266296,0.07845252007246017,0.6050447225570679,0.3927433490753174,0.0490930899977684,0.633681058883667,0.3903142213821411,0.09956793487071991,0.7294762134552002,0.49616342782974243,-0.052090466022491455,0.5257541537284851,0.3838706612586975,0.008566119708120823,0.7083992958068848,0.44804084300994873,0.07818645983934402,0.7172563672065735,0.4662492871284485,0.03662315756082535,0.6734207272529602,0.4213511347770691,0.08068950474262238,0.6590156555175781,0.4048815071582794,0.2027139812707901,0.6848048567771912,0.42357510328292847,0.11287745833396912,0.6698251366615295,0.43275755643844604,0.2517915368080139,0.6370278596878052,0.40069326758384705,0.06638605892658234,0.49104857444763184,0.382610946893692,0.012216206640005112,0.5519311428070068,0.3807358145713806,-0.05297350138425827,0.560167133808136,0.3838459253311157,-0.02956540137529373,0.53618985414505,0.37194716930389404,-0.0717836394906044,0.4066159129142761,0.35803306102752686,0.09002867341041565,0.4161502718925476,0.3395020365715027,0.1103987842798233,0.43052202463150024,0.32779860496520996,0.1324596107006073,0.4451785087585449,0.3217482268810272,0.1582055240869522,0.4577127695083618,0.3223504424095154,0.18155832588672638,0.4801105856895447,0.33806097507476807,0.21167393028736115,0.5567885637283325,0.38082191348075867,0.3307610750198364,0.5026883482933044,0.35374969244003296,0.17480216920375824,0.5004456043243408,0.36274030804634094,0.14562875032424927,0.48663100600242615,0.3723413944244385,0.11863764375448227,0.4688083827495575,0.3798767924308777,0.0986815020442009,0.4539318382740021,0.38408946990966797,0.08335601538419724,0.4430098533630371,0.386042058467865,0.07445615530014038,0.5436968803405762,0.4180285334587097,0.4206528663635254,0.5618842840194702,0.39099085330963135,-0.021944759413599968,0.4931357502937317,0.37626251578330994,-0.02972022257745266,0.5467454791069031,0.3797021508216858,-0.08188407123088837,0.546775221824646,0.39678338170051575,-0.08700551092624664,0.5483531951904297,0.3875093460083008,-0.07267723977565765,0.5618466138839722,0.39954873919487,-0.023860815912485123,0.5471442341804504,0.39644181728363037,-0.09524759650230408,0.5465207695960999,0.40797483921051025,-0.07613397389650345,0.4257177412509918,0.38004350662231445,0.09444592893123627,0.4290463328361511,0.384751558303833,0.0678388774394989,0.4350874423980713,0.3867591321468353,0.044298771768808365,0.4654141068458557,0.33847177028656006,0.17634350061416626,0.464895099401474,0.33162179589271545,0.18524903059005737,0.27709299325942993,0.4948561489582062,-0.03499477356672287,0.2929860055446625,0.47873419523239136,-0.03499477356672287,0.25932663679122925,0.4875622093677521,-0.03499477356672287,0.2609008550643921,0.5110568404197693,-0.03499477356672287,0.29459527134895325,0.5021145343780518,-0.03499477356672287,0.4395437240600586,0.35868731141090393,0.14032769203186035,0.45118004083633423,0.35060107707977295,0.14032769203186035,0.4242475926876068,0.34983259439468384,0.14032769203186035,0.4276120066642761,0.3665592670440674,0.14032769203186035,0.4544101655483246,0.36723536252975464,0.14032769203186035,0,0,0,0,0,1,1,0,0,0,0,0,0.066249318420887,0.06158897653222084,0.10618560016155243,0.07502196729183197,0.025748426094651222,0.061200033873319626,0.0825003981590271,0.06401585042476654,0.07779927551746368,0.10197591781616211,1.0544862747192383,0.2418365329504013,Neutral,-12.929769515991211,-23.959775924682617
69,2.3,33.36796597257286,-15.10158785715461,0.9835751905926328,0.52440345287323,0.45208942890167236,-0.0798351988196373,0.46496057510375977,0.380068302154541,-0.10861583054065704,0.48658254742622375,0.4151972532272339,-0.06942769885063171,0.3916033208370209,0.4027777314186096,-0.08270053565502167,0.44394922256469727,0.37467360496520996,-0.10990986973047256,0.41873055696487427,0.38004058599472046,-0.09517022222280502,0.35107317566871643,0.4034268856048584,-0.024983728304505348,0.2641584277153015,0.5531408786773682,-0.07424809783697128,0.3095625638961792,0.4035349190235138,0.003838497446849942,0.2852761149406433,0.39640527963638306,0.010069095529615879,0.19168543815612793,0.38980382680892944,0.05980106443166733,0.5309977531433105,0.4529275596141815,-0.07941590994596481,0.535991907119751,0.45363253355026245,-0.07529976218938828,0.5387393832206726,0.453899621963501,-0.06831035763025284,0.6152499318122864,0.4643019437789917,-0.05992956459522247,0.6269056797027588,0.4666905105113983,-0.06472175568342209,0.6385605335235596,0.4692419469356537,-0.07122457027435303,0.6488550901412964,0.4707876145839691,-0.07113097608089447,0.6480697393417358,0.45797640085220337,-0.06027671694755554,0.477663516998291,0.39196187257766724,-0.10168188065290451,0.46850305795669556,0.41924554109573364,-0.0906476303935051,0.14761745929718018,0.6579567193984985,-0.033862750977277756,0.3146511912345886,0.5010592937469482,-0.05106675252318382,0.30730584263801575,0.5194221138954163,-0.06743825227022171,0.29614144563674927,0.538475751876831,-0.07822377234697342,0.264156311750412,0.5648468732833862,-0.08257100731134415,0.3171755373477936,0.48565787076950073,-0.031453002244234085,0.23706409335136414,0.5153613686561584,-0.06569930911064148,0.2512587606906891,0.4956742525100708,-0.043136920779943466,0.22910085320472717,0.5361936092376709,-0.07819890975952148,0.22943232953548431,0.5521563291549683,-0.08240567147731781,0.26950955390930176,0.5844345092773438,-0.08808527141809464,0.6530738472938538,0.5433889627456665,-0.10647911578416824,0.2515450119972229,0.5609180927276611,-0.07363768666982651,0.2400440126657486,0.6785937547683716,-0.058436889201402664,0.2371426820755005,0.6081293225288391,-0.08433543145656586,0.40406274795532227,0.5138099789619446,-0.09948919713497162,0.5063372850418091,0.4732862710952759,-0.09789673984050751,0.5232311487197876,0.47216835618019104,-0.0918327122926712,0.4984935522079468,0.4948073625564575,-0.1099078506231308,0.4973074197769165,0.5085356831550598,-0.1112123355269432,0.5144430994987488,0.4882415533065796,-0.10154599696397781,0.5097716450691223,0.5002931356430054,-0.09958633035421371,0.5622014999389648,0.5466713905334473,-0.10468743741512299,0.4579648971557617,0.3936203420162201,-0.11825314164161682,0.43676772713661194,0.3905029594898224,-0.1211872324347496,0.1949695497751236,0.5760697722434998,-0.0984431803226471,0.3678523004055023,0.4724613130092621,-0.05768771469593048,0.4349263608455658,0.46148961782455444,-0.11008567363023758,0.4219417870044708,0.46594205498695374,-0.10325659066438675,0.37506476044654846,0.5777967572212219,-0.1310698390007019,0.4134617745876312,0.39522504806518555,-0.10688658803701401,0.20419201254844666,0.5186421871185303,-0.07891480624675751,0.1938718557357788,0.5495960712432861,-0.09335720539093018,0.12249557673931122,0.6082972884178162,-0.03955259919166565,0.2729378640651703,0.4401838481426239,-0.024632258340716362,0.2700784206390381,0.48068350553512573,-0.02345162071287632,0.5297518968582153,0.5551312565803528,-0.11350373923778534,0.48516982793807983,0.7436476945877075,-0.05740988999605179,0.45359569787979126,0.45350077748298645,-0.09204775094985962,0.4659552276134491,0.44156137108802795,-0.07971837371587753,0.5056761503219604,0.5223965048789978,-0.10116172581911087,0.5104418992996216,0.5169928073883057,-0.09538837522268295,0.17143911123275757,0.5591429471969604,-0.08780396729707718,0.4440256953239441,0.47226014733314514,-0.10165382921695709,0.22871731221675873,0.4824375510215759,-0.05476052314043045,0.20937921106815338,0.4813595414161682,-0.055643364787101746,0.13033349812030792,0.4889813959598541,-0.02163456566631794,0.14761100709438324,0.5731217861175537,-0.06466342508792877,0.1672433465719223,0.47177112102508545,-0.035929229110479355,0.17422816157341003,0.5896310210227966,-0.08961751312017441,0.16583582758903503,0.6180101633071899,-0.05943448469042778,0.5156821012496948,0.4734603762626648,-0.09743378311395645,0.5068942308425903,0.4920695424079895,-0.10697340220212936,0.503540575504303,0.5048598051071167,-0.10661318153142929,0.45966702699661255,0.4534386396408081,-0.08359849452972412,0.5083756446838379,0.5196956992149353,-0.09726287424564362,0.5296963453292847,0.5187752842903137,-0.09728735685348511,0.511958122253418,0.5146073698997498,-0.09419180452823639,0.4501368999481201,0.42890045046806335,-0.11308729648590088,0.5132465362548828,0.4962720274925232,-0.09499997645616531,0.5187914371490479,0.48457443714141846,-0.09331624209880829,0.527789831161499,0.4702385663986206,-0.0858360230922699,0.6351476907730103,0.4843103587627411,-0.07876864820718765,0.6260135173797607,0.4970424175262451,-0.09053026884794235,0.6173352599143982,0.4936528503894806,-0.09077966958284378,0.6069575548171997,0.48829859495162964,-0.08367903530597687,0.5977783799171448,0.48318028450012207,-0.0779111310839653,0.5533563494682312,0.5037747025489807,-0.08886433392763138,0.5538148880004883,0.509235143661499,-0.09306926280260086,0.5545316934585571,0.5158858299255371,-0.09881129115819931,0.5558034181594849,0.5209661722183228,-0.10102810710668564,0.4923374652862549,0.5124487280845642,-0.11126138269901276,0.35038042068481445,0.7504446506500244,-0.020701728761196136,0.48265719413757324,0.4042515158653259,-0.07999862730503082,0.5342241525650024,0.5090452432632446,-0.09092562645673752,0.532086968421936,0.5138527750968933,-0.09418491274118423,0.4774661958217621,0.43767428398132324,-0.0832611694931984,0.45971789956092834,0.4755428433418274,-0.08211497962474823,0.4722217619419098,0.4393092095851898,-0.081460140645504,0.37070518732070923,0.49401968717575073,-0.07391822338104248,0.3700290024280548,0.5236274003982544,-0.09905273467302322,0.43001559376716614,0.4765956997871399,-0.09697616845369339,0.11554764211177826,0.5517854690551758,-0.037657979875802994,0.14694589376449585,0.5248585343360901,-0.05595509707927704,0.18228763341903687,0.5225300788879395,-0.07530473917722702,0.5870177745819092,0.5318946242332458,-0.10290301591157913,0.24223506450653076,0.4381635785102844,-0.027034668251872063,0.19446098804473877,0.4295651912689209,-0.005686643533408642,0.15640705823898315,0.43715447187423706,0.012383721768856049,0.28068384528160095,0.5555499792098999,-0.08307982981204987,0.2720593214035034,0.610410213470459,-0.09858926385641098,0.31662023067474365,0.4755403697490692,-0.020071547478437424,0.22586315870285034,0.5769564509391785,-0.08876090496778488,0.36070460081100464,0.4548918902873993,-0.0504826158285141,0.431113600730896,0.4378509819507599,-0.11659809201955795,0.2954656779766083,0.6442704200744629,-0.10600690543651581,0.29936838150024414,0.5950441360473633,-0.11013796180486679,0.32536742091178894,0.5676700472831726,-0.10592138022184372,0.34272682666778564,0.5293232798576355,-0.08359019458293915,0.34772834181785583,0.5016188621520996,-0.06067068502306938,0.34901124238967896,0.4806123673915863,-0.04419794678688049,0.3466952443122864,0.42018836736679077,-0.036978576332330704,0.3468839228153229,0.6490494608879089,-0.12388341128826141,0.21211548149585724,0.5944004058837891,-0.09249503165483475,0.4725618362426758,0.3992766737937927,-0.10968460887670517,0.3906303644180298,0.46925950050354004,-0.07008635252714157,0.2383566051721573,0.7245952486991882,-0.009590095840394497,0.3473793566226959,0.46329203248023987,-0.030807506293058395,0.43068939447402954,0.48701155185699463,-0.07861411571502686,0.24543550610542297,0.5702952742576599,-0.07839324325323105,0.41696032881736755,0.4433654844760895,-0.10664013028144836,0.41401207447052,0.7539510130882263,-0.03586445748806,0.3077298104763031,0.4769524931907654,-0.014012313447892666,0.4125329256057739,0.41697704792022705,-0.11083001643419266,0.5689714550971985,0.6534121036529541,-0.11089921742677689,0.5973933935165405,0.6811928749084473,-0.0944192185997963,0.3460312783718109,0.706008791923523,-0.0775919258594513,0.5228760838508606,0.6846932768821716,-0.10923279821872711,0.19771631062030792,0.6498731970787048,-0.05369994789361954,0.6819509267807007,0.5574966073036194,-0.10953324288129807,0.4779713451862335,0.41033411026000977,-0.08424705266952515,0.39820295572280884,0.490739643573761,-0.07987076044082642,0.22690588235855103,0.6310758590698242,-0.0828213095664978,0.2851535677909851,0.532505452632904,-0.07040344923734665,0.29563108086586,0.5163257718086243,-0.06187302991747856,0.5275407433509827,0.5232143402099609,-0.0998617559671402,0.39802423119544983,0.6603093147277832,-0.12434979528188705,0.7282698154449463,0.5277674794197083,-0.0921972319483757,0.6766380667686462,0.6038200259208679,-0.10044004768133163,0.6440435647964478,0.6395543217658997,-0.09854263067245483,0.22752660512924194,0.38992565870285034,0.03584810718894005,0.7433151602745056,0.48904937505722046,-0.06137235462665558,0.3013203740119934,0.5020699501037598,-0.047351110726594925,0.3046497106552124,0.48881062865257263,-0.03229507431387901,0.30697134137153625,0.48062264919281006,-0.020023105666041374,0.194185271859169,0.6125262379646301,-0.08473104238510132,0.2848697602748871,0.48962199687957764,-0.030008049681782722,0.27035748958587646,0.5038471817970276,-0.0443669892847538,0.2605380415916443,0.5187587738037109,-0.05822712928056717,0.2540168762207031,0.5350053310394287,-0.0693245455622673,0.25208061933517456,0.5467768311500549,-0.07310966402292252,0.18399830162525177,0.694541871547699,-0.018756723031401634,0.2745470404624939,0.5442312955856323,-0.07383856177330017,0.501624584197998,0.41740620136260986,-0.06855383515357971,0.4852886199951172,0.48903173208236694,-0.10398489236831665,0.45002472400665283,0.4480586051940918,-0.09564033150672913,0.4928094148635864,0.44202250242233276,-0.0892522931098938,0.32879582047462463,0.40879565477371216,-0.0025105164386332035,0.6128193140029907,0.6229565739631653,-0.10729977488517761,0.6483510732650757,0.5930348038673401,-0.10705139487981796,0.7087889909744263,0.5170919299125671,-0.10084571689367294,0.5477160215377808,0.716224193572998,-0.07950756698846817,0.29954490065574646,0.48084455728530884,-0.0205635204911232,0.37437278032302856,0.429309606552124,-0.06300847232341766,0.7254365682601929,0.4776058793067932,-0.07059943675994873,0.7052043676376343,0.5661340355873108,-0.10404105484485626,0.4047538936138153,0.7129974365234375,-0.0864502415060997,0.5762313008308411,0.4955458343029022,-0.08612002432346344,0.5805091857910156,0.501655101776123,-0.09172137826681137,0.5859825015068054,0.5084764361381531,-0.09831512719392776,0.5926756262779236,0.5136638879776001,-0.09994488954544067,0.61228346824646,0.5113329291343689,-0.09774494171142578,0.5082663297653198,0.5097774267196655,-0.09868808090686798,0.5036736726760864,0.5141463279724121,-0.10409791022539139,0.4985067844390869,0.5176748633384705,-0.10815911740064621,0.50746089220047,0.5352303385734558,-0.11544974148273468,0.42062318325042725,0.6162455081939697,-0.13520392775535583,0.352306067943573,0.4367477297782898,-0.04130959138274193,0.30290788412094116,0.4552222788333893,-0.002029770752415061,0.29654356837272644,0.46962109208106995,-0.011922870762646198,0.5108776092529297,0.506022036075592,-0.09515577554702759,0.48408186435699463,0.6466225981712341,-0.12326047569513321,0.31685468554496765,0.4333653748035431,-0.012354263104498386,0.6302752494812012,0.52950119972229,-0.09941092878580093,0.3961017429828644,0.3886055052280426,-0.0705871656537056,0.3703823387622833,0.41164153814315796,-0.05847958102822304,0.37447598576545715,0.3961699604988098,-0.04621659591794014,0.4008944630622864,0.445339173078537,-0.08090414106845856,0.6977461576461792,0.4685317277908325,-0.07319759577512741,0.6693652272224426,0.46377047896385193,-0.06585706770420074,0.6552014350891113,0.4954069256782532,-0.08656446635723114,0.5649864077568054,0.570484459400177,-0.11011410504579544,0.44027721881866455,0.5068692564964294,-0.09175311774015427,0.6010067462921143,0.5544419288635254,-0.10513605177402496,0.4172016978263855,0.5489283800125122,-0.12269396334886551,0.4553822875022888,0.5272148251533508,-0.109843410551548,0.449558824300766,0.5808102488517761,-0.1298084408044815,0.6813634634017944,0.5053360462188721,-0.10046540200710297,0.4075417220592499,0.46634238958358765,-0.08124306052923203,0.581081748008728,0.5982120037078857,-0.11322154849767685,0.6198402643203735,0.572996199131012,-0.10698571801185608,0.5254372954368591,0.5779281258583069,-0.12198427319526672,0.44449669122695923,0.6685951948165894,-0.12072829902172089,0.5226210355758667,0.6149486303329468,-0.12428714334964752,0.46363675594329834,0.7091377377510071,-0.09807971864938736,0.48110949993133545,0.5518879890441895,-0.12078866362571716,0.3821046054363251,0.44940629601478577,-0.06649652123451233,0.4440051317214966,0.43210291862487793,-0.11845190078020096,0.44485634565353394,0.45568013191223145,-0.10615511983633041,0.4328206181526184,0.41266971826553345,-0.1225171834230423,0.2746334671974182,0.4644619822502136,-0.01745012402534485,0.24356189370155334,0.49021270871162415,-0.0451141819357872,0.22520700097084045,0.5157386064529419,-0.06965859979391098,0.21597854793071747,0.5405403971672058,-0.08633727580308914,0.21547530591487885,0.56136554479599,-0.091988205909729,0.24299225211143494,0.5867096185684204,-0.08218752592802048,0.29113584756851196,0.6949900388717651,-0.07192524522542953,0.28729403018951416,0.5731415748596191,-0.09094394743442535,0.3078511953353882,0.5522329807281494,-0.0859968513250351,0.322324275970459,0.5256615877151489,-0.07263003289699554,0.32972463965415955,0.5013233423233032,-0.052318599075078964,0.33215516805648804,0.48285090923309326,-0.032827191054821014,0.33278846740722656,0.46934831142425537,-0.02107241190969944,0.2939203381538391,0.740379810333252,-0.01010049693286419,0.450946569442749,0.4627791941165924,-0.09748732298612595,0.3940918743610382,0.42204004526138306,-0.08444441109895706,0.4502812922000885,0.4095315635204315,-0.12057702988386154,0.46478402614593506,0.4114077687263489,-0.10615870356559753,0.45427703857421875,0.4165968894958496,-0.11264673620462418,0.45944830775260925,0.4644719362258911,-0.0865381509065628,0.46838927268981934,0.40563398599624634,-0.10923220962285995,0.47404929995536804,0.4156244993209839,-0.08737846463918686,0.31323450803756714,0.46855589747428894,-0.008020590990781784,0.32679373025894165,0.4573260545730591,-0.00881620217114687,0.33786246180534363,0.44851744174957275,-0.019002577289938927,0.25181496143341064,0.5545085668563843,-0.07436984777450562,0.2335871160030365,0.5651123523712158,-0.08222396671772003,0.4052652418613434,0.3802277445793152,-0.04688369110226631,0.39770179986953735,0.37671348452568054,0.1819065362215042,0.4847698211669922,0.39444905519485474,-0.06356899440288544,0.34387707710266113,0.37130507826805115,0.36975061893463135,0.3929893970489502,0.39699259400367737,0.11457832902669907,0.40042951703071594,0.39221298694610596,0.13157662749290466,0.40531420707702637,0.3869612216949463,0.15114301443099976,0.3995126783847809,0.3824385404586792,0.18818305432796478,0.38599303364753723,0.39876797795295715,0.09942568838596344,0.37194713950157166,0.36926499009132385,0.13936567306518555,0.3668191432952881,0.37617385387420654,0.11917464435100555,0.37783169746398926,0.365547239780426,0.1593329906463623,0.38364341855049133,0.36641526222229004,0.1752326488494873,0.40825697779655457,0.38509687781333923,0.20307406783103943,0.6935186386108398,0.4335472583770752,0.014512020163238049,0.3947535753250122,0.375278115272522,0.19430707395076752,0.42471152544021606,0.3830113112926483,0.34412693977355957,0.39571884274482727,0.38011080026626587,0.24356213212013245,0.48437684774398804,0.37549319863319397,0.06792332231998444,0.5320706367492676,0.4300704300403595,-0.05497590824961662,0.5449550747871399,0.4358922243118286,-0.0522296316921711,0.5469254851341248,0.41230806708335876,-0.020917169749736786,0.5604302883148193,0.4013316035270691,0.011375459842383862,0.5543980598449707,0.4217108488082886,-0.024326002225279808,0.5637134909629822,0.41139569878578186,0.0035039642825722694,0.6304309368133545,0.4045959711074829,0.05230807140469551,0.4710253179073334,0.3724978566169739,-0.09507659077644348,0.4518108665943146,0.36592015624046326,-0.09368142485618591,0.37364837527275085,0.35262659192085266,0.20756343007087708,0.41785916686058044,0.39012229442596436,0.0513254851102829,0.48398059606552124,0.37122875452041626,-0.006979062221944332,0.47246140241622925,0.3731541037559509,0.0029566329903900623,0.5024023652076721,0.3617721199989319,0.14540621638298035,0.4275793433189392,0.3713777959346771,-0.07179154455661774,0.35882821679115295,0.3487405478954315,0.1340194046497345,0.36650750041007996,0.34752148389816284,0.17318986356258392,0.3103182911872864,0.3538029193878174,0.32121241092681885,0.34685441851615906,0.37399792671203613,0.045441895723342896,0.3647344410419464,0.3843664526939392,0.10895991325378418,0.6115078926086426,0.39417722821235657,0.07626546919345856,0.6259113550186157,0.44725292921066284,0.3253745436668396,0.49056488275527954,0.3854275941848755,-0.015956228598952293,0.490247517824173,0.3967275023460388,-0.04190248250961304,0.5860365033149719,0.3893652558326721,0.0629926323890686,0.5844167470932007,0.3958633840084076,0.048466090112924576,0.3566373586654663,0.34167367219924927,0.19558070600032806,0.4926166534423828,0.3791434168815613,-0.00035348269739188254,0.35142767429351807,0.3563903570175171,0.09085097908973694,0.3401978313922882,0.3484610915184021,0.0949285551905632,0.2475886046886444,0.34766465425491333,0.18467502295970917,0.3213602602481842,0.3435676693916321,0.24883709847927094,0.2717605531215668,0.3487622141838074,0.13833779096603394,0.36361950635910034,0.3498401939868927,0.23860163986682892,0.3513270616531372,0.35539984703063965,0.2971230149269104,0.539995551109314,0.43277472257614136,-0.05494018271565437,0.5515540838241577,0.41693004965782166,-0.023276103660464287,0.5625572204589844,0.4058670401573181,0.005135818384587765,0.49186068773269653,0.39157623052597046,-0.021086949855089188,0.5855200886726379,0.3926914632320404,0.05429093912243843,0.6023850440979004,0.39820510149002075,0.03050961345434189,0.5835322141647339,0.3983303904533386,0.045468833297491074,0.48129701614379883,0.3777238130569458,-0.04294799640774727,0.5630882382392883,0.4155453145503998,0.0029514399357140064,0.5547918081283569,0.42567145824432373,-0.0204713623970747,0.5468550324440002,0.4385954737663269,-0.04507644847035408,0.6539527177810669,0.43993377685546875,-0.039245691150426865,0.65677809715271,0.4437018632888794,-0.04712353274226189,0.6464129686355591,0.4436637759208679,-0.04610970988869667,0.6332935690879822,0.443930447101593,-0.038894448429346085,0.6211690902709961,0.4445536732673645,-0.03565099835395813,0.607161283493042,0.41660916805267334,0.009549246169626713,0.6124899983406067,0.41229569911956787,0.00536429462954402,0.6197149753570557,0.40711739659309387,0.003337163245305419,0.6261506080627441,0.402876615524292,0.00935735646635294,0.5581241846084595,0.38366520404815674,0.03072344698011875,0.5227932929992676,0.43675053119659424,0.40644028782844543,0.5963928699493408,0.4078948199748993,0.031188616529107094,0.5995255708694458,0.4031221866607666,0.028594162315130234,0.4960070252418518,0.40191805362701416,-0.04593784734606743,0.5022670030593872,0.3907511234283447,-0.000927408633287996,0.4933253824710846,0.399331271648407,-0.044709108769893646,0.43704283237457275,0.38422393798828125,0.07158942520618439,0.46202409267425537,0.3721904158592224,0.09756244719028473,0.48239222168922424,0.377972275018692,0.012977185659110546,0.27813056111335754,0.34544581174850464,0.2562716603279114,0.2952236235141754,0.34234559535980225,0.19665488600730896,0.3478984832763672,0.34097516536712646,0.14977474510669708,0.6407105922698975,0.4127364456653595,0.026585636660456657,0.3309879004955292,0.3616666793823242,0.04971398040652275,0.2510265111923218,0.3644659221172333,0.08541131764650345,0.22091460227966309,0.361123263835907,0.1164344996213913,0.40466809272766113,0.38421308994293213,0.17181946337223053,0.41651061177253723,0.38912004232406616,0.22554843127727509,0.38068151473999023,0.3991495370864868,0.09662409871816635,0.3859946131706238,0.36858779191970825,0.2075086534023285,0.39937883615493774,0.392354816198349,0.03647024929523468,0.47217464447021484,0.3674153685569763,-0.03329832851886749,0.46567291021347046,0.3648033142089844,0.2626478672027588,0.4320392608642578,0.3894580602645874,0.19493871927261353,0.43979763984680176,0.3910968005657196,0.1527692675590515,0.43054628372192383,0.39713728427886963,0.1142328754067421,0.41685816645622253,0.4022456407546997,0.0898774042725563,0.4061213731765747,0.4034990668296814,0.06858506053686142,0.36345767974853516,0.39471518993377686,-8.844742114888504e-05,0.5105368494987488,0.3664814531803131,0.24441450834274292,0.38236168026924133,0.3655489683151245,0.23098847270011902,0.4807939827442169,0.38673287630081177,-0.0911775603890419,0.43805521726608276,0.38719937205314636,0.03537468612194061,0.4240471124649048,0.4160737991333008,0.42801472544670105,0.39606550335884094,0.40299761295318604,0.05727989971637726,0.4844261407852173,0.3847203254699707,0.03188803791999817,0.39289844036102295,0.3770642578601837,0.2032032608985901,0.45820045471191406,0.37072017788887024,-0.022104447707533836,0.5743474960327148,0.4419947564601898,0.37332382798194885,0.37607839703559875,0.39743509888648987,0.10787348449230194,0.440642774105072,0.3692815899848938,-0.04909094050526619,0.6681249737739563,0.4176754355430603,0.16430972516536713,0.690491795539856,0.44356274604797363,0.19582200050354004,0.5218464732170105,0.39388319849967957,0.32518652081489563,0.6457564234733582,0.4147907495498657,0.21498669683933258,0.3836457431316376,0.3705386519432068,0.32864370942115784,0.7202682495117188,0.44011762738227844,0.02175401896238327,0.48488616943359375,0.40011149644851685,-0.07307416200637817,0.45967817306518555,0.3839842677116394,0.05039616674184799,0.3928025960922241,0.38489341735839844,0.27837488055229187,0.39853402972221375,0.38147932291030884,0.15474899113178253,0.3941482603549957,0.3863445520401001,0.13748638331890106,0.6050806045532227,0.3936648368835449,0.03750203922390938,0.553489089012146,0.375393807888031,0.23087023198604584,0.7464068531990051,0.4640379250049591,-0.016818569973111153,0.7262964248657227,0.4469502866268158,0.08664223551750183,0.7116880416870117,0.44453686475753784,0.13708899915218353,0.38767701387405396,0.39076876640319824,0.12269945442676544,0.38099509477615356,0.3938356935977936,0.11402098834514618,0.3777671754360199,0.3962615430355072,0.11107762902975082,0.3737258315086365,0.3664289712905884,0.26438647508621216,0.3753615617752075,0.38791126012802124,0.11864529550075531,0.37803542613983154,0.3815760314464569,0.12791603803634644,0.382071852684021,0.3757539391517639,0.14232461154460907,0.3872714340686798,0.37177029252052307,0.15901599824428558,0.3915172219276428,0.3717793822288513,0.17186057567596436,0.37866532802581787,0.391947865486145,0.40804117918014526,0.39886918663978577,0.37827473878860474,0.17043402791023254,0.5361676812171936,0.3864251375198364,0.003856862662360072,0.48800748586654663,0.38074833154678345,-0.02321610599756241,0.5140693783760071,0.401008665561676,-0.045079391449689865,0.689626932144165,0.42415300011634827,0.11527002602815628,0.7041407823562622,0.43344759941101074,0.06861604750156403,0.7295583486557007,0.4533497989177704,-0.029446588829159737,0.6644468307495117,0.4468541145324707,0.262320339679718,0.37546056509017944,0.39335525035858154,0.11269806325435638,0.4015117585659027,0.3853898346424103,-0.004351021256297827,0.738915205001831,0.4516693949699402,0.034562718123197556,0.5691179633140564,0.40234559774398804,0.29970309138298035,0.617324948310852,0.42881494760513306,-0.011988240294158459,0.6266056299209595,0.4253300428390503,-0.014580183662474155,0.637085497379303,0.42218124866485596,-0.017527872696518898,0.6474399566650391,0.4198645353317261,-0.014994840137660503,0.6495749950408936,0.42394134402275085,-0.003312827320769429,0.57358717918396,0.4029267430305481,0.028925342485308647,0.5737733840942383,0.3977932929992676,0.03576667234301567,0.5728352069854736,0.3932076692581177,0.041314393281936646,0.5846444368362427,0.3859845995903015,0.06046639010310173,0.5542251467704773,0.3718225657939911,0.16402779519557953,0.3799150288105011,0.3940294086933136,0.019178150221705437,0.3635810613632202,0.394384503364563,0.07514701783657074,0.36790138483047485,0.39373838901519775,0.10041079670190811,0.5725342631340027,0.4069208800792694,0.027382221072912216,0.6105450987815857,0.39016878604888916,0.18144454061985016,0.36340072751045227,0.3931100368499756,0.033307768404483795,0.6683937907218933,0.43146610260009766,0.005372463259845972,0.3853756785392761,0.38713812828063965,-0.026956139132380486,0.43903982639312744,0.3801752030849457,-0.003483337117359042,0.6741455793380737,0.44505488872528076,-0.036285173147916794,0.6405515670776367,0.4052439332008362,0.07178479433059692,0.5068482756614685,0.3825434446334839,0.04600672051310539,0.6580183506011963,0.41851890087127686,0.03941090404987335,0.5204848051071167,0.36864539980888367,0.09196507185697556,0.5359169840812683,0.3786005973815918,0.06141943484544754,0.5617431402206421,0.37356865406036377,0.11533887684345245,0.7028108239173889,0.44648221135139465,-0.03389517962932587,0.4545072615146637,0.38252854347229004,0.0163869708776474,0.6614350080490112,0.4095671474933624,0.09630542248487473,0.6779537200927734,0.42379918694496155,0.05510692670941353,0.617286205291748,0.39295852184295654,0.09728815406560898,0.5899679660797119,0.38555455207824707,0.22006399929523468,0.6270629167556763,0.39383894205093384,0.13078397512435913,0.6109523773193359,0.4105725586414337,0.2690201997756958,0.572158932685852,0.38084542751312256,0.08078232407569885,0.41955122351646423,0.38661110401153564,0.017083024606108665,0.47978317737579346,0.37175989151000977,-0.04252775013446808,0.4891636371612549,0.3749350905418396,-0.019169479608535767,0.46127182245254517,0.36498692631721497,-0.06205253303050995,0.3572048246860504,0.3823322057723999,0.08892816305160522,0.3606926202774048,0.3695294260978699,0.11062021553516388,0.3669548034667969,0.36131972074508667,0.13442622125148773,0.373708039522171,0.3572613298892975,0.1620125025510788,0.3799414038658142,0.3599417805671692,0.18639273941516876,0.39479827880859375,0.37916749715805054,0.2179821878671646,0.47380319237709045,0.3874030113220215,0.3405907154083252,0.4165174663066864,0.38641801476478577,0.18300870060920715,0.4196535050868988,0.3894399404525757,0.1528850644826889,0.4140128493309021,0.39507126808166504,0.12445394694805145,0.4033961296081543,0.40039581060409546,0.10310807824134827,0.3944709599018097,0.40233439207077026,0.08496047556400299,0.38742929697036743,0.4028947949409485,0.07487726211547852,0.4717535972595215,0.4307934045791626,0.42702823877334595,0.49365612864494324,0.3818861246109009,-0.011985458433628082,0.4204785227775574,0.3782122731208801,-0.023790717124938965,0.4744194746017456,0.3699877858161926,-0.07215864211320877,0.48150312900543213,0.38596177101135254,-0.07819110155105591,0.47913312911987305,0.37772250175476074,-0.06324607133865356,0.4970940947532654,0.3901898264884949,-0.014727447181940079,0.4820030629634857,0.38520336151123047,-0.08638807386159897,0.4860451817512512,0.3970717191696167,-0.06834248453378677,0.3749113380908966,0.3990172743797302,0.0936984047293663,0.3773311376571655,0.4019731283187866,0.06655295193195343,0.38224732875823975,0.40058958530426025,0.042919088155031204,0.3936196267604828,0.37315118312835693,0.18229752779006958,0.38788458704948425,0.3700459599494934,0.19145826995372772,0.2704511880874634,0.5270707011222839,-0.05235326290130615,0.28169816732406616,0.5066872835159302,-0.05235326290130615,0.2525192201137543,0.5234959125518799,-0.05235326290130615,0.25903135538101196,0.5474580526351929,-0.05235326290130615,0.28786417841911316,0.5308426022529602,-0.05235326290130615,0.3746286928653717,0.3766027092933655,0.14433205127716064,0.38053226470947266,0.3708499073982239,0.14433205127716064,0.3615145981311798,0.3711411654949188,0.14433205127716064,0.3682946562767029,0.3826763331890106,0.14433205127716064,0.3874768018722534,0.38221344351768494,0.14433205127716064,0,0,0,0,0,1,1,0,0,0,0,0,0.24511614441871643,0.10844827443361282,0.1304529756307602,0.08894804865121841,0.029121076688170433,0.06788018345832825,0.07642052322626114,0.06821981817483902,0.08788824081420898,0.12031517177820206,0.6968032121658325,0.2720716893672943,Sadness,-9.446149826049805,-9.691851615905762
98,3.2666666666666666,29.573135091530645,-11.766004401332124,0.9873219954855623,0.5279464721679688,0.4465635120868683,-0.07486020028591156,0.46503689885139465,0.37924453616142273,-0.10879465192556381,0.4860615134239197,0.4133639931678772,-0.06646296381950378,0.39079710841178894,0.39722520112991333,-0.08585882931947708,0.4440779983997345,0.3727388381958008,-0.11154448986053467,0.4182560443878174,0.3760085105895996,-0.0985078290104866,0.3473915457725525,0.3939146399497986,-0.03317420184612274,0.25904926657676697,0.5477247834205627,-0.07067413628101349,0.301477313041687,0.39175933599472046,-0.008236808702349663,0.27602213621139526,0.3838951885700226,-0.00466103944927454,0.18005113303661346,0.37215834856033325,0.03758743032813072,0.5340940356254578,0.44722726941108704,-0.07373161613941193,0.5385349988937378,0.447875052690506,-0.06879424303770065,0.5409854650497437,0.4482387602329254,-0.06099807098507881,0.6182739734649658,0.4564046859741211,-0.05190868303179741,0.6307939291000366,0.45845383405685425,-0.055583953857421875,0.6430453658103943,0.46072205901145935,-0.060815680772066116,0.6537837982177734,0.4622575640678406,-0.05866609141230583,0.6440672874450684,0.4588996171951294,-0.044606924057006836,0.4772379994392395,0.3910539150238037,-0.10100577771663666,0.4693259298801422,0.4174266457557678,-0.08791128545999527,0.14675961434841156,0.6445950269699097,-0.029773084446787834,0.3115690350532532,0.49208933115005493,-0.05121958628296852,0.30423569679260254,0.5110366940498352,-0.0657682865858078,0.2935941219329834,0.5308167934417725,-0.07507312297821045,0.26042187213897705,0.5590378642082214,-0.07768064737319946,0.3144476115703583,0.4765198528766632,-0.03312063589692116,0.22637325525283813,0.509352445602417,-0.06650522351264954,0.24189576506614685,0.48801276087760925,-0.04645489156246185,0.21852917969226837,0.5316824913024902,-0.07704262435436249,0.22025252878665924,0.5483949184417725,-0.0800633653998375,0.26862913370132446,0.577914297580719,-0.08106482774019241,0.6460082530975342,0.5447716116905212,-0.08234087377786636,0.2456219494342804,0.5562849640846252,-0.0696302056312561,0.2377990186214447,0.6670408844947815,-0.04613376408815384,0.2356525957584381,0.6008791327476501,-0.07644364982843399,0.40715354681015015,0.5092523097991943,-0.09206735342741013,0.5099834203720093,0.4678505063056946,-0.09082790464162827,0.5260976552963257,0.4665876626968384,-0.08356087654829025,0.5015642046928406,0.4894031882286072,-0.10018268972635269,0.49959588050842285,0.503303050994873,-0.09921132773160934,0.5169082880020142,0.48299622535705566,-0.09146000444889069,0.5118199586868286,0.49523717164993286,-0.08779911696910858,0.5645269751548767,0.544891357421875,-0.08607520908117294,0.4585253894329071,0.3928973376750946,-0.11738228797912598,0.4375821053981781,0.38887259364128113,-0.121589794754982,0.18439754843711853,0.5729376077651978,-0.09583278745412827,0.36817479133605957,0.4653775691986084,-0.05748337134718895,0.43842142820358276,0.45823734998703003,-0.10551224648952484,0.4249151051044464,0.4620223641395569,-0.09916551411151886,0.37924766540527344,0.572788655757904,-0.11857596784830093,0.41349828243255615,0.3915533423423767,-0.10858096182346344,0.18836365640163422,0.5164686441421509,-0.0821271687746048,0.17974601686000824,0.5477118492126465,-0.09351874142885208,0.12069176137447357,0.595853328704834,-0.04110468551516533,0.2615981996059418,0.4321572780609131,-0.03388303518295288,0.26288193464279175,0.47178009152412415,-0.027940519154071808,0.5333614349365234,0.5526692271232605,-0.09530216455459595,0.4805775284767151,0.7307344675064087,-0.027020059525966644,0.45727676153182983,0.450023889541626,-0.08798776566982269,0.4680742621421814,0.4386035203933716,-0.07593930512666702,0.5075323581695557,0.5174465775489807,-0.08478295058012009,0.512572169303894,0.5119007229804993,-0.08028081059455872,0.15757682919502258,0.5570931434631348,-0.08879247307777405,0.44753947854042053,0.4684043526649475,-0.09621209651231766,0.21306082606315613,0.47864747047424316,-0.06139037385582924,0.1929178535938263,0.4785462021827698,-0.06367573142051697,0.12396024167537689,0.47587263584136963,-0.03434468433260918,0.14291462302207947,0.5631471872329712,-0.0668238177895546,0.16068284213542938,0.46105194091796875,-0.047387026250362396,0.16419455409049988,0.585657000541687,-0.08702957630157471,0.16173473000526428,0.6075717210769653,-0.057157181203365326,0.5190092325210571,0.46786394715309143,-0.08978873491287231,0.5096290707588196,0.4866645336151123,-0.09708189964294434,0.5056825876235962,0.4996470808982849,-0.09470752626657486,0.4629703462123871,0.44979915022850037,-0.07927142083644867,0.5104153752326965,0.514654815196991,-0.08157221227884293,0.5323740839958191,0.5128355622291565,-0.08206804096698761,0.514156699180603,0.5094776153564453,-0.07925201207399368,0.45258980989456177,0.4268055558204651,-0.11014474928379059,0.5151440501213074,0.49151548743247986,-0.08298096060752869,0.5210751891136169,0.4795159101486206,-0.08276063203811646,0.5303835272789001,0.4648261070251465,-0.07667279988527298,0.6326653957366943,0.48501548171043396,-0.061301376670598984,0.6314066648483276,0.48891472816467285,-0.07622446864843369,0.6221554279327393,0.4854578375816345,-0.07829221338033676,0.6111447215080261,0.4803696572780609,-0.07274097204208374,0.6010580062866211,0.47568511962890625,-0.06812743842601776,0.556096076965332,0.4977312982082367,-0.07622680068016052,0.5569506287574768,0.5028188824653625,-0.07954688370227814,0.5580110549926758,0.5091094374656677,-0.08420588821172714,0.5595813989639282,0.514117419719696,-0.0851321592926979,0.49622318148612976,0.5101573467254639,-0.09940220415592194,0.34860149025917053,0.736129879951477,0.003055265173316002,0.4821155071258545,0.40282535552978516,-0.07793574035167694,0.5365370512008667,0.5037140846252441,-0.0768781378865242,0.534622073173523,0.5081631541252136,-0.07959263026714325,0.47841140627861023,0.4354577958583832,-0.07854598015546799,0.46285778284072876,0.4715813994407654,-0.07617700845003128,0.47370409965515137,0.43673524260520935,-0.07737752050161362,0.37204697728157043,0.4875381886959076,-0.07065204530954361,0.3727910816669464,0.5181817412376404,-0.09217756986618042,0.43315139412879944,0.47241681814193726,-0.09189427644014359,0.11182527244091034,0.5395747423171997,-0.044732626527547836,0.14118532836437225,0.5148959755897522,-0.0626213401556015,0.16619929671287537,0.5210579037666321,-0.07994606345891953,0.5878370404243469,0.530695915222168,-0.08397721499204636,0.22842037677764893,0.43143755197525024,-0.03840847313404083,0.18646712601184845,0.4174650013446808,-0.021492918953299522,0.1473740041255951,0.42224258184432983,-0.005362649913877249,0.27758246660232544,0.5488475561141968,-0.07879392802715302,0.27322518825531006,0.6038379669189453,-0.0889318585395813,0.31357312202453613,0.4663853943347931,-0.02281883731484413,0.21934214234352112,0.5723279118537903,-0.08452322334051132,0.360100120306015,0.44733694195747375,-0.052093420177698135,0.4338509440422058,0.4355943500995636,-0.1137860119342804,0.2963946461677551,0.636238694190979,-0.09245214611291885,0.3005654215812683,0.5894417762756348,-0.10045331716537476,0.3270041048526764,0.5619564056396484,-0.09827298671007156,0.344680517911911,0.5217000246047974,-0.07871831953525543,0.349425345659256,0.49249717593193054,-0.058679450303316116,0.350330650806427,0.47074228525161743,-0.04489704966545105,0.3438827395439148,0.41135263442993164,-0.043260715901851654,0.34936413168907166,0.6417706608772278,-0.10699620842933655,0.20644889771938324,0.5889469981193542,-0.08756303042173386,0.47265172004699707,0.3984355032444,-0.10817334055900574,0.3918655514717102,0.4631733000278473,-0.06833980977535248,0.23720791935920715,0.7097296714782715,0.006105693988502026,0.34781935811042786,0.45319223403930664,-0.033593930304050446,0.433578222990036,0.48215970396995544,-0.07302844524383545,0.23996137082576752,0.5656358599662781,-0.073665551841259,0.41904544830322266,0.4399701654911041,-0.10466158390045166,0.4113819897174835,0.7398284077644348,-0.008726033382117748,0.3037399649620056,0.46736520528793335,-0.01708259806036949,0.41335248947143555,0.41362515091896057,-0.1106727197766304,0.5647104978561401,0.64735347032547,-0.08340637385845184,0.5892587900161743,0.6735854148864746,-0.06360338628292084,0.3455016613006592,0.6956081390380859,-0.05740492045879364,0.5195991396903992,0.6764119863510132,-0.0815708264708519,0.19469116628170013,0.6387157440185547,-0.046678781509399414,0.6706125140190125,0.5585894584655762,-0.08262435346841812,0.47769659757614136,0.4089404344558716,-0.08176697045564651,0.40025705099105835,0.4852158725261688,-0.0756186842918396,0.22736524045467377,0.6218099594116211,-0.07305915653705597,0.2800993025302887,0.5255109071731567,-0.06816057860851288,0.290615439414978,0.5084492564201355,-0.06076999753713608,0.5302118062973022,0.5172169804573059,-0.08377768099308014,0.400187611579895,0.6529384851455688,-0.10408494621515274,0.7119937539100647,0.5315566658973694,-0.06663817167282104,0.6639662981033325,0.6025940179824829,-0.07170750945806503,0.6336318254470825,0.635430097579956,-0.0689142644405365,0.21724636852741241,0.3755604028701782,0.016092928126454353,0.7265228629112244,0.4939754605293274,-0.038967810571193695,0.2966874837875366,0.49354928731918335,-0.047690555453300476,0.3005259931087494,0.4799833297729492,-0.03391646966338158,0.3030308783054352,0.4713822305202484,-0.022529371082782745,0.18967750668525696,0.6054590940475464,-0.07868249714374542,0.27878743410110474,0.4799201786518097,-0.03306933119893074,0.26266780495643616,0.49441099166870117,-0.046152181923389435,0.25215640664100647,0.5105385780334473,-0.05861315876245499,0.24597084522247314,0.5284350514411926,-0.06809808313846588,0.2449040710926056,0.5413757562637329,-0.07079087942838669,0.1834670752286911,0.6803046464920044,-0.008862865157425404,0.26968634128570557,0.5380537509918213,-0.0707317665219307,0.5015720129013062,0.41604679822921753,-0.0646250993013382,0.4885590374469757,0.4868465065956116,-0.09439297020435333,0.4535951316356659,0.44492635130882263,-0.09216877818107605,0.4944155216217041,0.4406304955482483,-0.08315638452768326,0.3227212131023407,0.3976806700229645,-0.012755302712321281,0.6064630746841431,0.6194508075714111,-0.07980023324489594,0.6391781568527222,0.5915039777755737,-0.07972089946269989,0.6968550682067871,0.5203636288642883,-0.07550334185361862,0.541115403175354,0.7056957483291626,-0.04828117415308952,0.29504159092903137,0.4713313579559326,-0.023707853630185127,0.3736555576324463,0.42272892594337463,-0.06593198329210281,0.7122901678085327,0.4816184937953949,-0.0483088456094265,0.6904363036155701,0.5675964951515198,-0.07645910233259201,0.4036840796470642,0.7026660442352295,-0.06289459019899368,0.579352617263794,0.48871272802352905,-0.07478164881467819,0.5843349695205688,0.4943799674510956,-0.0793364942073822,0.5903576016426086,0.5009176135063171,-0.08451227098703384,0.5976434946060181,0.5059998035430908,-0.08448350429534912,0.6114392280578613,0.5110827684402466,-0.07894512265920639,0.5101468563079834,0.5048255324363708,-0.08521509170532227,0.5055511593818665,0.5090170502662659,-0.09005472809076309,0.5002868175506592,0.5125864148139954,-0.0938693955540657,0.5115888118743896,0.5326539278030396,-0.1006237268447876,0.4240914583206177,0.6106204390525818,-0.11742622405290604,0.35055896639823914,0.42852088809013367,-0.04545387998223305,0.29813113808631897,0.445295125246048,-0.008933373726904392,0.2917126417160034,0.46011054515838623,-0.016649361699819565,0.5127795338630676,0.5012354254722595,-0.08149521797895432,0.4847699999809265,0.6402157545089722,-0.10022138059139252,0.31235626339912415,0.42350468039512634,-0.020574672147631645,0.6267883777618408,0.5299827456474304,-0.07787024229764938,0.39471420645713806,0.38256701827049255,-0.07553261518478394,0.36868369579315186,0.40447598695755005,-0.06364748626947403,0.37209296226501465,0.38837361335754395,-0.05291637033224106,0.402013897895813,0.4405191242694855,-0.08059901744127274,0.6884371042251587,0.47198328375816345,-0.052827998995780945,0.6630648970603943,0.4658135771751404,-0.04780976474285126,0.6502333879470825,0.4973796606063843,-0.06633219867944717,0.5657418966293335,0.5686033964157104,-0.08909246325492859,0.4436285197734833,0.5028282999992371,-0.08363772928714752,0.59947669506073,0.5536686778068542,-0.08336380869150162,0.42149806022644043,0.5448287725448608,-0.11075756698846817,0.4594915509223938,0.5238324999809265,-0.09836988151073456,0.4535115957260132,0.5766088962554932,-0.11370784789323807,0.6734590530395508,0.5085625648498535,-0.07745088636875153,0.40949195623397827,0.4612451493740082,-0.07876896113157272,0.5786769390106201,0.5959947109222412,-0.08902529627084732,0.6144406795501709,0.5722463130950928,-0.08244799077510834,0.5281916260719299,0.5751118063926697,-0.10193435847759247,0.4453534185886383,0.6610592007637024,-0.09778295457363129,0.5232126712799072,0.6107236742973328,-0.10216743499040604,0.4614013433456421,0.6993542909622192,-0.07145287841558456,0.48558539152145386,0.5486100316047668,-0.1056692823767662,0.3824068605899811,0.4431893825531006,-0.06704168766736984,0.4467727243900299,0.43007850646972656,-0.11564482003450394,0.44856107234954834,0.45263591408729553,-0.10179129242897034,0.43437659740448,0.41091540455818176,-0.12118609994649887,0.26584911346435547,0.45590147376060486,-0.02447686158120632,0.23152504861354828,0.4838402569293976,-0.04996815696358681,0.21205715835094452,0.5116090774536133,-0.07156582921743393,0.2037898600101471,0.5375704169273376,-0.08559064567089081,0.2054511159658432,0.5581773519515991,-0.08950422704219818,0.2398955225944519,0.5807793736457825,-0.07613276690244675,0.290019690990448,0.6842721104621887,-0.055186208337545395,0.28653034567832947,0.5667802691459656,-0.08440986275672913,0.30785423517227173,0.5450149774551392,-0.08092109858989716,0.3221812844276428,0.5172901749610901,-0.06942455470561981,0.3293643295764923,0.4919157326221466,-0.05161837860941887,0.3316904306411743,0.4729534983634949,-0.03421764448285103,0.33214375376701355,0.45909449458122253,-0.024050328880548477,0.2923210561275482,0.7257562875747681,0.009712438099086285,0.4546651840209961,0.45923131704330444,-0.0926375761628151,0.39402246475219727,0.41696271300315857,-0.08584500104188919,0.4516263008117676,0.40847498178482056,-0.11880304664373398,0.46539321541786194,0.4102204144001007,-0.10419640690088272,0.45571810007095337,0.4151651859283447,-0.11058389395475388,0.46269649267196655,0.46072083711624146,-0.08157461881637573,0.4687182903289795,0.4047659635543823,-0.10751381516456604,0.4743025302886963,0.4140692353248596,-0.0847567543387413,0.3095841109752655,0.4591522812843323,-0.012042398564517498,0.3249369263648987,0.44684526324272156,-0.013818902894854546,0.3366442918777466,0.4383014440536499,-0.024067744612693787,0.2453024536371231,0.549771785736084,-0.07115055620670319,0.2262243777513504,0.5610978007316589,-0.07867126166820526,0.40356117486953735,0.37380412220954895,-0.0532027892768383,0.39292415976524353,0.3616802394390106,0.16294798254966736,0.48413845896720886,0.3922904133796692,-0.06320522725582123,0.32925716042518616,0.346638560295105,0.341439425945282,0.39430445432662964,0.3848334550857544,0.0997106060385704,0.4009832441806793,0.37869417667388916,0.11562151461839676,0.4040899872779846,0.3723863661289215,0.13413041830062866,0.3954108953475952,0.36765778064727783,0.16932711005210876,0.38595232367515564,0.3874030113220215,0.0859401747584343,0.3582836389541626,0.35399219393730164,0.12071267515420914,0.35428106784820557,0.3623737394809723,0.10153871029615402,0.36419615149497986,0.34919095039367676,0.13983245193958282,0.37161338329315186,0.34982913732528687,0.15514373779296875,0.4049375057220459,0.3704770803451538,0.18436847627162933,0.683767557144165,0.4340563714504242,0.027075331658124924,0.38848716020584106,0.3604205250740051,0.17469681799411774,0.41261762380599976,0.3606906533241272,0.32039332389831543,0.38875672221183777,0.3667859435081482,0.22247740626335144,0.481442391872406,0.36757856607437134,0.060124557465314865,0.5337642431259155,0.42501041293144226,-0.051865577697753906,0.5457811951637268,0.4303519129753113,-0.04758019000291824,0.5459229350090027,0.40756750106811523,-0.019374055787920952,0.5572620630264282,0.39639246463775635,0.01180469524115324,0.5531011819839478,0.41640135645866394,-0.021437179297208786,0.5607222318649292,0.40601229667663574,0.005529081914573908,0.6276190280914307,0.4024089276790619,0.0553487166762352,0.47062790393829346,0.37103328108787537,-0.09626897424459457,0.45157748460769653,0.36336079239845276,-0.09650029987096786,0.35328057408332825,0.33491864800453186,0.1836506426334381,0.41416922211647034,0.38017910718917847,0.04215409979224205,0.48353272676467896,0.3668217957019806,-0.011343296617269516,0.47150328755378723,0.36788004636764526,-0.002194352447986603,0.49760687351226807,0.35051649808883667,0.1328098624944687,0.42668578028678894,0.36689525842666626,-0.07656271010637283,0.33455801010131836,0.3296012282371521,0.11211160570383072,0.3432411551475525,0.3282787799835205,0.1500004380941391,0.2948724031448364,0.33001458644866943,0.2907797694206238,0.3279745876789093,0.35839447379112244,0.030008161440491676,0.3545166254043579,0.37189918756484985,0.09269881993532181,0.6089365482330322,0.39109212160110474,0.07567577809095383,0.6108994483947754,0.4359270930290222,0.32353878021240234,0.49087977409362793,0.38178759813308716,-0.018078358843922615,0.49028563499450684,0.39352238178253174,-0.04123234748840332,0.5802438259124756,0.3839889466762543,0.06300864368677139,0.5792847871780396,0.3903663456439972,0.04918845742940903,0.330557256937027,0.32338282465934753,0.170141339302063,0.4925532341003418,0.374801367521286,-0.0037254025228321552,0.3276955783367157,0.3378351628780365,0.07154414057731628,0.31361785531044006,0.3298938274383545,0.07379131764173508,0.23311764001846313,0.32477837800979614,0.15510740876197815,0.3059788942337036,0.3219321668148041,0.21965041756629944,0.2582891881465912,0.3295663297176361,0.11160644143819809,0.3421311378479004,0.33362385630607605,0.21290409564971924,0.3366283178329468,0.3326544761657715,0.26835814118385315,0.5413104891777039,0.42742717266082764,-0.0512632317841053,0.5504754781723022,0.4118221402168274,-0.021051639690995216,0.559470534324646,0.4006735384464264,0.006433482281863689,0.4922715425491333,0.38799020648002625,-0.02220485731959343,0.580078125,0.3872499465942383,0.054774437099695206,0.5981521606445312,0.39195626974105835,0.03309003636240959,0.5787128806114197,0.39271676540374756,0.046518146991729736,0.4808160066604614,0.37466102838516235,-0.046128153800964355,0.5603704452514648,0.4101802706718445,0.0055479928851127625,0.553752064704895,0.42033860087394714,-0.016758417710661888,0.5476720333099365,0.43309324979782104,-0.03971915692090988,0.6497948169708252,0.4402860999107361,-0.025738690048456192,0.6598477363586426,0.4354920983314514,-0.03702105954289436,0.6491509675979614,0.4354049563407898,-0.03772557154297829,0.6355799436569214,0.43599116802215576,-0.0320773720741272,0.6227425336837769,0.43705296516418457,-0.029668515548110008,0.6051432490348816,0.4099847674369812,0.012676569633185863,0.6104278564453125,0.4055623412132263,0.009247353300452232,0.6173004508018494,0.40036043524742126,0.007914764806628227,0.6234935522079468,0.3962787091732025,0.014220203272998333,0.5563036203384399,0.38072848320007324,0.029183926060795784,0.5096023082733154,0.416520357131958,0.39405253529548645,0.5929707288742065,0.4016495943069458,0.03325299173593521,0.5958207845687866,0.39676088094711304,0.031074853613972664,0.4954746961593628,0.399358868598938,-0.044438574463129044,0.5022736191749573,0.38681602478027344,-0.002167810220271349,0.49302011728286743,0.39647817611694336,-0.04365343600511551,0.43316763639450073,0.37428849935531616,0.06187446415424347,0.45794621109962463,0.36194443702697754,0.08674617856740952,0.48168325424194336,0.3726993799209595,0.008505294099450111,0.2628311216831207,0.3217516541481018,0.22548647224903107,0.280294805765152,0.3214058578014374,0.16807495057582855,0.32062727212905884,0.32197606563568115,0.12545329332351685,0.6369156241416931,0.4114062190055847,0.03255783021450043,0.30653077363967896,0.3445584177970886,0.03162451460957527,0.2391168177127838,0.34743040800094604,0.061570968478918076,0.2073509693145752,0.34039634466171265,0.09009803086519241,0.40210455656051636,0.36936962604522705,0.15393182635307312,0.4143197536468506,0.37514591217041016,0.20650994777679443,0.37910082936286926,0.38839831948280334,0.08339224755764008,0.3740861415863037,0.3527410924434662,0.18575842678546906,0.3957013189792633,0.38218772411346436,0.027340831235051155,0.4714452028274536,0.3633665442466736,-0.037722133100032806,0.45592591166496277,0.34662604331970215,0.2431020885705948,0.43176478147506714,0.37391477823257446,0.17751997709274292,0.44100722670555115,0.3744855523109436,0.1373777538537979,0.4333822727203369,0.3815719485282898,0.10145333409309387,0.41991090774536133,0.3879297375679016,0.07851092517375946,0.40815573930740356,0.3900618553161621,0.058138661086559296,0.35931673645973206,0.3846987783908844,-0.009544300846755505,0.5026350021362305,0.3507623076438904,0.22816966474056244,0.368907630443573,0.35053014755249023,0.20786067843437195,0.4802561402320862,0.38544169068336487,-0.09127297252416611,0.43530207872390747,0.37922078371047974,0.02789422869682312,0.4110333025455475,0.3917433023452759,0.4072311818599701,0.39609459042549133,0.38995009660720825,0.04683902859687805,0.4833343029022217,0.378975510597229,0.027499374002218246,0.3863847553730011,0.3621287941932678,0.18301238119602203,0.45699170231819153,0.3656534254550934,-0.027346137911081314,0.5605086088180542,0.4260289967060089,0.366133451461792,0.37297579646110535,0.38735431432724,0.09373690187931061,0.43953076004981995,0.3643187880516052,-0.05431476980447769,0.6568628549575806,0.4132578372955322,0.1660706102848053,0.6752074956893921,0.44090554118156433,0.2008436918258667,0.5113174915313721,0.37466078996658325,0.30924859642982483,0.6342600584030151,0.40665245056152344,0.21298977732658386,0.3705940842628479,0.34730294346809387,0.30215728282928467,0.7067986726760864,0.441883385181427,0.03632140904664993,0.48408299684524536,0.39845922589302063,-0.07150983810424805,0.4570191502571106,0.37605905532836914,0.04306662082672119,0.3866371810436249,0.3730943202972412,0.25608840584754944,0.39654362201690674,0.3669668138027191,0.13712181150913239,0.3938754200935364,0.3731321096420288,0.1209106519818306,0.6003713011741638,0.3876614570617676,0.04001011326909065,0.5456684827804565,0.3622369170188904,0.21893037855625153,0.7299787402153015,0.4685436189174652,0.001942844013683498,0.7107044458389282,0.44912344217300415,0.09843999892473221,0.6963432431221008,0.4450893998146057,0.14540036022663116,0.3877013921737671,0.3789350986480713,0.10725954174995422,0.37994906306266785,0.3830890655517578,0.0993552878499031,0.3756025731563568,0.3860059976577759,0.09677191823720932,0.36000946164131165,0.35300856828689575,0.2398696094751358,0.3708333671092987,0.3766013979911804,0.10273312777280807,0.37268948554992676,0.36903563141822815,0.11130473017692566,0.37575623393058777,0.3620958626270294,0.12459219247102737,0.38036301732063293,0.357327938079834,0.1404705047607422,0.38459470868110657,0.35704541206359863,0.1526668518781662,0.36526554822921753,0.36683589220046997,0.38308843970298767,0.3954336941242218,0.3633033037185669,0.15209448337554932,0.5351904034614563,0.38371574878692627,0.0034092781133949757,0.488101065158844,0.3771609663963318,-0.02591693587601185,0.5136518478393555,0.3991340398788452,-0.04292512685060501,0.6778202652931213,0.42233043909072876,0.12194391340017319,0.6911581754684448,0.43362393975257874,0.07952415198087692,0.7166669368743896,0.45647603273391724,-0.01077992096543312,0.6490434408187866,0.43999820947647095,0.26452335715293884,0.37173765897750854,0.3829483389854431,0.09773774445056915,0.39872536063194275,0.3770945072174072,-0.012356282211840153,0.7229281663894653,0.4552372992038727,0.049516115337610245,0.5582255125045776,0.38615280389785767,0.28867223858833313,0.6171025037765503,0.42179179191589355,-0.007633072789758444,0.6267215609550476,0.41798487305641174,-0.009544387459754944,0.6373199224472046,0.4146924912929535,-0.011551699601113796,0.6478695869445801,0.4124431014060974,-0.008010681718587875,0.6452393531799316,0.4236006438732147,0.005919975694268942,0.5692428350448608,0.39732125401496887,0.030199941247701645,0.5690769553184509,0.3924274742603302,0.036249734461307526,0.5678682923316956,0.3880453109741211,0.0410977378487587,0.5823911428451538,0.3829951286315918,0.058212656527757645,0.5482573509216309,0.3619420528411865,0.15447933971881866,0.37595871090888977,0.3838348984718323,0.009978216141462326,0.3560347259044647,0.3823171854019165,0.06179443746805191,0.361558735370636,0.3827177882194519,0.08564173430204391,0.5686361789703369,0.4012218117713928,0.029025210067629814,0.6020858287811279,0.3824826180934906,0.17641256749629974,0.3546226918697357,0.3798803389072418,0.021131806075572968,0.6618212461471558,0.4311816394329071,0.016640879213809967,0.3826274871826172,0.37900713086128235,-0.03483954071998596,0.4372282028198242,0.37341874837875366,-0.00975565705448389,0.6677814722061157,0.4460834860801697,-0.020844940096139908,0.6353397965431213,0.4026162624359131,0.07488489151000977,0.5053457617759705,0.3768225908279419,0.041640665382146835,0.6518672704696655,0.41718238592147827,0.046898115426301956,0.5170086622238159,0.3607288599014282,0.08402126282453537,0.5337981581687927,0.3732118010520935,0.05692007392644882,0.5573161244392395,0.36656203866004944,0.10834690183401108,0.6937065720558167,0.44861066341400146,-0.017180893570184708,0.45261266827583313,0.375849187374115,0.010448245331645012,0.6530926823616028,0.4069671630859375,0.10040628165006638,0.6682453751564026,0.42294687032699585,0.06408411264419556,0.6127369403839111,0.3891479969024658,0.09609545767307281,0.5810883045196533,0.37481921911239624,0.21198661625385284,0.6196944117546082,0.3889869451522827,0.12878847122192383,0.599531888961792,0.3978855609893799,0.26271966099739075,0.569362223148346,0.37626922130584717,0.07675603032112122,0.41676732897758484,0.3783438205718994,0.009361190721392632,0.47930511832237244,0.3684089183807373,-0.04631424322724342,0.4890936613082886,0.3710683286190033,-0.02230185456573963,0.46060407161712646,0.3616868853569031,-0.06564974784851074,0.3439978361129761,0.36857572197914124,0.07285626977682114,0.34371018409729004,0.35354679822921753,0.09220149368047714,0.34910473227500916,0.34393036365509033,0.1144508346915245,0.35609087347984314,0.3393462002277374,0.14096876978874207,0.3643614947795868,0.34241506457328796,0.16443978250026703,0.3876306712627411,0.364780455827713,0.19758984446525574,0.4625481367111206,0.36622193455696106,0.32029831409454346,0.4150221347808838,0.3711751699447632,0.1654159426689148,0.41955119371414185,0.37412840127944946,0.13697345554828644,0.4153434634208679,0.3806074559688568,0.11023202538490295,0.4054989516735077,0.3872353434562683,0.08995872735977173,0.39547276496887207,0.3901154398918152,0.07316400855779648,0.38693347573280334,0.3910104036331177,0.06339408457279205,0.45882633328437805,0.4080333113670349,0.4102221131324768,0.49387669563293457,0.3779842257499695,-0.014583969488739967,0.41853195428848267,0.37145930528640747,-0.030373038724064827,0.47385525703430176,0.36759743094444275,-0.07466665655374527,0.4807731509208679,0.3840443789958954,-0.07874149084091187,0.47841739654541016,0.37510359287261963,-0.06546225398778915,0.4973710775375366,0.38646626472473145,-0.01598525047302246,0.48126864433288574,0.3836266100406647,-0.0866573378443718,0.48524999618530273,0.39523279666900635,-0.06733203679323196,0.3716658055782318,0.3886287808418274,0.08052711933851242,0.37430649995803833,0.39036378264427185,0.05479307845234871,0.3792870044708252,0.3878867030143738,0.03244022652506828,0.3869655728340149,0.35821619629859924,0.16294333338737488,0.3780195415019989,0.3540969789028168,0.1710801124572754,0.2753528952598572,0.49911001324653625,-0.052047982811927795,0.28543776273727417,0.47977298498153687,-0.052047982811927795,0.2563594579696655,0.49575191736221313,-0.052047982811927795,0.26504626870155334,0.5186935663223267,-0.052047982811927795,0.2944207489490509,0.5027008056640625,-0.052047982811927795,0.3680189251899719,0.3735005557537079,0.12733399868011475,0.3732295632362366,0.36590227484703064,0.12733399868011475,0.35243329405784607,0.3694244921207428,0.12733399868011475,0.36211034655570984,0.3814297318458557,0.12733399868011475,0.38310688734054565,0.3778936564922333,0.12733399868011475,0,0,0,0,0,1,1,0,0,0,0,0,0.14970602095127106,0.088132843375206,0.11655118316411972,0.0774170309305191,0.029374148696660995,0.06118573993444443,0.0784878134727478,0.07336664944887161,0.08871980011463165,0.11410491168498993,0.7135348916053772,0.27807268500328064,Sadness,-20.05582046508789,-32.672332763671875
99,3.3,31.398057775341574,-10.000910531482512,0.8530791304252423,0.5447636842727661,0.42319682240486145,-0.08064635843038559,0.5111463069915771,0.36925292015075684,-0.11294971406459808,0.5231943130493164,0.40500012040138245,-0.07118460536003113,0.4345029592514038,0.385129451751709,-0.08558110892772675,0.4918084144592285,0.36203521490097046,-0.11494311690330505,0.46552222967147827,0.36492273211479187,-0.1004994809627533,0.39337044954299927,0.3817952871322632,-0.029608651995658875,0.2764720320701599,0.5259055495262146,-0.06243245676159859,0.3482074737548828,0.37812626361846924,-0.0013178595108911395,0.3252882957458496,0.36938756704330444,0.004112462978810072,0.2401396930217743,0.3566615581512451,0.04948296770453453,0.548646092414856,0.4244745969772339,-0.08008105307817459,0.5517123937606812,0.42674124240875244,-0.07572756707668304,0.5528514385223389,0.4292293190956116,-0.06911672651767731,0.6271458864212036,0.45223644375801086,-0.058036115020513535,0.6388624906539917,0.4552638530731201,-0.06341000646352768,0.6507588624954224,0.45907434821128845,-0.06941733509302139,0.6597219705581665,0.46306267380714417,-0.06803873926401138,0.6732426285743713,0.4636179804801941,-0.055347591638565063,0.5205488204956055,0.3816871643066406,-0.10541650652885437,0.50592440366745,0.408375084400177,-0.09177016466856003,0.14804892241954803,0.6172536611557007,-0.014935705810785294,0.33395618200302124,0.4802825450897217,-0.04519125819206238,0.32431888580322266,0.4971926808357239,-0.0594303272664547,0.31072503328323364,0.5147410035133362,-0.06796370446681976,0.2744966447353363,0.5378137230873108,-0.06934249401092529,0.3381231129169464,0.4656963646411896,-0.027322489768266678,0.2613273561000824,0.485626220703125,-0.058041948825120926,0.2786458134651184,0.4680332541465759,-0.03810722008347511,0.24885573983192444,0.5052598118782043,-0.06788922101259232,0.24481068551540375,0.5213676691055298,-0.07054029405117035,0.2778361737728119,0.5579138398170471,-0.07285455614328384,0.6567758321762085,0.5484543442726135,-0.09306789189577103,0.26215988397598267,0.5326317548751831,-0.06069795787334442,0.2341749370098114,0.6447088718414307,-0.03371470049023628,0.2429661750793457,0.5778902769088745,-0.06616240739822388,0.4240490198135376,0.49684005975723267,-0.09118479490280151,0.5212977528572083,0.44728121161460876,-0.09630060195922852,0.5335025787353516,0.44894900918006897,-0.08981826156377792,0.506567656993866,0.4731445610523224,-0.10483868420124054,0.49998921155929565,0.4908492863178253,-0.10277033597230911,0.5191190242767334,0.4694405198097229,-0.09674941748380661,0.5114568471908569,0.4849347770214081,-0.09200315922498703,0.5672152638435364,0.5450597405433655,-0.09058070927858353,0.501754879951477,0.3824799358844757,-0.1212163120508194,0.48184260725975037,0.3776090443134308,-0.12457147240638733,0.20839692652225494,0.5400282740592957,-0.08350160717964172,0.3975965678691864,0.4515148997306824,-0.05363667011260986,0.46422621607780457,0.4477955400943756,-0.10703980922698975,0.45044705271720886,0.4509604871273041,-0.10003647953271866,0.38349223136901855,0.5577633380889893,-0.1157117560505867,0.4577335715293884,0.3797265887260437,-0.11010503023862839,0.23143638670444489,0.48200368881225586,-0.07081285119056702,0.2136857956647873,0.5124120116233826,-0.08134828507900238,0.13332419097423553,0.56781405210495,-0.025412756949663162,0.3147657513618469,0.4129859507083893,-0.02600598894059658,0.29794612526893616,0.4556303024291992,-0.020029105246067047,0.532927930355072,0.5504866242408752,-0.09850131720304489,0.45679402351379395,0.7266273498535156,-0.026363160461187363,0.48378628492355347,0.4415280818939209,-0.09013095498085022,0.49809038639068604,0.4303252398967743,-0.07929253578186035,0.5079736113548279,0.5143128633499146,-0.08765547722578049,0.5135732889175415,0.509260356426239,-0.0832943245768547,0.19016653299331665,0.5192163586616516,-0.07517407834529877,0.47017088532447815,0.4592890441417694,-0.09808264672756195,0.2644982635974884,0.4490865468978882,-0.05126621946692467,0.2463567554950714,0.4451791048049927,-0.05253709852695465,0.163768008351326,0.4516969323158264,-0.01979132741689682,0.16569623351097107,0.535448431968689,-0.05018404871225357,0.2028619349002838,0.4375247061252594,-0.032185040414333344,0.18661408126354218,0.5514082312583923,-0.07344663143157959,0.17464354634284973,0.5800859928131104,-0.04095271974802017,0.5278851985931396,0.4483744204044342,-0.09563151746988297,0.5128439664840698,0.4715169668197632,-0.10195156186819077,0.5057269334793091,0.48818278312683105,-0.09866645932197571,0.4895324110984802,0.441813588142395,-0.08184999227523804,0.5111008882522583,0.5117244124412537,-0.08459042757749557,0.5356213450431824,0.5134610533714294,-0.0857817530632019,0.5154992341995239,0.5072534680366516,-0.0823100358247757,0.4867449998855591,0.4169515073299408,-0.11256677657365799,0.5152097940444946,0.4825536608695984,-0.0880843997001648,0.5234184861183167,0.4675173759460449,-0.0890437439084053,0.537009596824646,0.44955724477767944,-0.08410587161779404,0.6549239754676819,0.4894038438796997,-0.07157125324010849,0.6336818337440491,0.4912351667881012,-0.08504021912813187,0.6263062953948975,0.48575684428215027,-0.08609142899513245,0.6159951686859131,0.47921913862228394,-0.07968837022781372,0.6070215702056885,0.4736359119415283,-0.07354803383350372,0.5614415407180786,0.49865299463272095,-0.07993414252996445,0.5618733167648315,0.5043059587478638,-0.08435435593128204,0.562530517578125,0.5114009380340576,-0.08956550061702728,0.5633084774017334,0.5176206827163696,-0.09070222079753876,0.5072534680366516,0.5044578313827515,-0.10165026783943176,0.32635486125946045,0.7210054397583008,0.009849919937551022,0.5223720073699951,0.39389505982398987,-0.08256112039089203,0.5409063100814819,0.5041241645812988,-0.07985597848892212,0.5383307933807373,0.5086168646812439,-0.0831998810172081,0.5094040632247925,0.4275408983230591,-0.08266093581914902,0.48426637053489685,0.4639156460762024,-0.07867942750453949,0.5042766332626343,0.4286220073699951,-0.08100038021802902,0.3959508538246155,0.47346702218055725,-0.06740523129701614,0.3893604874610901,0.5033552050590515,-0.08917264640331268,0.4557998478412628,0.4623291790485382,-0.09289640933275223,0.13731300830841064,0.5125547051429749,-0.02912801317870617,0.17391611635684967,0.4884742200374603,-0.046440888196229935,0.2097526639699936,0.4828921854496002,-0.06709125638008118,0.5961213111877441,0.532943069934845,-0.09020178020000458,0.2876136302947998,0.40696680545806885,-0.028827469795942307,0.23638907074928284,0.39713630080223083,-0.007266626227647066,0.1982632428407669,0.40200313925743103,0.007773994468152523,0.2926027178764343,0.5302128791809082,-0.0709962323307991,0.27687764167785645,0.5837031006813049,-0.0805978924036026,0.3388015627861023,0.45579779148101807,-0.016886236146092415,0.23669353127479553,0.5453938245773315,-0.07378342002630234,0.394196480512619,0.43348079919815063,-0.0482667051255703,0.46635568141937256,0.424076646566391,-0.11546357721090317,0.2947726547718048,0.6154131889343262,-0.08420444279909134,0.306180864572525,0.5714162588119507,-0.09352268278598785,0.33629855513572693,0.5470037460327148,-0.09253835678100586,0.35887759923934937,0.5106621980667114,-0.07384712249040604,0.3672349750995636,0.48392748832702637,-0.05408875644207001,0.37167978286743164,0.46304550766944885,-0.0399564690887928,0.386552631855011,0.3981170952320099,-0.0392264798283577,0.3425716459751129,0.6245441436767578,-0.10108131170272827,0.22154419124126434,0.5608862638473511,-0.07550443708896637,0.5142450332641602,0.3890420198440552,-0.11233280599117279,0.4198022186756134,0.45069822669029236,-0.06631661206483841,0.22262243926525116,0.6873776316642761,0.01697593741118908,0.37335631251335144,0.4454801678657532,-0.0285910926759243,0.45395129919052124,0.4724348187446594,-0.07361751794815063,0.25502508878707886,0.5412615537643433,-0.06443116813898087,0.4510691165924072,0.4279302954673767,-0.1054716557264328,0.3865947425365448,0.7302714586257935,-0.0045158653520047665,0.32984283566474915,0.4562325179576874,-0.010773842222988605,0.45250403881073,0.4014420509338379,-0.1119241714477539,0.5534079074859619,0.6475932598114014,-0.0878605991601944,0.5762453675270081,0.6761112213134766,-0.06799720227718353,0.33054250478744507,0.6792884469032288,-0.04994004964828491,0.5033627152442932,0.6744170188903809,-0.08364052325487137,0.19885824620723724,0.613640546798706,-0.031763337552547455,0.6809121370315552,0.5640693306922913,-0.09460320323705673,0.5166654586791992,0.39989370107650757,-0.08613785356283188,0.42252081632614136,0.4729936420917511,-0.0742587000131607,0.22940830886363983,0.5997061729431152,-0.06203161180019379,0.3010295629501343,0.507453203201294,-0.06099749729037285,0.31370341777801514,0.4927524924278259,-0.05422144755721092,0.5324611663818359,0.5180877447128296,-0.08753693848848343,0.3890116810798645,0.6403078436851501,-0.10083010792732239,0.7318189144134521,0.5385823845863342,-0.07804418355226517,0.6668325662612915,0.6076120138168335,-0.07964670658111572,0.6287060976028442,0.6394863128662109,-0.07499946653842926,0.2747313976287842,0.35921841859817505,0.02887558937072754,0.7539262175559998,0.5013254880905151,-0.05098109319806099,0.32102730870246887,0.4797806441783905,-0.04154659062623978,0.32540756464004517,0.4675233066082001,-0.027826109901070595,0.32850348949432373,0.4598507583141327,-0.016276724636554718,0.20165713131427765,0.5772271156311035,-0.06588046997785568,0.30710452795028687,0.4647645354270935,-0.025655053555965424,0.2919965386390686,0.4766737222671509,-0.038604967296123505,0.27994415163993835,0.4905882775783539,-0.05067519471049309,0.2701139748096466,0.5065309405326843,-0.059682976454496384,0.26567476987838745,0.5181922316551208,-0.062320660799741745,0.1759747713804245,0.6548668146133423,0.00416142400354147,0.28858858346939087,0.5180162191390991,-0.06307975947856903,0.5370461344718933,0.4089977741241455,-0.06965607404708862,0.5059807300567627,0.480176717042923,-0.0975748598575592,0.4818190038204193,0.43595772981643677,-0.09423782676458359,0.5233637094497681,0.43372929096221924,-0.08758169412612915,0.3685561716556549,0.38496798276901245,-0.007425092626363039,0.6012866497039795,0.6211891770362854,-0.08655765652656555,0.6413401365280151,0.5954332947731018,-0.08917669951915741,0.7155022621154785,0.5269708633422852,-0.08973126113414764,0.522072970867157,0.7055888772010803,-0.050218403339385986,0.32154208421707153,0.4586460590362549,-0.016896074637770653,0.41244903206825256,0.4097101390361786,-0.06350115686655045,0.7394145727157593,0.48930221796035767,-0.06349559128284454,0.7018641233444214,0.5738057494163513,-0.08627862483263016,0.3851555585861206,0.6915948390960693,-0.058547526597976685,0.5849086046218872,0.4886387586593628,-0.07939335703849792,0.5889225602149963,0.4953325688838959,-0.085098035633564,0.5946350693702698,0.5030382871627808,-0.09101411700248718,0.6007050275802612,0.5096339583396912,-0.09158874303102493,0.6261968016624451,0.5147807002067566,-0.08721759915351868,0.5094900727272034,0.4983983039855957,-0.08833187818527222,0.5046150088310242,0.5017422437667847,-0.09298555552959442,0.49946677684783936,0.5046382546424866,-0.09670767188072205,0.5160818099975586,0.5286810398101807,-0.10259313881397247,0.4193851053714752,0.5996707081794739,-0.11637361347675323,0.38932669162750244,0.41483891010284424,-0.0414784699678421,0.3331829309463501,0.43331295251846313,-0.0014000583905726671,0.32262343168258667,0.4477289915084839,-0.009258541278541088,0.5127385854721069,0.49558740854263306,-0.08539111912250519,0.4737495481967926,0.6346574425697327,-0.10125956684350967,0.35282278060913086,0.4121280610561371,-0.014352476224303246,0.638529896736145,0.5334315299987793,-0.08751513063907623,0.4412703514099121,0.3712446689605713,-0.07580316066741943,0.41177740693092346,0.3918725252151489,-0.061351824551820755,0.4183637499809265,0.3767242431640625,-0.05112678185105324,0.4349732995033264,0.42805758118629456,-0.0796801894903183,0.7159371376037598,0.47836074233055115,-0.06678249686956406,0.690947413444519,0.4711902141571045,-0.06037560850381851,0.6705465316772461,0.5018631815910339,-0.07802416384220123,0.56546550989151,0.5675962567329407,-0.09400192648172379,0.45960700511932373,0.4932490885257721,-0.08406945317983627,0.6041532754898071,0.5552124977111816,-0.09067486226558685,0.4298918545246124,0.5333356261253357,-0.11063709110021591,0.4701669216156006,0.5151666402816772,-0.09888026863336563,0.4540711045265198,0.5674760341644287,-0.114524707198143,0.6925402879714966,0.5135979652404785,-0.0903361514210701,0.43653056025505066,0.4494591951370239,-0.07818195968866348,0.5757676362991333,0.5952683687210083,-0.09464298188686371,0.6181768178939819,0.5743712186813354,-0.09077202528715134,0.5253841280937195,0.5716873407363892,-0.10515530407428741,0.4316471219062805,0.6526128649711609,-0.0967554897069931,0.5163485407829285,0.6072869300842285,-0.10494083911180496,0.4420839846134186,0.6930772066116333,-0.07017168402671814,0.48858606815338135,0.5422221422195435,-0.10698716342449188,0.4160122573375702,0.4301641285419464,-0.06468438357114792,0.4802079200744629,0.41960209608078003,-0.11783003062009811,0.4751635193824768,0.4429982602596283,-0.1039867103099823,0.4735047221183777,0.39935046434402466,-0.12321623414754868,0.3075483441352844,0.438959538936615,-0.015564259141683578,0.27466195821762085,0.46023091673851013,-0.04032221436500549,0.25117436051368713,0.48291635513305664,-0.06183241680264473,0.23598560690879822,0.5066779255867004,-0.07524635642766953,0.23021921515464783,0.5281301140785217,-0.07847090065479279,0.2508697509765625,0.5572836995124817,-0.06641584634780884,0.2803339958190918,0.6640999913215637,-0.045253936201334,0.2970496714115143,0.5485889911651611,-0.07696367055177689,0.3210028409957886,0.5297563672065735,-0.07421049475669861,0.33885613083839417,0.5049139261245728,-0.06347569823265076,0.3492678701877594,0.48181605339050293,-0.046178173273801804,0.35399773716926575,0.4639974534511566,-0.02874135971069336,0.35707250237464905,0.45057815313339233,-0.018577661365270615,0.27354559302330017,0.7065061330795288,0.018862329423427582,0.47903648018836975,0.45051896572113037,-0.09491763263940811,0.43331319093704224,0.4044279456138611,-0.08510768413543701,0.4911253750324249,0.39802294969558716,-0.12186845391988754,0.5044068694114685,0.4007365107536316,-0.10803258419036865,0.49341610074043274,0.40525516867637634,-0.11353763937950134,0.48662883043289185,0.4528477191925049,-0.08416099846363068,0.5089587569236755,0.3952704966068268,-0.11153195053339005,0.5119683742523193,0.4051364064216614,-0.08892007172107697,0.3370375335216522,0.44878244400024414,-0.005833704490214586,0.35414552688598633,0.4379625916481018,-0.007996276021003723,0.3676913380622864,0.42961734533309937,-0.018876252695918083,0.2637621760368347,0.5259824395179749,-0.06259013712406158,0.24548983573913574,0.5346401929855347,-0.06902176141738892,0.45141664147377014,0.3636133670806885,-0.053858183324337006,0.4449734687805176,0.35235822200775146,0.16517573595046997,0.5261209607124329,0.38317808508872986,-0.06781387329101562,0.39100947976112366,0.3359003961086273,0.34652262926101685,0.4348679780960083,0.3776288628578186,0.1019798219203949,0.44399353861808777,0.37096917629241943,0.11747372895479202,0.45057034492492676,0.36401575803756714,0.13578946888446808,0.4484916627407074,0.35468369722366333,0.17131520807743073,0.425391286611557,0.3811999559402466,0.08905855566263199,0.41277527809143066,0.3457334041595459,0.12381419539451599,0.4055197238922119,0.3543549180030823,0.10570117831230164,0.4210730493068695,0.34020698070526123,0.14270052313804626,0.42900538444519043,0.3398018479347229,0.15794490277767181,0.4592092037200928,0.35473692417144775,0.18629005551338196,0.7170712947845459,0.4406868517398834,0.014747672714293003,0.4426482021808624,0.3493245542049408,0.17739666998386383,0.46668270230293274,0.357610285282135,0.3247081935405731,0.4497312903404236,0.3464946746826172,0.2254265397787094,0.5269677639007568,0.36251673102378845,0.05749407410621643,0.5550917387008667,0.39856570959091187,-0.05816283077001572,0.5633013844490051,0.4063647389411926,-0.05455053597688675,0.5697540044784546,0.3793089687824249,-0.025699714198708534,0.5831196904182434,0.3694157004356384,0.006622027140110731,0.5731222629547119,0.3908199369907379,-0.027935728430747986,0.5834271907806396,0.38071954250335693,0.00013375408889260143,0.6608951091766357,0.4052521288394928,0.04992491751909256,0.5182740092277527,0.3616364300251007,-0.10069836676120758,0.5005501508712769,0.3538934588432312,-0.10018011927604675,0.41968798637390137,0.3231300711631775,0.18818889558315277,0.4596409201622009,0.3727205991744995,0.042864322662353516,0.5278360843658447,0.3594513237476349,-0.015889490023255348,0.5161228775978088,0.36042189598083496,-0.006147351581603289,0.5461406707763672,0.34823077917099,0.13079532980918884,0.47539979219436646,0.35690581798553467,-0.07897231727838516,0.4008024334907532,0.3250325918197632,0.11855247616767883,0.40985360741615295,0.32029998302459717,0.15565338730812073,0.36097362637519836,0.31791844964027405,0.2974330186843872,0.38557925820350647,0.3595377206802368,0.03646383434534073,0.4021042585372925,0.36427634954452515,0.0971193015575409,0.6428191661834717,0.39253830909729004,0.07110752165317535,0.6457550525665283,0.43924856185913086,0.31576773524284363,0.5320857167243958,0.37361347675323486,-0.022895321249961853,0.5301969647407532,0.3851100206375122,-0.04582817479968071,0.6114130020141602,0.3662622272968292,0.059270426630973816,0.6087555885314941,0.37213850021362305,0.04559320956468582,0.399480938911438,0.3131754398345947,0.17682234942913055,0.5346279740333557,0.36749356985092163,-0.008459169417619705,0.3923673629760742,0.33675089478492737,0.07807346433401108,0.38043853640556335,0.3283354341983795,0.08113822340965271,0.30071592330932617,0.31371426582336426,0.16433772444725037,0.37377238273620605,0.3108311891555786,0.2285042256116867,0.3233717679977417,0.31686609983444214,0.12246286123991013,0.4110395014286041,0.3183175325393677,0.2182711511850357,0.40143951773643494,0.3236146569252014,0.275987833738327,0.5602598190307617,0.40174055099487305,-0.05782335251569748,0.5723507404327393,0.3847106397151947,-0.02737998589873314,0.5839930772781372,0.37426769733428955,0.0011137088295072317,0.5323456525802612,0.3797842264175415,-0.026500480249524117,0.610383927822113,0.3692888617515564,0.05112181976437569,0.6299126148223877,0.3784579932689667,0.028747543692588806,0.6071905493736267,0.3745723366737366,0.04287966340780258,0.5256349444389343,0.36617231369018555,-0.05055558681488037,0.5819235444068909,0.3860962986946106,-0.000473902327939868,0.572658896446228,0.39649850130081177,-0.02403038740158081,0.5639530420303345,0.4111174941062927,-0.0478195957839489,0.6823943853378296,0.4449501037597656,-0.03608214110136032,0.6731595993041992,0.43511340022087097,-0.04600468650460243,0.6633782982826233,0.43276047706604004,-0.04604334384202957,0.6496607065200806,0.43148279190063477,-0.03954529017210007,0.6372681856155396,0.4315837621688843,-0.035651326179504395,0.6315006613731384,0.3995042145252228,0.008145413361489773,0.6383808851242065,0.3957008421421051,0.0037468099035322666,0.6472152471542358,0.3911384344100952,0.0019415987189859152,0.6543011665344238,0.38812971115112305,0.008230498991906643,0.5956144332885742,0.3781090974807739,0.024886975064873695,0.5486162304878235,0.4181228280067444,0.39235347509384155,0.6216964721679688,0.38788706064224243,0.029419880360364914,0.6262966394424438,0.3829681873321533,0.026787467300891876,0.5347486138343811,0.3913024067878723,-0.04963656887412071,0.5418115854263306,0.3796045184135437,-0.006717610638588667,0.5327695608139038,0.38819360733032227,-0.04848703369498253,0.47913265228271484,0.36758115887641907,0.06183324009180069,0.5054144859313965,0.35677871108055115,0.08595352619886398,0.5248861312866211,0.3656058609485626,0.004361141938716173,0.3307839035987854,0.3097481429576874,0.23340095579624176,0.3479278087615967,0.30921146273612976,0.17784786224365234,0.3886781632900238,0.3162718415260315,0.1329149752855301,0.6717187166213989,0.41522911190986633,0.025830531492829323,0.36961930990219116,0.34608525037765503,0.0396094024181366,0.3012443482875824,0.33351045846939087,0.07347232848405838,0.2728744149208069,0.32816290855407715,0.10044121742248535,0.4523462951183319,0.35887449979782104,0.15556029975414276,0.47248026728630066,0.3551855981349945,0.20782798528671265,0.418537437915802,0.3825511634349823,0.08681122958660126,0.4343140721321106,0.3386690616607666,0.18944618105888367,0.44147181510925293,0.37402793765068054,0.028706373646855354,0.5179332494735718,0.3556508719921112,-0.041879162192344666,0.509058952331543,0.34539616107940674,0.2440461665391922,0.48441553115844727,0.3591793179512024,0.17788051068782806,0.4875139594078064,0.365108847618103,0.13769152760505676,0.47391244769096375,0.3754703998565674,0.10221557319164276,0.45735710859298706,0.38280224800109863,0.07972051203250885,0.4442502558231354,0.3860965371131897,0.06001558527350426,0.40644535422325134,0.3741081655025482,-0.006468009669333696,0.5519559979438782,0.35105398297309875,0.22672981023788452,0.43286728858947754,0.3338397741317749,0.21165810525417328,0.5245378017425537,0.3763742744922638,-0.09594742208719254,0.48007193207740784,0.37143009901046753,0.02690400741994381,0.45841169357299805,0.3873925805091858,0.40957704186439514,0.4326484501361847,0.3870348334312439,0.0495431125164032,0.5254383087158203,0.37188461422920227,0.02419133670628071,0.44238224625587463,0.348418265581131,0.18601156771183014,0.503476619720459,0.3577118515968323,-0.03089851140975952,0.5974218845367432,0.42848533391952515,0.36131131649017334,0.41321560740470886,0.3810787796974182,0.09754285216331482,0.48781704902648926,0.35557305812835693,-0.05733184888958931,0.6915299296379089,0.41926145553588867,0.15683197975158691,0.708155632019043,0.4455118179321289,0.19127234816551208,0.5565572381019592,0.37775176763534546,0.30822333693504333,0.6706376075744629,0.4124520719051361,0.20454031229019165,0.4302196502685547,0.34109026193618774,0.3082181215286255,0.73993319272995,0.44952473044395447,0.02216947078704834,0.5253428816795349,0.3894793689250946,-0.07629717886447906,0.5014200210571289,0.36913737654685974,0.041123028844594955,0.451261430978775,0.347526490688324,0.25919944047927856,0.44346776604652405,0.36004412174224854,0.13918666541576385,0.4372067451477051,0.3665143549442291,0.12304893881082535,0.6330471038818359,0.37448567152023315,0.03545502573251724,0.591413140296936,0.3636277914047241,0.21517136693000793,0.761576771736145,0.4756810665130615,-0.010325542651116848,0.7434378862380981,0.454943984746933,0.0874643474817276,0.728960394859314,0.45023465156555176,0.13538241386413574,0.4290088415145874,0.3722912073135376,0.10977885872125626,0.42017239332199097,0.3768550753593445,0.10247322171926498,0.41542863845825195,0.3797661066055298,0.10045705735683441,0.42727842926979065,0.33166927099227905,0.24425001442432404,0.4133920669555664,0.3702058494091034,0.10623116046190262,0.41810479760169983,0.36227723956108093,0.11423062533140182,0.42451947927474976,0.3553465008735657,0.12723667919635773,0.4317958950996399,0.3503684997558594,0.1428585946559906,0.4373475909233093,0.3488531708717346,0.15511944890022278,0.420617938041687,0.35856756567955017,0.38688310980796814,0.44529902935028076,0.35556477308273315,0.15408125519752502,0.5748615264892578,0.37923938035964966,-0.0016432098345831037,0.5307079553604126,0.3689655065536499,-0.030233509838581085,0.5519610047340393,0.39282041788101196,-0.04833540320396423,0.7114094495773315,0.4289780855178833,0.1112518236041069,0.7240111231803894,0.4406328499317169,0.06704168766736984,0.7478893995285034,0.4643622040748596,-0.02616577222943306,0.6824710369110107,0.44428586959838867,0.25484636425971985,0.41281256079673767,0.37687283754348755,0.10149494558572769,0.4457855224609375,0.36791107058525085,-0.011628270149230957,0.7557803392410278,0.4618874788284302,0.037749033421278,0.6001545190811157,0.3905833959579468,0.2845337986946106,0.6381511688232422,0.4141692519187927,-0.013045852072536945,0.6484769582748413,0.411581814289093,-0.016015488654375076,0.6607581973075867,0.40964996814727783,-0.018655292689800262,0.6713906526565552,0.4096981883049011,-0.015354863367974758,0.6801397800445557,0.4278813600540161,-0.002393661765381694,0.5948241353034973,0.37471017241477966,0.025794684886932373,0.5962550640106201,0.36924535036087036,0.032060280442237854,0.5965004563331604,0.3642544746398926,0.03699055314064026,0.6194160580635071,0.38243043422698975,0.05446833372116089,0.5935143232345581,0.36217546463012695,0.15035241842269897,0.4224504232406616,0.3744266629219055,0.012197443284094334,0.4006851017475128,0.3773685097694397,0.06650864332914352,0.4050121307373047,0.37612801790237427,0.09023642539978027,0.5927101373672485,0.3790057897567749,0.024269945919513702,0.6428366899490356,0.3853617012500763,0.1699298620223999,0.39917904138565063,0.3785099387168884,0.02582761086523533,0.6945722103118896,0.43666505813598633,0.006267442833632231,0.430209755897522,0.36861634254455566,-0.03342325612902641,0.48301440477371216,0.3654031455516815,-0.01147951278835535,0.6991345882415771,0.45175111293792725,-0.03310650959610939,0.6696370840072632,0.4066651463508606,0.06852101534605026,0.547621488571167,0.37140440940856934,0.03817901015281677,0.6853131651878357,0.4220714569091797,0.038525473326444626,0.5628482103347778,0.35837578773498535,0.08060988783836365,0.5759398341178894,0.37048569321632385,0.053461600095033646,0.6007965803146362,0.36636000871658325,0.10419026017189026,0.7250142097473145,0.4555063843727112,-0.031000444665551186,0.4969567358493805,0.36815041303634644,0.008004278875887394,0.6882939338684082,0.4123230576515198,0.09210751950740814,0.7019678354263306,0.4290086030960083,0.05360766127705574,0.6487106680870056,0.3916696310043335,0.09068471938371658,0.6240583062171936,0.3773159980773926,0.20633894205093384,0.6580327749252319,0.3923121690750122,0.12239383161067963,0.6383758783340454,0.4032666087150574,0.2558565139770508,0.6088535189628601,0.3757460117340088,0.07281168550252914,0.46266230940818787,0.37008270621299744,0.009154149331152439,0.525078535079956,0.3602847456932068,-0.05069427937269211,0.5324565768241882,0.3634732961654663,-0.027090078219771385,0.5090445280075073,0.3529965281486511,-0.06973256170749664,0.39549121260643005,0.3640354871749878,0.0781693235039711,0.4001528322696686,0.3478327691555023,0.0977560505270958,0.40846967697143555,0.3370109796524048,0.11954991519451141,0.41735559701919556,0.33092862367630005,0.14540623128414154,0.4259847104549408,0.33175230026245117,0.16873422265052795,0.44525593519210815,0.34793800115585327,0.2005569189786911,0.5120999217033386,0.36687010526657104,0.3220079839229584,0.46573957800865173,0.3586682677268982,0.1666937917470932,0.4658849239349365,0.36473697423934937,0.13832880556583405,0.4573342502117157,0.37312257289886475,0.11187610030174255,0.44437679648399353,0.380532443523407,0.09183453023433685,0.43314993381500244,0.38448962569236755,0.07583098113536835,0.4246632158756256,0.38610199093818665,0.06650567799806595,0.5009586811065674,0.40693163871765137,0.41076475381851196,0.5353912115097046,0.37037599086761475,-0.019289961084723473,0.4661732614040375,0.3624662756919861,-0.03158141300082207,0.5214031934738159,0.35878023505210876,-0.07903367280960083,0.5251104831695557,0.3750362992286682,-0.0833514928817749,0.5241355299949646,0.36632633209228516,-0.06980342417955399,0.5373157858848572,0.37879276275634766,-0.020649101585149765,0.5258532762527466,0.3745940327644348,-0.09127781540155411,0.5269766449928284,0.3861677944660187,-0.07205349206924438,0.4122319221496582,0.38277292251586914,0.08441653847694397,0.4139350652694702,0.3856785297393799,0.058735474944114685,0.41810137033462524,0.38541916012763977,0.03606276214122772,0.440740704536438,0.34870442748069763,0.16542847454547882,0.43541616201400757,0.3420221209526062,0.17395438253879547,0.2936410903930664,0.49939146637916565,-0.04464234039187431,0.30674344301223755,0.4815232753753662,-0.04464234039187431,0.27596089243888855,0.49424612522125244,-0.04464234039187431,0.2801727056503296,0.5173946022987366,-0.04464234039187431,0.3107471764087677,0.5045965313911438,-0.04464234039187431,0.4239387810230255,0.3557743430137634,0.1301088184118271,0.43310976028442383,0.3475192189216614,0.1301088184118271,0.4101715087890625,0.34936511516571045,0.1301088184118271,0.4144112467765808,0.36399897933006287,0.1301088184118271,0.43704140186309814,0.36184990406036377,0.1301088184118271,0,0,0,0,0,1,1,0,0,0,0,0,0.08705839514732361,0.06451977789402008,0.11469432711601257,0.05286179855465889,0.026599880307912827,0.055056218057870865,0.05880114436149597,0.0548064149916172,0.06462392210960388,0.08726449310779572,0.6481747627258301,0.16875246167182922,Neutral,-0.6462305188179016,-32.719120025634766
100,3.3333333333333335,31.360812124291556,-8.218593622115947,0.6742418826441853,0.5432912111282349,0.41323596239089966,-0.08248421549797058,0.5169699192047119,0.3835655450820923,-0.11703839153051376,0.5251427888870239,0.4186592102050781,-0.07399635016918182,0.4379793405532837,0.3988052010536194,-0.08858644217252731,0.49808621406555176,0.37660765647888184,-0.11918617784976959,0.4714362621307373,0.3792175352573395,-0.10443449020385742,0.39695626497268677,0.39465200901031494,-0.03113332949578762,0.26286807656288147,0.5301249027252197,-0.062305621802806854,0.348440021276474,0.3893009126186371,-0.0015874247765168548,0.32558169960975647,0.38031673431396484,0.004116581752896309,0.2406865805387497,0.36971187591552734,0.04669218882918358,0.5482527017593384,0.41520994901657104,-0.08171096444129944,0.5514578223228455,0.4199151396751404,-0.07741758972406387,0.5519418120384216,0.4250991642475128,-0.07087815552949905,0.6272220015525818,0.45906883478164673,-0.05842094123363495,0.6402242183685303,0.461954265832901,-0.0642043948173523,0.6526215076446533,0.46639785170555115,-0.07066556811332703,0.660569429397583,0.4726608395576477,-0.06960441917181015,0.6719907522201538,0.47740229964256287,-0.057515744119882584,0.5252084136009216,0.3957813084125519,-0.10923488438129425,0.5069711208343506,0.4222624897956848,-0.09478233754634857,0.12577392160892487,0.6206249594688416,-0.016506444662809372,0.32085758447647095,0.4870513081550598,-0.04586084187030792,0.31106844544410706,0.5025593638420105,-0.059860315173864365,0.29731422662734985,0.5192843675613403,-0.06803338974714279,0.259513795375824,0.5421203374862671,-0.06901444494724274,0.32589107751846313,0.4736950099468231,-0.02757922001183033,0.24993237853050232,0.4892524182796478,-0.05841955915093422,0.26782655715942383,0.4727655053138733,-0.03840485215187073,0.23644378781318665,0.508269727230072,-0.06785459816455841,0.23117412626743317,0.5243896245956421,-0.07027154415845871,0.26132655143737793,0.5617097616195679,-0.07240273803472519,0.6453684568405151,0.5588709115982056,-0.09343365579843521,0.24779510498046875,0.5371750593185425,-0.06029244139790535,0.21079975366592407,0.6475874185562134,-0.03130802884697914,0.2248990833759308,0.579892635345459,-0.06504569202661514,0.41202014684677124,0.5082747936248779,-0.09305496513843536,0.5161142349243164,0.4375123977661133,-0.09819847345352173,0.5315166711807251,0.44288361072540283,-0.09142227470874786,0.5031068921089172,0.4687824249267578,-0.10592189431190491,0.49824032187461853,0.49160832166671753,-0.10243315249681473,0.5171229839324951,0.4670916795730591,-0.09750283509492874,0.5103999972343445,0.48654747009277344,-0.09161744266748428,0.5486024618148804,0.5575252771377563,-0.08874454349279404,0.5058633089065552,0.3967168927192688,-0.12526939809322357,0.48606207966804504,0.3918994069099426,-0.1287306696176529,0.19488611817359924,0.5401903390884399,-0.08262984454631805,0.39212507009506226,0.4631611108779907,-0.05445333570241928,0.4576399326324463,0.46159884333610535,-0.10988008230924606,0.44355684518814087,0.4644789695739746,-0.10271017253398895,0.3646424114704132,0.566727340221405,-0.11639360338449478,0.46165862679481506,0.3939775824546814,-0.11388750374317169,0.2224286049604416,0.4829988479614258,-0.07057080417871475,0.2027571052312851,0.5125994682312012,-0.0804445669054985,0.11451604962348938,0.5733335018157959,-0.027454905211925507,0.30652233958244324,0.41925519704818726,-0.026611758396029472,0.28710687160491943,0.4618663787841797,-0.02032836712896824,0.5117387771606445,0.5625510215759277,-0.09717795997858047,0.42494654655456543,0.7313060760498047,-0.024476975202560425,0.47816506028175354,0.45546865463256836,-0.09284050762653351,0.4949131906032562,0.44411125779151917,-0.0816398486495018,0.5092394351959229,0.5246079564094543,-0.08552251011133194,0.5149087905883789,0.5195825695991516,-0.08108215779066086,0.17928631603717804,0.5183882117271423,-0.07405232638120651,0.4617382884025574,0.47285306453704834,-0.10069731622934341,0.25616222620010376,0.45209404826164246,-0.05161474272608757,0.23937931656837463,0.44724544882774353,-0.052865855395793915,0.15425659716129303,0.4628172218799591,-0.02321126125752926,0.15030747652053833,0.5411806702613831,-0.048238955438137054,0.19557522237300873,0.447507381439209,-0.03177899867296219,0.17166636884212494,0.5510292649269104,-0.07243707776069641,0.15599502623081207,0.5839340686798096,-0.03887622430920601,0.5249188542366028,0.43999943137168884,-0.09725191444158554,0.5102502107620239,0.4677666425704956,-0.10278788954019547,0.5041996836662292,0.489175021648407,-0.09826144576072693,0.48398736119270325,0.4557170569896698,-0.08426111191511154,0.5124682784080505,0.5219495892524719,-0.08236972242593765,0.5359346270561218,0.5248456001281738,-0.08346451818943024,0.5167704820632935,0.5176401138305664,-0.07999167591333389,0.4855167865753174,0.4309580326080322,-0.11592286080121994,0.5141797065734863,0.48511210083961487,-0.08768365532159805,0.5218347311019897,0.46641016006469727,-0.08965599536895752,0.5351468324661255,0.44591790437698364,-0.08556496351957321,0.6496869325637817,0.5031290054321289,-0.07352154701948166,0.6330516338348389,0.501354455947876,-0.0862574502825737,0.6257157325744629,0.4938433766365051,-0.08687257766723633,0.615437924861908,0.48663562536239624,-0.08009739965200424,0.6059346795082092,0.4807497262954712,-0.07371050864458084,0.5609884262084961,0.5093361735343933,-0.07861120998859406,0.5611740350723267,0.515182614326477,-0.08306335657835007,0.5617053508758545,0.5227809548377991,-0.08859924972057343,0.562565267086029,0.5300136208534241,-0.08963976055383682,0.4914412498474121,0.5175747275352478,-0.1014457568526268,0.2948150932788849,0.7242088913917542,0.010722280479967594,0.5258275270462036,0.40772828459739685,-0.08563972264528275,0.5413846373558044,0.515536904335022,-0.07773926854133606,0.5387778282165527,0.5199321508407593,-0.08095785975456238,0.5070106983184814,0.4414251744747162,-0.08536887913942337,0.47491127252578735,0.47737064957618713,-0.08105963468551636,0.5015716552734375,0.44248178601264954,-0.08343736827373505,0.38722944259643555,0.4845026433467865,-0.06839679181575775,0.37682491540908813,0.5135427117347717,-0.09014610946178436,0.4471859335899353,0.47560054063796997,-0.09531059861183167,0.12265633046627045,0.5208775997161865,-0.031621675938367844,0.1623125970363617,0.49629706144332886,-0.04525405541062355,0.20165406167507172,0.4830186367034912,-0.06686674058437347,0.5813966989517212,0.5459427833557129,-0.0891205370426178,0.28127169609069824,0.4112791419029236,-0.02940261922776699,0.23342692852020264,0.4081655740737915,-0.007295213174074888,0.19357629120349884,0.4146788716316223,0.004376661032438278,0.2781514525413513,0.534538745880127,-0.07073000073432922,0.2584625482559204,0.5872522592544556,-0.07989993691444397,0.32713332772254944,0.4645877480506897,-0.01696656458079815,0.22166436910629272,0.5474998950958252,-0.0731215700507164,0.3914533257484436,0.44541192054748535,-0.049178168177604675,0.46371570229530334,0.4378359913825989,-0.11880920082330704,0.2726967930793762,0.6208022832870483,-0.08302804827690125,0.2885289192199707,0.5763105154037476,-0.09334114193916321,0.3204720616340637,0.5529196858406067,-0.09288892894983292,0.3451438546180725,0.5175573229789734,-0.0744476318359375,0.35469624400138855,0.4918663501739502,-0.054769180715084076,0.3603459298610687,0.4721986949443817,-0.04029332846403122,0.38837313652038574,0.41077637672424316,-0.04059750214219093,0.318227618932724,0.6305555701255798,-0.10012762993574142,0.20555828511714935,0.5619909763336182,-0.07451634109020233,0.5178980231285095,0.4029843211174011,-0.11611412465572357,0.4139706790447235,0.46305495500564575,-0.06797589361667633,0.1943991631269455,0.6895330548286438,0.016374580562114716,0.3634897470474243,0.455325722694397,-0.028966015204787254,0.44376999139785767,0.48549357056617737,-0.07583058625459671,0.23928436636924744,0.5454015135765076,-0.06399334222078323,0.447884738445282,0.4416535198688507,-0.10855653136968613,0.3540284037590027,0.7341763973236084,-0.002997049828991294,0.31770360469818115,0.46518489718437195,-0.010869454592466354,0.45343515276908875,0.4153255522251129,-0.11547490954399109,0.5286160707473755,0.6548330783843994,-0.08619993180036545,0.5506826043128967,0.6816562414169312,-0.06580137461423874,0.3025864362716675,0.6833410859107971,-0.04737364873290062,0.47571825981140137,0.6811701655387878,-0.08163917064666748,0.17776137590408325,0.6170219779014587,-0.029420139268040657,0.6691854000091553,0.5735604763031006,-0.09470289945602417,0.5192965269088745,0.41374117136001587,-0.08916936814785004,0.41338130831718445,0.4849602282047272,-0.07597088813781738,0.2091124802827835,0.6010273694992065,-0.06063079088926315,0.2883031964302063,0.5114859342575073,-0.06131673604249954,0.3009895980358124,0.4976438283920288,-0.054645609110593796,0.5326859354972839,0.5299654006958008,-0.08523816615343094,0.3627403676509857,0.6470028758049011,-0.09956307709217072,0.725812554359436,0.5476099848747253,-0.07559707015752792,0.6507437825202942,0.6142888069152832,-0.07724423706531525,0.6080254316329956,0.6453673839569092,-0.07265187054872513,0.27589914202690125,0.37053918838500977,0.028632234781980515,0.752453088760376,0.5113950967788696,-0.04767856374382973,0.308159202337265,0.48610320687294006,-0.04201841354370117,0.312854140996933,0.475185751914978,-0.02814674563705921,0.3162328004837036,0.4683164358139038,-0.016307231038808823,0.18377426266670227,0.5777091979980469,-0.06465445458889008,0.2958693504333496,0.47171831130981445,-0.02608860284090042,0.2806028723716736,0.48233410716056824,-0.039083510637283325,0.26845747232437134,0.49550768733024597,-0.05097885802388191,0.25806736946105957,0.5109025835990906,-0.059776559472084045,0.25282520055770874,0.5224313139915466,-0.062479253858327866,0.1505046784877777,0.6572839021682739,0.0029503037221729755,0.2756666839122772,0.521917462348938,-0.06319684535264969,0.5372372269630432,0.42220887541770935,-0.07223967462778091,0.493958055973053,0.4934639632701874,-0.09879104793071747,0.4771712124347687,0.4499446749687195,-0.09705877304077148,0.5189927816390991,0.44731050729751587,-0.08997244387865067,0.37006887793540955,0.3969437777996063,-0.00839601457118988,0.5803067684173584,0.6287151575088501,-0.08484268188476562,0.6245014667510986,0.6036502122879028,-0.0882948711514473,0.7088719606399536,0.5374813675880432,-0.0905223935842514,0.4929907023906708,0.7110546231269836,-0.047816962003707886,0.3100973963737488,0.46695607900619507,-0.016959454864263535,0.41300445795059204,0.42256155610084534,-0.06540194898843765,0.737770676612854,0.5009509921073914,-0.06401114165782928,0.6907857060432434,0.5817506909370422,-0.08405479788780212,0.3556693494319916,0.6964156031608582,-0.05590995401144028,0.5840964317321777,0.4973388910293579,-0.07886263728141785,0.5877673625946045,0.5045225024223328,-0.08464358001947403,0.5936360359191895,0.5130161643028259,-0.09096500277519226,0.5996568202972412,0.5211349725723267,-0.09165991842746735,0.6161775588989258,0.5283200144767761,-0.08741527050733566,0.509411096572876,0.504629373550415,-0.08668740093708038,0.5043734312057495,0.5076013803482056,-0.09126334637403488,0.49921080470085144,0.5103320479393005,-0.09519036114215851,0.4968973398208618,0.541308581829071,-0.10148300230503082,0.3963462710380554,0.6082409620285034,-0.1161901205778122,0.38911908864974976,0.4271852374076843,-0.04251004382967949,0.32339349389076233,0.44179296493530273,-0.0014862444950267673,0.3116609752178192,0.4558548629283905,-0.009168255142867565,0.5125408172607422,0.5023558139801025,-0.08389556407928467,0.4481140375137329,0.6428894400596619,-0.10018874704837799,0.34516873955726624,0.4210529029369354,-0.015226176008582115,0.6272952556610107,0.5452068448066711,-0.0879986360669136,0.44651278853416443,0.3850940465927124,-0.07899674773216248,0.41461247205734253,0.4050942659378052,-0.0634828582406044,0.42298293113708496,0.39015719294548035,-0.0534355603158474,0.43223369121551514,0.4412095546722412,-0.08205161988735199,0.7147372961044312,0.49043408036231995,-0.06750139594078064,0.6896113157272339,0.4840713143348694,-0.06177059933543205,0.664777398109436,0.5141960978507996,-0.0793345645070076,0.5461264252662659,0.5779377222061157,-0.09255684167146683,0.44677382707595825,0.5057650208473206,-0.08563564717769623,0.5882191061973572,0.5661852359771729,-0.08997699618339539,0.41360241174697876,0.5440393090248108,-0.11226747184991837,0.4546463191509247,0.5272723436355591,-0.09958668798208237,0.4338138699531555,0.5775081515312195,-0.11543694138526917,0.6863633394241333,0.5247992277145386,-0.09130296111106873,0.4302493929862976,0.46253514289855957,-0.0803336426615715,0.5558019280433655,0.6040641069412231,-0.09326045960187912,0.602175772190094,0.583989143371582,-0.09014040231704712,0.5037937760353088,0.581905722618103,-0.1041925922036171,0.40449976921081543,0.6596614718437195,-0.09536253660917282,0.49316534399986267,0.6162204146385193,-0.10383173823356628,0.4127112925052643,0.6986752152442932,-0.06744111329317093,0.46901533007621765,0.5535435676574707,-0.1068975031375885,0.41352277994155884,0.4427732229232788,-0.06637420505285263,0.4783921539783478,0.4335925281047821,-0.12133053690195084,0.4692864716053009,0.4568603038787842,-0.10689616948366165,0.4748202860355377,0.4134117066860199,-0.1266254484653473,0.2976435422897339,0.44558238983154297,-0.01567622646689415,0.2650614380836487,0.4644448757171631,-0.04033143073320389,0.24103227257728577,0.4856889247894287,-0.061789531260728836,0.22458383440971375,0.5085276365280151,-0.07471293210983276,0.216898575425148,0.5297806859016418,-0.07765091955661774,0.23441532254219055,0.560296893119812,-0.06571636348962784,0.2547617554664612,0.6673173308372498,-0.042812053114175797,0.28104567527770996,0.5531458258628845,-0.07683135569095612,0.3063599765300751,0.5349569916725159,-0.0742650255560875,0.3252266049385071,0.510961651802063,-0.06372742354869843,0.3363528549671173,0.4891691505908966,-0.04697200283408165,0.34195271134376526,0.47267401218414307,-0.028942808508872986,0.3461320102214813,0.45996901392936707,-0.018846159800887108,0.2435164451599121,0.7088981866836548,0.019104616716504097,0.47192826867103577,0.4642620086669922,-0.09760011732578278,0.43419578671455383,0.41785767674446106,-0.08777538686990738,0.49308592081069946,0.41205838322639465,-0.1257457137107849,0.5065395832061768,0.41451334953308105,-0.11155251413583755,0.49439752101898193,0.4191676080226898,-0.11711437255144119,0.4791759252548218,0.4665467143058777,-0.08665702491998672,0.5118550062179565,0.4090954661369324,-0.11522740125656128,0.5137150287628174,0.41893434524536133,-0.0919298380613327,0.32576408982276917,0.4578494429588318,-0.005810375791043043,0.34407952427864075,0.44753390550613403,-0.008233572356402874,0.35916632413864136,0.4394233226776123,-0.019282229244709015,0.2501504421234131,0.5303956866264343,-0.06257923692464828,0.23074540495872498,0.5378648638725281,-0.06858815252780914,0.45769035816192627,0.37695252895355225,-0.05691930279135704,0.44335052371025085,0.361216276884079,0.1655271202325821,0.5307314991950989,0.39638736844062805,-0.07091565430164337,0.3938995897769928,0.3469306230545044,0.35085949301719666,0.4315817058086395,0.38686543703079224,0.10174282640218735,0.44130390882492065,0.3798303008079529,0.11754661798477173,0.44882091879844666,0.3727869987487793,0.13606975972652435,0.44826963543891907,0.36341631412506104,0.17185135185718536,0.42156773805618286,0.3908296227455139,0.0892939642071724,0.4115670323371887,0.35422009229660034,0.12340890616178513,0.4031077027320862,0.36315035820007324,0.1055859699845314,0.4209693670272827,0.3486568331718445,0.14254356920719147,0.4294876158237457,0.34835875034332275,0.15796875953674316,0.46134766936302185,0.36311447620391846,0.18732969462871552,0.7192854285240173,0.45123669505119324,0.01573769748210907,0.4418531060218811,0.358277827501297,0.17798471450805664,0.46860170364379883,0.36712345480918884,0.3276134133338928,0.4529010057449341,0.35473549365997314,0.22695183753967285,0.5333638787269592,0.37188196182250977,0.05715138465166092,0.5556658506393433,0.38931164145469666,-0.05998625606298447,0.5655611753463745,0.4009471535682678,-0.055947110056877136,0.5751524567604065,0.3740968108177185,-0.026649771258234978,0.5913596153259277,0.3694472908973694,0.007500450126826763,0.5780904293060303,0.388485312461853,-0.02838405780494213,0.5897709727287292,0.3825187683105469,0.0011871354654431343,0.662787139415741,0.41478031873703003,0.05338296666741371,0.5250970721244812,0.37571465969085693,-0.10484295338392258,0.5080127716064453,0.36795154213905334,-0.10436446964740753,0.4229603707790375,0.3316956162452698,0.18878436088562012,0.464847207069397,0.3831762671470642,0.04228523001074791,0.5349625945091248,0.37081098556518555,-0.018751997500658035,0.5233744382858276,0.37141916155815125,-0.008778635412454605,0.5530798435211182,0.3563922643661499,0.13208836317062378,0.48244959115982056,0.3707611560821533,-0.08275454491376877,0.4011315703392029,0.3327881991863251,0.11928045749664307,0.4120548963546753,0.3283267021179199,0.1567569375038147,0.36673253774642944,0.32808518409729004,0.30031317472457886,0.38144227862358093,0.36848634481430054,0.036356281489133835,0.3986673951148987,0.3734593391418457,0.09691330045461655,0.6451107859611511,0.40109407901763916,0.07467494904994965,0.6415421962738037,0.44977208971977234,0.3249201774597168,0.5371866226196289,0.3854467272758484,-0.02590826340019703,0.5342077016830444,0.3975068926811218,-0.048312459141016006,0.6168891191482544,0.37811172008514404,0.0630151629447937,0.6135006546974182,0.3839226961135864,0.04919621720910072,0.402648389339447,0.32115811109542847,0.17776057124137878,0.5403589010238647,0.378762423992157,-0.011026093736290932,0.3905028998851776,0.3448003828525543,0.07811930030584335,0.3793409764766693,0.33620625734329224,0.08094073086977005,0.30743709206581116,0.32456764578819275,0.16404898464679718,0.37961718440055847,0.31883448362350464,0.2299940139055252,0.32963404059410095,0.3255409598350525,0.12283499538898468,0.415395587682724,0.3265502154827118,0.21895579993724823,0.40534818172454834,0.3324790894985199,0.2777289152145386,0.5624741911888123,0.3935847580432892,-0.05936774984002113,0.5783284902572632,0.3803509473800659,-0.027936555445194244,0.5916728377342224,0.37466609477996826,0.002079926198348403,0.5367023944854736,0.3916373550891876,-0.02881072647869587,0.6156059503555298,0.3810298442840576,0.054856911301612854,0.6360321044921875,0.3895895481109619,0.03191810101270676,0.6115315556526184,0.38609498739242554,0.04645931348204613,0.5320855379104614,0.3787396550178528,-0.054018571972846985,0.5861409902572632,0.38947218656539917,0.0005079003167338669,0.5758553743362427,0.39674556255340576,-0.02438904531300068,0.5652754902839661,0.4086582660675049,-0.0491861030459404,0.6837644577026367,0.4574074447154999,-0.037503257393836975,0.6765955686569214,0.4451702833175659,-0.04700576886534691,0.6671373844146729,0.4404607117176056,-0.04678790271282196,0.6531908512115479,0.43868309259414673,-0.039851050823926926,0.639270544052124,0.4391438961029053,-0.035669632256031036,0.6368480920791626,0.4099476635456085,0.01004103384912014,0.6445519924163818,0.4058372974395752,0.005504130385816097,0.6538246870040894,0.40143728256225586,0.00349254859611392,0.6613773107528687,0.3993207812309265,0.010156083852052689,0.6000131368637085,0.38737624883651733,0.025778934359550476,0.5440983176231384,0.42918848991394043,0.40080028772354126,0.6274317502975464,0.39902547001838684,0.03248073533177376,0.6323214173316956,0.39407050609588623,0.029850050806999207,0.5383338928222656,0.403961718082428,-0.052319835871458054,0.5459539890289307,0.3905992805957794,-0.008747730404138565,0.5365525484085083,0.40073689818382263,-0.05105535313487053,0.48461490869522095,0.3775021731853485,0.061716336756944656,0.511834442615509,0.36583608388900757,0.0866093635559082,0.5312708616256714,0.3765051066875458,0.0020694811828434467,0.3380288779735565,0.3197499215602875,0.23493719100952148,0.35437992215156555,0.31712430715560913,0.17873428761959076,0.38991105556488037,0.32391607761383057,0.13329261541366577,0.6744339466094971,0.4255218803882599,0.028129929676651955,0.3659686744213104,0.3546634912490845,0.039506107568740845,0.3059982359409332,0.3435205817222595,0.0734843835234642,0.2775293290615082,0.3401120901107788,0.09851757436990738,0.45132890343666077,0.36759254336357117,0.15588264167308807,0.476077139377594,0.3632703423500061,0.20921480655670166,0.4141749143600464,0.3923640251159668,0.08703291416168213,0.4363689422607422,0.3472509980201721,0.1901901215314865,0.4467245042324066,0.38489511609077454,0.027893854305148125,0.5257572531700134,0.3675752282142639,-0.045359425246715546,0.5145998597145081,0.35479646921157837,0.24612118303775787,0.48768407106399536,0.3673498332500458,0.1789299100637436,0.48969340324401855,0.3736923336982727,0.13830620050430298,0.47432535886764526,0.38481178879737854,0.10278939455747604,0.4562647044658661,0.39256563782691956,0.07978396862745285,0.44204816222190857,0.3961164951324463,0.059856899082660675,0.41132745146751404,0.3863697052001953,-0.007726452779024839,0.556852400302887,0.36003971099853516,0.2290605902671814,0.43622392416000366,0.3421814441680908,0.21237538754940033,0.5298135280609131,0.3902572989463806,-0.0998101457953453,0.4856942892074585,0.3819929361343384,0.025553712621331215,0.4554203152656555,0.3983026146888733,0.41653990745544434,0.4295879602432251,0.39721763134002686,0.049445271492004395,0.530832052230835,0.3824952244758606,0.022650837898254395,0.4425612688064575,0.35710108280181885,0.18678778409957886,0.5112078189849854,0.36925116181373596,-0.03409172222018242,0.5927001237869263,0.43934452533721924,0.3702186048030853,0.4081825315952301,0.3909206688404083,0.09789720177650452,0.49547499418258667,0.36826014518737793,-0.060926612466573715,0.693204402923584,0.4286496937274933,0.1605825126171112,0.7075039744377136,0.45491281151771545,0.19947539269924164,0.5570530295372009,0.3877866864204407,0.3116441071033478,0.6716457605361938,0.42197784781455994,0.20833170413970947,0.4329022765159607,0.350679874420166,0.3105895519256592,0.7418686151504517,0.46012502908706665,0.023198099806904793,0.5294178128242493,0.4032325744628906,-0.07934878766536713,0.5071572661399841,0.3792017996311188,0.04010947793722153,0.4555578827857971,0.35574787855148315,0.26104310154914856,0.4404953420162201,0.3687036633491516,0.13928033411502838,0.4338037669658661,0.37531793117523193,0.12309707701206207,0.639510989189148,0.38620293140411377,0.03873303160071373,0.5955841541290283,0.3721461892127991,0.21801157295703888,0.7624849081039429,0.48531556129455566,-0.006081187631934881,0.7442245483398438,0.4639989733695984,0.09389543533325195,0.7291271686553955,0.4593861699104309,0.14283394813537598,0.4252118468284607,0.38143593072891235,0.1098097413778305,0.4159153997898102,0.3863855004310608,0.10268403589725494,0.4107159972190857,0.38948822021484375,0.100935198366642,0.4316944479942322,0.3396459221839905,0.24532924592494965,0.40898576378822327,0.379564493894577,0.10598906874656677,0.4143332540988922,0.37133723497390747,0.11384698748588562,0.4215543866157532,0.3641011118888855,0.1268671303987503,0.42976969480514526,0.35905879735946655,0.14266885817050934,0.436042457818985,0.3576135039329529,0.15503840148448944,0.4205327033996582,0.369912326335907,0.39259710907936096,0.44293951988220215,0.3643020987510681,0.1543181836605072,0.579048752784729,0.3895517587661743,-0.0024813669733703136,0.5364512801170349,0.3808940052986145,-0.03311257064342499,0.5545604825019836,0.4049490690231323,-0.05063209310173988,0.7130810022354126,0.43881696462631226,0.11467096954584122,0.7257823348045349,0.4506741762161255,0.06928293406963348,0.7485662698745728,0.4755878448486328,-0.026094401255249977,0.6800968647003174,0.4541429281234741,0.26345959305763245,0.407995343208313,0.3864891231060028,0.10162950307130814,0.45195144414901733,0.3799018859863281,-0.013590311631560326,0.7571750283241272,0.4710932672023773,0.043116647750139236,0.6000978946685791,0.4006584882736206,0.2881668210029602,0.6419919729232788,0.42329686880111694,-0.012230812571942806,0.6533294916152954,0.4204256534576416,-0.01541281770914793,0.6662430167198181,0.41881391406059265,-0.018244275823235512,0.677047610282898,0.42066365480422974,-0.014801057986915112,0.6830558180809021,0.4391435384750366,-0.0016829905798658729,0.6006481647491455,0.38138508796691895,0.028332648798823357,0.6033160090446472,0.37556856870651245,0.03482891991734505,0.6043849587440491,0.37012776732444763,0.03967835754156113,0.622828483581543,0.3910609185695648,0.05701195448637009,0.5991194248199463,0.3700144290924072,0.15263022482395172,0.42762476205825806,0.3859793543815613,0.01108529418706894,0.3961092531681061,0.38707235455513,0.06609953194856644,0.4005143940448761,0.38577014207839966,0.0903419703245163,0.5970622301101685,0.3859056830406189,0.02675374411046505,0.6469967365264893,0.39360886812210083,0.17326414585113525,0.3947511613368988,0.38833677768707275,0.024924572557210922,0.696774423122406,0.44730496406555176,0.007005715277045965,0.4359474182128906,0.38151314854621887,-0.035634614527225494,0.4895699620246887,0.3766940236091614,-0.01389391627162695,0.7001819014549255,0.4635237753391266,-0.03375845029950142,0.671862006187439,0.41612377762794495,0.07206442952156067,0.5527288317680359,0.3814724087715149,0.03742273524403572,0.6875746250152588,0.43200787901878357,0.040875956416130066,0.5697795748710632,0.36675405502319336,0.08130447566509247,0.581243634223938,0.3796100616455078,0.054171204566955566,0.6067174077033997,0.3742058575153351,0.10600097477436066,0.72597336769104,0.4669386148452759,-0.031077543273568153,0.5031633973121643,0.37888282537460327,0.005945787765085697,0.6912032961845398,0.42174696922302246,0.09560300409793854,0.7045321464538574,0.43890172243118286,0.05595671385526657,0.6515138745307922,0.4002355635166168,0.09421747177839279,0.6276627779006958,0.3858920633792877,0.2096501737833023,0.6620365381240845,0.40063202381134033,0.12590990960597992,0.6384487748146057,0.4132522642612457,0.259625643491745,0.6128525137901306,0.38405731320381165,0.07479152828454971,0.468584805727005,0.38135582208633423,0.007507204078137875,0.5321870446205139,0.3727917969226837,-0.05431286618113518,0.5388798117637634,0.37515148520469666,-0.030091119930148125,0.5170717239379883,0.3661106824874878,-0.07356348633766174,0.3915539085865021,0.37326568365097046,0.0778231993317604,0.39794790744781494,0.3562893867492676,0.09790228307247162,0.4079744517803192,0.34514981508255005,0.12014694511890411,0.41848528385162354,0.33912259340286255,0.14625652134418488,0.42781883478164673,0.34021830558776855,0.16969634592533112,0.44682326912879944,0.35645592212677,0.20168237388134003,0.5135197639465332,0.37680870294570923,0.3251652717590332,0.46697095036506653,0.3672352731227875,0.16731415688991547,0.4662741720676422,0.37348031997680664,0.13895255327224731,0.4563405513763428,0.3822471499443054,0.11229630559682846,0.4422282576560974,0.39002376794815063,0.09165575355291367,0.43008071184158325,0.3943448066711426,0.07602333277463913,0.42092105746269226,0.39615654945373535,0.06651562452316284,0.49661171436309814,0.4177986979484558,0.41844889521598816,0.5407053828239441,0.3819780945777893,-0.02196340821683407,0.4728509783744812,0.37496423721313477,-0.03437071666121483,0.5287662148475647,0.37219470739364624,-0.08292193710803986,0.5306631922721863,0.3884299397468567,-0.08693768829107285,0.530605673789978,0.37936675548553467,-0.07350564002990723,0.5416670441627502,0.39026832580566406,-0.023113856092095375,0.531453549861908,0.388246089220047,-0.09499341994524002,0.5313735604286194,0.3996545076370239,-0.07512611895799637,0.4073547422885895,0.3927038311958313,0.0846496969461441,0.4095984697341919,0.39580029249191284,0.05859643220901489,0.4142948091030121,0.39561355113983154,0.03583522140979767,0.43982964754104614,0.35757964849472046,0.1656726449728012,0.43606024980545044,0.3507191836833954,0.1742963343858719,0.2846919298171997,0.5015254020690918,-0.04481528326869011,0.2982753813266754,0.48528075218200684,-0.04481528326869011,0.26757654547691345,0.49672120809555054,-0.04481528326869011,0.270468145608902,0.5181580781936646,-0.04481528326869011,0.3010253310203552,0.50657719373703,-0.04481528326869011,0.42684653401374817,0.3642563223838806,0.13020288944244385,0.43685007095336914,0.3556738495826721,0.13020288944244385,0.4125870168209076,0.35696178674697876,0.13020288944244385,0.41663262248039246,0.37274447083473206,0.13020288944244385,0.44055843353271484,0.3711986839771271,0.13020288944244385,0,0,0,0,0,1,1,0,0,0,0,0,0.1511705219745636,0.09191390872001648,0.13120369613170624,0.07307017594575882,0.033838752657175064,0.0678335577249527,0.08023976534605026,0.0742645412683487,0.07568438351154327,0.11595682799816132,0.7767738103866577,0.2328609824180603,Neutral,-9.8606538772583,-12.09776782989502
108,3.6,29.13948516623761,-11.754466923425753,0.6758415331698298,0.5391725301742554,0.42291978001594543,-0.0887763500213623,0.48392197489738464,0.3746068477630615,-0.11658833920955658,0.50071781873703,0.40924370288848877,-0.07692420482635498,0.4106634259223938,0.39258480072021484,-0.082369863986969,0.4641709327697754,0.3681787848472595,-0.11708179116249084,0.43941864371299744,0.37183678150177,-0.10023162513971329,0.37320607900619507,0.39031851291656494,-0.021390285342931747,0.25824713706970215,0.5309558510780334,-0.049730878323316574,0.3299138844013214,0.3878151774406433,0.012860835529863834,0.3065682053565979,0.37983715534210205,0.02150622382760048,0.22149218618869781,0.3698717951774597,0.07601357251405716,0.5446667671203613,0.4251243472099304,-0.08886965364217758,0.548241138458252,0.42846083641052246,-0.08536723256111145,0.5492020845413208,0.4317738711833954,-0.08008153736591339,0.6271520256996155,0.4547775983810425,-0.06935771554708481,0.6398439407348633,0.4580918252468109,-0.07646899670362473,0.6510428786277771,0.4624147415161133,-0.0838913694024086,0.6587514877319336,0.46738502383232117,-0.08396641910076141,0.6613403558731079,0.4668847620487213,-0.07410423457622528,0.4948357939720154,0.38665908575057983,-0.1097230389714241,0.48190730810165405,0.4132913649082184,-0.09594416618347168,0.14826442301273346,0.622093915939331,0.009903986938297749,0.31544122099876404,0.4826487898826599,-0.034591492265462875,0.30611467361450195,0.49972987174987793,-0.04874241352081299,0.2933221459388733,0.5177633762359619,-0.05705876648426056,0.25718361139297485,0.542439341545105,-0.057274527847766876,0.32065320014953613,0.46821245551109314,-0.016764694824814796,0.2356439232826233,0.49067679047584534,-0.04373521730303764,0.2530672252178192,0.472192645072937,-0.0237385593354702,0.2248699814081192,0.511150062084198,-0.053835321217775345,0.2233303189277649,0.5276329517364502,-0.05659886822104454,0.26220792531967163,0.5612035989761353,-0.06140657514333725,0.6458895206451416,0.553464412689209,-0.11171901971101761,0.24355317652225494,0.5382076501846313,-0.0473402664065361,0.23175829648971558,0.6511116623878479,-0.0190739668905735,0.22797004878520966,0.5816702246665955,-0.052654337137937546,0.40348076820373535,0.5034319758415222,-0.09117010235786438,0.5147879123687744,0.447664737701416,-0.10405921936035156,0.5305600166320801,0.4506651759147644,-0.09912282973527908,0.5008399486541748,0.4773065447807312,-0.11224431544542313,0.4954281449317932,0.4975672960281372,-0.10928615927696228,0.5168895125389099,0.4728199243545532,-0.10506582260131836,0.5085894465446472,0.49004215002059937,-0.09944218397140503,0.5464204549789429,0.552383303642273,-0.10013221204280853,0.47480371594429016,0.3880295157432556,-0.12455792725086212,0.4545840322971344,0.38382813334465027,-0.1262805014848709,0.18937017023563385,0.5467130541801453,-0.06591658294200897,0.3781846761703491,0.45872199535369873,-0.048361022025346756,0.43892359733581543,0.45469245314598083,-0.10876194387674332,0.4260849356651306,0.45790961384773254,-0.10080716013908386,0.36536329984664917,0.565224826335907,-0.11322105675935745,0.4318969249725342,0.38680902123451233,-0.10938020795583725,0.20546501874923706,0.49027884006500244,-0.05219452455639839,0.19082863628864288,0.5203961133956909,-0.06265906244516373,0.12903925776481628,0.5747131109237671,0.0024788114242255688,0.2854810953140259,0.41939711570739746,-0.010406376793980598,0.2745145261287689,0.4591040313243866,-0.006337162107229233,0.5103272199630737,0.5581506490707397,-0.10587167739868164,0.45897698402404785,0.7314932346343994,-0.032573312520980835,0.45876163244247437,0.4477648437023163,-0.09323889762163162,0.4742409586906433,0.4356812834739685,-0.0837874636054039,0.5019177198410034,0.524432361125946,-0.09446309506893158,0.507898211479187,0.5187604427337646,-0.09008665382862091,0.16897110641002655,0.5274710655212402,-0.05478763207793236,0.4455045759677887,0.46604838967323303,-0.10068431496620178,0.23561696708202362,0.4567981958389282,-0.034024134278297424,0.2177441567182541,0.4540534019470215,-0.03349905088543892,0.15001899003982544,0.46254950761795044,0.009518509730696678,0.15657983720302582,0.5436083078384399,-0.026414521038532257,0.18680116534233093,0.44793054461479187,-0.007587061729282141,0.16857880353927612,0.5581462383270264,-0.0543459951877594,0.16916611790657043,0.5870502591133118,-0.018898744136095047,0.5239036083221436,0.44952061772346497,-0.10390343517065048,0.5092219114303589,0.47521477937698364,-0.10974983870983124,0.5019543766975403,0.4941549599170685,-0.10566931962966919,0.4649534523487091,0.44785282015800476,-0.08534416556358337,0.5052490234375,0.5215761661529541,-0.09145678579807281,0.5275720953941345,0.5215597152709961,-0.09385401755571365,0.5100189447402954,0.516030490398407,-0.08921346813440323,0.4611276686191559,0.42295584082603455,-0.11481952667236328,0.5123672485351562,0.4870418608188629,-0.09629672020673752,0.5209697484970093,0.47067147493362427,-0.09833250939846039,0.5342016816139221,0.4516543447971344,-0.09458380937576294,0.6414267420768738,0.494319349527359,-0.08972097188234329,0.6302348375320435,0.4979774057865143,-0.10016948729753494,0.6243166923522949,0.49116066098213196,-0.09970322996377945,0.6151772737503052,0.4834930896759033,-0.09179925173521042,0.6058440208435059,0.47682297229766846,-0.08422616869211197,0.5556111931800842,0.5032564401626587,-0.08826807141304016,0.5554078817367554,0.5101428031921387,-0.09362836182117462,0.5545216202735901,0.5185176134109497,-0.09945347160100937,0.5537787675857544,0.5259363055229187,-0.10087741911411285,0.48316261172294617,0.5115152597427368,-0.1066288948059082,0.3302648067474365,0.7255082726478577,0.01480763778090477,0.49847644567489624,0.39846429228782654,-0.0875510722398758,0.5338011384010315,0.5099156498908997,-0.08725963532924652,0.5310158133506775,0.5156482458114624,-0.0909891203045845,0.48623126745224,0.43253061175346375,-0.08818895369768143,0.4602358639240265,0.4703131914138794,-0.08263885974884033,0.4808427393436432,0.4337967038154602,-0.0859622210264206,0.3765849769115448,0.48044508695602417,-0.06307686120271683,0.3699752986431122,0.5101993680000305,-0.08564706891775131,0.43195319175720215,0.4691793620586395,-0.09441962093114853,0.12822425365447998,0.5215234160423279,0.0002592839882709086,0.16146714985370636,0.49776262044906616,-0.021814068779349327,0.18481598794460297,0.49210524559020996,-0.0465732216835022,0.5778585076332092,0.5399150848388672,-0.10214731097221375,0.25683167576789856,0.41456902027130127,-0.010449935682117939,0.21839545667171478,0.4081588387489319,0.016669413074851036,0.181479811668396,0.4141622483730316,0.03574152663350105,0.27536535263061523,0.5340337753295898,-0.059619177132844925,0.2630156874656677,0.5863518714904785,-0.07002812623977661,0.32192692160606384,0.4583950638771057,-0.005903929006308317,0.21894200146198273,0.5508203506469727,-0.058786723762750626,0.3748064339160919,0.4409823417663574,-0.04209231585264206,0.4405098557472229,0.4305597245693207,-0.11677848547697067,0.2852952480316162,0.6228876113891602,-0.07459160685539246,0.2915060818195343,0.5736724734306335,-0.0849507674574852,0.3206517994403839,0.5488966107368469,-0.08528787642717361,0.3421095907688141,0.5124484896659851,-0.06724701076745987,0.34989506006240845,0.4859611392021179,-0.047193266451358795,0.3539179265499115,0.465909868478775,-0.03267405927181244,0.36676108837127686,0.40648025274276733,-0.030765848234295845,0.3308967351913452,0.6321836709976196,-0.09606974571943283,0.20484884083271027,0.5662325620651245,-0.05972578004002571,0.4885437786579132,0.3940557837486267,-0.11639860272407532,0.39879751205444336,0.457559198141098,-0.06369946151971817,0.22731846570968628,0.691038966178894,0.032288506627082825,0.35496217012405396,0.4490342140197754,-0.02025512047111988,0.4311855733394623,0.4791657328605652,-0.07500596344470978,0.23720407485961914,0.5466539263725281,-0.05086766183376312,0.42639094591140747,0.43476545810699463,-0.10553549975156784,0.38957157731056213,0.7350461483001709,-0.0050916909240186214,0.31316590309143066,0.45860040187835693,0.0011924848658964038,0.427348792552948,0.40836331248283386,-0.1115599051117897,0.5447425842285156,0.6537349224090576,-0.09994696825742722,0.5740013122558594,0.680378794670105,-0.08153470605611801,0.3259393572807312,0.6861215829849243,-0.04497520998120308,0.4967173933982849,0.6811646223068237,-0.09317807853221893,0.19560988247394562,0.6201229095458984,-0.013033106923103333,0.672925591468811,0.5684218406677246,-0.11555234342813492,0.49276506900787354,0.4045669138431549,-0.0909779965877533,0.4016771614551544,0.4797694981098175,-0.07297206670045853,0.21535392105579376,0.602949857711792,-0.048294536769390106,0.28244972229003906,0.5111037492752075,-0.0489390604197979,0.2947477102279663,0.4957343637943268,-0.042544323951005936,0.5238326787948608,0.5273197293281555,-0.09580527245998383,0.37732717394828796,0.6481622457504272,-0.10077034682035446,0.7263234257698059,0.5407136678695679,-0.10212189704179764,0.6615612506866455,0.6107813715934753,-0.09794468432664871,0.6243445873260498,0.6430139541625977,-0.09076504409313202,0.25580257177352905,0.3706241846084595,0.05171569809317589,0.7487944960594177,0.5024206638336182,-0.07693501561880112,0.3022455871105194,0.48239511251449585,-0.029924172908067703,0.30780529975891113,0.46991708874702454,-0.01609713025391102,0.31170782446861267,0.4621622860431671,-0.004331539385020733,0.18570303916931152,0.5826637148857117,-0.049021992832422256,0.2859373688697815,0.4682192802429199,-0.012725641019642353,0.26771146059036255,0.4803510904312134,-0.025304162874817848,0.2549169659614563,0.49494031071662903,-0.037187788635492325,0.24634061753749847,0.5117273330688477,-0.04622722044587135,0.24399378895759583,0.5239383578300476,-0.048806075006723404,0.1789243370294571,0.6587710380554199,0.02473682165145874,0.27038609981536865,0.5224131941795349,-0.05072694644331932,0.5136632919311523,0.41269010305404663,-0.07633361220359802,0.4817807674407959,0.48637497425079346,-0.1031772792339325,0.4563699960708618,0.4422362446784973,-0.09646639972925186,0.49899041652679443,0.4384106695652008,-0.09400814026594162,0.3503870964050293,0.3940978944301605,0.0038115535862743855,0.5920208096504211,0.6265296339988708,-0.10150682926177979,0.6325064897537231,0.6003088355064392,-0.10724302381277084,0.7078952193260193,0.5303699374198914,-0.11324937641620636,0.5224014520645142,0.7103458642959595,-0.06111789867281914,0.303818017244339,0.4615519344806671,-0.00428531039506197,0.3908828794956207,0.4172915816307068,-0.05841337516903877,0.732905387878418,0.49173805117607117,-0.08817145973443985,0.6961823105812073,0.5766069889068604,-0.10737058520317078,0.38026076555252075,0.6985612511634827,-0.058887191116809845,0.581346869468689,0.49255746603012085,-0.08894073218107224,0.5850129127502441,0.5004478096961975,-0.09570031613111496,0.5889860987663269,0.5094740986824036,-0.10236681997776031,0.5931521654129028,0.5177457928657532,-0.10379110276699066,0.6105018854141235,0.5209816694259644,-0.10203923285007477,0.5051240921020508,0.5053006410598755,-0.09530670940876007,0.4995400905609131,0.5096997618675232,-0.09959740936756134,0.4938729405403137,0.5132946968078613,-0.10297434031963348,0.49204888939857483,0.5363713502883911,-0.10771128535270691,0.40340128540992737,0.6075705289840698,-0.11839081346988678,0.3698279559612274,0.4227733612060547,-0.033990342170000076,0.31165504455566406,0.43748077750205994,0.010966907255351543,0.3025814890861511,0.4510742723941803,0.0037523452192544937,0.5086450576782227,0.5014968514442444,-0.09263923019170761,0.46128061413764954,0.6423313021659851,-0.1079416275024414,0.3291965126991272,0.4174891710281372,-0.002562376204878092,0.625065267086029,0.539065957069397,-0.10446285456418991,0.41723135113716125,0.3787030279636383,-0.0727633386850357,0.38985103368759155,0.399740070104599,-0.0552896223962307,0.3961706757545471,0.3847212791442871,-0.04526656121015549,0.41209566593170166,0.43507111072540283,-0.07770934700965881,0.7073274850845337,0.4810205399990082,-0.08909503370523453,0.680705189704895,0.4740966558456421,-0.08065549284219742,0.6588301062583923,0.5063018202781677,-0.09745775163173676,0.5480970144271851,0.5740535855293274,-0.10459943115711212,0.43762755393981934,0.4997681677341461,-0.08664567023515701,0.588599443435669,0.5612693428993225,-0.10466893762350082,0.40987628698349,0.5404618382453918,-0.11244349926710129,0.44858089089393616,0.5220332741737366,-0.1023598462343216,0.43533337116241455,0.575138509273529,-0.1183885782957077,0.6825931072235107,0.5175683498382568,-0.11156141757965088,0.4140968322753906,0.45632150769233704,-0.07723735272884369,0.5623806715011597,0.6011630892753601,-0.10725224018096924,0.6059889793395996,0.5798899531364441,-0.10678332298994064,0.5063321590423584,0.5787749290466309,-0.1132330447435379,0.4209039807319641,0.6603823900222778,-0.10080016404390335,0.5014873147010803,0.6143361330032349,-0.11343997716903687,0.4370732307434082,0.6999216675758362,-0.07552732527256012,0.4670957624912262,0.5497467517852783,-0.1118914783000946,0.3947588801383972,0.4373437762260437,-0.060767386108636856,0.45418626070022583,0.42579883337020874,-0.11970691382884979,0.4495300054550171,0.4496389627456665,-0.10649263113737106,0.4470968246459961,0.4056301712989807,-0.1249004527926445,0.2823689579963684,0.4436791241168976,-0.0012411242350935936,0.2479359209537506,0.4658777713775635,-0.024692220613360405,0.22554141283035278,0.48969611525535583,-0.04559950530529022,0.21290740370750427,0.5138380527496338,-0.05915909633040428,0.2098453938961029,0.534713625907898,-0.06251658499240875,0.23490124940872192,0.5617401003837585,-0.05287763476371765,0.2767893373966217,0.6706651449203491,-0.03530048578977585,0.2809956669807434,0.5515000224113464,-0.06658430397510529,0.3046233355998993,0.5320807099342346,-0.06480535119771957,0.3215278685092926,0.5070127248764038,-0.05478467047214508,0.331391841173172,0.4839702248573303,-0.03746192157268524,0.3363473415374756,0.4666000008583069,-0.019692495465278625,0.3392365872859955,0.453698068857193,-0.009121221490204334,0.27818185091018677,0.7106091976165771,0.0291906725615263,0.45402997732162476,0.4569973945617676,-0.09783605486154556,0.4100302457809448,0.41179582476615906,-0.08235261589288712,0.4648621082305908,0.4037272334098816,-0.12454136461019516,0.47954121232032776,0.40584278106689453,-0.11175727099180222,0.4678787887096405,0.4109134078025818,-0.11624421179294586,0.46221622824668884,0.4591745436191559,-0.08780175447463989,0.48367148637771606,0.40026795864105225,-0.11552883684635162,0.4881272315979004,0.40984708070755005,-0.09338362514972687,0.3195967972278595,0.4515431523323059,0.0057308254763484,0.33511680364608765,0.44158461689949036,0.002642991952598095,0.3478885889053345,0.43388789892196655,-0.009441751055419445,0.24373555183410645,0.5318475365638733,-0.0491841621696949,0.22637788951396942,0.5405118465423584,-0.05518044903874397,0.4276825785636902,0.37045857310295105,-0.05142635852098465,0.4287171959877014,0.36143943667411804,0.17205947637557983,0.5024735331535339,0.3872523307800293,-0.07252734899520874,0.3820819854736328,0.3453800678253174,0.3585972785949707,0.4175970256328583,0.38562628626823425,0.10859788209199905,0.42657655477523804,0.38010141253471375,0.12346266210079193,0.43282759189605713,0.37369289994239807,0.1415625661611557,0.42893531918525696,0.36544784903526306,0.17722679674625397,0.40897154808044434,0.38780051469802856,0.09637850522994995,0.4012245237827301,0.35220661759376526,0.13366210460662842,0.3940431773662567,0.35992884635925293,0.11655259132385254,0.40839558839797974,0.34763962030410767,0.15171371400356293,0.41457754373550415,0.34817934036254883,0.16629500687122345,0.4361405372619629,0.3667249083518982,0.19073286652565002,0.7093483209609985,0.4406852424144745,-0.005880470387637615,0.42592790722846985,0.35876578092575073,0.18457618355751038,0.4599679112434387,0.36326467990875244,0.32962971925735474,0.4252437651157379,0.35778293013572693,0.2309512346982956,0.5085753202438354,0.3638603687286377,0.054108649492263794,0.550642728805542,0.39959484338760376,-0.06639916449785233,0.559829592704773,0.41074615716934204,-0.0641661286354065,0.5671252012252808,0.3846398890018463,-0.03447502478957176,0.5818007588386536,0.378631055355072,-0.0016587465070188046,0.5708290338516235,0.3988580107688904,-0.03717906028032303,0.5811020135879517,0.3920672535896301,-0.008575484156608582,0.6454366445541382,0.4038960933685303,0.03839394077658653,0.4914613366127014,0.366589218378067,-0.10450870543718338,0.47353819012641907,0.3594084084033966,-0.10247926414012909,0.40573766827583313,0.3297446370124817,0.1987430900335312,0.4412146806716919,0.37747499346733093,0.04571041464805603,0.5053746104240417,0.361339807510376,-0.01977388747036457,0.49443596601486206,0.36249402165412903,-0.009157542139291763,0.5307216048240662,0.34768104553222656,0.12684133648872375,0.4497591257095337,0.36319422721862793,-0.0790194496512413,0.3927294611930847,0.3292698264122009,0.13210584223270416,0.3995734751224518,0.3257759213447571,0.16808027029037476,0.34781768918037415,0.3292480409145355,0.3139210045337677,0.37727198004722595,0.3618832230567932,0.05029815807938576,0.3898691236972809,0.3693469762802124,0.1079225018620491,0.6258397102355957,0.3906433582305908,0.06093514710664749,0.6471177935600281,0.43662065267562866,0.29800957441329956,0.5097483396530151,0.37548816204071045,-0.027015672996640205,0.5080501437187195,0.38795310258865356,-0.05088275298476219,0.6098601222038269,0.3804907500743866,0.0503300279378891,0.6066676378250122,0.38694971799850464,0.03703554347157478,0.38905495405197144,0.3174799084663391,0.19082783162593842,0.5130919814109802,0.36882615089416504,-0.01311102882027626,0.3850373923778534,0.33990585803985596,0.09217558801174164,0.3741632103919983,0.33002951741218567,0.09697914123535156,0.28171291947364807,0.3275485336780548,0.18734487891197205,0.3592013120651245,0.32054442167282104,0.24531228840351105,0.3043674826622009,0.32818591594696045,0.14337164163589478,0.3952176570892334,0.32443082332611084,0.22994093596935272,0.3904125392436981,0.33223655819892883,0.2898137867450714,0.5571609139442444,0.4045587182044983,-0.06664612889289856,0.570284903049469,0.3913877606391907,-0.036320656538009644,0.5823907256126404,0.38449546694755554,-0.007317595649510622,0.5103775262832642,0.38165098428726196,-0.031095314770936966,0.6086450219154358,0.38367486000061035,0.04248851537704468,0.6253387331962585,0.3889402747154236,0.019226795062422752,0.6046833992004395,0.38959068059921265,0.034280795603990555,0.5015472173690796,0.3694168031215668,-0.05426422879099846,0.5786674618721008,0.39840734004974365,-0.00975500512868166,0.569238543510437,0.40528053045272827,-0.03415077552199364,0.5599885582923889,0.4165578782558441,-0.0586516298353672,0.670928955078125,0.44671952724456787,-0.05436022952198982,0.672147810459137,0.4376978874206543,-0.06128426641225815,0.6634951829910278,0.4349709749221802,-0.0598536916077137,0.6502358317375183,0.4341386556625366,-0.05190696939826012,0.6364009380340576,0.43484994769096375,-0.04660198092460632,0.6259542107582092,0.40840834379196167,-0.0012235024478286505,0.633354127407074,0.4035269618034363,-0.006429473869502544,0.6420375108718872,0.39797618985176086,-0.009084396064281464,0.64890456199646,0.39425772428512573,-0.0032327191438525915,0.5764129161834717,0.3769954442977905,0.017531171441078186,0.5494747757911682,0.41853129863739014,0.38415756821632385,0.6160621643066406,0.399667352437973,0.02073138952255249,0.6212269067764282,0.39406323432922363,0.017589978873729706,0.5128914713859558,0.39423471689224243,-0.05590290203690529,0.5211097002029419,0.38045334815979004,-0.012314185500144958,0.510759711265564,0.3911212086677551,-0.05400964617729187,0.46113356947898865,0.37114161252975464,0.0628371387720108,0.48778367042541504,0.3587910532951355,0.08497411757707596,0.5037928819656372,0.3673059642314911,0.0005439272499643266,0.31393539905548096,0.3228715658187866,0.25362512469291687,0.33057844638824463,0.3202517628669739,0.19688215851783752,0.381511926651001,0.3189874291419983,0.14839190244674683,0.6583976745605469,0.4146992564201355,0.012432346120476723,0.3633244037628174,0.34658753871917725,0.0561596043407917,0.2819410264492035,0.34491342306137085,0.09545709192752838,0.2536347508430481,0.34174662828445435,0.12542910873889923,0.4335189163684845,0.36918991804122925,0.16117070615291595,0.44470399618148804,0.3691782057285309,0.21057762205600739,0.4031035602092743,0.38819897174835205,0.09493404626846313,0.4163271486759186,0.34787487983703613,0.19750870764255524,0.4226202368736267,0.3799099922180176,0.03289322555065155,0.4939877986907959,0.35871368646621704,-0.04500172659754753,0.49868372082710266,0.3484422564506531,0.24473047256469727,0.45966795086860657,0.37331244349479675,0.17914187908172607,0.4662371277809143,0.37830638885498047,0.13868917524814606,0.45503222942352295,0.38688260316848755,0.10398799180984497,0.43937948346138,0.3928285241127014,0.0828925147652626,0.42775434255599976,0.3946499824523926,0.06459960341453552,0.38671591877937317,0.3819027543067932,0.0011710153194144368,0.5413874387741089,0.3509957194328308,0.22295355796813965,0.41319504380226135,0.3427533805370331,0.22005847096443176,0.49879342317581177,0.3811817765235901,-0.10044997930526733,0.4606991708278656,0.37505996227264404,0.027210991829633713,0.4562341868877411,0.3927770256996155,0.41092318296432495,0.4176550805568695,0.39426159858703613,0.055669449269771576,0.5055303573608398,0.37342631816864014,0.02033965103328228,0.4237280786037445,0.3587510585784912,0.19291777908802032,0.48063164949417114,0.3609708845615387,-0.032909877598285675,0.5987354516983032,0.4266347587108612,0.34845614433288574,0.39843571186065674,0.386081725358963,0.10673563182353973,0.46339479088783264,0.36071497201919556,-0.05825992673635483,0.6856092214584351,0.41840723156929016,0.1390439122915268,0.7063825130462646,0.44331222772598267,0.16923287510871887,0.5517535209655762,0.37866801023483276,0.3036339282989502,0.6661655902862549,0.4114198088645935,0.1880350410938263,0.42150142788887024,0.34846973419189453,0.3179923892021179,0.7347303032875061,0.4498133063316345,-0.0013079216005280614,0.5015573501586914,0.3938848078250885,-0.08130315691232681,0.4824149012565613,0.3718317747116089,0.039683569222688675,0.42249149084091187,0.3598805367946625,0.26437604427337646,0.42797064781188965,0.36852842569351196,0.14588041603565216,0.42164456844329834,0.3744071125984192,0.1301049292087555,0.6287748217582703,0.3846217393875122,0.02563447505235672,0.5821535587310791,0.36185869574546814,0.20712564885616302,0.7567129731178284,0.4760528802871704,-0.036569010466337204,0.7396821975708008,0.4537948668003082,0.0637882873415947,0.7256767153739929,0.44860148429870605,0.11280987411737442,0.4133913218975067,0.3791867792606354,0.11741224676370621,0.40488508343696594,0.38253968954086304,0.11077205836772919,0.40049850940704346,0.38495826721191406,0.10933442413806915,0.40427982807159424,0.34097281098365784,0.25299152731895447,0.3999217450618744,0.3752828538417816,0.11616864055395126,0.40508532524108887,0.3680843114852905,0.12392081320285797,0.41166189312934875,0.36209172010421753,0.13647116720676422,0.4185333847999573,0.35786914825439453,0.1514354944229126,0.422972708940506,0.3570910096168518,0.16313426196575165,0.4149983525276184,0.3663017749786377,0.3939290940761566,0.4295159578323364,0.3642406463623047,0.1608610600233078,0.5544125437736511,0.37930047512054443,-0.00899527408182621,0.5077852010726929,0.37110358476638794,-0.03401491045951843,0.5294261574745178,0.3948187530040741,-0.05545101687312126,0.705064594745636,0.4286406338214874,0.09197364747524261,0.7187506556510925,0.4402563273906708,0.04563558101654053,0.7416262030601501,0.4656922221183777,-0.0508480966091156,0.6824504137039185,0.44189488887786865,0.2341647446155548,0.3987239897251129,0.38172847032546997,0.1111116036772728,0.4245491623878479,0.37423762679100037,-0.007911200635135174,0.7514983415603638,0.46134883165359497,0.012557628564536572,0.5964879989624023,0.3899487257003784,0.27530601620674133,0.6348620057106018,0.4197445511817932,-0.023213248699903488,0.6460148096084595,0.41597628593444824,-0.027243278920650482,0.6576526165008545,0.4130505323410034,-0.03081360086798668,0.6678746342658997,0.41242924332618713,-0.02838403545320034,0.6683010458946228,0.42825767397880554,-0.017895782366394997,0.5923213958740234,0.3884749412536621,0.01756727509200573,0.5945136547088623,0.3820153772830963,0.023927578702569008,0.5950881838798523,0.3764749765396118,0.028923314064741135,0.6010037660598755,0.3804851770401001,0.04649978503584862,0.5812904834747314,0.3596537113189697,0.1421343982219696,0.40324515104293823,0.3814093768596649,0.018235059455037117,0.3873296082019806,0.38161641359329224,0.07739140838384628,0.39130935072898865,0.3808375895023346,0.10060268640518188,0.5895934700965881,0.3935730457305908,0.015598993748426437,0.6335258483886719,0.383575439453125,0.15718913078308105,0.38755619525909424,0.38214290142059326,0.03660828247666359,0.6849269270896912,0.4365484118461609,-0.011991494335234165,0.40829595923423767,0.3759310841560364,-0.02815333940088749,0.46133679151535034,0.36968445777893066,-0.011309972032904625,0.6895401477813721,0.4530314803123474,-0.053196243941783905,0.6562114953994751,0.40574130415916443,0.05523974820971489,0.528457760810852,0.3723350167274475,0.033155862241983414,0.6738587021827698,0.4214206635951996,0.022580919787287712,0.5460934638977051,0.3575088381767273,0.07457205653190613,0.557889461517334,0.37012603878974915,0.04698273912072182,0.5861204266548157,0.3642665445804596,0.09565611183643341,0.7166738510131836,0.4568667709827423,-0.05320242419838905,0.4765227138996124,0.37109053134918213,0.0067693134769797325,0.6778674125671387,0.41177380084991455,0.07593270391225815,0.6934411525726318,0.42849960923194885,0.034833356738090515,0.634081244468689,0.39016157388687134,0.07920286059379578,0.6161094903945923,0.3754546046257019,0.19512197375297546,0.6467673182487488,0.39071041345596313,0.1094311773777008,0.6350938677787781,0.40227746963500977,0.24226407706737518,0.591920793056488,0.3740682005882263,0.06472759693861008,0.4423609972000122,0.37515825033187866,0.011104315519332886,0.5007818937301636,0.3633808493614197,-0.054193273186683655,0.5097033977508545,0.3653252422809601,-0.0313815176486969,0.48342764377593994,0.3574565649032593,-0.07232490181922913,0.3842177093029022,0.36805224418640137,0.09054676443338394,0.3899087607860565,0.35271137952804565,0.11020717769861221,0.39800092577934265,0.34285199642181396,0.13104626536369324,0.4057009816169739,0.3375687599182129,0.15575434267520905,0.41175782680511475,0.33952784538269043,0.1781240552663803,0.42400696873664856,0.358744353055954,0.20692799985408783,0.5063621401786804,0.3703027367591858,0.32207438349723816,0.4444139003753662,0.3705591559410095,0.17043127119541168,0.44627195596694946,0.375993549823761,0.14204487204551697,0.4390546977519989,0.3834337890148163,0.11590511351823807,0.42663291096687317,0.3895830512046814,0.09670271724462509,0.4165189564228058,0.39209866523742676,0.08183419704437256,0.40897464752197266,0.39275121688842773,0.07338349521160126,0.500576376914978,0.40986543893814087,0.40743598341941833,0.5133371353149414,0.37196701765060425,-0.0239438284188509,0.4432864487171173,0.368338942527771,-0.030185392126441002,0.4954831600189209,0.3630937933921814,-0.08264262229204178,0.5002319812774658,0.3794705867767334,-0.08766422420740128,0.4991966485977173,0.37043702602386475,-0.07360552996397018,0.5159534811973572,0.3800927400588989,-0.02574210800230503,0.5004532933235168,0.3791901469230652,-0.09579786658287048,0.503314733505249,0.39039114117622375,-0.07697751373052597,0.39740651845932007,0.3877444267272949,0.09351745992898941,0.3990465998649597,0.3911738395690918,0.06726795434951782,0.4043760299682617,0.391075074672699,0.04399225115776062,0.42518743872642517,0.35757458209991455,0.17302437126636505,0.41884103417396545,0.35125428438186646,0.18162816762924194,0.27194806933403015,0.495746910572052,-0.03201013803482056,0.284735769033432,0.4776729345321655,-0.03201013803482056,0.25364431738853455,0.4915179908275604,-0.03201013803482056,0.2587398290634155,0.5140787363052368,-0.03201013803482056,0.28986456990242004,0.5002058744430542,-0.03201013803482056,0.40803131461143494,0.363619863986969,0.1383126676082611,0.41789528727531433,0.3557327091693878,0.1383126676082611,0.39494380354881287,0.35659775137901306,0.1383126676082611,0.39761728048324585,0.371715247631073,0.1383126676082611,0.4203636050224304,0.37059468030929565,0.1383126676082611,0,0,0,0,0,1,1,0,0,0,0,0,0.12669765949249268,0.07105078548192978,0.12204832583665848,0.06453467905521393,0.03360617533326149,0.06551814824342728,0.0941593199968338,0.05984494835138321,0.08155136555433273,0.11096097528934479,0.7483872175216675,0.24297428131103516,Neutral,9.716835975646973,-8.152897834777832
110,3.6666666666666665,30.84832307865461,-10.22557216641384,0.8028695026985496,0.5447752475738525,0.4392158091068268,-0.07125070691108704,0.4979068338871002,0.3794236183166504,-0.1088012158870697,0.5143194198608398,0.41229599714279175,-0.06494853645563126,0.42117762565612793,0.3969428539276123,-0.08882980048656464,0.47715210914611816,0.3733731508255005,-0.11228427290916443,0.45013031363487244,0.37674403190612793,-0.10025474429130554,0.37660542130470276,0.3939734697341919,-0.03732652962207794,0.2689562141895294,0.5476192831993103,-0.07936523109674454,0.32552456855773926,0.3905222713947296,-0.014889395795762539,0.2995624244213104,0.3823772072792053,-0.012785294093191624,0.2094244509935379,0.3735385239124298,0.022962437942624092,0.551284909248352,0.43998852372169495,-0.0699833407998085,0.5574042201042175,0.4413498640060425,-0.06491787731647491,0.5610045194625854,0.4425656199455261,-0.05708526074886322,0.6282917261123657,0.45215415954589844,-0.045774370431900024,0.6406060457229614,0.4546516537666321,-0.04932660982012749,0.6529237031936646,0.4574875831604004,-0.054197046905756,0.6630492806434631,0.4596632122993469,-0.05164520442485809,0.6689326763153076,0.45488446950912476,-0.036814816296100616,0.5088529586791992,0.39073890447616577,-0.10064816474914551,0.49815821647644043,0.41709455847740173,-0.08760496228933334,0.15957163274288177,0.6428822875022888,-0.04293192923069,0.32528313994407654,0.49066445231437683,-0.0585344098508358,0.3164616823196411,0.5107845664024353,-0.07309432327747345,0.30462226271629333,0.5309867858886719,-0.08249471336603165,0.2709220051765442,0.5576214790344238,-0.08567819744348526,0.32930848002433777,0.4740998148918152,-0.039835311472415924,0.24316798150539398,0.5107453465461731,-0.07607259601354599,0.25972461700439453,0.48847100138664246,-0.055544521659612656,0.23364795744419098,0.5331787467002869,-0.0863095298409462,0.23363251984119415,0.549379289150238,-0.08910763263702393,0.2784395217895508,0.5756263732910156,-0.08847002685070038,0.6671866178512573,0.5364880561828613,-0.07566236704587936,0.25595521926879883,0.5555939078330994,-0.07837232202291489,0.2520078420639038,0.6620144844055176,-0.054272402077913284,0.24638518691062927,0.5959428548812866,-0.08449772745370865,0.42946964502334595,0.5051440596580505,-0.0942852571606636,0.5261151790618896,0.4617607593536377,-0.08788707852363586,0.5436866879463196,0.4614481031894684,-0.08016186207532883,0.5163460373878479,0.484626442193985,-0.09739652276039124,0.513257622718811,0.49843719601631165,-0.09643285721540451,0.5330349206924438,0.4789631962776184,-0.0884031429886818,0.5271053910255432,0.4911711812019348,-0.08466758579015732,0.5822396874427795,0.5394842028617859,-0.08166614174842834,0.49078625440597534,0.3928149342536926,-0.11766289919614792,0.46979331970214844,0.38868552446365356,-0.12262784689664841,0.1987135410308838,0.5739717483520508,-0.10576439648866653,0.39343148469924927,0.4622063636779785,-0.06085699424147606,0.4634800851345062,0.45636868476867676,-0.10676014423370361,0.4497911334037781,0.4598434269428253,-0.10089736431837082,0.3981896638870239,0.5663384795188904,-0.12200544029474258,0.44477394223213196,0.3916122317314148,-0.11073926836252213,0.2083861231803894,0.5200774669647217,-0.09201142191886902,0.19661465287208557,0.5505925416946411,-0.10342182964086533,0.13707761466503143,0.5942803621292114,-0.056026991456747055,0.2859238386154175,0.43415117263793945,-0.041885118931531906,0.280720055103302,0.47075605392456055,-0.03650496155023575,0.5502922534942627,0.547572910785675,-0.09238355606794357,0.4874604642391205,0.7271240949630737,-0.02324148453772068,0.48187124729156494,0.44921132922172546,-0.08843957632780075,0.49379104375839233,0.43800976872444153,-0.0750795230269432,0.5234367251396179,0.5141123533248901,-0.08142180740833282,0.5287245512008667,0.5089080333709717,-0.07680092751979828,0.17358513176441193,0.5583442449569702,-0.09966068714857101,0.4709867835044861,0.46682536602020264,-0.09686648845672607,0.23639225959777832,0.48150378465652466,-0.07046540081501007,0.2148829996585846,0.48137983679771423,-0.07369543612003326,0.14813542366027832,0.47564515471458435,-0.05095190554857254,0.16347435116767883,0.5596694350242615,-0.0794619470834732,0.18605880439281464,0.4593166410923004,-0.060325123369693756,0.1781027615070343,0.5841556787490845,-0.09779608994722366,0.1798275113105774,0.6034544706344604,-0.06920555233955383,0.535551130771637,0.46194615960121155,-0.08670350909233093,0.5247190594673157,0.4821082055568695,-0.0941360592842102,0.520103931427002,0.49515312910079956,-0.09176763147115707,0.4872884154319763,0.44908052682876587,-0.07909126579761505,0.5263932943344116,0.5114409923553467,-0.07812680304050446,0.5485982894897461,0.5116835832595825,-0.07773306965827942,0.5305185317993164,0.5068725347518921,-0.07555825263261795,0.4809660017490387,0.42598432302474976,-0.11102622747421265,0.5313242077827454,0.48820483684539795,-0.07979259639978409,0.5382423996925354,0.47620806097984314,-0.07948868721723557,0.5490687489509583,0.4608360528945923,-0.07315612584352493,0.6563177108764648,0.4803667962551117,-0.05408158153295517,0.6413475871086121,0.48726439476013184,-0.06987728178501129,0.6326967477798462,0.4831991195678711,-0.07228647917509079,0.6215304136276245,0.47746971249580383,-0.06704702228307724,0.611941933631897,0.4722648561000824,-0.06256361305713654,0.5717386603355408,0.4961964786052704,-0.07171069085597992,0.5727152228355408,0.5020136833190918,-0.07488064467906952,0.5741726756095886,0.5088858604431152,-0.07964684814214706,0.5756650567054749,0.5144991278648376,-0.0804683119058609,0.5171617865562439,0.5066558718681335,-0.0972025915980339,0.35509541630744934,0.7319674491882324,0.0013728698249906301,0.5119137763977051,0.4021039605140686,-0.07712241262197495,0.5529386401176453,0.5019671320915222,-0.07272911816835403,0.5507767796516418,0.5068226456642151,-0.07539691030979156,0.5047532320022583,0.4346139430999756,-0.0771849974989891,0.48546722531318665,0.4700912833213806,-0.07566557824611664,0.49976199865341187,0.4360571503639221,-0.07625120133161545,0.39582934975624084,0.48394811153411865,-0.07409665733575821,0.3948794901371002,0.51346755027771,-0.09565719217061996,0.45674818754196167,0.4704130291938782,-0.09309825301170349,0.13182759284973145,0.5386494398117065,-0.06070709228515625,0.16400013864040375,0.5123667120933533,-0.07571370899677277,0.1845720112323761,0.5237038135528564,-0.09093731641769409,0.6074768304824829,0.5255376696586609,-0.07874912023544312,0.25250300765037537,0.43389636278152466,-0.04761965572834015,0.21442890167236328,0.4163358211517334,-0.033669110387563705,0.17475950717926025,0.42284002900123596,-0.02137034758925438,0.28808146715164185,0.548238217830658,-0.08638861775398254,0.2827090620994568,0.6003957390785217,-0.09585872292518616,0.3293524980545044,0.46346473693847656,-0.029636651277542114,0.2312253713607788,0.5712276101112366,-0.09346584230661392,0.38667032122612,0.444619357585907,-0.05576403811573982,0.46181875467300415,0.4337027966976166,-0.11523685604333878,0.31311869621276855,0.6290854215621948,-0.09878093004226685,0.30997174978256226,0.5887714624404907,-0.10653888434171677,0.3372107744216919,0.5640518069267273,-0.10360441356897354,0.3570963740348816,0.5241647958755493,-0.08326924592256546,0.36366763710975647,0.4938874840736389,-0.06321460008621216,0.36577385663986206,0.4715568423271179,-0.049098268151283264,0.37263917922973633,0.4102698564529419,-0.04777298867702484,0.36483851075172424,0.6342064142227173,-0.1111806109547615,0.2186301052570343,0.5861198902130127,-0.09678567945957184,0.5039660930633545,0.39806658029556274,-0.1079949215054512,0.41688138246536255,0.46047747135162354,-0.0710514560341835,0.24445553123950958,0.7071384787559509,-0.0016400115564465523,0.36420738697052,0.45401567220687866,-0.03822074830532074,0.4559992253780365,0.48020079731941223,-0.07412256300449371,0.2510601282119751,0.5639354586601257,-0.0822075828909874,0.4463786482810974,0.43793976306915283,-0.10664348304271698,0.417810320854187,0.7362390756607056,-0.007642403244972229,0.31948721408843994,0.4638301730155945,-0.02484861947596073,0.44319334626197815,0.41248953342437744,-0.112894706428051,0.5779131650924683,0.6404351592063904,-0.07909711450338364,0.6003727316856384,0.6676558256149292,-0.05589542165398598,0.35794875025749207,0.6883015036582947,-0.06078815460205078,0.5313135385513306,0.6698558330535889,-0.07847247272729874,0.2104780524969101,0.6344786286354065,-0.0569181963801384,0.691967248916626,0.5502070784568787,-0.07483252137899399,0.5073839426040649,0.4083235561847687,-0.08101166039705276,0.4235403835773468,0.4821753203868866,-0.07811460644006729,0.23799729347229004,0.6148818135261536,-0.08122221380472183,0.29052621126174927,0.5260799527168274,-0.07662113010883331,0.30207496881484985,0.5083790421485901,-0.06904511153697968,0.5461787581443787,0.5162524580955505,-0.07949602603912354,0.4144415855407715,0.6457099914550781,-0.10603191703557968,0.7357620596885681,0.5235388875007629,-0.053845033049583435,0.6815952062606812,0.5947310924530029,-0.06169649958610535,0.6480320692062378,0.6283741593360901,-0.05998959764838219,0.2465825378894806,0.37521201372146606,0.005001122131943703,0.7519928216934204,0.48661136627197266,-0.02474227361381054,0.30947160720825195,0.4920799136161804,-0.05574372410774231,0.3146592080593109,0.47717276215553284,-0.041737496852874756,0.31818604469299316,0.4680401682853699,-0.030229846015572548,0.20188024640083313,0.5998279452323914,-0.08842690289020538,0.2932387888431549,0.47717970609664917,-0.041736796498298645,0.2764464020729065,0.49239856004714966,-0.05526779964566231,0.2647402286529541,0.5094385743141174,-0.06792406737804413,0.25736725330352783,0.5280315279960632,-0.07726283371448517,0.25563880801200867,0.5410389304161072,-0.08003959059715271,0.1931581050157547,0.6784311532974243,-0.01954401656985283,0.27956682443618774,0.538417637348175,-0.07932236045598984,0.5293231010437012,0.41489726305007935,-0.06217131018638611,0.511324405670166,0.4841281473636627,-0.09237653762102127,0.47918814420700073,0.4440774917602539,-0.09292490035295486,0.5206035375595093,0.43915265798568726,-0.08087856322526932,0.34947171807289124,0.39722898602485657,-0.01831326074898243,0.621827244758606,0.6116521954536438,-0.0738515853881836,0.6574325561523438,0.5832705497741699,-0.07277927547693253,0.7205063700675964,0.5123899579048157,-0.06665337085723877,0.5497177839279175,0.7008018493652344,-0.04195230454206467,0.309950590133667,0.46816760301589966,-0.03180067613720894,0.4020950198173523,0.4210445284843445,-0.0693458840250969,0.7375061511993408,0.4747318625450134,-0.038216035813093185,0.7114723920822144,0.5593982934951782,-0.06535504013299942,0.4151647686958313,0.6958891153335571,-0.06393223255872726,0.5927436947822571,0.48652005195617676,-0.06979187577962875,0.5976744890213013,0.4929114580154419,-0.0742330402135849,0.6042405366897583,0.5000124573707581,-0.07954379916191101,0.6113160848617554,0.505829393863678,-0.07930661737918854,0.63341224193573,0.5061661005020142,-0.07277639955282211,0.5254541039466858,0.5012354254722595,-0.08186150342226028,0.5200427174568176,0.5050907731056213,-0.08687881380319595,0.5143723487854004,0.5082920789718628,-0.09093227982521057,0.5303499102592468,0.5284661650657654,-0.09835246205329895,0.44052040576934814,0.6038037538528442,-0.11874861270189285,0.3783646523952484,0.4266417920589447,-0.049643322825431824,0.31616878509521484,0.4433615803718567,-0.015972886234521866,0.3087363839149475,0.4575018286705017,-0.02439785748720169,0.529002845287323,0.4980342388153076,-0.07822637259960175,0.49866288900375366,0.6336477994918823,-0.0988403856754303,0.3312748372554779,0.4243917763233185,-0.027002355083823204,0.6478030681610107,0.5228366851806641,-0.07153674215078354,0.42557722330093384,0.3831334412097931,-0.07823149859905243,0.39834994077682495,0.4038447141647339,-0.06739171594381332,0.4022740423679352,0.3886745572090149,-0.05649411678314209,0.42903846502304077,0.43825435638427734,-0.08315537869930267,0.7132339477539062,0.4656124711036682,-0.04385092481970787,0.687643826007843,0.46049362421035767,-0.03979546204209328,0.6735060214996338,0.49071118235588074,-0.05900581553578377,0.582390546798706,0.5619094967842102,-0.08452389389276505,0.46520543098449707,0.5000394582748413,-0.08387430757284164,0.6178906559944153,0.5465973615646362,-0.0776856318116188,0.4419025480747223,0.539486825466156,-0.11232437193393707,0.48004671931266785,0.5198953747749329,-0.09776131808757782,0.4714277386665344,0.5705942511558533,-0.11423275619745255,0.6967759728431702,0.5007824301719666,-0.06951997429132462,0.43438154458999634,0.4588276743888855,-0.08094217628240585,0.5948249697685242,0.5883382558822632,-0.0840015858411789,0.6330277919769287,0.5641855001449585,-0.07630699872970581,0.5441926121711731,0.568943440914154,-0.09909532219171524,0.4585326015949249,0.6542986631393433,-0.09766459465026855,0.5382688641548157,0.6039989590644836,-0.09946559369564056,0.4724225401878357,0.6927495002746582,-0.07000426948070526,0.503464937210083,0.5438601970672607,-0.10437509417533875,0.4092530608177185,0.4407806396484375,-0.07002583146095276,0.47508376836776733,0.4289465546607971,-0.11678699404001236,0.4738399386405945,0.4512031674385071,-0.10253838449716568,0.46490687131881714,0.4099839925765991,-0.12218941003084183,0.28597986698150635,0.4552508592605591,-0.032640717923641205,0.25125250220298767,0.4852975308895111,-0.05887150391936302,0.22982396185398102,0.5143095850944519,-0.08102874457836151,0.2190803438425064,0.5401471257209778,-0.09497126191854477,0.21891653537750244,0.5596482753753662,-0.09866053611040115,0.2502637803554535,0.5774559378623962,-0.08440964668989182,0.30355602502822876,0.6774483919143677,-0.06099862605333328,0.2965729236602783,0.5660051107406616,-0.09138251841068268,0.31877195835113525,0.5455862879753113,-0.08705085515975952,0.33472079038619995,0.5178588628768921,-0.07495662569999695,0.34349003434181213,0.4914548099040985,-0.057435959577560425,0.347141295671463,0.47170186042785645,-0.03953275457024574,0.3484759032726288,0.45755282044410706,-0.029574057087302208,0.2987610101699829,0.7222465872764587,0.004996186122298241,0.4785991311073303,0.45801079273223877,-0.0930890440940857,0.42310938239097595,0.4156959354877472,-0.08867502957582474,0.48254191875457764,0.4079985022544861,-0.11949890106916428,0.49566757678985596,0.40987783670425415,-0.10420733690261841,0.4856163561344147,0.41473543643951416,-0.11114609986543655,0.48620888590812683,0.4595508277416229,-0.08138903230428696,0.4995613694190979,0.40435951948165894,-0.1073487177491188,0.503487765789032,0.41365790367126465,-0.08429893106222153,0.32608330249786377,0.4561734199523926,-0.019107691943645477,0.3421935439109802,0.44524702429771423,-0.01990930177271366,0.3539333939552307,0.43893682956695557,-0.02918001264333725,0.25572824478149414,0.5493392944335938,-0.08023697137832642,0.23811762034893036,0.5607878565788269,-0.08755577355623245,0.4343230426311493,0.37447965145111084,-0.055440325289964676,0.42537423968315125,0.35964295268058777,0.16046975553035736,0.5133009552955627,0.3914693593978882,-0.06232210248708725,0.35416340827941895,0.34439054131507874,0.33706730604171753,0.42204099893569946,0.38477060198783875,0.09642896801233292,0.43005913496017456,0.3781823515892029,0.11306987702846527,0.43447229266166687,0.37103521823883057,0.13219115138053894,0.4282715916633606,0.3629891872406006,0.1680062711238861,0.41293197870254517,0.38783660531044006,0.08250332623720169,0.3900243639945984,0.3535359501838684,0.11591050773859024,0.38455721735954285,0.36195942759513855,0.09617546945810318,0.39737749099731445,0.3483366370201111,0.13612040877342224,0.4054248631000519,0.34822526574134827,0.1520913690328598,0.4373486340045929,0.3631991744041443,0.18457604944705963,0.7072128057479858,0.42941656708717346,0.03743509203195572,0.42162707448005676,0.3570604920387268,0.17257191240787506,0.4348044991493225,0.3588685393333435,0.32322239875793457,0.422789990901947,0.3557623028755188,0.22294189035892487,0.50713711977005,0.36698174476623535,0.06255906820297241,0.5525193810462952,0.4152441918849945,-0.04785158857703209,0.5664474964141846,0.4207393229007721,-0.04319124296307564,0.5657293200492859,0.39438867568969727,-0.014442991465330124,0.5775865316390991,0.38143491744995117,0.017655782401561737,0.5738648772239685,0.40422889590263367,-0.016344580799341202,0.5813850164413452,0.39197438955307007,0.011343487538397312,0.6485198140144348,0.40079420804977417,0.0642140731215477,0.5033385753631592,0.37129485607147217,-0.09610610455274582,0.4842553734779358,0.3640487790107727,-0.09703749418258667,0.39115768671035767,0.3314727544784546,0.18145351111888885,0.4411512613296509,0.3808809518814087,0.04125877842307091,0.5112717151641846,0.3671802878379822,-0.010460734367370605,0.49912887811660767,0.36826634407043457,-0.0016651996411383152,0.5213866829872131,0.35019081830978394,0.13750280439853668,0.4583689272403717,0.36790937185287476,-0.07802165299654007,0.37090152502059937,0.33195075392723083,0.10795577615499496,0.3803245723247528,0.32830721139907837,0.1470121145248413,0.32234591245651245,0.32695308327674866,0.2835451364517212,0.3610365092754364,0.3641795217990875,0.023948727175593376,0.3836119771003723,0.3716354966163635,0.08707296848297119,0.6294951438903809,0.3900162875652313,0.08444349467754364,0.6268344521522522,0.43550652265548706,0.3365810811519623,0.5176984667778015,0.3815329670906067,-0.01721428707242012,0.517375111579895,0.3926470875740051,-0.03968950733542442,0.6029027700424194,0.36960458755493164,0.07104025036096573,0.6015320420265198,0.3762431740760803,0.05671219900250435,0.3678620755672455,0.3214815855026245,0.16650713980197906,0.5188242197036743,0.3748133182525635,-0.00229863403365016,0.3629101812839508,0.3425397276878357,0.06615938991308212,0.3485126793384552,0.33439207077026367,0.06752870231866837,0.2631470561027527,0.3246860206127167,0.14267152547836304,0.33363473415374756,0.31828969717025757,0.21489325165748596,0.2873177230358124,0.3270586133003235,0.10297311842441559,0.37959182262420654,0.3272680938243866,0.21034745872020721,0.362400621175766,0.33024632930755615,0.2654441297054291,0.5605506896972656,0.4173259735107422,-0.04697076231241226,0.5707200765609741,0.39896878600120544,-0.01598314382135868,0.5801084041595459,0.3860808312892914,0.012231389991939068,0.5186535716056824,0.3874169886112213,-0.02068055048584938,0.6025270223617554,0.37300342321395874,0.06250602006912231,0.6207621097564697,0.3796587288379669,0.04077722504734993,0.6007205247879028,0.3789860010147095,0.05407700687646866,0.5102959871292114,0.3748423457145691,-0.04554027318954468,0.5810567140579224,0.3967169523239136,0.011238844133913517,0.5749211311340332,0.40873098373413086,-0.011770466342568398,0.5690638422966003,0.42424359917640686,-0.03528766706585884,0.6745128631591797,0.4363854229450226,-0.017449988052248955,0.672015368938446,0.4311600923538208,-0.029620535671710968,0.6618716716766357,0.4305844008922577,-0.030781175941228867,0.6480007171630859,0.43059736490249634,-0.025421032682061195,0.6355330944061279,0.43140092492103577,-0.02308426983654499,0.6251211166381836,0.40023016929626465,0.019721318036317825,0.6311383247375488,0.39586836099624634,0.016266096383333206,0.6388658285140991,0.39049798250198364,0.015045982785522938,0.6450099945068359,0.38625550270080566,0.021684059873223305,0.5807219743728638,0.3800256550312042,0.03489227220416069,0.5252161026000977,0.41717052459716797,0.4020528495311737,0.6142653822898865,0.3898472189903259,0.040584370493888855,0.6178767085075378,0.3846158981323242,0.03849513456225395,0.5229469537734985,0.39843863248825073,-0.042267899960279465,0.5275402069091797,0.3863411545753479,6.614533776883036e-05,0.520358681678772,0.39557164907455444,-0.041846755892038345,0.45946386456489563,0.3745211362838745,0.0623428113758564,0.483612596988678,0.36160898208618164,0.0890413448214531,0.5083038806915283,0.37273913621902466,0.009619113057851791,0.29185137152671814,0.31936413049697876,0.21556955575942993,0.30867651104927063,0.3174669146537781,0.16130079329013824,0.3563545048236847,0.3236137330532074,0.12024375051259995,0.6595255732536316,0.408756285905838,0.041253574192523956,0.3404527008533478,0.35128527879714966,0.024572264403104782,0.26892852783203125,0.3463444113731384,0.051700789481401443,0.23766028881072998,0.3417451083660126,0.07616473734378815,0.43402475118637085,0.36634817719459534,0.15242528915405273,0.4476856589317322,0.3639870584011078,0.2080438882112503,0.4059896469116211,0.3887016773223877,0.07933109998703003,0.40915510058403015,0.3474057614803314,0.18425559997558594,0.4233488142490387,0.3829803168773651,0.025635454803705215,0.5009561777114868,0.36399751901626587,-0.03744181618094444,0.47885289788246155,0.34699541330337524,0.2467983365058899,0.46371641755104065,0.36683154106140137,0.17939624190330505,0.47077909111976624,0.3719640076160431,0.13891802728176117,0.46124476194381714,0.38201355934143066,0.10235922038555145,0.44691476225852966,0.3893693685531616,0.07797015458345413,0.43451249599456787,0.39242368936538696,0.05657392367720604,0.3882905840873718,0.38517510890960693,-0.013165290467441082,0.5240234732627869,0.3516536355018616,0.23417413234710693,0.40439677238464355,0.3426629900932312,0.2067033350467682,0.5117627382278442,0.38494205474853516,-0.09071030467748642,0.46241557598114014,0.37956541776657104,0.027636693790555,0.4301282465457916,0.3897726535797119,0.40943267941474915,0.42290085554122925,0.3930181562900543,0.044278450310230255,0.5089035630226135,0.3789210021495819,0.028992662206292152,0.4199886918067932,0.3570873737335205,0.18157565593719482,0.4861339330673218,0.3664318919181824,-0.027554700151085854,0.5759037733078003,0.4263950288295746,0.3765428364276886,0.40035587549209595,0.38686704635620117,0.08896840363740921,0.47023850679397583,0.36519473791122437,-0.05521473288536072,0.6760522127151489,0.40983331203460693,0.17853492498397827,0.6940182447433472,0.43762218952178955,0.21588914096355438,0.5297291874885559,0.3758624196052551,0.31702035665512085,0.6524292826652527,0.40461283922195435,0.22537851333618164,0.3945605456829071,0.34545379877090454,0.30199235677719116,0.730806827545166,0.4361691474914551,0.04805493354797363,0.5139320492744446,0.39772313833236694,-0.07057719677686691,0.48300525546073914,0.37578094005584717,0.04386698827147484,0.4217095375061035,0.35839223861694336,0.2574279010295868,0.4270658493041992,0.36685508489608765,0.1341305524110794,0.42243582010269165,0.3735135793685913,0.1175372526049614,0.623198390007019,0.3750782012939453,0.04787072539329529,0.5656856298446655,0.3627166748046875,0.22709791362285614,0.7553715705871582,0.4614395201206207,0.016963325440883636,0.7326828837394714,0.4437043368816376,0.11361827701330185,0.7168184518814087,0.44040146470069885,0.16053178906440735,0.41514402627944946,0.37935638427734375,0.10344180464744568,0.4067378044128418,0.3833296000957489,0.0951739177107811,0.4023438096046448,0.3858092427253723,0.0922941267490387,0.3957287669181824,0.341677188873291,0.2390402853488922,0.3981332778930664,0.37696442008018494,0.09731681644916534,0.40077662467956543,0.36947721242904663,0.10600291937589645,0.4051372706890106,0.36246806383132935,0.11978428065776825,0.4114001989364624,0.3572327494621277,0.13651812076568604,0.4167519211769104,0.35600563883781433,0.1493210643529892,0.387530118227005,0.364745557308197,0.3817928731441498,0.4271567463874817,0.3624117970466614,0.14943808317184448,0.5607679486274719,0.3830844759941101,0.007946737110614777,0.5157605409622192,0.3771875500679016,-0.025216922163963318,0.5411757230758667,0.3982711434364319,-0.03970209136605263,0.6982400417327881,0.41803252696990967,0.13437049090862274,0.7132284641265869,0.42862746119499207,0.0916205495595932,0.7416810989379883,0.45003265142440796,0.0002776079054456204,0.6662859320640564,0.4383757710456848,0.2790592610836029,0.3988860547542572,0.3828640580177307,0.09268534928560257,0.42794978618621826,0.3776753842830658,-0.014500991441309452,0.7469112277030945,0.4488740861415863,0.06475695222616196,0.5756345987319946,0.38718467950820923,0.29839208722114563,0.6339647769927979,0.41415056586265564,-0.0008296244777739048,0.643778920173645,0.41067981719970703,-0.002735984278842807,0.6552544832229614,0.40760624408721924,-0.0046424875035882,0.665529727935791,0.40569889545440674,-0.0006808477337472141,0.6693260669708252,0.4200528860092163,0.014449812471866608,0.5900532007217407,0.3827783465385437,0.036944881081581116,0.5902450084686279,0.3772055506706238,0.04320539906620979,0.589139997959137,0.3724251091480255,0.048089638352394104,0.6049262285232544,0.3821508586406708,0.06537051498889923,0.5699148774147034,0.36140578985214233,0.1619495302438736,0.40433308482170105,0.3845120668411255,0.0071184528060257435,0.3847832977771759,0.38372838497161865,0.056073371320962906,0.389630526304245,0.38267117738723755,0.08029839396476746,0.5889769792556763,0.38719892501831055,0.035594917833805084,0.6221439838409424,0.38090723752975464,0.18659470975399017,0.38383615016937256,0.38396117091178894,0.015567323192954063,0.6849032640457153,0.42730942368507385,0.025952434167265892,0.41266754269599915,0.3795415759086609,-0.03794587776064873,0.4657273292541504,0.3741227388381958,-0.01059483177959919,0.6919224262237549,0.441490113735199,-0.012085539288818836,0.6560206413269043,0.40033966302871704,0.0848124697804451,0.5303155183792114,0.3763861656188965,0.044759999960660934,0.6736767292022705,0.4140358567237854,0.05662934109568596,0.5415565967559814,0.3598402142524719,0.08885589241981506,0.5581140518188477,0.37244170904159546,0.06209082528948784,0.5799511075019836,0.36547762155532837,0.11527127027511597,0.7180977463722229,0.44300371408462524,-0.007173263933509588,0.47982949018478394,0.37636563181877136,0.010382524691522121,0.6739659309387207,0.4037308096885681,0.11169963330030441,0.6904813051223755,0.41899922490119934,0.07501668483018875,0.6331684589385986,0.38744279742240906,0.10563864558935165,0.6004704236984253,0.3744553029537201,0.22180868685245514,0.6402761936187744,0.386605441570282,0.1390673667192459,0.6169198751449585,0.397687166929245,0.2742498815059662,0.5915705561637878,0.37506258487701416,0.08382195979356766,0.44494014978408813,0.3790397047996521,0.00817880593240261,0.5089510679244995,0.368880033493042,-0.04592869430780411,0.516713559627533,0.37130457162857056,-0.02131497673690319,0.49199914932250977,0.36239737272262573,-0.06563205271959305,0.3745028078556061,0.3703811764717102,0.06666477769613266,0.3757941722869873,0.3548583388328552,0.08698727190494537,0.3826671242713928,0.34467124938964844,0.11033937335014343,0.390737384557724,0.33907437324523926,0.1379607617855072,0.39987853169441223,0.3404183089733124,0.1623857617378235,0.42146047949790955,0.3568667769432068,0.19707056879997253,0.48282864689826965,0.3663310408592224,0.3257376253604889,0.44653964042663574,0.3664684593677521,0.16548043489456177,0.4492925703525543,0.3718181252479553,0.1369255781173706,0.4439266622066498,0.38019442558288574,0.10967462509870529,0.43280184268951416,0.387736439704895,0.0880158469080925,0.42218369245529175,0.3911575675010681,0.0706736370921135,0.4138242304325104,0.39245378971099854,0.06006424129009247,0.47585949301719666,0.4072778820991516,0.4152979254722595,0.5203961133956909,0.3778620660305023,-0.013275577686727047,0.4484431743621826,0.37230974435806274,-0.03194883465766907,0.505435585975647,0.3678617477416992,-0.07440662384033203,0.5112284421920776,0.38347434997558594,-0.07820407301187515,0.5088357925415039,0.37508758902549744,-0.0649925246834755,0.5232522487640381,0.38598543405532837,-0.014346477575600147,0.5123928785324097,0.3830486238002777,-0.08604437857866287,0.5147587656974792,0.39442601799964905,-0.06640484184026718,0.3989752233028412,0.3886319398880005,0.0757128894329071,0.4020788371562958,0.39182049036026,0.05039082467556,0.40686139464378357,0.391171932220459,0.028841029852628708,0.41983267664909363,0.35621336102485657,0.1601959615945816,0.41215208172798157,0.35061171650886536,0.16879798471927643,0.2796823978424072,0.5086051821708679,-0.06059715896844864,0.29077619314193726,0.4896864593029022,-0.06059715896844864,0.26091569662094116,0.5039675831794739,-0.06059715896844864,0.2682778239250183,0.5275049805641174,-0.06059715896844864,0.29783961176872253,0.5133802890777588,-0.06059715896844864,0.39192745089530945,0.36287134885787964,0.12349063903093338,0.39839524030685425,0.35521382093429565,0.12349063903093338,0.3760407269001007,0.35743576288223267,0.12349063903093338,0.3849335014820099,0.37087881565093994,0.12349063903093338,0.40713775157928467,0.36839747428894043,0.12349063903093338,0,0,0,0,0,1,1,0,0,0,0,0,0.14930331707000732,0.08154775947332382,0.13958367705345154,0.08285026997327805,0.02969488501548767,0.07561581581830978,0.10566733032464981,0.07998525351285934,0.09107895195484161,0.11988606303930283,0.9966678023338318,0.2841454744338989,Neutral,-15.140006065368652,-30.41996192932129
114,3.8,26.84877636164097,-10.949721369117514,0.8194503630677632,0.5176189541816711,0.450518935918808,-0.0775165855884552,0.4522094130516052,0.3731763958930969,-0.11314266175031662,0.47261354327201843,0.4080890417098999,-0.07034198939800262,0.3775012493133545,0.3926721513271332,-0.08707533031702042,0.4313945770263672,0.3669734597206116,-0.11555501818656921,0.40564489364624023,0.3708206117153168,-0.1016378328204155,0.33564913272857666,0.3903937339782715,-0.03264797851443291,0.2452857494354248,0.5416368842124939,-0.06323347240686417,0.29400479793548584,0.38971132040023804,-0.005074834451079369,0.27035367488861084,0.3825409412384033,-0.00023081674589775503,0.17712928354740143,0.372866153717041,0.043987829238176346,0.5246326923370361,0.4509739279747009,-0.07644814997911453,0.53070467710495,0.45185938477516174,-0.07192958146333694,0.5343390107154846,0.45260530710220337,-0.06479303538799286,0.6196297407150269,0.46930140256881714,-0.055245473980903625,0.6291483640670776,0.47115767002105713,-0.060136161744594574,0.637830376625061,0.47293296456336975,-0.06653966009616852,0.643967866897583,0.47359171509742737,-0.06585916131734848,0.6346204280853271,0.4560367465019226,-0.05380053073167801,0.46437621116638184,0.3849814236164093,-0.10535530000925064,0.4545208215713501,0.41249504685401917,-0.09131164103746414,0.13218985497951508,0.6393998861312866,-0.01582619547843933,0.2991485893726349,0.4867044985294342,-0.045392103493213654,0.29103103280067444,0.5053113102912903,-0.05981170013546944,0.27953648567199707,0.5248516201972961,-0.06878840178251266,0.246440589427948,0.5520371794700623,-0.07039402425289154,0.3027670681476593,0.471427321434021,-0.02804183028638363,0.21603161096572876,0.5044605731964111,-0.05937764048576355,0.23215824365615845,0.4831047058105469,-0.039461344480514526,0.20743496716022491,0.526657223701477,-0.06985127180814743,0.20853696763515472,0.542837917804718,-0.07250262051820755,0.2535596787929535,0.5703430771827698,-0.07376301288604736,0.6337831020355225,0.5432816743850708,-0.08890824019908905,0.23181560635566711,0.550001859664917,-0.06188179552555084,0.2207324504852295,0.662419319152832,-0.035207655280828476,0.22168372571468353,0.5934402942657471,-0.06779757887125015,0.3866485357284546,0.5056391358375549,-0.09096908569335938,0.4999270439147949,0.4727924168109894,-0.09330488741397858,0.5177931785583496,0.4708651900291443,-0.08609377592802048,0.49187085032463074,0.4947185516357422,-0.10170861333608627,0.49062085151672363,0.5083302855491638,-0.09927670657634735,0.5086384415626526,0.4872269630432129,-0.09288926422595978,0.5044610500335693,0.498963862657547,-0.08798597007989883,0.5410096645355225,0.5465701222419739,-0.08657984435558319,0.44480741024017334,0.3870583474636078,-0.12136977165937424,0.42386603355407715,0.3834143280982971,-0.12514860928058624,0.17426200211048126,0.5684202313423157,-0.0872020348906517,0.3513975441455841,0.4611588716506958,-0.05505075678229332,0.41879770159721375,0.45490556955337524,-0.10662158578634262,0.4053731858730316,0.4585943818092346,-0.09970508515834808,0.356403648853302,0.5689947605133057,-0.1153581365942955,0.4000539481639862,0.3865410089492798,-0.11109039932489395,0.17992651462554932,0.5139346122741699,-0.07509226351976395,0.1707158386707306,0.5443726181983948,-0.08593498170375824,0.10841614007949829,0.5910730957984924,-0.027352210134267807,0.2526460886001587,0.430289089679718,-0.029202811419963837,0.2534612715244293,0.46681857109069824,-0.021109571680426598,0.5075510740280151,0.5543439388275146,-0.09452611953020096,0.46043896675109863,0.7293747663497925,-0.02143748477101326,0.43806716799736023,0.4469470977783203,-0.08946112543344498,0.45075705647468567,0.4348360300064087,-0.07902316004037857,0.501327395439148,0.5214377045631409,-0.08333854377269745,0.506831169128418,0.5157113075256348,-0.07885144650936127,0.15030349791049957,0.5540109276771545,-0.07982730865478516,0.42709600925445557,0.4655967950820923,-0.09747043251991272,0.2047225385904312,0.47678786516189575,-0.055238913744688034,0.18628957867622375,0.47744321823120117,-0.056875962764024734,0.11674809455871582,0.47327277064323425,-0.023204920813441277,0.13427679240703583,0.5578681826591492,-0.05495266616344452,0.15469995141029358,0.45751437544822693,-0.03723359853029251,0.1555333435535431,0.5813037753105164,-0.07715080678462982,0.1508217751979828,0.6021401882171631,-0.0446300283074379,0.5093803405761719,0.4723726212978363,-0.09213190525770187,0.5002341270446777,0.4915018379688263,-0.09835264831781387,0.4972134828567505,0.5041871666908264,-0.09481643885374069,0.4440484642982483,0.44684529304504395,-0.08153568208217621,0.5045484304428101,0.5185547471046448,-0.08023060858249664,0.5250750780105591,0.5202777981758118,-0.08163399249315262,0.5084942579269409,0.5133979916572571,-0.07797117531299591,0.4358985722064972,0.42242181301116943,-0.1123848557472229,0.5085086226463318,0.49436748027801514,-0.08363675326108932,0.5137910842895508,0.4832559823989868,-0.08461169898509979,0.5230257511138916,0.46907228231430054,-0.07977242022752762,0.620280385017395,0.48360759019851685,-0.06978894770145416,0.6189582347869873,0.5017222762107849,-0.08257238566875458,0.614334225654602,0.49907374382019043,-0.08337051421403885,0.6072739362716675,0.49414342641830444,-0.0764392837882042,0.600170910358429,0.48920613527297974,-0.0707487016916275,0.5510803461074829,0.50686115026474,-0.07658993452787399,0.550369918346405,0.5126505494117737,-0.08064501732587814,0.5494047403335571,0.5196622610092163,-0.08563702553510666,0.5484074950218201,0.5249404311180115,-0.08668964356184006,0.4735581576824188,0.5094520449638367,-0.09903658926486969,0.32770994305610657,0.7328028678894043,0.012870073318481445,0.4691736102104187,0.3970224857330322,-0.08198056370019913,0.5308288335800171,0.5099500417709351,-0.07616762816905975,0.5281820297241211,0.5151745080947876,-0.07916302978992462,0.4620896577835083,0.4313395619392395,-0.08188009262084961,0.4425045847892761,0.4690045416355133,-0.07780294120311737,0.4569000005722046,0.43274545669555664,-0.08067578822374344,0.3537307381629944,0.48322615027427673,-0.06819464266300201,0.3525373339653015,0.5138944983482361,-0.08993958681821823,0.4128941297531128,0.4693199396133423,-0.09237707406282425,0.10198448598384857,0.5354753732681274,-0.031919632107019424,0.134526327252388,0.5101167559623718,-0.051335252821445465,0.15953071415424347,0.5191166400909424,-0.07149402797222137,0.5680310130119324,0.5317292809486389,-0.08646058291196823,0.2223101109266281,0.43048760294914246,-0.03271075338125229,0.18094892799854279,0.4151291847229004,-0.012487346306443214,0.14238972961902618,0.4212327003479004,0.003474729834124446,0.26319700479507446,0.5423372983932495,-0.07209519296884537,0.25687000155448914,0.5952744483947754,-0.08128318190574646,0.3024161159992218,0.461509644985199,-0.017650865018367767,0.2072058767080307,0.5660628080368042,-0.0759931430220604,0.3447611629962921,0.44319939613342285,-0.04998786374926567,0.4164947271347046,0.43120279908180237,-0.11546671390533447,0.2763686776161194,0.631322979927063,-0.08458807319402695,0.28295668959617615,0.5812644362449646,-0.09386442601680756,0.30916380882263184,0.5543533563613892,-0.09277067333459854,0.32776468992233276,0.5148476362228394,-0.07461855560541153,0.3338527977466583,0.48624345660209656,-0.0548497773706913,0.33592960238456726,0.4649510681629181,-0.041461050510406494,0.331240177154541,0.40763595700263977,-0.04193410649895668,0.3267424404621124,0.637553334236145,-0.10072528570890427,0.19446410238742828,0.5830000042915344,-0.07828652113676071,0.4590853750705719,0.3927847146987915,-0.11222448945045471,0.37412700057029724,0.45933160185813904,-0.06691764295101166,0.21835708618164062,0.7050325274467468,0.018334055319428444,0.3344118595123291,0.44783562421798706,-0.03025961108505726,0.41297659277915955,0.47914958000183105,-0.07273415476083755,0.2264958769083023,0.5585017800331116,-0.06572084128856659,0.4017064571380615,0.43568527698516846,-0.10566947609186172,0.3903692662715912,0.7375475168228149,-0.0008424750994890928,0.2932833433151245,0.4624795913696289,-0.011324952356517315,0.39841243624687195,0.4088470935821533,-0.11260589957237244,0.5452964901924133,0.6469219326972961,-0.0835801213979721,0.5726044774055481,0.6732203364372253,-0.06215520575642586,0.3242783546447754,0.6917622685432434,-0.04965648800134659,0.498738169670105,0.6755938529968262,-0.0801348015666008,0.18049870431423187,0.6335974931716919,-0.03462090715765953,0.6614505052566528,0.557136595249176,-0.09010099619626999,0.46421271562576294,0.4033970832824707,-0.08558986335992813,0.3810341954231262,0.48144665360450745,-0.0742991492152214,0.21350809931755066,0.6137072443962097,-0.06357046216726303,0.2672370970249176,0.5202445387840271,-0.06132068857550621,0.2785804569721222,0.5035550594329834,-0.05443653464317322,0.5215572118759155,0.5248510837554932,-0.08332431316375732,0.3767300844192505,0.6498427987098694,-0.09938573092222214,0.7077378630638123,0.5274140238761902,-0.0738954246044159,0.6532514095306396,0.6008723378181458,-0.07426276803016663,0.6198234558105469,0.6346350908279419,-0.06925387680530548,0.21325963735580444,0.3746296763420105,0.023507192730903625,0.7243244647979736,0.48836541175842285,-0.04770205542445183,0.28536638617515564,0.4887985289096832,-0.04177075996994972,0.2897834777832031,0.47537437081336975,-0.028224729001522064,0.2926127314567566,0.4667211174964905,-0.016862962394952774,0.17876829206943512,0.5998715758323669,-0.06860443204641342,0.26838117837905884,0.4746617078781128,-0.026317458599805832,0.25166836380958557,0.4889208972454071,-0.03943134844303131,0.24008029699325562,0.5053307414054871,-0.051724452525377274,0.23275867104530334,0.5234565138816833,-0.0609484538435936,0.23130330443382263,0.5359634757041931,-0.06333478540182114,0.16665329039096832,0.6750154495239258,0.004476623144000769,0.2562377452850342,0.532417893409729,-0.06362844258546829,0.48785239458084106,0.4114380478858948,-0.0683148056268692,0.46790653467178345,0.48488157987594604,-0.09581772983074188,0.43484175205230713,0.441605806350708,-0.09383182972669601,0.4778960943222046,0.4371532201766968,-0.08632997423410416,0.31270796060562134,0.3948109745979309,-0.01059842947870493,0.5898309946060181,0.618782103061676,-0.08209896087646484,0.626258134841919,0.590823769569397,-0.08467738330364227,0.6904565095901489,0.5176001191139221,-0.08542066812515259,0.5225135684013367,0.7048693299293518,-0.04526899755001068,0.28465455770492554,0.4663095474243164,-0.017595240846276283,0.35931333899497986,0.4185657799243927,-0.06524904072284698,0.7087172865867615,0.47766005992889404,-0.05927054584026337,0.6830456852912903,0.5649659037590027,-0.08133595436811447,0.38184547424316406,0.6998857855796814,-0.05719847232103348,0.5761831998825073,0.5008139610290527,-0.07632723450660706,0.5785726308822632,0.5069825053215027,-0.08168361335992813,0.5815494060516357,0.5139496922492981,-0.08743824064731598,0.5846266746520996,0.518915057182312,-0.0880766436457634,0.5953388810157776,0.5111781358718872,-0.08426572382450104,0.5039781928062439,0.5080410242080688,-0.0845135971903801,0.4985678195953369,0.5129247307777405,-0.08914363384246826,0.4928557276725769,0.5168418884277344,-0.09281498193740845,0.48680102825164795,0.5334581732749939,-0.09924867749214172,0.4003026783466339,0.6082316040992737,-0.11496710032224655,0.33677539229393005,0.42454320192337036,-0.04364527389407158,0.2882447838783264,0.44124990701675415,-0.00321408174932003,0.2817230224609375,0.45542657375335693,-0.010589886456727982,0.5070401430130005,0.5040616989135742,-0.08101042360067368,0.46175330877304077,0.6390680074691772,-0.09840530902147293,0.3020687997341156,0.4201478660106659,-0.016666369512677193,0.6120330691337585,0.5291832089424133,-0.08404023945331573,0.38218942284584045,0.37797683477401733,-0.07743243128061295,0.3556179702281952,0.40035632252693176,-0.06358104199171066,0.35987287759780884,0.38432568311691284,-0.053481582552194595,0.385454922914505,0.4362516403198242,-0.08044249564409256,0.6823045015335083,0.4683087170124054,-0.06312660127878189,0.654906153678894,0.46254587173461914,-0.05742206424474716,0.6391204595565796,0.49529334902763367,-0.07499407976865768,0.5436255931854248,0.5687540173530579,-0.08993234485387802,0.42236772179603577,0.5000381469726562,-0.08347877115011215,0.5808894634246826,0.5535341501235962,-0.08685678988695145,0.3990930914878845,0.5421203970909119,-0.10990171879529953,0.4371265172958374,0.5218145847320557,-0.09773029386997223,0.4299028515815735,0.5748955011367798,-0.11226781457662582,0.6642813086509705,0.5059264302253723,-0.08659805357456207,0.39102065563201904,0.4574487805366516,-0.0783013105392456,0.5591651201248169,0.5952723026275635,-0.09045422822237015,0.598797619342804,0.5716121792793274,-0.08654989302158356,0.5036913156509399,0.5753229856491089,-0.10147938132286072,0.4221217930316925,0.6589432954788208,-0.09447141736745834,0.5005315542221069,0.6102613210678101,-0.10149477422237396,0.43973660469055176,0.6973919868469238,-0.06783274561166763,0.4611089825630188,0.5480239391326904,-0.10488616675138474,0.3664189279079437,0.43903684616088867,-0.0658322274684906,0.42974206805229187,0.4256848394870758,-0.1177627295255661,0.42920616269111633,0.4493609666824341,-0.10349161922931671,0.4191763997077942,0.40583300590515137,-0.12411259859800339,0.2567046582698822,0.45210275053977966,-0.01768908090889454,0.22255921363830566,0.47993600368499756,-0.04309803992509842,0.20278745889663696,0.5075902938842773,-0.06457086652517319,0.1937997192144394,0.5331471562385559,-0.0783277153968811,0.19464650750160217,0.5528962016105652,-0.08156860619783401,0.22621142864227295,0.5735808610916138,-0.06796915829181671,0.2705742418766022,0.6797513961791992,-0.045784175395965576,0.2708347737789154,0.5592682361602783,-0.07760491967201233,0.2921256124973297,0.5382577776908875,-0.0751287192106247,0.3072070777416229,0.5110584497451782,-0.06447214633226395,0.3155367374420166,0.4859685003757477,-0.04656996950507164,0.31875845789909363,0.4674011766910553,-0.02999190427362919,0.3197667598724365,0.4539550542831421,-0.019681621342897415,0.2721587121486664,0.721687376499176,0.020895881578326225,0.43472474813461304,0.4563383460044861,-0.09430904686450958,0.3795204758644104,0.41245079040527344,-0.08629509806632996,0.43671685457229614,0.4032548666000366,-0.12203291803598404,0.4510892927646637,0.405021071434021,-0.10788048058748245,0.44050368666648865,0.41024333238601685,-0.11351516842842102,0.4430012106895447,0.4579737186431885,-0.08351206034421921,0.4547804296016693,0.3993014693260193,-0.11141596734523773,0.46016067266464233,0.40885278582572937,-0.08837490528821945,0.2989301085472107,0.45425769686698914,-0.0066648321226239204,0.3135620355606079,0.44217100739479065,-0.009295891970396042,0.32457077503204346,0.43367403745651245,-0.020965788513422012,0.23152555525302887,0.5438258051872253,-0.06365267187356949,0.21381880342960358,0.5546512603759766,-0.07075231522321701,0.39130836725234985,0.3692440390586853,-0.05543318763375282,0.385701060295105,0.35850438475608826,0.16303189098834991,0.4715842604637146,0.3857371211051941,-0.0674174427986145,0.32611697912216187,0.34731733798980713,0.33901447057724,0.3828582763671875,0.3797469139099121,0.10088194161653519,0.3896380066871643,0.3737420439720154,0.11589017510414124,0.39396464824676514,0.36773234605789185,0.13379265367984772,0.38997483253479004,0.36356544494628906,0.16883808374404907,0.3753037452697754,0.38269075751304626,0.08740674704313278,0.3553563356399536,0.35393068194389343,0.12177275866270065,0.3509618937969208,0.36197182536125183,0.10371553897857666,0.3610725402832031,0.34900960326194763,0.14008790254592896,0.36801964044570923,0.3488267660140991,0.1551458090543747,0.39998623728752136,0.36506205797195435,0.18350587785243988,0.6780658960342407,0.42882564663887024,0.01824774406850338,0.38361573219299316,0.357528954744339,0.17469969391822815,0.406227171421051,0.3619510531425476,0.32015907764434814,0.38879746198654175,0.36229056119918823,0.2217417061328888,0.4693024158477783,0.362627238035202,0.05714541673660278,0.5278563499450684,0.42713773250579834,-0.05514233186841011,0.5413389205932617,0.4326528012752533,-0.05070675536990166,0.5441430807113647,0.4072941541671753,-0.02265935204923153,0.5584830045700073,0.39574649930000305,0.009652653709053993,0.5514899492263794,0.41778308153152466,-0.024068834260106087,0.5612481832504272,0.40769654512405396,0.00383356143720448,0.6157486438751221,0.39722007513046265,0.05276177451014519,0.45830392837524414,0.3648639917373657,-0.10096228867769241,0.439267098903656,0.35764139890670776,-0.10086856037378311,0.3545544743537903,0.33599239587783813,0.18332216143608093,0.4016973078250885,0.3762522339820862,0.041333261877298355,0.47007209062576294,0.3604775071144104,-0.015579328872263432,0.458211213350296,0.36188840866088867,-0.0059541272930800915,0.48623955249786377,0.3467458486557007,0.12941376864910126,0.41444703936576843,0.36159539222717285,-0.08011044561862946,0.33482933044433594,0.33393269777297974,0.11323168873786926,0.34426918625831604,0.3314014673233032,0.1500106006860733,0.2929816246032715,0.33123552799224854,0.2898842990398407,0.32518166303634644,0.36175858974456787,0.0327313132584095,0.34988903999328613,0.370853990316391,0.09560708701610565,0.5958555340766907,0.3856242597103119,0.0737716481089592,0.6026735901832581,0.4308657944202423,0.3138344883918762,0.47717010974884033,0.3747731149196625,-0.021855970844626427,0.47725266218185425,0.3867455720901489,-0.04544788599014282,0.5854520797729492,0.3867974281311035,0.062394026666879654,0.583402156829834,0.3937755227088928,0.048942506313323975,0.3336276412010193,0.32714223861694336,0.17111769318580627,0.47879987955093384,0.36812248826026917,-0.007887609302997589,0.32763415575027466,0.3427605628967285,0.073557049036026,0.3141081929206848,0.336062490940094,0.07625953108072281,0.2315487116575241,0.3282098174095154,0.15754841268062592,0.30465543270111084,0.32289791107177734,0.22257719933986664,0.2560877203941345,0.33117973804473877,0.11664829403162003,0.34597048163414,0.3348641097545624,0.21321937441825867,0.3343595564365387,0.3333943486213684,0.2705516517162323,0.5357325077056885,0.42932674288749695,-0.054309576749801636,0.5486414432525635,0.41220539808273315,-0.023838112130761147,0.5603752136230469,0.40100085735321045,0.004532771185040474,0.4786180555820465,0.3809494376182556,-0.026278428733348846,0.5848237872123718,0.3904731869697571,0.05432461202144623,0.6027463674545288,0.395982563495636,0.03186434134840965,0.5822650194168091,0.3963915705680847,0.046134963631629944,0.4679245054721832,0.36822015047073364,-0.0505077950656414,0.5598326325416565,0.4124528765678406,0.0035715592093765736,0.5518218278884888,0.4223986268043518,-0.019680969417095184,0.5434544086456299,0.4359208047389984,-0.043404240161180496,0.6410639882087708,0.4365250766277313,-0.03438481688499451,0.6533782482147217,0.44402721524238586,-0.04377683252096176,0.6471054553985596,0.4448665678501129,-0.043294258415699005,0.6369766592979431,0.4459647536277771,-0.0363149419426918,0.6265593767166138,0.4471048414707184,-0.03285172954201698,0.6089451909065247,0.4165533483028412,0.010974423959851265,0.6139150857925415,0.41163772344589233,0.006850681733340025,0.6202908754348755,0.4055665135383606,0.005081476643681526,0.6250689029693604,0.400249183177948,0.011169647797942162,0.5438426733016968,0.37512052059173584,0.026714390143752098,0.5012285709381104,0.415661096572876,0.38693520426750183,0.5963833332061768,0.4069240689277649,0.03238601237535477,0.5998883247375488,0.4015957713127136,0.02990911528468132,0.48276999592781067,0.3930255174636841,-0.04884255304932594,0.48848751187324524,0.37988537549972534,-0.00607102457433939,0.4802857041358948,0.3898557722568512,-0.048035502433776855,0.4208684265613556,0.37020033597946167,0.0604134276509285,0.44602715969085693,0.35795435309410095,0.08409783244132996,0.4681995213031769,0.3665696680545807,0.00478857196867466,0.2613416910171509,0.32429933547973633,0.22625145316123962,0.2790033519268036,0.3229786157608032,0.17200766503810883,0.32186535000801086,0.32762861251831055,0.12750893831253052,0.626839280128479,0.40678125619888306,0.028363622725009918,0.30571484565734863,0.35049962997436523,0.03519356623291969,0.23592719435691833,0.34815338253974915,0.06782759726047516,0.20552730560302734,0.3431081175804138,0.09453149139881134,0.39415279030799866,0.3649013638496399,0.15329411625862122,0.41105055809020996,0.36827147006988525,0.20510832965373993,0.3693959414958954,0.38425692915916443,0.08530016243457794,0.3724326193332672,0.3508768677711487,0.18560504913330078,0.38332876563072205,0.37859928607940674,0.02689814567565918,0.4586228132247925,0.3573950231075287,-0.042019691318273544,0.44731080532073975,0.3462843596935272,0.24094772338867188,0.42410731315612793,0.3662306070327759,0.17562229931354523,0.4288023114204407,0.36686116456985474,0.13588224351406097,0.4186018407344818,0.37448620796203613,0.10023705661296844,0.4048440456390381,0.3816067576408386,0.07812876999378204,0.39294254779815674,0.3846302628517151,0.05820392072200775,0.3478407561779022,0.38137000799179077,-0.00933939777314663,0.49242842197418213,0.34894171357154846,0.22462531924247742,0.36966970562934875,0.34873658418655396,0.2075415551662445,0.46764057874679565,0.3793431520462036,-0.09589020907878876,0.42270344495773315,0.3743037283420563,0.026203250512480736,0.4045449495315552,0.39269599318504333,0.40228626132011414,0.38128089904785156,0.3855704069137573,0.0475592166185379,0.46999481320381165,0.37272530794143677,0.024644847959280014,0.38290777802467346,0.35891860723495483,0.1829553097486496,0.44423380494117737,0.3599300980567932,-0.031117815524339676,0.5520027875900269,0.42293375730514526,0.35749879479408264,0.36481693387031555,0.3834283649921417,0.09614255279302597,0.4271646738052368,0.359042227268219,-0.058104511350393295,0.6477478742599487,0.408086895942688,0.1594671905040741,0.6682480573654175,0.43361952900886536,0.19201244413852692,0.5019463896751404,0.37455254793167114,0.3057127296924591,0.6243512630462646,0.40253275632858276,0.2061982899904251,0.366199791431427,0.34842854738235474,0.3032286763191223,0.7036758661270142,0.4360644519329071,0.026006700471043587,0.47156545519828796,0.392349511384964,-0.07568512856960297,0.444394052028656,0.3709772229194641,0.04080494865775108,0.3897053301334381,0.36771368980407715,0.2553268074989319,0.3860495984554291,0.3630738854408264,0.13747380673885345,0.3824580907821655,0.3686366379261017,0.12159807980060577,0.604867696762085,0.3906610310077667,0.03862321376800537,0.5348811149597168,0.3590855896472931,0.2143504023551941,0.7284691333770752,0.46187296509742737,-0.0075150285847485065,0.7071490287780762,0.44126856327056885,0.08965278416872025,0.6911109685897827,0.43725770711898804,0.13712376356124878,0.3765915632247925,0.3741694390773773,0.1085248738527298,0.3701486587524414,0.3785144090652466,0.1010865867137909,0.3667812943458557,0.381731241941452,0.09888893365859985,0.36424723267555237,0.35094982385635376,0.23985342681407928,0.36424699425697327,0.3739360570907593,0.10500538349151611,0.36677053570747375,0.3670804500579834,0.11279980093240738,0.37019532918930054,0.36071211099624634,0.12555944919586182,0.37490707635879517,0.35602664947509766,0.1408994048833847,0.3791181743144989,0.3552400767803192,0.15298178791999817,0.36048734188079834,0.36766406893730164,0.3792690634727478,0.38637465238571167,0.359884649515152,0.15217378735542297,0.522518515586853,0.3779204487800598,-0.00021232552535366267,0.47457826137542725,0.3703576922416687,-0.02984669618308544,0.5007809996604919,0.3937331736087799,-0.04705192893743515,0.6704917550086975,0.41665929555892944,0.11470723152160645,0.6860520839691162,0.4275978207588196,0.0707348883152008,0.7136037349700928,0.4513811767101288,-0.02205638960003853,0.6411271691322327,0.4337879419326782,0.2545343041419983,0.3641605079174042,0.37954095005989075,0.10005596280097961,0.38655081391334534,0.3729962110519409,-0.01344967819750309,0.7207814455032349,0.4478331208229065,0.040069472044706345,0.5484278202056885,0.38459789752960205,0.28355488181114197,0.6213605403900146,0.4298965036869049,-0.010183002799749374,0.6293900012969971,0.42578673362731934,-0.012927789241075516,0.6379101276397705,0.4216921925544739,-0.015608713030815125,0.6450411677360535,0.4183036684989929,-0.012672152370214462,0.6365482211112976,0.4192311465740204,-0.0002979848359245807,0.5716502666473389,0.3996909260749817,0.029175501316785812,0.5722564458847046,0.3938068747520447,0.03532468155026436,0.5714662075042725,0.38841116428375244,0.04005365073680878,0.5696316957473755,0.377510130405426,0.05664665997028351,0.5368624329566956,0.3578110337257385,0.15007440745830536,0.36412757635116577,0.38041380047798157,0.00998842716217041,0.3482310175895691,0.3813561797142029,0.0648803859949112,0.3543655574321747,0.3805353343486786,0.08840691298246384,0.5696969032287598,0.40411022305488586,0.027956441044807434,0.5912025570869446,0.378022700548172,0.17111091315746307,0.3445083498954773,0.3799213767051697,0.02345028705894947,0.6538426876068115,0.42649632692337036,0.008957096375524998,0.3706658184528351,0.37498360872268677,-0.03575035557150841,0.4244729280471802,0.36844685673713684,-0.012132207863032818,0.6602696180343628,0.44197991490364075,-0.03026566095650196,0.6241945028305054,0.3976375162601471,0.07115662097930908,0.4925686717033386,0.37079447507858276,0.03844407945871353,0.642446756362915,0.41223272681236267,0.041201651096343994,0.5051248073577881,0.35606133937835693,0.08041330426931381,0.5214038491249084,0.36789530515670776,0.053926773369312286,0.5455461740493774,0.36169713735580444,0.10495263338088989,0.6881043910980225,0.44405972957611084,-0.027443865314126015,0.4396914541721344,0.3703785538673401,0.007810525596141815,0.6437616348266602,0.40176019072532654,0.09499795734882355,0.6609630584716797,0.4176664352416992,0.056921400129795074,0.6004192233085632,0.3839578628540039,0.09291411191225052,0.570418119430542,0.37094783782958984,0.20668822526931763,0.6087374687194824,0.3839736580848694,0.1244061067700386,0.5895451903343201,0.3950340151786804,0.25625601410865784,0.5567549467086792,0.37094414234161377,0.07402387261390686,0.4043419659137726,0.3738866448402405,0.007921100594103336,0.4664236903190613,0.3620449900627136,-0.05077148228883743,0.4755476117134094,0.3644210398197174,-0.026636263355612755,0.4482666254043579,0.35574543476104736,-0.0704246461391449,0.3398821949958801,0.3694523572921753,0.07610434293746948,0.34149613976478577,0.3553765118122101,0.09450279176235199,0.3468632400035858,0.34582969546318054,0.11560004204511642,0.35384318232536316,0.3406757712364197,0.1411115676164627,0.3623521625995636,0.3424519896507263,0.16423667967319489,0.3857339322566986,0.36102062463760376,0.1971549540758133,0.4544246792793274,0.36719703674316406,0.3184652626514435,0.407212495803833,0.3652801811695099,0.16445881128311157,0.40886518359184265,0.36800384521484375,0.13605079054832458,0.40273281931877136,0.37457364797592163,0.10974481701850891,0.39255449175834656,0.3815588355064392,0.09054285287857056,0.3830048441886902,0.3851221203804016,0.07396207004785538,0.3749545216560364,0.38674062490463257,0.06487149000167847,0.4511304795742035,0.4083220958709717,0.4046008884906769,0.4800809621810913,0.371144562959671,-0.01875966601073742,0.4063137173652649,0.36676114797592163,-0.03274073824286461,0.46145254373550415,0.3613903224468231,-0.07932853698730469,0.468352735042572,0.3776717782020569,-0.08326663076877594,0.46586668491363525,0.36886560916900635,-0.06992892920970917,0.4836007356643677,0.3794764280319214,-0.02005092054605484,0.46882951259613037,0.3774080276489258,-0.09124776721000671,0.472790390253067,0.38885343074798584,-0.07153893262147903,0.3628764748573303,0.38519567251205444,0.08293566852807999,0.3635888695716858,0.3873364329338074,0.05700050666928291,0.36605748534202576,0.3851085901260376,0.03373529762029648,0.3816183805465698,0.35584232211112976,0.16303277015686035,0.37451133131980896,0.35212260484695435,0.17100447416305542,0.25994858145713806,0.49076196551322937,-0.04535554721951485,0.26958855986595154,0.472944051027298,-0.04535554721951485,0.24235105514526367,0.48855337500572205,-0.04535554721951485,0.24980559945106506,0.5091233253479004,-0.04535554721951485,0.2775487005710602,0.4934539496898651,-0.04535554721951485,0.36124053597450256,0.3616270422935486,0.1283721774816513,0.36694514751434326,0.35468101501464844,0.1283721774816513,0.34751978516578674,0.3568975031375885,0.1283721774816513,0.35524964332580566,0.36877965927124023,0.1283721774816513,0.37457701563835144,0.36646580696105957,0.1283721774816513,0,0,0,0,0,0,1,0,0,0,0,0,0.14633016288280487,0.08031275868415833,0.12670710682868958,0.08826658874750137,0.02312600240111351,0.06149981543421745,0.08836682885885239,0.07408864051103592,0.09800266474485397,0.1352931261062622,0.6111600399017334,0.2273455560207367,Sadness,-6.161398887634277,-22.942550659179688
115,3.8333333333333335,28.389910940909694,-6.704319119770893,0.5325931508191519,0.5351440906524658,0.427092045545578,-0.08788882195949554,0.5098952054977417,0.3897327184677124,-0.11945540457963943,0.5184240341186523,0.42459195852279663,-0.07707968354225159,0.43320444226264954,0.39909905195236206,-0.08647716045379639,0.4917687773704529,0.3811921179294586,-0.12079725414514542,0.46633702516555786,0.3815825879573822,-0.10465233772993088,0.39599907398223877,0.39090782403945923,-0.02710169367492199,0.25774064660072327,0.523532509803772,-0.04975704103708267,0.35244765877723694,0.3827201724052429,0.005099412985146046,0.33082035183906555,0.37208640575408936,0.012094247154891491,0.24983373284339905,0.3530495762825012,0.06584887206554413,0.5391744375228882,0.42902204394340515,-0.08750616759061813,0.5420217514038086,0.43336206674575806,-0.08327995985746384,0.5422816872596741,0.43798500299453735,-0.07663898169994354,0.6168347597122192,0.4817834198474884,-0.06671272963285446,0.6274926066398621,0.4853835701942444,-0.0728674978017807,0.6382286548614502,0.49011287093162537,-0.07994983345270157,0.645197868347168,0.49609291553497314,-0.07939232140779495,0.6601226329803467,0.49361753463745117,-0.0674399808049202,0.5179464221000671,0.4024062752723694,-0.11197712272405624,0.4993939697742462,0.4275709390640259,-0.09679637104272842,0.1278400719165802,0.597396194934845,0.011312112212181091,0.31952711939811707,0.48305967450141907,-0.036178454756736755,0.30715009570121765,0.4994044899940491,-0.04965084791183472,0.29168710112571716,0.5154957175254822,-0.0572076253592968,0.2562958896160126,0.5343393087387085,-0.056440602988004684,0.32695645093917847,0.4681788980960846,-0.01875888742506504,0.2497028261423111,0.4796794652938843,-0.04717998951673508,0.26973605155944824,0.46328267455101013,-0.027812127023935318,0.23479220271110535,0.4982283115386963,-0.05608433857560158,0.22882536053657532,0.5139737129211426,-0.057890795171260834,0.2573249340057373,0.5542411804199219,-0.059607408940792084,0.6282085180282593,0.5766506195068359,-0.10178342461585999,0.24381396174430847,0.5287770628929138,-0.04710395261645317,0.20516452193260193,0.6326959133148193,-0.01379940565675497,0.22680729627609253,0.5661567449569702,-0.05037324130535126,0.4038711190223694,0.5090632438659668,-0.08867035061120987,0.5062276721000671,0.45009011030197144,-0.10246653109788895,0.5190427303314209,0.4557284712791443,-0.09642821550369263,0.4898856580257416,0.4799138307571411,-0.1095481738448143,0.4816432595252991,0.5021612644195557,-0.1058892235159874,0.501837968826294,0.4789431393146515,-0.10184230655431747,0.4927138090133667,0.49820008873939514,-0.09573467075824738,0.5367026925086975,0.566957414150238,-0.09402818232774734,0.49803951382637024,0.40251848101615906,-0.12713772058486938,0.47898736596107483,0.3962130546569824,-0.12968797981739044,0.1922180950641632,0.526843249797821,-0.06724655628204346,0.387328177690506,0.4617275893688202,-0.04939587786793709,0.449357807636261,0.46481525897979736,-0.10901806503534317,0.43593382835388184,0.4666687250137329,-0.10116689652204514,0.35393229126930237,0.5657157301902771,-0.1083826795220375,0.4556960165500641,0.39620262384414673,-0.11322329193353653,0.21824686229228973,0.47255727648735046,-0.05727705359458923,0.19858132302761078,0.5007307529449463,-0.06589103490114212,0.11780862510204315,0.5504764318466187,0.0007220020634122193,0.30592894554138184,0.4138568341732025,-0.017540328204631805,0.29099205136299133,0.4524161219596863,-0.010372230783104897,0.5009265542030334,0.5695859789848328,-0.09991510212421417,0.4087772071361542,0.7284718751907349,-0.01774284802377224,0.4701545834541321,0.45943644642829895,-0.09294786304235458,0.4875224232673645,0.44877275824546814,-0.08350048959255219,0.4861154556274414,0.535902202129364,-0.08924738317728043,0.4919367730617523,0.5317749977111816,-0.0853693038225174,0.17690815031528473,0.5041110515594482,-0.058006759732961655,0.45365405082702637,0.47608086466789246,-0.10016420483589172,0.2534893751144409,0.44371795654296875,-0.04039743170142174,0.23751968145370483,0.43733882904052734,-0.04073106497526169,0.16036008298397064,0.44257187843322754,0.001772845396772027,0.14991047978401184,0.5237066745758057,-0.02945305034518242,0.19863101840019226,0.43218666315078735,-0.0161910317838192,0.17229409515857697,0.5350335836410522,-0.0553397573530674,0.1543295681476593,0.566356360912323,-0.019435079768300056,0.5131726264953613,0.4528196454048157,-0.10187657922506332,0.49535655975341797,0.47945308685302734,-0.1068815365433693,0.4867246747016907,0.5004090666770935,-0.10220218449831009,0.47620439529418945,0.45979514718055725,-0.08498076349496841,0.4892497658729553,0.5338324904441833,-0.08641768246889114,0.5142826437950134,0.5393385291099548,-0.08925089240074158,0.49417179822921753,0.5300436019897461,-0.08446918427944183,0.47720998525619507,0.43560677766799927,-0.11611660569906235,0.4972146153450012,0.4967104196548462,-0.09189514070749283,0.5069642066955566,0.4782860279083252,-0.09405530244112015,0.5225847959518433,0.4584316313266754,-0.0905207172036171,0.6363246440887451,0.5187187790870667,-0.08253646641969681,0.6150834560394287,0.5233144760131836,-0.09503933042287827,0.6089999675750732,0.5166382789611816,-0.09522384405136108,0.600540041923523,0.5094696283340454,-0.08776085823774338,0.5926960706710815,0.5032745599746704,-0.080992691218853,0.5422794818878174,0.5271794199943542,-0.08453574031591415,0.5419009327888489,0.5325350165367126,-0.08938705176115036,0.5415883660316467,0.5398557782173157,-0.09518809616565704,0.5417475700378418,0.5464419722557068,-0.09630508720874786,0.48205891251564026,0.5227060317993164,-0.1033470556139946,0.2857431173324585,0.7116833329200745,0.027075137943029404,0.5186299085617065,0.4141049385070801,-0.08850985020399094,0.5207724571228027,0.5304428935050964,-0.08310544490814209,0.5176687240600586,0.5347553491592407,-0.08656276017427444,0.4996657967567444,0.4466683864593506,-0.08763615787029266,0.46723219752311707,0.48097193241119385,-0.08130840957164764,0.49419987201690674,0.44747188687324524,-0.08557996153831482,0.38140514492988586,0.4835438132286072,-0.06261328607797623,0.3692055344581604,0.5127208828926086,-0.08333387225866318,0.4395023286342621,0.4779720902442932,-0.09394754469394684,0.12734545767307281,0.4989307224750519,-0.004679908975958824,0.16345709562301636,0.47943544387817383,-0.02777682989835739,0.1989489495754242,0.470598965883255,-0.05213937163352966,0.5681440830230713,0.5573943257331848,-0.09580931812524796,0.2817228436470032,0.4037961959838867,-0.019139045849442482,0.23803813755512238,0.3943979740142822,0.0061380211263895035,0.20105114579200745,0.3962046504020691,0.026410015299916267,0.27332618832588196,0.5288228988647461,-0.05903498828411102,0.2553643584251404,0.5781261324882507,-0.06682606786489487,0.33000418543815613,0.4575859010219574,-0.008275316096842289,0.22094698250293732,0.5351564288139343,-0.058714818209409714,0.3874611258506775,0.44341838359832764,-0.044243358075618744,0.4555712640285492,0.44148170948028564,-0.11827035993337631,0.2632913291454315,0.6124081015586853,-0.06930956244468689,0.27864158153533936,0.5733938217163086,-0.08186504989862442,0.3067797124385834,0.5543993711471558,-0.08318974822759628,0.3332084119319916,0.5201748609542847,-0.06639865785837173,0.3465058207511902,0.4932352304458618,-0.047659557312726974,0.35445481538772583,0.4722413122653961,-0.034084197133779526,0.38623809814453125,0.4072125554084778,-0.035701099783182144,0.30644339323043823,0.6256674528121948,-0.08893445879220963,0.20621266961097717,0.5476462841033936,-0.059150271117687225,0.5103152394294739,0.40929460525512695,-0.1184716746211052,0.408307820558548,0.4628770351409912,-0.06418965011835098,0.19187550246715546,0.6698647737503052,0.03990895301103592,0.35901233553886414,0.45431122183799744,-0.022792542353272438,0.4365214407444,0.48736536502838135,-0.07389825582504272,0.2375892698764801,0.5350448489189148,-0.05028659105300903,0.440567284822464,0.44397640228271484,-0.10725237429141998,0.3414914608001709,0.7258718013763428,0.008864186704158783,0.3224300146102905,0.4562055766582489,-0.0014189531793817878,0.44674941897392273,0.4176052212715149,-0.11442546546459198,0.5094244480133057,0.6623204946517944,-0.08669628947973251,0.5304584503173828,0.689882755279541,-0.0679292231798172,0.290886253118515,0.6745790243148804,-0.034818556159734726,0.45715129375457764,0.6840395331382751,-0.07890643179416656,0.17478452622890472,0.6001154184341431,-0.010546116158366203,0.6498482823371887,0.593043863773346,-0.10363785177469254,0.5118511915206909,0.4198223054409027,-0.09178727120161057,0.406759113073349,0.48533695936203003,-0.072047159075737,0.216167151927948,0.5831865668296814,-0.04484016075730324,0.28293168544769287,0.5074020028114319,-0.049827735871076584,0.29729825258255005,0.4937736988067627,-0.04392546787858009,0.510693371295929,0.543646514415741,-0.09088637679815292,0.3487819731235504,0.6445710062980652,-0.09140117466449738,0.7065658569335938,0.5715698003768921,-0.09204751998186111,0.6300894021987915,0.6321053504943848,-0.087134949862957,0.5874403715133667,0.659116804599762,-0.07900923490524292,0.2825404703617096,0.35813266038894653,0.040055450052022934,0.7357685565948486,0.5367797017097473,-0.06727288663387299,0.3071128726005554,0.48106229305267334,-0.03181314840912819,0.3147991895675659,0.4682607352733612,-0.01829022355377674,0.3200494647026062,0.4600934684276581,-0.006636406760662794,0.18966327607631683,0.5593634843826294,-0.04786884784698486,0.2982874810695648,0.46378836035728455,-0.015975426882505417,0.28062593936920166,0.47500553727149963,-0.028702251613140106,0.26581037044525146,0.4882684648036957,-0.04001634195446968,0.25345379114151,0.503624677658081,-0.04823670536279678,0.2476663440465927,0.5149918794631958,-0.050170160830020905,0.15092377364635468,0.6349250674247742,0.029308173805475235,0.26996350288391113,0.5167288184165955,-0.051065072417259216,0.5302914381027222,0.42862915992736816,-0.07602612674236298,0.4851483702659607,0.49833884835243225,-0.10056862235069275,0.4688999354839325,0.4539951980113983,-0.09702221304178238,0.5110300779342651,0.45315077900886536,-0.09296593815088272,0.3717288672924042,0.39144665002822876,-0.002741090254858136,0.5608557462692261,0.6410150527954102,-0.08889628946781158,0.6049270629882812,0.6195580959320068,-0.09495837241411209,0.6909623146057129,0.5597845315933228,-0.10185501724481583,0.4739593267440796,0.7139007449150085,-0.04602706804871559,0.31397712230682373,0.4581601917743683,-0.0071289874613285065,0.4083821773529053,0.4215959906578064,-0.06180533766746521,0.7224922776222229,0.524432897567749,-0.07755832374095917,0.6703973412513733,0.6029828786849976,-0.09719313681125641,0.3413759469985962,0.6907799243927002,-0.04645393043756485,0.5681343674659729,0.5180829167366028,-0.08532584458589554,0.5705922842025757,0.5251156687736511,-0.0915180891752243,0.5750547647476196,0.5333008170127869,-0.09811853617429733,0.5798351764678955,0.5407630205154419,-0.09913147985935211,0.602273166179657,0.5419261455535889,-0.09527206420898438,0.48906761407852173,0.5162546634674072,-0.09095031023025513,0.4841049909591675,0.5187636613845825,-0.0952351987361908,0.47984951734542847,0.5207939743995667,-0.09868509322404861,0.4869476556777954,0.5472356677055359,-0.10341065376996994,0.38288992643356323,0.608605146408081,-0.11038640141487122,0.38605913519859314,0.42432644963264465,-0.037587206810712814,0.3269846439361572,0.43425804376602173,0.006561382208019495,0.3165059983730316,0.44671422243118286,8.786486432654783e-05,0.4930862784385681,0.5140429735183716,-0.08807871490716934,0.43185731768608093,0.6455283164978027,-0.09679675102233887,0.34465330839157104,0.41746068000793457,-0.008263679221272469,0.6120700836181641,0.560766875743866,-0.09610306471586227,0.4426572918891907,0.3853793144226074,-0.07765945792198181,0.4108837842941284,0.403483510017395,-0.06001904606819153,0.4203384816646576,0.38847100734710693,-0.050657812505960464,0.4260912537574768,0.4422050416469574,-0.07959555089473724,0.7011338472366333,0.5118183493614197,-0.08015740662813187,0.6772761344909668,0.5026516914367676,-0.07296061515808105,0.6504217386245728,0.5320948362350464,-0.08922471106052399,0.5322621464729309,0.588011622428894,-0.09700950980186462,0.43851524591445923,0.5081120133399963,-0.0841117575764656,0.5733602643013,0.5791078209877014,-0.09656599164009094,0.4028690457344055,0.5455265641212463,-0.10776383429765701,0.4449722468852997,0.5305992364883423,-0.09863017499446869,0.42111170291900635,0.5805143713951111,-0.11193762719631195,0.6704058647155762,0.545313835144043,-0.1019400954246521,0.4239068925380707,0.46346259117126465,-0.07782556116580963,0.5388818383216858,0.615101158618927,-0.09717095643281937,0.5849396586418152,0.5983197689056396,-0.09663370996713638,0.49103379249572754,0.5891153216362,-0.10573264211416245,0.3888070583343506,0.6593742370605469,-0.08944123238325119,0.4773187041282654,0.6224116086959839,-0.10382752865552902,0.3958504796028137,0.6967689990997314,-0.0613473579287529,0.45842838287353516,0.5583751797676086,-0.10666639357805252,0.4082585871219635,0.4422547221183777,-0.06265375763177872,0.4698842167854309,0.4379778504371643,-0.12125594913959503,0.46084392070770264,0.46072083711624146,-0.10678280144929886,0.4670267701148987,0.4174003005027771,-0.12703117728233337,0.3006783723831177,0.437061071395874,-0.0062563479878008366,0.2650192975997925,0.4554271399974823,-0.029416542500257492,0.23901668190956116,0.47613173723220825,-0.04959592968225479,0.22168156504631042,0.49801909923553467,-0.06173377484083176,0.21437329053878784,0.5181158781051636,-0.063792884349823,0.23422712087631226,0.5488981604576111,-0.051662348210811615,0.2457505613565445,0.6555875539779663,-0.027474133297801018,0.27425333857536316,0.5485722422599792,-0.06502540409564972,0.2976994514465332,0.5332005023956299,-0.0638832077383995,0.3180249333381653,0.5101835131645203,-0.0547637976706028,0.332295298576355,0.4874701499938965,-0.038542743772268295,0.3404526710510254,0.46952956914901733,-0.02147338166832924,0.3458902835845947,0.4558592736721039,-0.011595767922699451,0.23770859837532043,0.6928435564041138,0.039286479353904724,0.46380478143692017,0.4680173695087433,-0.09757957607507706,0.4286246597766876,0.41850361227989197,-0.0853421613574028,0.4847292900085449,0.417227566242218,-0.12670232355594635,0.4986599385738373,0.42009133100509644,-0.11346491426229477,0.48614388704299927,0.4243283271789551,-0.11797452718019485,0.4713704288005829,0.4704561233520508,-0.08718959242105484,0.5040637254714966,0.4150697886943817,-0.11744030565023422,0.5061826109886169,0.42465507984161377,-0.09420766681432724,0.33015260100364685,0.44953757524490356,0.002800437156111002,0.3455098569393158,0.44214779138565063,-0.000979305012151599,0.35671913623809814,0.4369821548461914,-0.01319084782153368,0.2452300786972046,0.5225977897644043,-0.049814559519290924,0.22874094545841217,0.5269293189048767,-0.055371254682540894,0.4547733664512634,0.3777259588241577,-0.05632198974490166,0.4497813582420349,0.35170191526412964,0.16659404337406158,0.5244762301445007,0.40281689167022705,-0.073957160115242,0.41140562295913696,0.33844107389450073,0.3564848005771637,0.4334583878517151,0.38056862354278564,0.1036577969789505,0.4453875720500946,0.3734032213687897,0.11848986893892288,0.4542942941188812,0.36568182706832886,0.13650453090667725,0.45436331629753113,0.35256558656692505,0.1722470074892044,0.42144113779067993,0.3844534754753113,0.09184923768043518,0.4127049744129181,0.34291020035743713,0.12601834535598755,0.40233686566352844,0.3527214825153351,0.10928048193454742,0.4242244362831116,0.33675169944763184,0.14434151351451874,0.4343326687812805,0.33620792627334595,0.15947389602661133,0.46840521693229675,0.35290050506591797,0.1865239441394806,0.7117058634757996,0.47139298915863037,0.0010456566233187914,0.4476087689399719,0.3468877077102661,0.17917923629283905,0.48406267166137695,0.3646746873855591,0.32653719186782837,0.45979243516921997,0.34239089488983154,0.22653935849666595,0.534362256526947,0.3770342171192169,0.05293155834078789,0.5505986213684082,0.40273186564445496,-0.06603921949863434,0.5586330890655518,0.4134623408317566,-0.06270629912614822,0.5712440013885498,0.387339323759079,-0.03409188613295555,0.5867214798927307,0.38227352499961853,-0.0015441038412973285,0.5723586082458496,0.40054643154144287,-0.036211345344781876,0.5838366746902466,0.3947061002254486,-0.007786555215716362,0.6606041193008423,0.42761051654815674,0.04025780409574509,0.518934965133667,0.3819376826286316,-0.10765691846609116,0.5027602910995483,0.3727402091026306,-0.10645786672830582,0.4310123920440674,0.31784915924072266,0.19113054871559143,0.4661110043525696,0.38371944427490234,0.04244324937462807,0.5333594679832458,0.3758397698402405,-0.02208578772842884,0.5221998691558838,0.3756243586540222,-0.011631789617240429,0.5580939650535583,0.3617434799671173,0.12577082216739655,0.47834914922714233,0.3734440505504608,-0.08358549326658249,0.4059378206729889,0.32119452953338623,0.12309659272432327,0.4188447594642639,0.31541773676872253,0.1595625877380371,0.3828197121620178,0.31765371561050415,0.3090367019176483,0.37903904914855957,0.3609113395214081,0.04212656989693642,0.39678627252578735,0.36411625146865845,0.10137896239757538,0.6444771885871887,0.41259339451789856,0.06206351891160011,0.6461163759231567,0.46175190806388855,0.3103443384170532,0.5340635776519775,0.3909512162208557,-0.028800737112760544,0.5295462608337402,0.4034576714038849,-0.05161207169294357,0.6098157167434692,0.3909040689468384,0.05112990364432335,0.6062954664230347,0.39646416902542114,0.03780357167124748,0.4098665416240692,0.3070928454399109,0.18177373707294464,0.5388452410697937,0.38409075140953064,-0.014716512523591518,0.3924630880355835,0.3348729610443115,0.08304646611213684,0.3821311891078949,0.3260370194911957,0.0868060514330864,0.31959229707717896,0.31057894229888916,0.17804691195487976,0.39494502544403076,0.31059926748275757,0.23552963137626648,0.340108722448349,0.31535759568214417,0.13121679425239563,0.4241505265235901,0.3113069534301758,0.22210775315761566,0.4220781922340393,0.32583510875701904,0.28181424736976624,0.5562006235122681,0.40680766105651855,-0.06587474048137665,0.5730841159820557,0.393187940120697,-0.035700734704732895,0.5862787365913391,0.3873700499534607,-0.007013461086899042,0.5332244634628296,0.3973119258880615,-0.03210568428039551,0.6083464622497559,0.39374256134033203,0.04331876337528229,0.62788987159729,0.4056417644023895,0.020176028832793236,0.6043107509613037,0.3986879587173462,0.03513156622648239,0.527687668800354,0.38439396023750305,-0.05703864246606827,0.5802026391029358,0.40108680725097656,-0.008229750208556652,0.5698135495185852,0.40799084305763245,-0.032049208879470825,0.5577305555343628,0.42050179839134216,-0.055875156074762344,0.6738741397857666,0.47398513555526733,-0.04864297807216644,0.6640029549598694,0.4673064649105072,-0.057800233364105225,0.655543327331543,0.46286332607269287,-0.05701177194714546,0.6429641842842102,0.46035096049308777,-0.0493483692407608,0.6308003664016724,0.4596485495567322,-0.04484197124838829,0.6280531287193298,0.426819384098053,-0.00039338029455393553,0.6352708339691162,0.4234107434749603,-0.0051546948961913586,0.6444299817085266,0.41962531208992004,-0.007822137326002121,0.6516454219818115,0.4177766740322113,-0.0017443245742470026,0.5980953574180603,0.39653444290161133,0.01732269674539566,0.5565605163574219,0.4319075345993042,0.3930000066757202,0.6186451315879822,0.4144841432571411,0.02139250561594963,0.6237417459487915,0.4099411964416504,0.018512481823563576,0.5330115556716919,0.4102429747581482,-0.056217338889837265,0.5436151027679443,0.39675936102867126,-0.012646526098251343,0.5315462946891785,0.4069148898124695,-0.05456551909446716,0.4866907596588135,0.3790960907936096,0.060275882482528687,0.5149999260902405,0.36907780170440674,0.08310107886791229,0.5301483869552612,0.3812240958213806,-0.0012119861785322428,0.3522055745124817,0.3075154423713684,0.24627147614955902,0.36762678623199463,0.30765271186828613,0.1857232302427292,0.39525318145751953,0.31172746419906616,0.1383569985628128,0.6697292327880859,0.4399241507053375,0.015104332007467747,0.3645772337913513,0.3463597893714905,0.04625913128256798,0.3142109215259552,0.3323986232280731,0.0832131877541542,0.2880774140357971,0.3249362111091614,0.11511417478322983,0.45762115716934204,0.35879164934158325,0.1561855971813202,0.4841250777244568,0.35283350944519043,0.2070823609828949,0.41273069381713867,0.3858572244644165,0.09031033515930176,0.4430494010448456,0.33440637588500977,0.1915179342031479,0.4474462568759918,0.3844321668148041,0.02898782677948475,0.5229690074920654,0.37255823612213135,-0.04817942902445793,0.5254998803138733,0.35614699125289917,0.2423473298549652,0.4961397051811218,0.3597364127635956,0.17593681812286377,0.4966442584991455,0.3688955307006836,0.13551069796085358,0.47836461663246155,0.38129085302352905,0.10097426921129227,0.4580184519290924,0.38867244124412537,0.07956413924694061,0.44217395782470703,0.39219146966934204,0.06099298968911171,0.41126179695129395,0.38327324390411377,-0.004512485582381487,0.5657354593276978,0.36489301919937134,0.22245852649211884,0.4436708390712738,0.3289766311645508,0.21378611028194427,0.5230361819267273,0.39700332283973694,-0.10286788642406464,0.4856352210044861,0.38411712646484375,0.024614417925477028,0.4727935791015625,0.3941940367221832,0.4149165153503418,0.4289102256298065,0.39333146810531616,0.051585160195827484,0.5299378037452698,0.38731059432029724,0.019467713311314583,0.44854897260665894,0.3447593152523041,0.1877487599849701,0.5092157125473022,0.37309572100639343,-0.03623557463288307,0.6017562747001648,0.44647449254989624,0.3593396842479706,0.4065611958503723,0.3838292956352234,0.10171356797218323,0.4923807978630066,0.3716300129890442,-0.06241798773407936,0.6911951303482056,0.446127712726593,0.1462995409965515,0.7034833431243896,0.47488993406295776,0.1803150624036789,0.5685949325561523,0.3919209837913513,0.3054913580417633,0.6728764772415161,0.43694525957107544,0.19528378546237946,0.44922149181365967,0.3456658720970154,0.3123817443847656,0.7330421805381775,0.4826810359954834,0.0075863744132220745,0.5225270986557007,0.40969908237457275,-0.08234300464391708,0.5075144171714783,0.38268202543258667,0.03785798326134682,0.4627966284751892,0.34277451038360596,0.2602895498275757,0.4466594159603119,0.36180663108825684,0.14041855931282043,0.4383462071418762,0.36917442083358765,0.124599888920784,0.6313561201095581,0.4022260904312134,0.026616014540195465,0.6024924516677856,0.3805873394012451,0.20900043845176697,0.749017059803009,0.5112079381942749,-0.02741466462612152,0.7357385158538818,0.4878911077976227,0.07291022688150406,0.7223203182220459,0.4818287193775177,0.12248905003070831,0.42766040563583374,0.3753000497817993,0.11200378835201263,0.41634729504585266,0.37988007068634033,0.10553289204835892,0.40970176458358765,0.38258880376815796,0.10434313863515854,0.43975889682769775,0.3251761496067047,0.24683301150798798,0.40669187903404236,0.3712903559207916,0.10971665382385254,0.41276735067367554,0.3620099425315857,0.11693861335515976,0.4216529130935669,0.3539736270904541,0.12936091423034668,0.4319222569465637,0.3484395146369934,0.14455442130565643,0.4397023320198059,0.34679996967315674,0.1567009538412094,0.43843844532966614,0.36325758695602417,0.39482805132865906,0.44958412647247314,0.35624754428863525,0.1554071307182312,0.5761388540267944,0.39768290519714355,-0.009038892574608326,0.5333027243614197,0.3863618075847626,-0.03599678725004196,0.5489945411682129,0.41181015968322754,-0.055561620742082596,0.7089773416519165,0.45818281173706055,0.09950805455446243,0.7195345163345337,0.4715268313884735,0.05383773148059845,0.7366540431976318,0.49920955300331116,-0.04129114747047424,0.680001437664032,0.4705938696861267,0.246236190199852,0.40604740381240845,0.37909454107284546,0.10547355562448502,0.4507288336753845,0.3800114095211029,-0.012435898184776306,0.7465171217918396,0.49624812602996826,0.021499931812286377,0.6087039709091187,0.4087105393409729,0.2797054648399353,0.6337302923202515,0.4418388605117798,-0.02196343243122101,0.6439709663391113,0.43981361389160156,-0.025558728724718094,0.6560132503509521,0.43880268931388855,-0.029059946537017822,0.6658117175102234,0.440926730632782,-0.026223044842481613,0.6756319999694824,0.4548773765563965,-0.014189880341291428,0.5941414833068848,0.39363813400268555,0.018067436292767525,0.5971652269363403,0.3880603611469269,0.02424377202987671,0.5989538431167603,0.3828418254852295,0.029022768139839172,0.6218687295913696,0.40117374062538147,0.046421267092227936,0.6034554839134216,0.37902140617370605,0.14318975806236267,0.42789992690086365,0.3840859830379486,0.013379285112023354,0.393211305141449,0.379729688167572,0.07144036889076233,0.3981787860393524,0.3779255151748657,0.09482415020465851,0.5904284119606018,0.39827609062194824,0.016715480014681816,0.6491460800170898,0.4066503047943115,0.161341592669487,0.39162635803222656,0.38275042176246643,0.03018495999276638,0.689666748046875,0.4650096297264099,-0.006513522006571293,0.4342244267463684,0.38045209646224976,-0.03353488817811012,0.4881178140640259,0.3793438971042633,-0.014632755890488625,0.6903455257415771,0.48217517137527466,-0.046391911804676056,0.6695713996887207,0.430789977312088,0.05820206552743912,0.5521335601806641,0.38789457082748413,0.03247406333684921,0.6830201745033264,0.4484756290912628,0.02684362418949604,0.5715988278388977,0.3740123212337494,0.07424775511026382,0.5810446739196777,0.3877655863761902,0.04659557715058327,0.6086504459381104,0.3840827941894531,0.09637182205915451,0.7154686450958252,0.48836296796798706,-0.0453064888715744,0.5023312568664551,0.3820462226867676,0.004317423328757286,0.6881983280181885,0.438789427280426,0.08090975135564804,0.6993658542633057,0.4574428200721741,0.04107644036412239,0.6510440111160278,0.4131980538368225,0.081088125705719,0.6325122714042664,0.39718544483184814,0.19890587031841278,0.6616857051849365,0.41512858867645264,0.1127486452460289,0.6436933279037476,0.42486336827278137,0.2487226277589798,0.6132060289382935,0.3941289782524109,0.0647548958659172,0.4679667055606842,0.3824819028377533,0.007603797130286694,0.5284781455993652,0.37823325395584106,-0.057282704859972,0.536563515663147,0.3805539011955261,-0.03344539925456047,0.5129189491271973,0.37100642919540405,-0.07616472989320755,0.3893696069717407,0.3643603026866913,0.08335631340742111,0.3981567323207855,0.3457822799682617,0.10231190919876099,0.41071000695228577,0.3336856961250305,0.12313858419656754,0.42330947518348694,0.32712459564208984,0.14819151163101196,0.4339999556541443,0.32763034105300903,0.17130626738071442,0.45336875319480896,0.3440062403678894,0.20206184685230255,0.5271515250205994,0.37750107049942017,0.3213364779949188,0.47391554713249207,0.35887473821640015,0.16637654602527618,0.47202908992767334,0.3672146201133728,0.1380254626274109,0.460097998380661,0.3768817186355591,0.11187433451414108,0.4436684846878052,0.3845936954021454,0.09273084998130798,0.42967551946640015,0.38882166147232056,0.07796367257833481,0.4195956587791443,0.3907029628753662,0.06927242875099182,0.511848509311676,0.4167519807815552,0.4137647747993469,0.5384197235107422,0.3875068426132202,-0.025452792644500732,0.4706629514694214,0.3766150176525116,-0.03442911431193352,0.5235109329223633,0.37816160917282104,-0.08583350479602814,0.5243692398071289,0.39500513672828674,-0.08996310085058212,0.525252103805542,0.3854483366012573,-0.07637213915586472,0.5388752818107605,0.39610761404037476,-0.026624513790011406,0.5249168276786804,0.3949354887008667,-0.09811090677976608,0.5248222947120667,0.4061875641345978,-0.0781707614660263,0.4050576686859131,0.3858312964439392,0.08869283646345139,0.4073840379714966,0.38991111516952515,0.06249382719397545,0.4125867187976837,0.391218900680542,0.039149727672338486,0.444590300321579,0.346551775932312,0.16705834865570068,0.4419368505477905,0.33824148774147034,0.1756611466407776,0.2807180881500244,0.5006120800971985,-0.03374265134334564,0.29638805985450745,0.4837939143180847,-0.03374265134334564,0.2650516927242279,0.49497443437576294,-0.03374265134334564,0.2649368345737457,0.5174466371536255,-0.03374265134334564,0.29588964581489563,0.5063210129737854,-0.03374265134334564,0.4247399568557739,0.3582252264022827,0.13247473537921906,0.4361431896686554,0.3498631715774536,0.13247473537921906,0.41116970777511597,0.35005277395248413,0.13247473537921906,0.41318732500076294,0.3665270507335663,0.13247473537921906,0.43778496980667114,0.3660455346107483,0.13247473537921906,0,0,0,0,0,1,1,0,0,0,0,0,0.07189309597015381,0.0606226921081543,0.11280004680156708,0.06811077892780304,0.03171316161751747,0.05714483931660652,0.09306329488754272,0.06429906189441681,0.08300313353538513,0.09834609180688858,0.715563178062439,0.20476648211479187,Neutral,7.999883651733398,-13.838244438171387
116,3.8666666666666667,24.95901833919852,-1.9520141933902688,0.15857941970158462,0.5697981715202332,0.4727538228034973,-0.10089526325464249,0.529941201210022,0.4109179675579071,-0.13392521440982819,0.5320516228675842,0.4486154019832611,-0.08815356343984604,0.44909629225730896,0.41032037138938904,-0.092372827231884,0.5134983062744141,0.39971214532852173,-0.13462990522384644,0.4878314435482025,0.39639681577682495,-0.1156555637717247,0.41656914353370667,0.39457136392593384,-0.02596431039273739,0.23946397006511688,0.5106255412101746,-0.0372532419860363,0.3800641894340515,0.3824540972709656,0.011913001537322998,0.3620378375053406,0.3692626655101776,0.02120080403983593,0.2818196713924408,0.3337100148200989,0.08966972678899765,0.5794966220855713,0.47941309213638306,-0.10060147941112518,0.5887504816055298,0.4872705340385437,-0.0963854119181633,0.5945765376091003,0.49336227774620056,-0.08982940018177032,0.597101092338562,0.4942377507686615,-0.07909881323575974,0.6084166765213013,0.5007880926132202,-0.08708309382200241,0.6192951202392578,0.5089179277420044,-0.09584957361221313,0.6276942491531372,0.5172998309135437,-0.09643875807523727,0.659079909324646,0.5468258857727051,-0.08547332137823105,0.5357197523117065,0.42482447624206543,-0.12587884068489075,0.510779857635498,0.44890081882476807,-0.10766541957855225,0.08756858110427856,0.5736165642738342,0.040545374155044556,0.31148776412010193,0.4792211055755615,-0.026245426386594772,0.2963041067123413,0.49298539757728577,-0.04014589637517929,0.27672260999679565,0.5070370435714722,-0.047526609152555466,0.23087601363658905,0.5235086679458618,-0.04470420256257057,0.3212830424308777,0.4660692512989044,-0.008753237314522266,0.24198131263256073,0.46670812368392944,-0.035554639995098114,0.26522427797317505,0.4537067711353302,-0.01583544909954071,0.22132524847984314,0.48357826471328735,-0.04467395320534706,0.20970913767814636,0.4993228614330292,-0.04606175795197487,0.22542379796504974,0.5451748371124268,-0.04780570790171623,0.5973832607269287,0.6307954788208008,-0.11745185405015945,0.22168755531311035,0.5150437355041504,-0.033901557326316833,0.150382399559021,0.6259961128234863,0.00873656291514635,0.1788431704044342,0.5615197420120239,-0.03546608239412308,0.3853864371776581,0.5244749188423157,-0.09064473956823349,0.5400092005729675,0.49116939306259155,-0.11486867815256119,0.564924955368042,0.5052815675735474,-0.1086440458893776,0.5166059136390686,0.5173397660255432,-0.12026512622833252,0.503879189491272,0.5353098511695862,-0.1139388233423233,0.5425941348075867,0.52154541015625,-0.11215295642614365,0.5261909365653992,0.5341693758964539,-0.10381974279880524,0.5021810531616211,0.6080340147018433,-0.10123859345912933,0.513795793056488,0.4231361746788025,-0.1411566436290741,0.49527257680892944,0.4146324396133423,-0.14309287071228027,0.16085824370384216,0.5135716199874878,-0.053908150643110275,0.38411974906921387,0.4706330895423889,-0.04694304242730141,0.445255309343338,0.48354172706604004,-0.11634886264801025,0.43070074915885925,0.48350659012794495,-0.10691589117050171,0.31587836146354675,0.5778032541275024,-0.10692989081144333,0.47182318568229675,0.41084742546081543,-0.12334928661584854,0.20935548841953278,0.45674142241477966,-0.046284157782793045,0.17932702600955963,0.4848906993865967,-0.05412473529577255,0.0923013687133789,0.5224764347076416,0.029413415119051933,0.31894105672836304,0.40501391887664795,-0.009274396114051342,0.2881469428539276,0.44644400477409363,0.002275307895615697,0.4637531042098999,0.6055619120597839,-0.10514850914478302,0.33029258251190186,0.756352424621582,-0.011102946475148201,0.47004368901252747,0.4800952076911926,-0.10034330189228058,0.49240168929100037,0.47050368785858154,-0.09302498400211334,0.49753445386886597,0.5575148463249207,-0.09375438839197159,0.5046760439872742,0.552594780921936,-0.0903451144695282,0.15152841806411743,0.48992621898651123,-0.04359978809952736,0.44705748558044434,0.4958275258541107,-0.1070360317826271,0.25469011068344116,0.4300285279750824,-0.030877115204930305,0.2400958091020584,0.42377033829689026,-0.02994861826300621,0.16572953760623932,0.4165090322494507,0.027294427156448364,0.13466857373714447,0.5022994875907898,-0.008391757495701313,0.20997753739356995,0.4136289060115814,0.0015860687708482146,0.13310565054416656,0.5243605375289917,-0.03893977776169777,0.12490105628967285,0.5476241111755371,0.004031784366816282,0.5529084801673889,0.49889811873435974,-0.11432778835296631,0.5298745036125183,0.5197503566741943,-0.11726876348257065,0.515058696269989,0.5349188446998596,-0.11036913841962814,0.47680938243865967,0.4811238944530487,-0.0928582027554512,0.50153648853302,0.5549069046974182,-0.0912199318408966,0.5159968137741089,0.5517497658729553,-0.09603400528430939,0.5072981119155884,0.5506595969200134,-0.08953127264976501,0.4840255379676819,0.45525139570236206,-0.12602929770946503,0.5336400866508484,0.5331553220748901,-0.10030561685562134,0.5513741970062256,0.5224369764328003,-0.10448107123374939,0.5723385214805603,0.5090469121932983,-0.10262168198823929,0.624634861946106,0.5705258250236511,-0.09963631629943848,0.596676766872406,0.5366088151931763,-0.11080344021320343,0.5899417400360107,0.5274935364723206,-0.10969306528568268,0.5818244218826294,0.5177049040794373,-0.10037795454263687,0.5747495293617249,0.5099638104438782,-0.09190711379051208,0.5353723168373108,0.5337985157966614,-0.09198279678821564,0.5348968505859375,0.5399279594421387,-0.0980965793132782,0.5341865420341492,0.5475389957427979,-0.10450351983308792,0.5340077877044678,0.5552523136138916,-0.10560119152069092,0.459455281496048,0.5518548488616943,-0.11017204076051712,0.20829938352108002,0.7197846174240112,0.04718484729528427,0.5342761278152466,0.43700867891311646,-0.10022898763418198,0.5214735865592957,0.5418161749839783,-0.08905278891324997,0.5190523862838745,0.5464838147163391,-0.09320919960737228,0.5052058100700378,0.4703332185745239,-0.09814999997615814,0.46023643016815186,0.5028683543205261,-0.0880485475063324,0.4994359016418457,0.47015583515167236,-0.09562492370605469,0.371261864900589,0.4932297170162201,-0.060666464269161224,0.34893733263015747,0.5231610536575317,-0.08234058320522308,0.4315371811389923,0.4957846701145172,-0.09912341088056564,0.11709058284759521,0.4701288044452667,0.02235502190887928,0.16190017759799957,0.45811906456947327,-0.008356040343642235,0.1881718933582306,0.45558467507362366,-0.038778141140937805,0.5389648079872131,0.6018665432929993,-0.10565441101789474,0.29670900106430054,0.394329696893692,-0.009432824328541756,0.25939127802848816,0.3788672685623169,0.022737110033631325,0.21948306262493134,0.3733065128326416,0.05064431577920914,0.25240474939346313,0.5188133120536804,-0.04846327006816864,0.21276381611824036,0.5710724592208862,-0.05478189140558243,0.32627636194229126,0.4561218023300171,0.002484502037987113,0.18863220512866974,0.5242770314216614,-0.04531117156147957,0.3903195858001709,0.4509696364402771,-0.04172641783952713,0.45857691764831543,0.4594266712665558,-0.127387136220932,0.21143026649951935,0.613568127155304,-0.056582070887088776,0.2509995400905609,0.5613247752189636,-0.07323475182056427,0.29369300603866577,0.5404058694839478,-0.07678310573101044,0.32936394214630127,0.5092810392379761,-0.061335306614637375,0.34653884172439575,0.48595350980758667,-0.04207996651530266,0.3589930236339569,0.4667031764984131,-0.028705259785056114,0.40104439854621887,0.41136634349823,-0.03358094394207001,0.25010401010513306,0.6340579390525818,-0.08044835180044174,0.16533006727695465,0.53911954164505,-0.044540464878082275,0.5257806181907654,0.4313594400882721,-0.13212251663208008,0.40440529584884644,0.47511136531829834,-0.06459186226129532,0.12723369896411896,0.6618821024894714,0.06759361922740936,0.368049681186676,0.4496212601661682,-0.01664198935031891,0.42622655630111694,0.5049476027488708,-0.07656851410865784,0.20943652093410492,0.5232479572296143,-0.03690287843346596,0.4419826865196228,0.45998382568359375,-0.11443131417036057,0.2612040042877197,0.7431524395942688,0.022605247795581818,0.31733575463294983,0.45476847887039185,0.010836726054549217,0.4561213254928589,0.43272197246551514,-0.12342756986618042,0.4479787349700928,0.7029933929443359,-0.09079022705554962,0.46561291813850403,0.7354275584220886,-0.07448838651180267,0.22188700735569,0.6823368072509766,-0.01924239657819271,0.3882429599761963,0.7175436019897461,-0.07884694635868073,0.1322152316570282,0.586590051651001,0.013214808888733387,0.6152291893959045,0.6512715816497803,-0.1207665428519249,0.525728166103363,0.44221633672714233,-0.10321152210235596,0.3962720036506653,0.49887579679489136,-0.07292404025793076,0.1527779996395111,0.5838897824287415,-0.027880258858203888,0.27117088437080383,0.49734389781951904,-0.03849279135465622,0.2884039878845215,0.4865586757659912,-0.03297777101397514,0.5128080248832703,0.5573767423629761,-0.09751641005277634,0.28755733370780945,0.6603150963783264,-0.08588733524084091,0.6860223412513733,0.6376898288726807,-0.11031647771596909,0.5852068066596985,0.6910110116004944,-0.09983506053686142,0.5329034328460693,0.712809145450592,-0.08902113139629364,0.31437453627586365,0.34622207283973694,0.0558076836168766,0.7313175201416016,0.6037936210632324,-0.08620664477348328,0.29973748326301575,0.47638580203056335,-0.020816020667552948,0.30822333693504333,0.466035395860672,-0.006851860322058201,0.3144054412841797,0.4587649703025818,0.005345027428120375,0.13655567169189453,0.5557306408882141,-0.030427874997258186,0.2936728596687317,0.45899003744125366,-0.0036070726346224546,0.27550673484802246,0.4673939645290375,-0.016727019101381302,0.2591108977794647,0.47790807485580444,-0.028222380205988884,0.24275021255016327,0.491024374961853,-0.03637295216321945,0.2329857498407364,0.5011420249938965,-0.037774693220853806,0.0981755256652832,0.6176248788833618,0.05871453881263733,0.2548428773880005,0.5050472021102905,-0.0391659289598465,0.5418440103530884,0.45583558082580566,-0.08764287084341049,0.47133031487464905,0.5254887342453003,-0.10941140353679657,0.470089852809906,0.4742404520511627,-0.10471422225236893,0.5128823518753052,0.4802107810974121,-0.1043442115187645,0.3944467604160309,0.39249086380004883,0.0023919937666505575,0.5076882839202881,0.6888871192932129,-0.09719368815422058,0.5600327253341675,0.6724715828895569,-0.10756252706050873,0.6699174642562866,0.6221684217453003,-0.12294401228427887,0.40152740478515625,0.7515058517456055,-0.04707840830087662,0.3094622790813446,0.4554148316383362,0.005122709553688765,0.41767358779907227,0.43071043491363525,-0.06283944845199585,0.7168670296669006,0.5884485244750977,-0.0997895896434784,0.6365399360656738,0.6660124063491821,-0.11307976394891739,0.2684550881385803,0.7070202827453613,-0.03547046706080437,0.5535614490509033,0.5234556198120117,-0.09455886483192444,0.5560588836669922,0.5307896733283997,-0.10205728560686111,0.559548556804657,0.5396565198898315,-0.1095225140452385,0.5641509890556335,0.549048900604248,-0.11113543808460236,0.5802612900733948,0.590320885181427,-0.10859136283397675,0.5138331055641174,0.544019877910614,-0.09737903624773026,0.5054999589920044,0.5464032292366028,-0.1013743206858635,0.49721577763557434,0.5481409430503845,-0.10466807335615158,0.45624008774757385,0.5794788002967834,-0.10850977897644043,0.33265620470046997,0.627793550491333,-0.11054980009794235,0.39525723457336426,0.4299870431423187,-0.034804392606019974,0.33034002780914307,0.43218785524368286,0.017815355211496353,0.3143002986907959,0.4445822536945343,0.012388264760375023,0.5204901099205017,0.5414214134216309,-0.09450438618659973,0.37250441312789917,0.6737762093544006,-0.09766115248203278,0.36066073179244995,0.4135558605194092,-0.000768861616961658,0.584992527961731,0.6115642189979553,-0.11062315851449966,0.46345770359039307,0.3966377079486847,-0.08439461886882782,0.42592301964759827,0.4112895727157593,-0.061874691396951675,0.44072479009628296,0.39608147740364075,-0.053137797862291336,0.4282969832420349,0.45575204491615295,-0.08302322030067444,0.6972185969352722,0.5715928077697754,-0.101432204246521,0.6746494770050049,0.5584596991539001,-0.09222599864006042,0.6353427171707153,0.5866769552230835,-0.10726629197597504,0.4920223355293274,0.6291858553886414,-0.10442087799310684,0.42187148332595825,0.5280032157897949,-0.08778262883424759,0.5380703806877136,0.6254957914352417,-0.10756867378950119,0.37239721417427063,0.5637677907943726,-0.11112695932388306,0.4203605353832245,0.554048478603363,-0.1033511683344841,0.38026392459869385,0.6038295030593872,-0.11492853611707687,0.6522881388664246,0.6036030650138855,-0.12175288796424866,0.41968557238578796,0.4779650568962097,-0.08060447126626968,0.4916606843471527,0.658668041229248,-0.10511979460716248,0.5447733402252197,0.6474969983100891,-0.10854814946651459,0.4487442374229431,0.6239969730377197,-0.11125784367322922,0.3245409429073334,0.681891918182373,-0.08644133061170578,0.42544350028038025,0.6568747162818909,-0.10824713855981827,0.32232093811035156,0.7215747237205505,-0.05543104186654091,0.4245288372039795,0.5862294435501099,-0.1114010289311409,0.41086137294769287,0.4530181884765625,-0.06323417276144028,0.4750979542732239,0.45721209049224854,-0.13131126761436462,0.4589649438858032,0.4805951416492462,-0.1149943396449089,0.47702908515930176,0.43529653549194336,-0.13881812989711761,0.30232587456703186,0.4312760829925537,0.0053691500797867775,0.2625477612018585,0.4446311891078949,-0.018317049369215965,0.23182398080825806,0.46169593930244446,-0.03859509900212288,0.20757243037223816,0.48260051012039185,-0.05051437392830849,0.1914728730916977,0.5035749077796936,-0.05189349502325058,0.1967858225107193,0.5405581593513489,-0.037830352783203125,0.18254929780960083,0.6557912230491638,-0.007993008941411972,0.2497425079345703,0.537994921207428,-0.0546279177069664,0.2819358706474304,0.523257851600647,-0.055454958230257034,0.30892089009284973,0.5024224519729614,-0.04732118919491768,0.3272674083709717,0.48258644342422485,-0.030475791543722153,0.33886033296585083,0.46637433767318726,-0.013543683104217052,0.34769871830940247,0.453616738319397,-0.0028442065231502056,0.1655331254005432,0.6930578351020813,0.0640726238489151,0.46033716201782227,0.4885886311531067,-0.10505341738462448,0.43822231888771057,0.430605947971344,-0.09001602232456207,0.4960870146751404,0.4370000958442688,-0.13906708359718323,0.5114349126815796,0.44114065170288086,-0.12595497071743011,0.49655723571777344,0.4443823993206024,-0.1293950378894806,0.4679318964481354,0.49210965633392334,-0.09473061561584473,0.5179359316825867,0.4366310238838196,-0.13074539601802826,0.51850426197052,0.44672077894210815,-0.10539231449365616,0.3275579512119293,0.44843000173568726,0.014398240484297276,0.3499811291694641,0.4405216574668884,0.008697796612977982,0.3688819110393524,0.4332161545753479,-0.006606671493500471,0.22710439562797546,0.5083587765693665,-0.03710811957716942,0.2033923715353012,0.5137914419174194,-0.042799316346645355,0.4790469706058502,0.38974982500076294,-0.06271549314260483,0.48343390226364136,0.3474923074245453,0.17675088346004486,0.5445584654808044,0.4248531460762024,-0.08529830724000931,0.46687859296798706,0.3285123109817505,0.38496458530426025,0.46286264061927795,0.3756747245788574,0.11171860247850418,0.4763180613517761,0.3688139021396637,0.12595097720623016,0.48834747076034546,0.3622894585132599,0.14404289424419403,0.4939262270927429,0.3490665853023529,0.18143117427825928,0.4494470953941345,0.3804936408996582,0.10015615820884705,0.43990370631217957,0.33875772356987,0.13609659671783447,0.42746877670288086,0.3485679030418396,0.12002591043710709,0.4552399516105652,0.3327754735946655,0.15400423109531403,0.469102680683136,0.3323502838611603,0.16923397779464722,0.5163406133651733,0.3513421416282654,0.19516851007938385,0.7302186489105225,0.5251418352127075,-0.015335243195295334,0.48400214314460754,0.34273213148117065,0.1897675096988678,0.5371571183204651,0.3642354905605316,0.34492969512939453,0.5137817859649658,0.34081119298934937,0.23820677399635315,0.5697516202926636,0.3959803879261017,0.049542319029569626,0.589103102684021,0.4540700912475586,-0.07901019603013992,0.6068821549415588,0.4731319546699524,-0.07562518864870071,0.6131747961044312,0.4430192708969116,-0.04603275656700134,0.6294220685958862,0.4382745623588562,-0.010834339074790478,0.6196584105491638,0.4625212550163269,-0.047625478357076645,0.6288567781448364,0.45508429408073425,-0.016940772533416748,0.6875016093254089,0.46962323784828186,0.032695651054382324,0.5423949360847473,0.4031549096107483,-0.12196197360754013,0.5283789038658142,0.3917700946331024,-0.12021303921937943,0.4706380069255829,0.3160772919654846,0.20151272416114807,0.49472254514694214,0.3941316306591034,0.043616630136966705,0.5654340982437134,0.3957518935203552,-0.030854400247335434,0.5544523000717163,0.393730103969574,-0.01875707320868969,0.6027092933654785,0.3796194791793823,0.1242992952466011,0.5036093592643738,0.3889048993587494,-0.09412642568349838,0.42858466506004333,0.3185652494430542,0.13194718956947327,0.4495726525783539,0.31347817182540894,0.16868330538272858,0.43922069668769836,0.3053865432739258,0.3374234735965729,0.39424970746040344,0.35894715785980225,0.049751024693250656,0.4212647080421448,0.36020153760910034,0.11279894411563873,0.6751893758773804,0.4500053822994232,0.05685872212052345,0.6875737309455872,0.49020087718963623,0.3150688111782074,0.5614269375801086,0.4120695888996124,-0.03691761940717697,0.5527056455612183,0.4257187843322754,-0.061554063111543655,0.6484941244125366,0.43899255990982056,0.046495381742715836,0.6429941654205322,0.4439948797225952,0.032764483243227005,0.4434962868690491,0.30522987246513367,0.19374318420886993,0.5705229043960571,0.40492117404937744,-0.02314835973083973,0.40954500436782837,0.33239707350730896,0.09158222377300262,0.399011492729187,0.32338792085647583,0.09647471457719803,0.3702782392501831,0.2936384677886963,0.20395267009735107,0.4500769376754761,0.3037598431110382,0.2541004717350006,0.38811469078063965,0.30561816692352295,0.14793074131011963,0.46930551528930664,0.3098392188549042,0.23545865714550018,0.4765341281890869,0.32035380601882935,0.3020496666431427,0.5994275212287903,0.4633135199546814,-0.07885359972715378,0.617347240447998,0.452869713306427,-0.04744275286793709,0.6299155950546265,0.44645678997039795,-0.016352925449609756,0.5594723224639893,0.4188011884689331,-0.040789540857076645,0.64571213722229,0.44169288873672485,0.03845471516251564,0.6467123031616211,0.44980311393737793,0.01295320875942707,0.6405407190322876,0.4459518492221832,0.029868222773075104,0.553694486618042,0.4048909544944763,-0.06804408133029938,0.6269794702529907,0.46154335141181946,-0.01751737669110298,0.6200853586196899,0.4699177145957947,-0.043462593108415604,0.6098757982254028,0.48038986325263977,-0.06880533695220947,0.6824178099632263,0.5263569951057434,-0.06624021381139755,0.6477904915809631,0.4972972869873047,-0.07461687922477722,0.6379965543746948,0.49012482166290283,-0.07273479551076889,0.6247109174728394,0.48418551683425903,-0.06322558969259262,0.6120511889457703,0.4810473322868347,-0.05710809305310249,0.627734363079071,0.46192193031311035,-0.008933437056839466,0.637556791305542,0.4603143036365509,-0.014927000738680363,0.6478729248046875,0.4595813453197479,-0.018411295488476753,0.6573901176452637,0.4602589011192322,-0.01220182329416275,0.6290942430496216,0.4277087450027466,0.009397204965353012,0.6046720147132874,0.4404846131801605,0.41124436259269714,0.6326647400856018,0.45477497577667236,0.015128234401345253,0.6400580406188965,0.4521470069885254,0.01139030046761036,0.5540788173675537,0.43396443128585815,-0.06721268594264984,0.5730341076850891,0.41888755559921265,-0.020569849759340286,0.5536216497421265,0.42992520332336426,-0.06503941863775253,0.5185317993164062,0.3915061354637146,0.0606774277985096,0.5522187352180481,0.38384270668029785,0.08208751678466797,0.5623366236686707,0.40069258213043213,-0.007933654822409153,0.40742722153663635,0.2926987409591675,0.2735103964805603,0.4202748239040375,0.29934069514274597,0.2033718228340149,0.41959822177886963,0.30937838554382324,0.14989073574543,0.6924697160720825,0.48577094078063965,0.0045629339292645454,0.3779201805591583,0.344022274017334,0.05531817302107811,0.35542529821395874,0.32154619693756104,0.09916423261165619,0.3312542140483856,0.3069843649864197,0.13963766396045685,0.49442797899246216,0.35526177287101746,0.16428667306900024,0.5400007367134094,0.3522888422012329,0.2158813625574112,0.43925905227661133,0.38221269845962524,0.09967310726642609,0.4857068657875061,0.33179280161857605,0.20216108858585358,0.4742890000343323,0.39300522208213806,0.030364245176315308,0.5531716346740723,0.3917694687843323,-0.05844176188111305,0.5775501728057861,0.3641291856765747,0.25147131085395813,0.547814130783081,0.36036333441734314,0.18165980279445648,0.542491614818573,0.3709462583065033,0.13903453946113586,0.5171184539794922,0.38313692808151245,0.10377675294876099,0.49256548285484314,0.3894088864326477,0.08313699066638947,0.47334668040275574,0.39270538091659546,0.06490027159452438,0.4355441629886627,0.38799935579299927,-0.0028563314117491245,0.6168419718742371,0.37958866357803345,0.22711506485939026,0.4916430711746216,0.32746243476867676,0.22547480463981628,0.542867124080658,0.4195478856563568,-0.1167890876531601,0.5148438215255737,0.3971843123435974,0.023180045187473297,0.52517169713974,0.38988614082336426,0.44112730026245117,0.45615383982658386,0.39335140585899353,0.05646864324808121,0.5612781047821045,0.4066373407840729,0.015185631811618805,0.48859548568725586,0.3410516381263733,0.1983841210603714,0.5397226214408875,0.39016562700271606,-0.04453767463564873,0.6467663049697876,0.46427059173583984,0.37177330255508423,0.43163543939590454,0.37978100776672363,0.11287128925323486,0.5203151702880859,0.3879742920398712,-0.07212837785482407,0.7264844179153442,0.4879395663738251,0.1406998336315155,0.7403372526168823,0.5185487270355225,0.1738719344139099,0.6190415024757385,0.4042498469352722,0.31678199768066406,0.7117451429367065,0.4728427529335022,0.1928025186061859,0.5026793479919434,0.34206998348236084,0.3327815532684326,0.7516131401062012,0.5401093363761902,-0.010536625981330872,0.5398855209350586,0.4325072467327118,-0.0939711481332779,0.5392520427703857,0.39861053228378296,0.035725515335798264,0.5231746435165405,0.3413030505180359,0.2737872898578644,0.4755614697933197,0.35629212856292725,0.1495686024427414,0.46564817428588867,0.3629373013973236,0.13347919285297394,0.6530901193618774,0.44802960753440857,0.019563332200050354,0.6510838270187378,0.40213894844055176,0.21062558889389038,0.7590237259864807,0.5754136443138123,-0.04582972452044487,0.7639344334602356,0.5429052710533142,0.06044088304042816,0.7554663419723511,0.5317704081535339,0.1130802258849144,0.4544273912906647,0.3691236972808838,0.12112541496753693,0.44271665811538696,0.37470704317092896,0.11532560735940933,0.43543103337287903,0.3782406449317932,0.11506979912519455,0.49335771799087524,0.3237825632095337,0.26083630323410034,0.433627724647522,0.3674149513244629,0.12116387486457825,0.4406236410140991,0.35803884267807007,0.1276858150959015,0.4510473310947418,0.34983551502227783,0.1398034393787384,0.4636179208755493,0.3443632125854492,0.1546616405248642,0.4734800159931183,0.34275639057159424,0.16696959733963013,0.49242687225341797,0.35562992095947266,0.42298877239227295,0.48072007298469543,0.3515021800994873,0.16489355266094208,0.6052995920181274,0.42622196674346924,-0.018836475908756256,0.5610398650169373,0.40716075897216797,-0.044676318764686584,0.5683741569519043,0.43919891119003296,-0.06737174093723297,0.7398854494094849,0.5061217546463013,0.09024416655302048,0.7451432943344116,0.5235286355018616,0.04008738696575165,0.7448626160621643,0.5610666871070862,-0.06286533921957016,0.7188780307769775,0.5078110098838806,0.2441265881061554,0.43191656470298767,0.3753388524055481,0.11669328808784485,0.47663041949272156,0.39028286933898926,-0.014223530888557434,0.7671365141868591,0.5561465620994568,0.005980275105684996,0.6559815406799316,0.42899227142333984,0.28667446970939636,0.6218076348304749,0.4702807068824768,-0.03256255015730858,0.6335922479629517,0.47064968943595886,-0.03769340366125107,0.6459748148918152,0.47314003109931946,-0.042118459939956665,0.6573681831359863,0.477996826171875,-0.03973757103085518,0.6927704811096191,0.5043624043464661,-0.02852007932960987,0.6356744766235352,0.44902533292770386,0.011411911807954311,0.6389762163162231,0.44284558296203613,0.01780129410326481,0.6409521102905273,0.4366975426673889,0.022797899320721626,0.6535688638687134,0.43526995182037354,0.0408819243311882,0.6479553580284119,0.40349578857421875,0.14074121415615082,0.45326489210128784,0.39047765731811523,0.015302182175219059,0.4159223139286041,0.3767557144165039,0.08224532008171082,0.4227187931537628,0.3740936815738678,0.10589901357889175,0.6321129202842712,0.4546971023082733,0.009793921373784542,0.690407931804657,0.4395526945590973,0.15860731899738312,0.4116405248641968,0.38162344694137573,0.03734823688864708,0.7070724964141846,0.515663206577301,-0.02179095707833767,0.45835697650909424,0.3890311121940613,-0.03569455072283745,0.5162860155105591,0.3939567804336548,-0.019130919128656387,0.6988824605941772,0.5364528894424438,-0.06489811837673187,0.6988884210586548,0.4732138514518738,0.0505991093814373,0.585506796836853,0.410455584526062,0.027465038001537323,0.7071374654769897,0.49525970220565796,0.015403879806399345,0.6107059121131897,0.3970445394515991,0.06961620599031448,0.6154111623764038,0.4147711396217346,0.04111144319176674,0.6482841372489929,0.41241395473480225,0.09230691939592361,0.7242233753204346,0.5463644862174988,-0.0655854120850563,0.532137393951416,0.39746251702308655,0.00026441458612680435,0.7198363542556763,0.4835793972015381,0.07263746112585068,0.7247715592384338,0.5062844157218933,0.02859487012028694,0.6841549873352051,0.4506193995475769,0.07556162774562836,0.6778871417045593,0.42512813210487366,0.1987764835357666,0.6989504098892212,0.45271456241607666,0.10763151198625565,0.6869483590126038,0.4530753493309021,0.2509905993938446,0.6474778652191162,0.4257342219352722,0.059508636593818665,0.49536025524139404,0.394056499004364,0.006061990279704332,0.5564318299293518,0.3984729051589966,-0.06839779764413834,0.5667435526847839,0.40135133266448975,-0.042864102870225906,0.5411604642868042,0.38995712995529175,-0.08849930763244629,0.4105655252933502,0.36124444007873535,0.09458285570144653,0.4206160008907318,0.3425721526145935,0.11264006048440933,0.43649211525917053,0.33057308197021484,0.13252374529838562,0.45431214570999146,0.3245140314102173,0.15713493525981903,0.47027087211608887,0.3248326778411865,0.18069592118263245,0.5006813406944275,0.3417099714279175,0.21291077136993408,0.579670786857605,0.38288915157318115,0.3363015055656433,0.518220067024231,0.3578116297721863,0.17365336418151855,0.5124310255050659,0.36678022146224976,0.143940269947052,0.4958280324935913,0.3756805956363678,0.1170731857419014,0.47603678703308105,0.3826572895050049,0.09892455488443375,0.4596861004829407,0.38698700070381165,0.08432157337665558,0.4473362863063812,0.3890670835971832,0.07655365765094757,0.562306821346283,0.41766488552093506,0.4368298053741455,0.568010151386261,0.40875887870788574,-0.03421300649642944,0.49717196822166443,0.38998743891716003,-0.03978343307971954,0.5494433045387268,0.3989335894584656,-0.0988411083817482,0.5456873774528503,0.41700130701065063,-0.10280612111091614,0.549804151058197,0.40636947751045227,-0.08851554989814758,0.5670210719108582,0.41795051097869873,-0.03534315153956413,0.5457733869552612,0.41733357310295105,-0.11169973015785217,0.5437103509902954,0.4287189543247223,-0.08957412093877792,0.43010973930358887,0.3819786012172699,0.09924887120723724,0.4321363866329193,0.3876282572746277,0.07107015699148178,0.4363480508327484,0.3904149532318115,0.04485753923654556,0.4798515737056732,0.3426480293273926,0.1775026172399521,0.48015978932380676,0.33464816212654114,0.185927614569664,0.26109403371810913,0.48920968174934387,-0.021747933700680733,0.2805594205856323,0.47463542222976685,-0.021747933700680733,0.24581359326839447,0.4818127453327179,-0.021747933700680733,0.24086779356002808,0.5041637420654297,-0.021747933700680733,0.275840699672699,0.4967973232269287,-0.021747933700680733,0.45735520124435425,0.35721638798713684,0.14270825684070587,0.4696190357208252,0.3490030765533447,0.14270825684070587,0.44373512268066406,0.349001944065094,0.14270825684070587,0.444505512714386,0.36518755555152893,0.14270825684070587,0.47055089473724365,0.36502838134765625,0.14270825684070587,0,0,0,0,0,1,0,0,0,0,0,0,0.04821145534515381,0.041735947132110596,0.10374031960964203,0.04884423315525055,0.02250809036195278,0.051249660551548004,0.06325171142816544,0.0721580982208252,0.06527320295572281,0.09634776413440704,1.030385971069336,0.17919355630874634,Happiness,-14.514999389648438,-50.2802734375
117,3.9,31.173336581284342,-14.148830866711782,0.8854194311247697,0.531555712223053,0.4458578824996948,-0.07957367599010468,0.4741424322128296,0.3748500943183899,-0.11053915321826935,0.49565693736076355,0.40870651602745056,-0.06980966031551361,0.4006637930870056,0.39587071537971497,-0.08438679575920105,0.45305135846138,0.36924827098846436,-0.11229319870471954,0.4274667501449585,0.3739439845085144,-0.0978720486164093,0.35886502265930176,0.39515215158462524,-0.02802632749080658,0.2656117081642151,0.5477822422981262,-0.0695764422416687,0.3149297833442688,0.39444807171821594,-0.00022134244500193745,0.29023826122283936,0.3873087763786316,0.005337407346814871,0.19883614778518677,0.3808368742465973,0.05424996465444565,0.5366571545600891,0.4460853338241577,-0.07904519140720367,0.5401723384857178,0.4463437497615814,-0.07477031648159027,0.5421484708786011,0.44647881388664246,-0.06793190538883209,0.6287958025932312,0.4555732011795044,-0.05735483765602112,0.6401897668838501,0.45711734890937805,-0.062219370156526566,0.6513264179229736,0.4587706923484802,-0.06839346140623093,0.6607900857925415,0.4595683515071869,-0.06743913888931274,0.6599150896072388,0.45073360204696655,-0.055292315781116486,0.4866555333137512,0.38640913367271423,-0.10327409207820892,0.4783097207546234,0.4133114814758301,-0.09085676819086075,0.1628657728433609,0.6496966481208801,-0.024021347984671593,0.3186744749546051,0.492044597864151,-0.04909216985106468,0.3113557696342468,0.5115163922309875,-0.06440471112728119,0.3003968596458435,0.5314916968345642,-0.07418929785490036,0.2664448916912079,0.5593394041061401,-0.07730845361948013,0.321442186832428,0.4757373332977295,-0.030299995094537735,0.23578990995883942,0.5095633268356323,-0.06300846487283707,0.2510232627391815,0.4880611002445221,-0.04182944819331169,0.22774691879749298,0.5320547819137573,-0.0743541270494461,0.2288234829902649,0.5486634969711304,-0.07784876972436905,0.274350106716156,0.5784755349159241,-0.0818290263414383,0.6632816195487976,0.5359348654747009,-0.09743352979421616,0.25192347168922424,0.5561849474906921,-0.06850515305995941,0.2541191279888153,0.6699219942092896,-0.04790496453642845,0.24211440980434418,0.6013943552970886,-0.07683506608009338,0.4159872531890869,0.5063454508781433,-0.09563738107681274,0.5122833251953125,0.46833187341690063,-0.09636231511831284,0.5262739658355713,0.4658021628856659,-0.09025368839502335,0.5021291971206665,0.49005475640296936,-0.10670941323041916,0.49989625811576843,0.5039199590682983,-0.1061316728591919,0.5162395238876343,0.4826374650001526,-0.09854641556739807,0.5113335847854614,0.494956910610199,-0.0950775146484375,0.573668360710144,0.5404171347618103,-0.09586870670318604,0.46755027770996094,0.3885701298713684,-0.11944572627544403,0.44641903042793274,0.38513749837875366,-0.12275157868862152,0.19514049589633942,0.5730810165405273,-0.09301456063985825,0.37867647409439087,0.4640751779079437,-0.05647215619683266,0.4457627236843109,0.4553781747817993,-0.10847312211990356,0.43269434571266174,0.4594835340976715,-0.10166885703802109,0.3881813883781433,0.5699824094772339,-0.12415998429059982,0.4227477014064789,0.3891969323158264,-0.1085686981678009,0.20112569630146027,0.5161601901054382,-0.07692897319793701,0.19194342195987701,0.5476359128952026,-0.08952195942401886,0.1373835951089859,0.600612223148346,-0.03232984617352486,0.27233389019966125,0.4317968189716339,-0.02680588886141777,0.27150020003318787,0.47133922576904297,-0.02294139191508293,0.5408589243888855,0.5490483641624451,-0.10459862649440765,0.49892014265060425,0.7351453304290771,-0.04083956778049469,0.46435320377349854,0.44734224677085876,-0.09083328396081924,0.4761396050453186,0.43533411622047424,-0.0791659876704216,0.5117616653442383,0.5184910893440247,-0.09303377568721771,0.516554594039917,0.5129375457763672,-0.08802025020122528,0.16978046298027039,0.5567991733551025,-0.08383495360612869,0.45479902625083923,0.4659896492958069,-0.09971458464860916,0.22585898637771606,0.47775161266326904,-0.05480487272143364,0.20582199096679688,0.47770604491233826,-0.056023724377155304,0.14188331365585327,0.48175156116485596,-0.02090107649564743,0.16138894855976105,0.5651999115943909,-0.0601612813770771,0.17850646376609802,0.46432554721832275,-0.03658299148082733,0.17508921027183533,0.5857462286949158,-0.08375414460897446,0.17992408573627472,0.6096831560134888,-0.05277615413069725,0.5201825499534607,0.46769192814826965,-0.09585627913475037,0.5096530914306641,0.48659956455230713,-0.10385552793741226,0.5056241750717163,0.4997386932373047,-0.1018458679318428,0.470247745513916,0.44710201025009155,-0.08246839046478271,0.5145058631896973,0.5156854391098022,-0.08953674137592316,0.53849196434021,0.5138447880744934,-0.089948870241642,0.5180384516716003,0.5104839205741882,-0.08687164634466171,0.46065735816955566,0.4231681227684021,-0.11266249418258667,0.5144834518432617,0.491197794675827,-0.09068994224071503,0.5200242400169373,0.4790761172771454,-0.09044966846704483,0.5301958322525024,0.46394675970077515,-0.08420964330434799,0.6476684808731079,0.47760143876075745,-0.07273099571466446,0.6374411582946777,0.48738306760787964,-0.0857149139046669,0.6294240951538086,0.4845837652683258,-0.08667383342981339,0.6195191144943237,0.48003318905830383,-0.08003024011850357,0.6105911731719971,0.47552749514579773,-0.0742979571223259,0.564280092716217,0.49827802181243896,-0.08296553045511246,0.5648607015609741,0.5034563541412354,-0.08702545613050461,0.5653883218765259,0.5097322463989258,-0.09249972552061081,0.5663496851921082,0.5146350860595703,-0.09400342404842377,0.5039238929748535,0.5065828561782837,-0.10565614700317383,0.3649940490722656,0.7416064739227295,-0.004600511398166418,0.49154049158096313,0.39819568395614624,-0.0808916911482811,0.5433420538902283,0.5044134259223938,-0.08393558859825134,0.5410365462303162,0.5091323256492615,-0.08719972521066666,0.4871060252189636,0.43177318572998047,-0.08245030790567398,0.4702836275100708,0.4691338837146759,-0.08008076250553131,0.48210132122039795,0.4332619905471802,-0.08084150403738022,0.3820401430130005,0.48589107394218445,-0.07139698415994644,0.38206470012664795,0.5157349705696106,-0.09500395506620407,0.4408923089504242,0.47010353207588196,-0.09493577480316162,0.12905411422252655,0.5445651412010193,-0.03338130936026573,0.15977750718593597,0.5173937678337097,-0.053870510309934616,0.1790304183959961,0.5205429792404175,-0.07339892536401749,0.5990055799484253,0.5254662036895752,-0.09445507824420929,0.23986035585403442,0.43086907267570496,-0.029692651703953743,0.20395581424236298,0.42171764373779297,-0.008935671299695969,0.16587954759597778,0.4294655919075012,0.00981901679188013,0.2840079069137573,0.5492302179336548,-0.0783110037446022,0.2791059613227844,0.6042906045913696,-0.09094780683517456,0.3207310140132904,0.46512728929519653,-0.019413897767663002,0.22724053263664246,0.5724973082542419,-0.08293819427490234,0.3710274398326874,0.44637128710746765,-0.050136156380176544,0.44184309244155884,0.43195638060569763,-0.11596150696277618,0.3096447288990021,0.6358358860015869,-0.09643073379993439,0.30647075176239014,0.5900264978408813,-0.10296391695737839,0.3332969844341278,0.5625302791595459,-0.10030732303857803,0.3510114848613739,0.5225038528442383,-0.07970932871103287,0.3556523323059082,0.4932694137096405,-0.058262575417757034,0.356707900762558,0.47137999534606934,-0.04300418123602867,0.3554293215274811,0.41183051466941833,-0.03888953477144241,0.36098915338516235,0.6407079696655273,-0.11354821920394897,0.2147587686777115,0.5892619490623474,-0.08589799702167511,0.48195260763168335,0.39383387565612793,-0.11071190983057022,0.40132269263267517,0.4615333378314972,-0.06870442628860474,0.25277233123779297,0.7158713340759277,0.00464596739038825,0.35458895564079285,0.45372700691223145,-0.03064710460603237,0.4414738714694977,0.4802393913269043,-0.07611691206693649,0.24635908007621765,0.5655720829963684,-0.07282109558582306,0.4274069368839264,0.4370143413543701,-0.1061783879995346,0.42855387926101685,0.7454364895820618,-0.019364992156624794,0.3112422525882721,0.4656864106655121,-0.01331279519945383,0.4224628508090973,0.41076692938804626,-0.11145170778036118,0.5805447697639465,0.6449966430664062,-0.09800807386636734,0.6090810298919678,0.6728183627128601,-0.0795828104019165,0.3604978621006012,0.6971792578697205,-0.0649464949965477,0.5353423953056335,0.676053524017334,-0.09572827816009521,0.21173213422298431,0.6413940191268921,-0.045097388327121735,0.6910204291343689,0.5498431324958801,-0.09969732165336609,0.48718616366386414,0.4044142961502075,-0.0848122164607048,0.4093351364135742,0.48316463828086853,-0.07747046649456024,0.23354743421077728,0.6229211091995239,-0.07409725338220596,0.287416934967041,0.5260095000267029,-0.06678546220064163,0.298247754573822,0.5087568759918213,-0.05901091545820236,0.5359528660774231,0.5182150602340698,-0.09212185442447662,0.41195017099380493,0.6521854996681213,-0.11326339840888977,0.7367656826972961,0.5209451913833618,-0.08368204534053802,0.6863980293273926,0.5963069200515747,-0.08815599977970123,0.6547023057937622,0.6316623091697693,-0.08496027439832687,0.23471976816654205,0.38121238350868225,0.029970109462738037,0.7515352368354797,0.48205018043518066,-0.054913491010665894,0.30426323413848877,0.4931972920894623,-0.04534955695271492,0.3079686760902405,0.47877296805381775,-0.030987633392214775,0.3104996085166931,0.4697932004928589,-0.019091717898845673,0.19807438552379608,0.6061681509017944,-0.07733350992202759,0.2863183915615082,0.47922876477241516,-0.02887081354856491,0.27036359906196594,0.4944077730178833,-0.04249092563986778,0.25977593660354614,0.5108423829078674,-0.05552060529589653,0.25323915481567383,0.5287653803825378,-0.06565748900175095,0.2518528401851654,0.5414394736289978,-0.06890092045068741,0.19901137053966522,0.6859878301620483,-0.006530908867716789,0.2765619456768036,0.5383514761924744,-0.06960631906986237,0.5110509991645813,0.410913348197937,-0.06843257695436478,0.4965483546257019,0.48327410221099854,-0.10003343969583511,0.4607812464237213,0.44208383560180664,-0.0948043093085289,0.5030733346939087,0.4362789988517761,-0.08771534264087677,0.3354986011981964,0.3998908996582031,-0.0060025048442184925,0.623555064201355,0.6146951913833618,-0.09507538378238678,0.6580380201339722,0.5849655866622925,-0.09603574126958847,0.7177605628967285,0.5096170902252197,-0.092719666659832,0.5603790283203125,0.7074868083000183,-0.0636398047208786,0.3025260865688324,0.4698757231235504,-0.01971948891878128,0.38400834798812866,0.4215194284915924,-0.06381474435329437,0.7335149645805359,0.4700082540512085,-0.06436623632907867,0.7142174243927002,0.559005081653595,-0.09347184002399445,0.4189247488975525,0.7044887542724609,-0.0731283575296402,0.5881590843200684,0.48896318674087524,-0.08132997900247574,0.592496395111084,0.494631290435791,-0.08680902421474457,0.5978091955184937,0.5009366273880005,-0.09297171235084534,0.6041778922080994,0.5055570602416992,-0.09380469471216202,0.6248049736022949,0.5049352049827576,-0.09009280055761337,0.5110412240028381,0.5051142573356628,-0.09257930517196655,0.506637692451477,0.5096189379692078,-0.09752175956964493,0.5016337037086487,0.5135766267776489,-0.10128112137317657,0.518876850605011,0.5293108820915222,-0.10792995989322662,0.43403416872024536,0.6083254218101501,-0.126071959733963,0.36185041069984436,0.4282900094985962,-0.04220622777938843,0.305896520614624,0.4446913003921509,-0.002993050729855895,0.2994716167449951,0.45907169580459595,-0.011789544485509396,0.513649582862854,0.5013681054115295,-0.08924907445907593,0.496867835521698,0.6385168433189392,-0.11179459095001221,0.32027432322502136,0.4238765835762024,-0.014497412368655205,0.641543447971344,0.5222080945968628,-0.09106367081403732,0.40451738238334656,0.3817054033279419,-0.07344034314155579,0.37929537892341614,0.40402984619140625,-0.06043978035449982,0.382686972618103,0.3885258138179779,-0.049173153936862946,0.4112081527709961,0.4381783604621887,-0.08072739839553833,0.7067205905914307,0.4609711468219757,-0.06730721145868301,0.6796587705612183,0.45618775486946106,-0.06046973913908005,0.6663171052932739,0.48814743757247925,-0.07975823432207108,0.5762235522270203,0.5632967352867126,-0.10018599033355713,0.4517833888530731,0.5001158714294434,-0.0878508910536766,0.6120968461036682,0.5471905469894409,-0.09564734995365143,0.4301014542579651,0.5414745211601257,-0.1167624220252037,0.4676049053668976,0.5204015970230103,-0.10399359464645386,0.4624207019805908,0.5732343196868896,-0.12182487547397614,0.6913838982582092,0.49797457456588745,-0.09288100898265839,0.4181479215621948,0.45919331908226013,-0.0799994170665741,0.5921199321746826,0.5905020236968994,-0.10207545012235641,0.6300029754638672,0.5653589963912964,-0.0967889279127121,0.5369357466697693,0.5708568692207336,-0.11225049942731857,0.45796436071395874,0.6604875326156616,-0.10880579054355621,0.5345274209976196,0.6072435975074768,-0.11351655423641205,0.4771353304386139,0.7004947066307068,-0.08421049267053604,0.4930204153060913,0.5450504422187805,-0.11315824836492538,0.39238375425338745,0.44158947467803955,-0.06614969670772552,0.454691082239151,0.4264366924762726,-0.1180119514465332,0.45571643114089966,0.44968581199645996,-0.10485473275184631,0.44301170110702515,0.40717625617980957,-0.122832752764225,0.27534133195877075,0.45529666543006897,-0.018001791089773178,0.24227096140384674,0.4836727976799011,-0.04431750997900963,0.22304405272006989,0.5117880702018738,-0.06738332659006119,0.2143636792898178,0.5378045439720154,-0.08247843384742737,0.21496258676052094,0.5583401918411255,-0.08705230802297592,0.24596969783306122,0.5809932351112366,-0.07579925656318665,0.3056056797504425,0.6860718727111816,-0.060053501278162,0.29243847727775574,0.5672995448112488,-0.08524775505065918,0.3140772581100464,0.545726478099823,-0.08126005530357361,0.32876330614089966,0.5179007649421692,-0.06908143311738968,0.33595144748687744,0.4921960234642029,-0.05016322806477547,0.33829495310783386,0.47291719913482666,-0.031755480915308,0.33893996477127075,0.4588475525379181,-0.020782306790351868,0.3082412779331207,0.7315901517868042,0.005275112111121416,0.4617227613925934,0.4566081762313843,-0.09595698863267899,0.4037470519542694,0.41505101323127747,-0.08514691889286041,0.46033942699432373,0.404352605342865,-0.12100660800933838,0.47457370162010193,0.4058610796928406,-0.10677801817655563,0.46444520354270935,0.41116979718208313,-0.11290492862462997,0.47002112865448,0.45812588930130005,-0.08509960025548935,0.4779868721961975,0.4002183675765991,-0.1100756898522377,0.48354822397232056,0.40977147221565247,-0.0877910777926445,0.31682246923446655,0.457855224609375,-0.007884522899985313,0.33196473121643066,0.4465712308883667,-0.00942248199135065,0.3438597619533539,0.4386843144893646,-0.01992340385913849,0.25191888213157654,0.5496597290039062,-0.06972059607505798,0.23368027806282043,0.5611744523048401,-0.07707396149635315,0.41333267092704773,0.3729492425918579,-0.05066685006022453,0.406747967004776,0.3664202094078064,0.17252151668071747,0.4931096136569977,0.38793325424194336,-0.06538412719964981,0.3470486104488373,0.35563987493515015,0.357193261384964,0.4050963521003723,0.38830116391181946,0.10739656537771225,0.411931574344635,0.38287556171417236,0.1236126720905304,0.4159139096736908,0.37683290243148804,0.1424916684627533,0.40910834074020386,0.3707910180091858,0.1786961555480957,0.3974984884262085,0.39048758149147034,0.09329432249069214,0.3749863803386688,0.35918012261390686,0.13064154982566833,0.37043437361717224,0.36648768186569214,0.11127478629350662,0.38124972581863403,0.35492387413978577,0.14998289942741394,0.38835930824279785,0.3553571105003357,0.1655116230249405,0.417525053024292,0.3721453845500946,0.19380046427249908,0.7009491324424744,0.42358461022377014,0.016889959573745728,0.4030873775482178,0.364432692527771,0.18472227454185486,0.428536057472229,0.3652200996875763,0.33323583006858826,0.40398648381233215,0.3655168414115906,0.23342078924179077,0.4909633994102478,0.3649819493293762,0.0626048743724823,0.5397461652755737,0.422467976808548,-0.055756743997335434,0.5494390726089478,0.426768958568573,-0.052660949528217316,0.554255485534668,0.4027184247970581,-0.022556059062480927,0.5679342150688171,0.39027613401412964,0.009686565957963467,0.5591543316841125,0.41119295358657837,-0.02533874101936817,0.5694397687911987,0.3997099995613098,0.0025726233143359423,0.6376204490661621,0.39475828409194946,0.05221758782863617,0.47976312041282654,0.36678236722946167,-0.09769546985626221,0.4604164958000183,0.3599897623062134,-0.09689541161060333,0.3733423054218292,0.3399510681629181,0.1965622901916504,0.425065279006958,0.38047218322753906,0.04654629901051521,0.49174219369888306,0.3631274402141571,-0.011343458667397499,0.48011812567710876,0.3648362159729004,-0.0015908171189948916,0.5073457956314087,0.348513126373291,0.13792115449905396,0.43583428859710693,0.3649342656135559,-0.0754953995347023,0.3551303744316101,0.33847659826278687,0.1245587021112442,0.3637044131755829,0.33598387241363525,0.1628505438566208,0.313219279050827,0.33889737725257874,0.3082638680934906,0.34766146540641785,0.36639291048049927,0.03951040282845497,0.3700008690357208,0.3750426173210144,0.1018744707107544,0.6174914836883545,0.38405245542526245,0.07448849827051163,0.6318789124488831,0.43251049518585205,0.3204673230648041,0.49883806705474854,0.37762194871902466,-0.019133225083351135,0.4987916350364685,0.38922643661499023,-0.04354419931769371,0.5974564552307129,0.3776599168777466,0.06185082346200943,0.595883846282959,0.3841709494590759,0.04781229794025421,0.3518572747707367,0.32951420545578003,0.1845002919435501,0.5005843639373779,0.37084561586380005,-0.004211625549942255,0.34829995036125183,0.3472270369529724,0.08281859010457993,0.3347703218460083,0.33934342861175537,0.08622147142887115,0.25187140703201294,0.3347809910774231,0.17342939972877502,0.32348763942718506,0.3289194107055664,0.23665887117385864,0.2756023705005646,0.33646512031555176,0.1279432773590088,0.3623006343841553,0.3361002802848816,0.22697803378105164,0.35363876819610596,0.3398994505405426,0.28481775522232056,0.5460604429244995,0.4242563843727112,-0.055600155144929886,0.5576228499412537,0.4066711664199829,-0.024525659158825874,0.5691887140274048,0.39432579278945923,0.003831608686596155,0.5002709031105042,0.38371899724006653,-0.02360895648598671,0.5970174074172974,0.38093411922454834,0.05343278869986534,0.6155132055282593,0.3859120011329651,0.0307459719479084,0.5948002338409424,0.3867936432361603,0.044999655336141586,0.48942428827285767,0.3707885146141052,-0.04670869559049606,0.5683023929595947,0.40399056673049927,0.00198041251860559,0.5589272379875183,0.4150516092777252,-0.021461691707372665,0.5507750511169434,0.42940372228622437,-0.045579180121421814,0.665287971496582,0.43159031867980957,-0.035293370485305786,0.6693994998931885,0.4311743974685669,-0.044458769261837006,0.65999835729599,0.4318665862083435,-0.04408342018723488,0.6474531888961792,0.4331821799278259,-0.037349190562963486,0.6353712677955627,0.4347551763057709,-0.03390815854072571,0.62164306640625,0.4054526686668396,0.01018778420984745,0.6269921064376831,0.4007755517959595,0.006014078855514526,0.6337612867355347,0.3950139284133911,0.0042009963653981686,0.6394052505493164,0.3903273642063141,0.01027727872133255,0.5654184222221375,0.3748462200164795,0.028268001973628998,0.5278011560440063,0.4192185699939728,0.3983043432235718,0.609832763671875,0.39642852544784546,0.031404100358486176,0.6129997372627258,0.3910502791404724,0.028791138902306557,0.5046424865722656,0.39472395181655884,-0.0472530759871006,0.5104256868362427,0.3824409246444702,-0.003562827128916979,0.5018913745880127,0.3919948935508728,-0.04622470214962959,0.44381609559059143,0.37388086318969727,0.06624623388051987,0.4679284691810608,0.3607596158981323,0.09140539914369583,0.4902380704879761,0.36934375762939453,0.008748294785618782,0.28137388825416565,0.33102184534072876,0.24377916753292084,0.2979147136211395,0.3283393979072571,0.18500903248786926,0.341819703578949,0.3302854299545288,0.13944749534130096,0.6491755247116089,0.4031245708465576,0.027680911123752594,0.3279317617416382,0.3536040782928467,0.042987238615751266,0.2563950717449188,0.3539571166038513,0.07699515670537949,0.2262469083070755,0.3502857983112335,0.10769025981426239,0.4148992896080017,0.37324970960617065,0.16270498931407928,0.4263659715652466,0.37474364042282104,0.21592119336128235,0.39150261878967285,0.39111870527267456,0.09075150638818741,0.39125388860702515,0.3560672402381897,0.19718019664287567,0.4067574143409729,0.3830147981643677,0.03197632357478142,0.4799083471298218,0.3600246012210846,-0.03758281096816063,0.46928542852401733,0.34855619072914124,0.25259163975715637,0.44190889596939087,0.37638118863105774,0.18575002253055573,0.4498320519924164,0.37934643030166626,0.14466847479343414,0.44192662835121155,0.3869028687477112,0.10774819552898407,0.4289323687553406,0.39290153980255127,0.08423570543527603,0.41797202825546265,0.3949217200279236,0.06359080225229263,0.37080103158950806,0.3860996961593628,-0.0040441821329295635,0.5146048665046692,0.35067272186279297,0.2352149933576584,0.3865041434764862,0.35194525122642517,0.2201136350631714,0.489574670791626,0.3807961046695709,-0.09329310804605484,0.4454876184463501,0.37811368703842163,0.03084554523229599,0.4285356402397156,0.3979873061180115,0.41775691509246826,0.4072246253490448,0.39500826597213745,0.052558235824108124,0.49213463068008423,0.3758280873298645,0.028142821043729782,0.40144896507263184,0.3652909994125366,0.1933780014514923,0.4658825397491455,0.3630562126636505,-0.026517461985349655,0.5799622535705566,0.42565444111824036,0.3665667176246643,0.3865704834461212,0.38916850090026855,0.10169447213411331,0.4486219584941864,0.36218729615211487,-0.053284019231796265,0.6731708645820618,0.4045061469078064,0.16204650700092316,0.6968153715133667,0.43187153339385986,0.19341214001178741,0.5258488655090332,0.37599247694015503,0.3164687752723694,0.6506068706512451,0.40006592869758606,0.21096865832805634,0.3869341015815735,0.3538020849227905,0.3170081675052643,0.7268240451812744,0.43007659912109375,0.024335308000445366,0.49353325366973877,0.39390331506729126,-0.07428378611803055,0.4667937755584717,0.37413930892944336,0.045579250901937485,0.40192729234695435,0.36877959966659546,0.26768869161605835,0.4086090326309204,0.37229758501052856,0.146005779504776,0.40490326285362244,0.37784481048583984,0.1293603628873825,0.6176304817199707,0.3813033699989319,0.03750351816415787,0.5579261779785156,0.3598925471305847,0.2231493890285492,0.7544590830802917,0.4557911157608032,-0.01262468472123146,0.7335203289985657,0.4372464418411255,0.08770674467086792,0.7184917330741882,0.4340609908103943,0.1364179104566574,0.3988463878631592,0.38264602422714233,0.11540310084819794,0.3918781280517578,0.3858872652053833,0.10734374821186066,0.3883272707462311,0.3881882429122925,0.10473398864269257,0.37737470865249634,0.35139042139053345,0.2530493140220642,0.384144127368927,0.3790629506111145,0.11137482523918152,0.38578855991363525,0.3722681999206543,0.12019059807062149,0.3891885578632355,0.3663758635520935,0.13381607830524445,0.394392192363739,0.3621816039085388,0.15003694593906403,0.39903393387794495,0.36186546087265015,0.16254328191280365,0.38273853063583374,0.3749924898147583,0.3964967429637909,0.4085147976875305,0.3685377836227417,0.16130290925502777,0.5442929267883301,0.3781939148902893,0.0016124664107337594,0.4962034821510315,0.3731229305267334,-0.026554731652140617,0.5230082273483276,0.39377614855766296,-0.04604475945234299,0.6952093839645386,0.41210728883743286,0.11511696130037308,0.7098017930984497,0.4225524663925171,0.06994891166687012,0.737321138381958,0.44434142112731934,-0.025150517001748085,0.6706348657608032,0.43368369340896606,0.25868460536003113,0.3853485584259033,0.38503825664520264,0.1060008555650711,0.4091106355190277,0.3770236372947693,-0.00847932044416666,0.746554970741272,0.44266581535339355,0.03688722476363182,0.5734149813652039,0.3850952982902527,0.2925046384334564,0.631969153881073,0.41824448108673096,-0.010921943001449108,0.6412990689277649,0.41403019428253174,-0.013631606474518776,0.6514674425125122,0.4101454019546509,-0.016292907297611237,0.6609797477722168,0.4070427119731903,-0.01333935558795929,0.6595340371131897,0.4147655963897705,-0.0009985505603253841,0.5813032388687134,0.3907357454299927,0.028081823140382767,0.5818167328834534,0.38569796085357666,0.03457838296890259,0.5811843872070312,0.3813067376613617,0.03980127349495888,0.5911383628845215,0.3765147924423218,0.05797867476940155,0.5590590238571167,0.3580717146396637,0.15741440653800964,0.38725170493125916,0.38505250215530396,0.015022417530417442,0.37118977308273315,0.38580137491226196,0.06964072585105896,0.3760779798030853,0.38515400886535645,0.09406236559152603,0.5797349214553833,0.39472025632858276,0.02658150903880596,0.6152748465538025,0.37641358375549316,0.1764407753944397,0.3701074421405792,0.38549500703811646,0.028444573283195496,0.6768736839294434,0.42180386185646057,0.007906324230134487,0.39316439628601074,0.37919527292251587,-0.030706845223903656,0.4467819333076477,0.37194380164146423,-0.007648685481399298,0.6839069128036499,0.43640509247779846,-0.032215416431427,0.6467692255973816,0.39465802907943726,0.07137082517147064,0.5142810344696045,0.3731909394264221,0.04217861592769623,0.6652576923370361,0.4082779884338379,0.04063839837908745,0.5264028906822205,0.35711511969566345,0.08633642643690109,0.542787492275238,0.3687646985054016,0.05756194889545441,0.5671578645706177,0.3615593910217285,0.1100655049085617,0.7114911079406738,0.43756622076034546,-0.02986423298716545,0.4620967209339142,0.3739379346370697,0.01209785882383585,0.6672496795654297,0.39800286293029785,0.09568566828966141,0.6841365098953247,0.4131301939487457,0.05624484270811081,0.6225659847259521,0.38204485177993774,0.09486231952905655,0.5945479869842529,0.3705573081970215,0.21381166577339172,0.6320233345031738,0.3815242350101471,0.12754972279071808,0.6157028079032898,0.39423152804374695,0.263340026140213,0.5780158042907715,0.3705153465270996,0.07716857641935349,0.4270712435245514,0.37792304158210754,0.012735906057059765,0.4877623915672302,0.364655464887619,-0.04659748822450638,0.4971035122871399,0.36707690358161926,-0.022950582206249237,0.4693438708782196,0.3584248423576355,-0.06593409180641174,0.36120879650115967,0.37344205379486084,0.08209087699651718,0.36190304160118103,0.35983604192733765,0.10266394168138504,0.36744096875190735,0.3510269522666931,0.12554900348186493,0.3744717836380005,0.3462774157524109,0.15238377451896667,0.3824502229690552,0.34824448823928833,0.17614297568798065,0.40283021330833435,0.3659608066082001,0.20818474888801575,0.4776191711425781,0.3693264126777649,0.3305816054344177,0.42647403478622437,0.374402791261673,0.17411720752716064,0.42998144030570984,0.37839552760124207,0.14486223459243774,0.4253808259963989,0.38508397340774536,0.11738825589418411,0.4155566096305847,0.3912382125854492,0.09672363102436066,0.40626123547554016,0.39375847578048706,0.07952030748128891,0.39865633845329285,0.39457130432128906,0.06973970681428909,0.4766254425048828,0.41260379552841187,0.41781914234161377,0.5017781853675842,0.3738236129283905,-0.015448657795786858,0.42830726504325867,0.3704766631126404,-0.02792198210954666,0.48274505138397217,0.3636375665664673,-0.07552442699670792,0.4898861348628998,0.3796885907649994,-0.08053095638751984,0.48727986216545105,0.3711009621620178,-0.06640347838401794,0.505379319190979,0.3821071982383728,-0.01743401028215885,0.49051010608673096,0.37906017899513245,-0.08858422189950943,0.49447351694107056,0.3907281756401062,-0.06979180127382278,0.3850727677345276,0.3909209966659546,0.08799541741609573,0.3874721825122833,0.3937138319015503,0.061572711914777756,0.3921351134777069,0.39288628101348877,0.038544487208127975,0.401630699634552,0.36280977725982666,0.1728561669588089,0.3944326937198639,0.35851362347602844,0.18156908452510834,0.27610504627227783,0.5043211579322815,-0.04956917464733124,0.2875097393989563,0.48360899090766907,-0.04956917464733124,0.2578744888305664,0.5003805160522461,-0.04956917464733124,0.264276385307312,0.5249385237693787,-0.04956917464733124,0.2937160134315491,0.5083809494972229,-0.04956917464733124,0.38561150431632996,0.3710162043571472,0.13624417781829834,0.3916703760623932,0.3641932010650635,0.13624417781829834,0.370798796415329,0.3659934997558594,0.13624417781829834,0.3789609968662262,0.3781827688217163,0.13624417781829834,0.39984768629074097,0.37623918056488037,0.13624417781829834,0,0,0,0,0,1,1,0,0,0,0,0,0.18511635065078735,0.0940767377614975,0.13377325236797333,0.0956389456987381,0.03693264350295067,0.07073160260915756,0.1519494354724884,0.07580029964447021,0.09758433699607849,0.13600030541419983,0.8208506107330322,0.31206461787223816,Sadness,-23.98115348815918,-0.5117597579956055
118,3.933333333333333,24.549687432504665,-13.569225865995392,1.02159556865242,0.5183678865432739,0.46157029271125793,-0.057449426501989365,0.47001540660858154,0.4004121720790863,-0.10322397947311401,0.4891456365585327,0.4278614819049835,-0.055520106106996536,0.3946821987628937,0.424318790435791,-0.09022693336009979,0.44898685812950134,0.3968066871166229,-0.10890177637338638,0.42123350501060486,0.4020228385925293,-0.10024167597293854,0.3430660367012024,0.4239080548286438,-0.04922974482178688,0.30438321828842163,0.5818018913269043,-0.07542121410369873,0.2921600937843323,0.4260726571083069,-0.034688837826251984,0.26551154255867004,0.4216490387916565,-0.0370522141456604,0.16123294830322266,0.42135974764823914,-0.010130434297025204,0.5265466570854187,0.4606342017650604,-0.055163994431495667,0.533435583114624,0.45919063687324524,-0.049022551625967026,0.5373433828353882,0.45749297738075256,-0.03822721540927887,0.6263262033462524,0.4545440971851349,-0.031623996794223785,0.6372109651565552,0.4548891484737396,-0.03175710141658783,0.6480889320373535,0.45462605357170105,-0.034819651395082474,0.6589117050170898,0.4526284635066986,-0.029555508866906166,0.6461829543113708,0.4489676058292389,-0.009719569236040115,0.48112744092941284,0.40952447056770325,-0.09396352618932724,0.4756346344947815,0.4358798563480377,-0.0786445140838623,0.17619280517101288,0.6872825622558594,-0.04437690228223801,0.3371831774711609,0.5262917280197144,-0.058315567672252655,0.3342580497264862,0.5458819270133972,-0.07072542607784271,0.32755398750305176,0.5654596090316772,-0.07854097336530685,0.3070821166038513,0.5917066931724548,-0.08035588264465332,0.3357509672641754,0.5097596049308777,-0.042627498507499695,0.26623502373695374,0.5459427833557129,-0.07863375544548035,0.27532580494880676,0.5247868299484253,-0.06149096414446831,0.2629842460155487,0.5673296451568604,-0.08681963384151459,0.26738986372947693,0.5829877257347107,-0.08793219178915024,0.313275009393692,0.6088696122169495,-0.08106838166713715,0.6599669456481934,0.5262691378593445,-0.036717724055051804,0.2957614064216614,0.5891899466514587,-0.0747857615351677,0.27244988083839417,0.6931422352790833,-0.04357308894395828,0.2885577380657196,0.6292437314987183,-0.07772752642631531,0.42587602138519287,0.5246318578720093,-0.08077581971883774,0.5086774826049805,0.47998934984207153,-0.07175782322883606,0.5283262729644775,0.47426724433898926,-0.06236480176448822,0.5091668367385864,0.49628764390945435,-0.07944933325052261,0.5160353183746338,0.5044044852256775,-0.07836106419563293,0.5262628197669983,0.48663562536239624,-0.06997521221637726,0.5280064344406128,0.4940830171108246,-0.0667664110660553,0.5895009636878967,0.534588634967804,-0.05848992243409157,0.4662852883338928,0.4143766164779663,-0.11074896156787872,0.44569170475006104,0.41271480917930603,-0.11766398698091507,0.23543639481067657,0.6057651042938232,-0.10640091449022293,0.3744574785232544,0.48889556527137756,-0.060089241713285446,0.451539009809494,0.4753989279270172,-0.0955192893743515,0.4378233551979065,0.47970059514045715,-0.09074558317661285,0.4097094237804413,0.5861607193946838,-0.10390957444906235,0.4197581708431244,0.4174668490886688,-0.10857804864645004,0.22716538608074188,0.5530087947845459,-0.10105320811271667,0.22600015997886658,0.5824222564697266,-0.10872196406126022,0.14561840891838074,0.6444263458251953,-0.06370493024587631,0.27179527282714844,0.4702094495296478,-0.057164210826158524,0.28955116868019104,0.5076637864112854,-0.04376906901597977,0.5631453990936279,0.5448238849639893,-0.06881310790777206,0.5102357864379883,0.7169368863105774,0.011283451691269875,0.46710827946662903,0.46616822481155396,-0.07744815200567245,0.47613009810447693,0.4544239938259125,-0.06521400064229965,0.538468062877655,0.5058890581130981,-0.06159885972738266,0.5409582853317261,0.5004876852035522,-0.05872251093387604,0.20786486566066742,0.5910057425498962,-0.10570526868104935,0.46071210503578186,0.4830482602119446,-0.08466829359531403,0.2400120049715042,0.5166239142417908,-0.08292559534311295,0.22080127894878387,0.5168594121932983,-0.08829858154058456,0.13052015006542206,0.5301653146743774,-0.07073289901018143,0.1686791628599167,0.6113037467002869,-0.08758806437253952,0.1699678748846054,0.5120638012886047,-0.08056214451789856,0.22050996124744415,0.6174524426460266,-0.09856504201889038,0.19184063374996185,0.6499837636947632,-0.0718107596039772,0.5196385383605957,0.4778323173522949,-0.0698617473244667,0.5183489322662354,0.4921652674674988,-0.07600889354944229,0.5219553112983704,0.49985426664352417,-0.07373964786529541,0.47214871644973755,0.4650186002254486,-0.0687011107802391,0.5401461720466614,0.503163754940033,-0.05941208079457283,0.56108558177948,0.5004305839538574,-0.059494465589523315,0.5411783456802368,0.49845612049102783,-0.05782878026366234,0.46165457367897034,0.4462472200393677,-0.10166553407907486,0.5302589535713196,0.48940396308898926,-0.060372717678546906,0.5303127765655518,0.4816334843635559,-0.059230297803878784,0.5334283113479614,0.4707365036010742,-0.05286603793501854,0.641335666179657,0.4737548530101776,-0.025443222373723984,0.6448652744293213,0.47529709339141846,-0.04631438106298447,0.6349769830703735,0.47510483860969543,-0.05129349231719971,0.625302791595459,0.47283312678337097,-0.04813672974705696,0.6163067817687988,0.470295786857605,-0.04679674655199051,0.580713152885437,0.4882441461086273,-0.05557890981435776,0.5820927619934082,0.49186986684799194,-0.05651300027966499,0.5841549038887024,0.4962165355682373,-0.05980188772082329,0.587047815322876,0.499493271112442,-0.0593375638127327,0.5187023282051086,0.5122196674346924,-0.08024364709854126,0.38182002305984497,0.7415655255317688,0.024286583065986633,0.4853070378303528,0.4192746579647064,-0.06888408213853836,0.5632453560829163,0.4931061267852783,-0.056396663188934326,0.5621528625488281,0.4966605007648468,-0.057825490832328796,0.48605620861053467,0.4496856927871704,-0.06560824811458588,0.47546303272247314,0.48373720049858093,-0.06309186667203903,0.4814967215061188,0.4518586993217468,-0.06573609262704849,0.3828431963920593,0.5089285373687744,-0.06868875026702881,0.3921447992324829,0.5374967455863953,-0.08515077084302902,0.44666028022766113,0.48777395486831665,-0.08181487023830414,0.12910687923431396,0.5924288034439087,-0.07447923719882965,0.15991735458374023,0.566072940826416,-0.08960789442062378,0.20729869604110718,0.5574466586112976,-0.10155794024467468,0.6077842712402344,0.5193548798561096,-0.05370214208960533,0.24116066098213196,0.47090715169906616,-0.06653270125389099,0.18652616441249847,0.466428279876709,-0.059788353741168976,0.14221887290477753,0.4750649333000183,-0.047435346990823746,0.3184618055820465,0.5824692845344543,-0.08130176365375519,0.3201889991760254,0.6315475702285767,-0.08507023006677628,0.33277177810668945,0.4988901615142822,-0.033799994736909866,0.2694973051548004,0.604233980178833,-0.09076764434576035,0.3635522425174713,0.47302913665771484,-0.05787353217601776,0.44590264558792114,0.4557856321334839,-0.10614355653524399,0.3315640687942505,0.6570314168930054,-0.08348853886127472,0.33955031633377075,0.6202854514122009,-0.09435421973466873,0.3553686738014221,0.5953240990638733,-0.09320121258497238,0.3641752302646637,0.5563121438026428,-0.07676824182271957,0.3642875552177429,0.5269341468811035,-0.060685258358716965,0.3609331250190735,0.5046777129173279,-0.050481654703617096,0.34293317794799805,0.4409949481487274,-0.05680598318576813,0.38623207807540894,0.6534582376480103,-0.08987285941839218,0.2593105435371399,0.6195473074913025,-0.09380243718624115,0.4783468246459961,0.4174543619155884,-0.10016168653964996,0.4002217650413513,0.4840839207172394,-0.06642531603574753,0.2703017592430115,0.7353063821792603,0.009918642230331898,0.3549429774284363,0.4868866205215454,-0.042616017162799835,0.4468229115009308,0.49626439809799194,-0.0630359873175621,0.2910090684890747,0.5978100299835205,-0.07800238579511642,0.43021172285079956,0.4609207808971405,-0.09923308342695236,0.44378337264060974,0.7356216907501221,0.021090220659971237,0.3256330192089081,0.499500036239624,-0.02958611212670803,0.4221266508102417,0.4377829134464264,-0.10814218968153,0.5911413431167603,0.6303298473358154,-0.03947338089346886,0.614285945892334,0.6520572304725647,-0.017225362360477448,0.38245639204978943,0.7026869058609009,-0.03701598942279816,0.5486840009689331,0.6610592603683472,-0.03940192610025406,0.2269791066646576,0.6738887429237366,-0.05350489914417267,0.6848138570785522,0.5371918082237244,-0.03073771856725216,0.48265427350997925,0.42598122358322144,-0.0722351223230362,0.41281235218048096,0.503119170665741,-0.06948541104793549,0.2858808636665344,0.6473509073257446,-0.07234455645084381,0.31751710176467896,0.5612336993217468,-0.07369326800107956,0.32322850823402405,0.5439776182174683,-0.0675429105758667,0.5606385469436646,0.5040018558502197,-0.060180045664310455,0.43599626421928406,0.6552302241325378,-0.07893140614032745,0.7210663557052612,0.5072275996208191,-0.013786396011710167,0.6832757592201233,0.5796437859535217,-0.02212490141391754,0.6559053659439087,0.6130281090736389,-0.021219270303845406,0.20545245707035065,0.4213613271713257,-0.02697688713669777,0.7272581458091736,0.46880611777305603,0.01130624208599329,0.3254488706588745,0.52824467420578,-0.0563790388405323,0.3255254328250885,0.5136045813560486,-0.044177740812301636,0.325836181640625,0.5042173266410828,-0.03414637967944145,0.24876046180725098,0.634239673614502,-0.08486974239349365,0.30936771631240845,0.5144031643867493,-0.04634080082178116,0.3004615306854248,0.5303677320480347,-0.0589483380317688,0.2948918342590332,0.5463577508926392,-0.06969307363033295,0.292254775762558,0.5634778738021851,-0.0771126002073288,0.29286080598831177,0.5755549669265747,-0.07841943204402924,0.21552999317646027,0.7159298658370972,-0.014921284280717373,0.3110128343105316,0.5730953216552734,-0.07561322301626205,0.5040764808654785,0.4281540513038635,-0.051242027431726456,0.5062617659568787,0.49309074878692627,-0.07629306614398956,0.4636373519897461,0.4623258709907532,-0.08331099152565002,0.5031562447547913,0.4517386555671692,-0.06728574633598328,0.31470727920532227,0.4293784499168396,-0.03412686660885811,0.6292858123779297,0.601003885269165,-0.03350820019841194,0.6583166122436523,0.5714131593704224,-0.03048633597791195,0.704258143901825,0.4986358880996704,-0.022842124104499817,0.5678339004516602,0.6860899925231934,-0.004902305547147989,0.31926286220550537,0.5041617751121521,-0.03676189109683037,0.3776775598526001,0.44914743304252625,-0.07191041111946106,0.7111679315567017,0.46033430099487305,0.0019347540801391006,0.7056699991226196,0.5439591407775879,-0.024534350261092186,0.43902307748794556,0.7003872990608215,-0.03371329605579376,0.5999913215637207,0.48087021708488464,-0.05349386855959892,0.6047399044036865,0.48445218801498413,-0.05521494150161743,0.6109122633934021,0.48831915855407715,-0.05882701277732849,0.6193039417266846,0.4905432462692261,-0.05666429549455643,0.6264616250991821,0.4992736876010895,-0.04585016518831253,0.5326439142227173,0.49863117933273315,-0.0640990287065506,0.5291368961334229,0.5032559037208557,-0.06895822286605835,0.5244666337966919,0.5073762536048889,-0.07238103449344635,0.5387088060379028,0.5295482277870178,-0.07915931940078735,0.4567924737930298,0.6126304864883423,-0.09293980896472931,0.3516692817211151,0.4564656615257263,-0.05554928258061409,0.3123035132884979,0.4792645275592804,-0.026539063081145287,0.31196391582489014,0.49350160360336304,-0.03218750283122063,0.5335105061531067,0.49491405487060547,-0.059811778366565704,0.5157845616340637,0.6315715909004211,-0.06580600142478943,0.3169457018375397,0.458645224571228,-0.03912902623414993,0.6407442092895508,0.5144336819648743,-0.03849833458662033,0.3954528868198395,0.4099002182483673,-0.08217776566743851,0.3704952299594879,0.4328056275844574,-0.0733971819281578,0.37050750851631165,0.41693222522735596,-0.06476212292909622,0.4102429151535034,0.46265241503715515,-0.07956653833389282,0.6870805025100708,0.454582154750824,-0.00709575554355979,0.662975549697876,0.45242130756378174,-0.00710834376513958,0.6574915051460266,0.4821818172931671,-0.02400938794016838,0.5905575752258301,0.5579631924629211,-0.056564971804618835,0.4610665440559387,0.5142237544059753,-0.06998303532600403,0.618950366973877,0.5399552583694458,-0.04714516922831535,0.4477975070476532,0.5543554425239563,-0.09275958687067032,0.4820186495780945,0.5305282473564148,-0.08069726824760437,0.48326826095581055,0.5782098770141602,-0.08946923166513443,0.6803867816925049,0.48983022570610046,-0.029521001502871513,0.419616162776947,0.48041248321533203,-0.0742107480764389,0.6036177277565002,0.5822807550430298,-0.04959715157747269,0.6339573860168457,0.555729329586029,-0.03933783248066902,0.5571713447570801,0.5677922964096069,-0.07168211787939072,0.47911572456359863,0.6561615467071533,-0.06588751077651978,0.5525014400482178,0.6009758710861206,-0.06805463880300522,0.4939078688621521,0.6894099712371826,-0.03427445888519287,0.5130751132965088,0.5486273765563965,-0.08334928750991821,0.3884417712688446,0.4669998288154602,-0.0690489262342453,0.45739567279815674,0.44990187883377075,-0.10751143097877502,0.46052253246307373,0.46953141689300537,-0.09144334495067596,0.44458889961242676,0.4337087869644165,-0.11522239446640015,0.28582656383514404,0.4916674792766571,-0.04362291842699051,0.26234349608421326,0.5208629965782166,-0.06790244579315186,0.2509983777999878,0.5480085015296936,-0.086818628013134,0.2477150857448578,0.5726354122161865,-0.0974361002445221,0.25367575883865356,0.5920913815498352,-0.09886570274829865,0.28994032740592957,0.6110655069351196,-0.07938122004270554,0.3266851305961609,0.7009004950523376,-0.043433863669633865,0.32625067234039307,0.5991831421852112,-0.08379266411066055,0.338905930519104,0.5790185332298279,-0.08092168718576431,0.34718722105026245,0.552086591720581,-0.07119987159967422,0.3495757281780243,0.5262736678123474,-0.056409791111946106,0.3478619158267975,0.5063996911048889,-0.04222819209098816,0.34493258595466614,0.4921718239784241,-0.0341600701212883,0.32523611187934875,0.7413336038589478,0.021825948730111122,0.46627575159072876,0.47439464926719666,-0.08159457892179489,0.40012621879577637,0.4423287808895111,-0.0875086858868599,0.4605961740016937,0.4299916923046112,-0.1115504801273346,0.47196364402770996,0.42990851402282715,-0.09606081247329712,0.4636480510234833,0.435641348361969,-0.10294325649738312,0.4737269878387451,0.4743732810020447,-0.06996273994445801,0.4752484858036041,0.42418017983436584,-0.09928341209888458,0.47993040084838867,0.43188533186912537,-0.07544515281915665,0.3278881907463074,0.4911267161369324,-0.025170370936393738,0.3362676799297333,0.47984808683395386,-0.027713729068636894,0.34214386343955994,0.4720974862575531,-0.03716863691806793,0.2942441403865814,0.5832489728927612,-0.07747683674097061,0.2758806049823761,0.5944576263427734,-0.08468355238437653,0.4005461633205414,0.399982750415802,-0.06136395409703255,0.37195611000061035,0.3722541332244873,0.13076697289943695,0.4820767641067505,0.4075953960418701,-0.05667664110660553,0.27056366205215454,0.373858779668808,0.2893660366535187,0.38062411546707153,0.39291906356811523,0.07516952604055405,0.38424307107925415,0.3855174779891968,0.08964607119560242,0.38575243949890137,0.3787546753883362,0.10637284815311432,0.3801713287830353,0.37465816736221313,0.13800132274627686,0.37470218539237976,0.3981764316558838,0.0626453086733818,0.3406597077846527,0.3789314925670624,0.08636120706796646,0.34003257751464844,0.3875865936279297,0.06902926415205002,0.34459978342056274,0.3724662661552429,0.10449827462434769,0.35160401463508606,0.3695630729198456,0.11951521039009094,0.3932400345802307,0.37160876393318176,0.15392467379570007,0.6674618721008301,0.41885673999786377,0.06022550165653229,0.369607537984848,0.37124258279800415,0.14098939299583435,0.3566707372665405,0.3747710585594177,0.28037795424461365,0.3827269971370697,0.3705209493637085,0.18695279955863953,0.457733690738678,0.38422340154647827,0.05455811321735382,0.5191295742988586,0.44239234924316406,-0.03673271834850311,0.5365152359008789,0.4430965781211853,-0.029908962547779083,0.5287569761276245,0.42334166169166565,-0.006742767058312893,0.5399398803710938,0.41033709049224854,0.021021973341703415,0.540837287902832,0.42936164140701294,-0.006873721722513437,0.5471465587615967,0.4185938537120819,0.017105473205447197,0.609857439994812,0.40068483352661133,0.06711311638355255,0.471688836812973,0.391300767660141,-0.09208502620458603,0.45199593901634216,0.38617026805877686,-0.09546425938606262,0.3355751037597656,0.3613168001174927,0.14102837443351746,0.3955007493495941,0.4030267000198364,0.028789082542061806,0.47050797939300537,0.38418224453926086,-0.011591637507081032,0.4573633670806885,0.38661158084869385,-0.00431853998452425,0.46176713705062866,0.36540812253952026,0.11957041919231415,0.4256700277328491,0.3918601870536804,-0.08023486286401749,0.3140014410018921,0.37027478218078613,0.07034224271774292,0.3224695324897766,0.36326873302459717,0.10649783909320831,0.24039658904075623,0.36153364181518555,0.23438133299350739,0.3166140019893646,0.3992578387260437,-0.0009352283668704331,0.34348511695861816,0.3959016799926758,0.06278084963560104,0.5897848010063171,0.39360836148262024,0.08281119167804718,0.5580316781997681,0.42854368686676025,0.3263978660106659,0.4808886647224426,0.39731407165527344,-0.015479804016649723,0.48439472913742065,0.4082568287849426,-0.03441159427165985,0.5666950941085815,0.3960222601890564,0.06950327008962631,0.5668020248413086,0.40197330713272095,0.05630827322602272,0.3104174733161926,0.3617234528064728,0.1230347529053688,0.4787124991416931,0.3910175561904907,-0.0021824613213539124,0.31080570816993713,0.3816542625427246,0.03385970741510391,0.2939886152744293,0.379835307598114,0.03261499106884003,0.19384491443634033,0.3656714856624603,0.09844617545604706,0.2589064836502075,0.3537505269050598,0.16542239487171173,0.22781682014465332,0.36832454800605774,0.05949725955724716,0.32671719789505005,0.3612673282623291,0.1667623370885849,0.28398397564888,0.3604179620742798,0.21623259782791138,0.529272198677063,0.442584753036499,-0.03508111089468002,0.5359094142913818,0.426429808139801,-0.0075102271512150764,0.5439062118530273,0.41409826278686523,0.016861533746123314,0.4834369421005249,0.40310412645339966,-0.018132945522665977,0.5671424865722656,0.3991008996963501,0.061594393104314804,0.5872453451156616,0.40138572454452515,0.04311589524149895,0.5664058327674866,0.4037353992462158,0.05396439507603645,0.4743552803993225,0.39179545640945435,-0.04474053904414177,0.5475503206253052,0.42153656482696533,0.018874911591410637,0.5430700778961182,0.43177133798599243,0.00028371167718432844,0.5400939583778381,0.4438297152519226,-0.019396845251321793,0.6454434990882874,0.43098941445350647,0.006369216367602348,0.6579113602638245,0.4306515157222748,-0.010919449850916862,0.6476308107376099,0.43341925740242004,-0.014451700262725353,0.6363457441329956,0.4361821711063385,-0.011215772479772568,0.6260665655136108,0.4384937882423401,-0.011868991889059544,0.600585401058197,0.41632553935050964,0.024156887084245682,0.6039971113204956,0.4122692942619324,0.02295122854411602,0.6088783740997314,0.40683048963546753,0.02286718599498272,0.6138696670532227,0.401728093624115,0.02941400557756424,0.5400623679161072,0.390739381313324,0.034453921020030975,0.4503234028816223,0.4197370409965515,0.37394049763679504,0.5849577784538269,0.4100688099861145,0.04175647720694542,0.5862602591514587,0.40593284368515015,0.040913958102464676,0.49203768372535706,0.4137345850467682,-0.03508042171597481,0.49005746841430664,0.4015486240386963,0.0029030924197286367,0.48835235834121704,0.4109538495540619,-0.03575560078024864,0.4106343984603882,0.39558160305023193,0.049289949238300323,0.4306164085865021,0.38056740164756775,0.07399112731218338,0.4663470685482025,0.3900635540485382,0.007794731296598911,0.21483466029167175,0.357214093208313,0.16800479590892792,0.24080568552017212,0.35636311769485474,0.11404050886631012,0.29800140857696533,0.36847755312919617,0.07970107346773148,0.6216076612472534,0.4066597521305084,0.04969588294625282,0.2918083369731903,0.39603284001350403,-0.005009757354855537,0.21735124289989471,0.38980525732040405,0.01331765204668045,0.17687362432479858,0.385917603969574,0.0374007411301136,0.38483595848083496,0.3754037022590637,0.12439072132110596,0.4080735146999359,0.3690606355667114,0.17671965062618256,0.36961716413497925,0.4015763998031616,0.059879980981349945,0.3592727482318878,0.36835306882858276,0.14804194867610931,0.38008344173431396,0.4066579341888428,0.012974242679774761,0.46239620447158813,0.38240647315979004,-0.03850948438048363,0.4058736562728882,0.3601539134979248,0.2135521024465561,0.41804295778274536,0.36579418182373047,0.15208448469638824,0.4209810495376587,0.36795860528945923,0.1159629374742508,0.4136296212673187,0.37930482625961304,0.08321058750152588,0.40335506200790405,0.3899610638618469,0.06139204278588295,0.3924901783466339,0.39664483070373535,0.04136284440755844,0.35062935948371887,0.41333651542663574,-0.026995208114385605,0.45423269271850586,0.36224794387817383,0.2071823626756668,0.3566107749938965,0.36612361669540405,0.16761302947998047,0.48174959421157837,0.40293270349502563,-0.08511930704116821,0.41915619373321533,0.4009411633014679,0.019353551790118217,0.3513520359992981,0.40450549125671387,0.36916130781173706,0.38119325041770935,0.4013040065765381,0.029016612097620964,0.46648192405700684,0.396162748336792,0.027003321796655655,0.3708045780658722,0.3724195957183838,0.14864006638526917,0.4466648995876312,0.3863387703895569,-0.030255913734436035,0.503143310546875,0.42418789863586426,0.35692137479782104,0.36452051997184753,0.40185123682022095,0.06779351830482483,0.43380630016326904,0.38709428906440735,-0.05802084505558014,0.6199055910110474,0.400343120098114,0.18108496069908142,0.6387606263160706,0.42387938499450684,0.219808891415596,0.4546254277229309,0.3801637291908264,0.2873555123806,0.5891735553741455,0.3976704478263855,0.2213565558195114,0.3155153691768646,0.36846786737442017,0.25528714060783386,0.6900969743728638,0.4212472140789032,0.07459114491939545,0.485465407371521,0.41441065073013306,-0.06306085735559464,0.4372006952762604,0.39519593119621277,0.03635300695896149,0.38887840509414673,0.3727686107158661,0.2189449518918991,0.37445369362831116,0.37707480788230896,0.10773966461420059,0.373694509267807,0.38319265842437744,0.09285440295934677,0.5887226462364197,0.3967782258987427,0.04996173828840256,0.4970225989818573,0.36988112330436707,0.2077057957649231,0.7229572534561157,0.44233354926109314,0.04777297005057335,0.6902292966842651,0.4255739450454712,0.13090208172798157,0.6692189574241638,0.4238390028476715,0.17100664973258972,0.37098053097724915,0.3897760510444641,0.08046990633010864,0.367184579372406,0.39568275213241577,0.0732351541519165,0.36561548709869385,0.39979514479637146,0.07074768841266632,0.3532935380935669,0.3678130507469177,0.1971161812543869,0.3556797504425049,0.39404457807540894,0.07319483906030655,0.35374829173088074,0.38715940713882446,0.07991602271795273,0.35434144735336304,0.38005393743515015,0.09187529981136322,0.3578592836856842,0.373878538608551,0.1068105399608612,0.3627451956272125,0.37137266993522644,0.1189696416258812,0.3052254915237427,0.38741737604141235,0.336861789226532,0.37316057085990906,0.3737325668334961,0.12110652774572372,0.5225274562835693,0.39555007219314575,0.010970793664455414,0.47849252820014954,0.39316391944885254,-0.024233654141426086,0.5099396705627441,0.4113367795944214,-0.03132364898920059,0.6479135751724243,0.40530329942703247,0.14481021463871002,0.6685665249824524,0.4146556854248047,0.11057055741548538,0.7070282697677612,0.43478596210479736,0.03463799133896828,0.6036676168441772,0.4273476302623749,0.2764951288700104,0.3602650761604309,0.3988579511642456,0.0701056569814682,0.3893645107746124,0.40235912799835205,-0.02428690530359745,0.7092648148536682,0.4300723671913147,0.08875367045402527,0.5024027824401855,0.386931836605072,0.27768680453300476,0.6164703965187073,0.4260609745979309,0.007069497834891081,0.6234202980995178,0.4216928780078888,0.007658758200705051,0.6319525241851807,0.41728511452674866,0.007043525110930204,0.6413851976394653,0.41293391585350037,0.011770333163440228,0.6345582008361816,0.41628023982048035,0.02950814738869667,0.555393397808075,0.4090489149093628,0.03864985704421997,0.5540607571601868,0.4047085642814636,0.04353485256433487,0.5515758991241455,0.4006415605545044,0.04749229550361633,0.5640720129013062,0.3899792432785034,0.06208863481879234,0.5078052282333374,0.3716866374015808,0.14825429022312164,0.3640606105327606,0.4104439914226532,-0.0060178921557962894,0.3478250205516815,0.40666455030441284,0.035930085927248,0.3529495894908905,0.4029075503349304,0.05798276141285896,0.5548501014709473,0.4119529724121094,0.0388777032494545,0.5599043369293213,0.38208186626434326,0.17892414331436157,0.34298133850097656,0.40805643796920776,-0.0024743911344558,0.648011326789856,0.42040714621543884,0.04547037556767464,0.3770112097263336,0.40627071261405945,-0.047971390187740326,0.4260416626930237,0.395321786403656,-0.016286050900816917,0.6605315208435059,0.433657705783844,0.016225585713982582,0.6126153469085693,0.3970533609390259,0.08875559270381927,0.48544204235076904,0.3912082612514496,0.04176928102970123,0.6328996419906616,0.40815502405166626,0.0682135820388794,0.48788708448410034,0.3743361234664917,0.08014232665300369,0.5111094117164612,0.3848072588443756,0.057362742722034454,0.5245888233184814,0.37545010447502136,0.10741612315177917,0.6841200590133667,0.4317060112953186,0.023844949901103973,0.4380188584327698,0.39635729789733887,0.005418573506176472,0.6257810592651367,0.3962113857269287,0.11784546077251434,0.6471978425979614,0.40944451093673706,0.09045165777206421,0.5871827602386475,0.38865458965301514,0.10374358296394348,0.5328737497329712,0.37732553482055664,0.20857617259025574,0.5861037969589233,0.385731041431427,0.13612021505832672,0.5469685196876526,0.3934679627418518,0.2622373104095459,0.5449259281158447,0.38409075140953064,0.07862488180398941,0.4038732945919037,0.4017404615879059,-0.000868908769916743,0.47193801403045654,0.3861912488937378,-0.045953527092933655,0.477509081363678,0.387482225894928,-0.020645037293434143,0.4563261866569519,0.3827061355113983,-0.06615933030843735,0.33430081605911255,0.39934831857681274,0.042059581726789474,0.32929298281669617,0.38636893033981323,0.057062115520238876,0.3301238715648651,0.3759085237979889,0.0771598145365715,0.3345675468444824,0.3683892488479614,0.10240700095891953,0.3443145453929901,0.36592602729797363,0.12551406025886536,0.3773066997528076,0.37199538946151733,0.16280753910541534,0.4057621955871582,0.375737726688385,0.28865358233451843,0.3994693160057068,0.37120890617370605,0.13778948783874512,0.40139999985694885,0.3744972348213196,0.11206479370594025,0.3980952799320221,0.3829389214515686,0.08784256875514984,0.3912279009819031,0.3924516439437866,0.06913338601589203,0.38344842195510864,0.39879775047302246,0.05311977118253708,0.3761656582355499,0.40305978059768677,0.04352172836661339,0.3994477093219757,0.41550207138061523,0.3804928958415985,0.48197734355926514,0.3936488628387451,-0.011998992413282394,0.411430686712265,0.39563652873039246,-0.03813663125038147,0.4705860912799835,0.38670188188552856,-0.07254381477832794,0.47892916202545166,0.40048548579216003,-0.0735461413860321,0.47407466173171997,0.3925666809082031,-0.06288617849349976,0.4867268204689026,0.40155765414237976,-0.011416377499699593,0.4809098243713379,0.40052640438079834,-0.08078210800886154,0.4847218692302704,0.41074860095977783,-0.05982978641986847,0.36376953125,0.4043270945549011,0.05644598603248596,0.3654962182044983,0.40714511275291443,0.03331843018531799,0.3659209907054901,0.40563666820526123,0.01305464655160904,0.3661700189113617,0.3708323836326599,0.12923547625541687,0.35991963744163513,0.36961328983306885,0.13581997156143188,0.2971581518650055,0.5557516813278198,-0.06100616604089737,0.3034531772136688,0.5348063707351685,-0.06100616604089737,0.27810996770858765,0.5543929934501648,-0.06100616604089737,0.29061469435691833,0.5765886306762695,-0.06100616604089737,0.3154797852039337,0.5572841167449951,-0.06100616604089737,0.33981853723526,0.38399019837379456,0.09723816812038422,0.34233495593070984,0.3764054775238037,0.09723816812038422,0.3243546783924103,0.38290730118751526,0.09723816812038422,0.3372229337692261,0.3919329047203064,0.09723816812038422,0.3551501929759979,0.38514256477355957,0.09723816812038422,0,0,0,0,0,1,1,0,0,0,0,0,0.15541532635688782,0.10606006532907486,0.09859274327754974,0.11987083405256271,0.03620854765176773,0.07112742960453033,0.2130785882472992,0.08365841209888458,0.09564106166362762,0.1474318653345108,1.1898193359375,0.3884255290031433,Sadness,13.808988571166992,0.019266124814748764
119,3.966666666666667,16.69755992789787,13.533416503021153,-0.2494435417765708,0.6022618412971497,0.515552818775177,-0.061223261058330536,0.6313397884368896,0.44364994764328003,-0.0859815925359726,0.6109938621520996,0.4747972786426544,-0.054830584675073624,0.5622965097427368,0.4172472059726715,-0.06523517519235611,0.6220649480819702,0.4292204976081848,-0.08725065737962723,0.5999617576599121,0.41804471611976624,-0.07568638026714325,0.5357614159584045,0.39348915219306946,-0.02002074010670185,0.3658963441848755,0.4308048188686371,-0.05696334317326546,0.5043574571609497,0.36829596757888794,0.0023286861833184958,0.49395957589149475,0.35104644298553467,0.0070636216551065445,0.43499454855918884,0.29138779640197754,0.04426443204283714,0.6054205894470215,0.5205098390579224,-0.06047289818525314,0.6079744696617126,0.5256690979003906,-0.05725546181201935,0.6093957424163818,0.5293424725532532,-0.05233774706721306,0.6104574203491211,0.5289390683174133,-0.046492915600538254,0.6149653196334839,0.5341994166374207,-0.05112370848655701,0.6194332242012024,0.54071044921875,-0.05715014412999153,0.6233376860618591,0.5473600625991821,-0.058756522834300995,0.6673138737678528,0.5767055153846741,-0.053857363760471344,0.6289974451065063,0.4569528102874756,-0.08019459247589111,0.5992717146873474,0.4683268666267395,-0.07100003957748413,0.17320683598518372,0.42997196316719055,-0.022069381549954414,0.42884495854377747,0.4279072880744934,-0.039371661841869354,0.4101206958293915,0.434050977230072,-0.05182786285877228,0.38956671953201294,0.4395105540752411,-0.05954132229089737,0.3575754463672638,0.43998953700065613,-0.06281063705682755,0.4427751898765564,0.42079973220825195,-0.023793259635567665,0.3854238986968994,0.3957276940345764,-0.05132925510406494,0.4073778986930847,0.39184996485710144,-0.0335814543068409,0.3640410304069519,0.4034539461135864,-0.06030477583408356,0.35054880380630493,0.413089781999588,-0.06325045228004456,0.34422028064727783,0.45635709166526794,-0.06651760637760162,0.5939716100692749,0.6351893544197083,-0.08910148590803146,0.3550781011581421,0.43016117811203003,-0.056159764528274536,0.20512647926807404,0.4980601668357849,-0.03988344222307205,0.31184589862823486,0.45508164167404175,-0.06297723948955536,0.4671410322189331,0.4893527030944824,-0.07754304260015488,0.5747547745704651,0.5216860771179199,-0.07492993026971817,0.5837867856025696,0.5332668423652649,-0.06916679441928864,0.5513667464256287,0.5331738591194153,-0.08333898335695267,0.5355215072631836,0.5416589975357056,-0.08411751687526703,0.5626438856124878,0.5397929549217224,-0.07594477385282516,0.5458112955093384,0.5450485944747925,-0.07468203455209732,0.5289297699928284,0.5868154764175415,-0.0819617360830307,0.614803671836853,0.44872403144836426,-0.09328997880220413,0.6032178401947021,0.43556296825408936,-0.09575900435447693,0.3146413266658783,0.4113846719264984,-0.07536330819129944,0.48332637548446655,0.4442340135574341,-0.04352761432528496,0.5364177227020264,0.4753105044364929,-0.08524048328399658,0.5234010815620422,0.47045955061912537,-0.07992861419916153,0.38571083545684814,0.5136164426803589,-0.1010105237364769,0.5831302404403687,0.42492857575416565,-0.08451120555400848,0.3648398518562317,0.37837567925453186,-0.06207532063126564,0.3352012038230896,0.39285629987716675,-0.07215487211942673,0.20278054475784302,0.3884212374687195,-0.0280939768999815,0.4524640440940857,0.36716538667678833,-0.020778648555278778,0.4272972047328949,0.3928331732749939,-0.018169838935136795,0.5001621842384338,0.5764272809028625,-0.0881294459104538,0.29496100544929504,0.6690859794616699,-0.038607724010944366,0.5566614866256714,0.4803594946861267,-0.07148709148168564,0.5766458511352539,0.47928115725517273,-0.06185587868094444,0.515774667263031,0.554056704044342,-0.0775616317987442,0.5217400789260864,0.5528627038002014,-0.07333644479513168,0.31754106283187866,0.3891962766647339,-0.06733663380146027,0.532096266746521,0.48539912700653076,-0.07843577116727829,0.40209606289863586,0.3687780499458313,-0.04391556605696678,0.39294445514678955,0.35949966311454773,-0.04409944266080856,0.31108200550079346,0.3225635588169098,-0.017403829842805862,0.255418062210083,0.38787728548049927,-0.04792909696698189,0.3556186854839325,0.33784276247024536,-0.02779661864042282,0.29334449768066406,0.4121781587600708,-0.06810612231492996,0.2245749533176422,0.4228016436100006,-0.04268445074558258,0.5792005062103271,0.5279406309127808,-0.07392236590385437,0.5569689273834229,0.5366418361663818,-0.08026682585477829,0.540533185005188,0.5434021949768066,-0.08037565648555756,0.5607922077178955,0.483037531375885,-0.06487929821014404,0.518926203250885,0.5534673929214478,-0.07459548115730286,0.5326849222183228,0.5540990829467773,-0.0750962346792221,0.5246269702911377,0.5522466897964478,-0.072098508477211,0.5777859687805176,0.4657239317893982,-0.088140107691288,0.5499175786972046,0.5461982488632202,-0.07189100980758667,0.5669851303100586,0.5417354106903076,-0.07036518305540085,0.5872605443000793,0.5362334251403809,-0.0650433823466301,0.6359653472900391,0.5852981209754944,-0.06771278381347656,0.5976681709289551,0.5546671748161316,-0.07334268093109131,0.5941964983940125,0.5476809740066528,-0.07148993015289307,0.5909813046455383,0.5409742593765259,-0.06486529856920242,0.5885574817657471,0.5356354117393494,-0.059465352445840836,0.5512393712997437,0.5461554527282715,-0.06768462061882019,0.5500509142875671,0.5493412613868713,-0.0720432847738266,0.548529326915741,0.553801417350769,-0.07750128209590912,0.5477482080459595,0.558445155620575,-0.07984249293804169,0.521103024482727,0.5331023335456848,-0.08480243384838104,0.2019844353199005,0.5971651673316956,-0.008227371610701084,0.6201212406158447,0.4660668969154358,-0.06300096213817596,0.5380598902702332,0.5493771433830261,-0.06967373937368393,0.5356155037879944,0.5515008568763733,-0.07259813696146011,0.5865210294723511,0.48302990198135376,-0.06513422727584839,0.5390224456787109,0.4947316646575928,-0.06361665576696396,0.5822509527206421,0.4811376631259918,-0.063302181661129,0.46464282274246216,0.4590613842010498,-0.05643685162067413,0.4357691705226898,0.477481484413147,-0.07606976479291916,0.518757164478302,0.48029279708862305,-0.07461760938167572,0.24816551804542542,0.3520226776599884,-0.027896810322999954,0.29828721284866333,0.3594796061515808,-0.042385172098875046,0.3502577245235443,0.37161189317703247,-0.0587722472846508,0.5602848529815674,0.5902670621871948,-0.08270828425884247,0.4388089179992676,0.35101133584976196,-0.022696644067764282,0.4088663160800934,0.3252737522125244,-0.004726145416498184,0.37159329652786255,0.3038172125816345,0.0076340376399457455,0.37071019411087036,0.44190868735313416,-0.06300397962331772,0.3276766240596771,0.4736437499523163,-0.07424376904964447,0.4517553746700287,0.41410812735557556,-0.014721503481268883,0.3298603892326355,0.4281627833843231,-0.06760048866271973,0.49534332752227783,0.42998096346855164,-0.038326196372509,0.5566751956939697,0.46070852875709534,-0.09083395451307297,0.2715240716934204,0.5095114707946777,-0.07920489460229874,0.34788402915000916,0.47812408208847046,-0.08378883451223373,0.3784339129924774,0.47477227449417114,-0.08087778836488724,0.4169529974460602,0.46087056398391724,-0.06350110471248627,0.44267675280570984,0.44707828760147095,-0.04596471041440964,0.4598805606365204,0.4349525272846222,-0.03286139294505119,0.5181406736373901,0.401880145072937,-0.02908540889620781,0.29766368865966797,0.5401924848556519,-0.09278085082769394,0.3088908791542053,0.4332147240638733,-0.07005743682384491,0.6192484498023987,0.4591578245162964,-0.08629873394966125,0.500145435333252,0.45466870069503784,-0.053776517510414124,0.16082452237606049,0.518903374671936,-0.0008714661234989762,0.47276243567466736,0.42273858189582825,-0.022758319973945618,0.5090361833572388,0.4859265387058258,-0.0605345256626606,0.34497055411338806,0.4334647059440613,-0.05972196161746979,0.5415762066841125,0.4553377032279968,-0.08282385766506195,0.23826786875724792,0.6350948214530945,-0.02064717747271061,0.44852307438850403,0.40963083505630493,-0.010718651115894318,0.5630792379379272,0.43767452239990234,-0.08718893676996231,0.4306333661079407,0.6591427326202393,-0.08705630898475647,0.4294537901878357,0.691779613494873,-0.07129484415054321,0.24109934270381927,0.5710622668266296,-0.05401120334863663,0.3697361350059509,0.6544632911682129,-0.08325792104005814,0.21043670177459717,0.4583137035369873,-0.03690267354249954,0.5984207987785339,0.65921550989151,-0.09136422723531723,0.6122942566871643,0.46751031279563904,-0.06607221812009811,0.48470553755760193,0.47165530920028687,-0.06163167953491211,0.2908019423484802,0.4650721848011017,-0.060947712510824203,0.3897610008716583,0.42821189761161804,-0.05417497456073761,0.4068125784397125,0.4248707890510559,-0.04774507135152817,0.5300315618515015,0.5567715167999268,-0.07736291736364365,0.3180009722709656,0.5742523074150085,-0.0931616947054863,0.6637258529663086,0.6674705147743225,-0.07192139327526093,0.5572004914283752,0.686024010181427,-0.07802809774875641,0.5008074641227722,0.6907076239585876,-0.07577850669622421,0.46428850293159485,0.31602948904037476,0.02731979638338089,0.711203396320343,0.6518241763114929,-0.04808749258518219,0.4212082326412201,0.42073267698287964,-0.036558788269758224,0.43416881561279297,0.41573354601860046,-0.024781908839941025,0.44373735785484314,0.4120281934738159,-0.015183486975729465,0.2873232960700989,0.43742266297340393,-0.06348569691181183,0.42703762650489807,0.4052579402923584,-0.0235489122569561,0.40817028284072876,0.4060349762439728,-0.03461649641394615,0.3909718096256256,0.4091220498085022,-0.045165810734033585,0.37430641055107117,0.41512414813041687,-0.05353739857673645,0.3644939661026001,0.4213433861732483,-0.05644514411687851,0.15926265716552734,0.4711257517337799,-0.008766951970756054,0.3766006529331207,0.4299108386039734,-0.0568324476480484,0.6172675490379333,0.4832110106945038,-0.05386117100715637,0.5405910611152649,0.5161299705505371,-0.08023378252983093,0.5593268871307373,0.4760468900203705,-0.07419111579656601,0.5905815958976746,0.49308091402053833,-0.06945697963237762,0.5148876905441284,0.38267338275909424,-0.0026927702128887177,0.49009570479393005,0.6627693772315979,-0.0858166292309761,0.5421727299690247,0.6631022095680237,-0.08763287961483002,0.6549652814865112,0.6492756605148315,-0.0860029011964798,0.36293938755989075,0.6868792772293091,-0.05695327743887901,0.4409535825252533,0.40769559144973755,-0.01575094275176525,0.5275343656539917,0.4231202006340027,-0.04894530028104782,0.7032216787338257,0.6347435116767883,-0.06307518482208252,0.6117212176322937,0.678206741809845,-0.08129015564918518,0.26961612701416016,0.6073688864707947,-0.06144540011882782,0.5684167146682739,0.5413569808006287,-0.06548067182302475,0.568783700466156,0.5459962487220764,-0.0708526074886322,0.5698244571685791,0.5518885254859924,-0.07713731378316879,0.5719761848449707,0.5583800077438354,-0.07994377613067627,0.5963146090507507,0.5901273488998413,-0.08067778497934341,0.5328436493873596,0.5492226481437683,-0.0744459331035614,0.5280472040176392,0.5489438772201538,-0.07895112037658691,0.5237579941749573,0.5482150912284851,-0.0823373794555664,0.5061914920806885,0.5538876056671143,-0.08838130533695221,0.3748311996459961,0.5608870983123779,-0.10398329794406891,0.5068086385726929,0.41472846269607544,-0.03141061216592789,0.46065041422843933,0.3941706418991089,-0.0007178664091043174,0.4480695128440857,0.3997122049331665,-0.008662035688757896,0.5376013517379761,0.5492846369743347,-0.07226410508155823,0.38441333174705505,0.6115712523460388,-0.09500089287757874,0.4790923595428467,0.3883347511291504,-0.010121223516762257,0.5916152000427246,0.6131793856620789,-0.08354887366294861,0.5775777101516724,0.4105868935585022,-0.056144554167985916,0.5408925414085388,0.41049671173095703,-0.04605923965573311,0.557121753692627,0.40283939242362976,-0.03698240965604782,0.5291886925697327,0.44700419902801514,-0.06252995133399963,0.6930110454559326,0.6137166023254395,-0.06535505503416061,0.6776982545852661,0.5938369631767273,-0.059024613350629807,0.6395107507705688,0.6054319143295288,-0.0746573731303215,0.5100460052490234,0.6046290993690491,-0.0870274156332016,0.4966078996658325,0.5032740831375122,-0.07067184150218964,0.5488955974578857,0.6131750345230103,-0.08574333786964417,0.4406343102455139,0.5183869004249573,-0.09632539749145508,0.4854588508605957,0.5238803029060364,-0.08518928289413452,0.4286969304084778,0.5543332099914551,-0.10187794268131256,0.648226261138916,0.6269824504852295,-0.08569788932800293,0.5134291052818298,0.4622448682785034,-0.06246710568666458,0.49492886662483215,0.6310510039329529,-0.0903090089559555,0.5433934330940247,0.6358747482299805,-0.0875580906867981,0.4774515926837921,0.5894680619239807,-0.09537659585475922,0.3383856415748596,0.6037630438804626,-0.09118502587080002,0.4402819573879242,0.6117819547653198,-0.09715762734413147,0.30911335349082947,0.6372968554496765,-0.07157283276319504,0.475176066160202,0.5516796708106995,-0.09325897693634033,0.5134822726249695,0.4387452006340027,-0.05105024576187134,0.5705146789550781,0.46448826789855957,-0.09246806055307388,0.5486400127410889,0.4774203896522522,-0.08237621933221817,0.581091046333313,0.44691067934036255,-0.09552685916423798,0.44013866782188416,0.3837946057319641,-0.0134508041664958,0.4068310558795929,0.3830220699310303,-0.035562772303819656,0.3785284757614136,0.3884580731391907,-0.0545872263610363,0.3533168137073517,0.3985674977302551,-0.06684286147356033,0.33627793192863464,0.41153573989868164,-0.07048284262418747,0.33123335242271423,0.44359633326530457,-0.061991386115550995,0.21934324502944946,0.5350516438484192,-0.049698054790496826,0.3589036166667938,0.4581014811992645,-0.06876702606678009,0.3829725384712219,0.45607292652130127,-0.06521355360746384,0.41104865074157715,0.44761157035827637,-0.05497068911790848,0.43507933616638184,0.4372475743293762,-0.040088243782520294,0.45165708661079407,0.4277092516422272,-0.02435152605175972,0.46303126215934753,0.4194604158401489,-0.015124448575079441,0.178092822432518,0.5592547059059143,-0.0002383084938628599,0.5456364154815674,0.4839671552181244,-0.07557502388954163,0.5465147495269775,0.43004173040390015,-0.06599728763103485,0.5955875515937805,0.454745352268219,-0.09476922452449799,0.6040003895759583,0.4626741409301758,-0.08336251974105835,0.5919739603996277,0.4610079526901245,-0.0881846621632576,0.5495657920837402,0.4887567460536957,-0.06693872809410095,0.6111352443695068,0.4610375165939331,-0.08592499047517776,0.6056220531463623,0.46895644068717957,-0.06848187744617462,0.4568323493003845,0.4075953960418701,-0.00546934362500906,0.4702572226524353,0.40832364559173584,-0.005709914490580559,0.4796062707901001,0.4082908630371094,-0.013914843089878559,0.3592526614665985,0.42602187395095825,-0.05730438232421875,0.3423135280609131,0.42376548051834106,-0.0628981664776802,0.5912790298461914,0.40954506397247314,-0.03785370662808418,0.6183356046676636,0.39276790618896484,0.14102570712566376,0.6302868127822876,0.45998576283454895,-0.05049017816781998,0.5819714069366455,0.3385215103626251,0.28546833992004395,0.5909753441810608,0.4071550965309143,0.08820994198322296,0.6030939817428589,0.40556538105010986,0.10164833068847656,0.61353999376297,0.403020977973938,0.1172114685177803,0.6198304891586304,0.39853253960609436,0.14582134783267975,0.5811289548873901,0.4061959385871887,0.07730887085199356,0.5930477976799011,0.37453916668891907,0.10663273930549622,0.5814947485923767,0.37848132848739624,0.09146179258823395,0.6038248538970947,0.37341028451919556,0.12248271703720093,0.6115801334381104,0.37661099433898926,0.1349804848432541,0.6290064454078674,0.40402883291244507,0.1578511744737625,0.7282391786575317,0.5883975625038147,0.005210402421653271,0.6194220185279846,0.39119479060173035,0.15047551691532135,0.6251326203346252,0.39238637685775757,0.2712075412273407,0.6276639699935913,0.3974338173866272,0.18977119028568268,0.6523240804672241,0.43990832567214966,0.0514686293900013,0.6237347722053528,0.503596842288971,-0.042713701725006104,0.6277040839195251,0.5166661739349365,-0.03989848494529724,0.6437897682189941,0.497747004032135,-0.01633678562939167,0.6565921306610107,0.4951643645763397,0.010096071287989616,0.6426471471786499,0.5089600682258606,-0.018052110448479652,0.6532557606697083,0.5036834478378296,0.004128583706915379,0.7074754238128662,0.5328467488288879,0.042053889483213425,0.6422554850578308,0.4412802457809448,-0.07568903267383575,0.6345901489257812,0.4271834194660187,-0.07472851872444153,0.6179709434509277,0.36169278621673584,0.16018356382846832,0.5942399501800537,0.4154810309410095,0.03908053785562515,0.6515712738037109,0.44268977642059326,-0.007430484052747488,0.643202006816864,0.43716561794281006,0.00034785375464707613,0.6813628673553467,0.4345256984233856,0.11267375946044922,0.6134384274482727,0.41676467657089233,-0.05755669251084328,0.5933315753936768,0.3502982258796692,0.10357024520635605,0.6077567338943481,0.3531140685081482,0.13418467342853546,0.5672565698623657,0.3121985197067261,0.24758990108966827,0.5525906682014465,0.36544865369796753,0.034498538821935654,0.5718103051185608,0.3848288059234619,0.08366631716489792,0.706973671913147,0.5157874822616577,0.0624353364109993,0.7000696659088135,0.542008638381958,0.2516442835330963,0.6430100202560425,0.45521119236946106,-0.014494625851511955,0.6322162747383118,0.4635750949382782,-0.033505409955978394,0.6739295721054077,0.4943309724330902,0.05254032462835312,0.669670045375824,0.4964492917060852,0.040812280029058456,0.6059826016426086,0.34512534737586975,0.15194086730480194,0.6503076553344727,0.4517577886581421,-0.002167788799852133,0.5753462314605713,0.35289591550827026,0.06980413943529129,0.5709710121154785,0.34180885553359985,0.07295695692300797,0.5128059387207031,0.28603893518447876,0.1413179337978363,0.5812311172485352,0.3175742030143738,0.19402313232421875,0.5311662554740906,0.3035765588283539,0.1076924279332161,0.6160168051719666,0.3573700189590454,0.1843327283859253,0.5956717133522034,0.33830416202545166,0.23176905512809753,0.6265511512756348,0.5103301405906677,-0.04212387651205063,0.6436066627502441,0.5034972429275513,-0.017613334581255913,0.6550908088684082,0.49934497475624084,0.005363878794014454,0.6383332014083862,0.46014735102653503,-0.017246967181563377,0.6717212200164795,0.4954396188259125,0.04575056955218315,0.6674706339836121,0.5031307935714722,0.02526819333434105,0.6674349308013916,0.4976223111152649,0.03844987228512764,0.6444538235664368,0.44669464230537415,-0.035192858427762985,0.6509881019592285,0.5072935223579407,0.003678123466670513,0.6407714486122131,0.5134515762329102,-0.015429091639816761,0.6273309588432312,0.5212194919586182,-0.03462623059749603,0.688338041305542,0.5686770677566528,-0.03702052682638168,0.6433953046798706,0.5381046533584595,-0.04055502265691757,0.6389182806015015,0.5315461158752441,-0.038466230034828186,0.6333639025688171,0.5256390571594238,-0.03171568363904953,0.628009557723999,0.5213515162467957,-0.028354065492749214,0.6513603925704956,0.5080891847610474,0.008030621334910393,0.6563407778739929,0.5093624591827393,0.004021273460239172,0.661900520324707,0.5114529132843018,0.0015519654843956232,0.6670397520065308,0.5143451690673828,0.0065629128366708755,0.6853417158126831,0.48626357316970825,0.025229156017303467,0.6451595425605774,0.47298768162727356,0.31718724966049194,0.6587376594543457,0.5032835602760315,0.026226988062262535,0.6630172729492188,0.5030619502067566,0.02375062182545662,0.6304976940155029,0.4708213210105896,-0.037112757563591,0.6467604041099548,0.4638424515724182,-0.0019894931465387344,0.631442666053772,0.46746641397476196,-0.03584542125463486,0.6133383512496948,0.4204638600349426,0.05489543080329895,0.6420066356658936,0.423735111951828,0.07542457431554794,0.6454784870147705,0.44506046175956726,0.008183054625988007,0.5438132286071777,0.29445087909698486,0.19704774022102356,0.5584290623664856,0.306282639503479,0.15326891839504242,0.5898114442825317,0.3397914469242096,0.11602598428726196,0.7060976624488831,0.5448687076568604,0.019940106198191643,0.546606183052063,0.34808793663978577,0.0380181223154068,0.5024805068969727,0.30830368399620056,0.06606563180685043,0.47997841238975525,0.2852090001106262,0.08789800107479095,0.6191644072532654,0.40119028091430664,0.13309766352176666,0.6392467617988586,0.4113021790981293,0.17560945451259613,0.5745110511779785,0.4045553207397461,0.07533609122037888,0.6189419031143188,0.3805959224700928,0.16065746545791626,0.5791061520576477,0.40841853618621826,0.02782997488975525,0.6475734710693359,0.4354075491428375,-0.027934713289141655,0.660148024559021,0.4089444875717163,0.20556463301181793,0.6458531618118286,0.4152419865131378,0.15136590600013733,0.641770601272583,0.41740769147872925,0.11807999014854431,0.6222370862960815,0.4189247786998749,0.08872199058532715,0.6030448079109192,0.4182150065898895,0.06932919472455978,0.5886615514755249,0.4147540330886841,0.05296295881271362,0.5521994233131409,0.3934395909309387,-0.0005778500344604254,0.6868841648101807,0.4353521466255188,0.19125884771347046,0.6218327283859253,0.378113716840744,0.17852705717086792,0.6355183124542236,0.4548799693584442,-0.07230832427740097,0.6101593375205994,0.42543289065361023,0.026178982108831406,0.6006300449371338,0.40631163120269775,0.33344030380249023,0.5772386193275452,0.4095270335674286,0.04468201845884323,0.6415503025054932,0.44922247529029846,0.02358374185860157,0.619388997554779,0.3917160630226135,0.1576719731092453,0.6362428069114685,0.42946943640708923,-0.01930137351155281,0.672866702079773,0.5065670013427734,0.29054123163223267,0.5716735124588013,0.4022144675254822,0.08402473479509354,0.6246787309646606,0.421121209859848,-0.04007517546415329,0.7359434366226196,0.5583573579788208,0.12691332399845123,0.7378024458885193,0.5836655497550964,0.15023374557495117,0.6723236441612244,0.4528661072254181,0.25642240047454834,0.727126955986023,0.5407736897468567,0.16710293292999268,0.6069368124008179,0.36368292570114136,0.25760549306869507,0.7412420511245728,0.6074907183647156,0.010159255936741829,0.625199556350708,0.46428754925727844,-0.05777810141444206,0.6274706721305847,0.43377965688705444,0.03775188699364662,0.6273950934410095,0.40373310446739197,0.21750925481319427,0.6112124919891357,0.3958805799484253,0.11965309828519821,0.6016719341278076,0.3982946276664734,0.10626564174890518,0.6715953350067139,0.5036126971244812,0.03106006793677807,0.7054816484451294,0.46501490473747253,0.18044821918010712,0.7396785020828247,0.6369704604148865,-0.01436191238462925,0.749853789806366,0.6122687458992004,0.064451664686203,0.7464196681976318,0.6000528931617737,0.10430686175823212,0.591113805770874,0.4001195728778839,0.09480131417512894,0.5814681053161621,0.400870680809021,0.08838102966547012,0.5753371119499207,0.40189090371131897,0.08659092336893082,0.6198689341545105,0.3787364065647125,0.20491109788417816,0.5787553191184998,0.39524704217910767,0.09113994985818863,0.5876620411872864,0.3914865553379059,0.09802691638469696,0.5972163677215576,0.3883129954338074,0.10922703146934509,0.6072754859924316,0.38695037364959717,0.1221284344792366,0.6135460138320923,0.3878723978996277,0.13225586712360382,0.5904265642166138,0.36812180280685425,0.3162519931793213,0.6159104108810425,0.3939056098461151,0.13186049461364746,0.6696689128875732,0.47913622856140137,0.0027779059018939734,0.6457353234291077,0.45102420449256897,-0.019667940214276314,0.6404547691345215,0.47897452116012573,-0.03596127778291702,0.7407963275909424,0.5773005485534668,0.08712132275104523,0.7397576570510864,0.5930777788162231,0.048378050327301025,0.7316181659698486,0.6214367747306824,-0.03082205355167389,0.721864640712738,0.5672764182090759,0.20155681669712067,0.5739288330078125,0.39914703369140625,0.08732720464468002,0.5853230953216553,0.4081140160560608,-0.004310653079301119,0.7494451403617859,0.623833179473877,0.024655863642692566,0.692748486995697,0.4857216477394104,0.23557865619659424,0.6412929892539978,0.5141065120697021,-0.009461987763643265,0.6470334529876709,0.5169271230697632,-0.012528986670076847,0.6527644395828247,0.5212204456329346,-0.01600155048072338,0.6581662893295288,0.5268409848213196,-0.01433101948350668,0.7008301615715027,0.5570289492607117,-0.006214013788849115,0.6615203619003296,0.4996778666973114,0.025121178478002548,0.6640433669090271,0.49683189392089844,0.03077324852347374,0.6660881042480469,0.4940165579319,0.03533419594168663,0.698959231376648,0.4987518787384033,0.04995507746934891,0.7067607045173645,0.4670772850513458,0.12807470560073853,0.5642093420028687,0.40039658546447754,0.014458841644227505,0.5582071542739868,0.391701877117157,0.0581686869263649,0.5658472776412964,0.3943445086479187,0.07791811227798462,0.6584241390228271,0.50272536277771,0.023574240505695343,0.7246462106704712,0.5084767937660217,0.14184682071208954,0.5529115796089172,0.3877294361591339,0.025026751682162285,0.7105879783630371,0.5727799534797668,-0.0011071288026869297,0.5728352069854736,0.40210461616516113,-0.02186715044081211,0.6153759956359863,0.4239187240600586,-0.004288430791348219,0.7002817988395691,0.5846916437149048,-0.03571201115846634,0.7180797457695007,0.5391672849655151,0.0567067489027977,0.6589768528938293,0.4584161341190338,0.03495850786566734,0.7164891362190247,0.5581707954406738,0.02847995236515999,0.6832190155982971,0.45206841826438904,0.07073938846588135,0.6809399127960205,0.46932539343833923,0.04832340031862259,0.7055803537368774,0.47542688250541687,0.09000291675329208,0.7195508480072021,0.6022518873214722,-0.034146200865507126,0.6243107318878174,0.4322197437286377,0.010970146395266056,0.7320190668106079,0.5531490445137024,0.0745147243142128,0.7281078100204468,0.5728181600570679,0.0392620712518692,0.7160205841064453,0.5177536010742188,0.07785850018262863,0.7184290885925293,0.4920361340045929,0.1719684898853302,0.7268874645233154,0.5225518345832825,0.10270828753709793,0.7107357978820801,0.5156940817832947,0.21037819981575012,0.7004733085632324,0.4875456988811493,0.06462820619344711,0.5972718000411987,0.41671815514564514,0.012207641266286373,0.6486266255378723,0.4422011971473694,-0.035016365349292755,0.651451051235199,0.44800201058387756,-0.016858410090208054,0.6423884630203247,0.42988669872283936,-0.050202179700136185,0.5627622008323669,0.3785361647605896,0.06827699393033981,0.5781861543655396,0.36831992864608765,0.08556483685970306,0.5927466750144958,0.36375749111175537,0.10397089272737503,0.6055582761764526,0.36335432529449463,0.12538474798202515,0.614426851272583,0.36923545598983765,0.14450573921203613,0.6234748363494873,0.39496123790740967,0.16952253878116608,0.6505099534988403,0.42187464237213135,0.26868629455566406,0.6311280131340027,0.4075191020965576,0.14168865978717804,0.6255608797073364,0.40970152616500854,0.1187041848897934,0.611897349357605,0.41209667921066284,0.09676292538642883,0.5955333709716797,0.41286489367485046,0.07935505360364914,0.5832549333572388,0.4112810790538788,0.06608828902244568,0.5743707418441772,0.4085237979888916,0.058305952697992325,0.6186016798019409,0.4407505989074707,0.3330136835575104,0.6483097076416016,0.45441532135009766,-0.011051923036575317,0.6036310195922852,0.41486459970474243,-0.019916756078600883,0.6467980146408081,0.4402482509613037,-0.057830460369586945,0.636448860168457,0.45365533232688904,-0.0620751678943634,0.6430978775024414,0.44651541113853455,-0.05080842226743698,0.6434525847434998,0.4615044891834259,-0.012931032106280327,0.6376392245292664,0.4539870619773865,-0.06844280660152435,0.6288183331489563,0.4626677930355072,-0.05409307777881622,0.5681354999542236,0.40198707580566406,0.07322973757982254,0.5643911361694336,0.4033413231372833,0.051916010677814484,0.5652202367782593,0.40153518319129944,0.03371353819966316,0.6169316172599792,0.3891906142234802,0.14082974195480347,0.6169077754020691,0.3821289539337158,0.14788614213466644,0.3945423662662506,0.4130198657512665,-0.04034297168254852,0.4151226282119751,0.40765053033828735,-0.04034297168254852,0.38808709383010864,0.40160036087036133,-0.04034297168254852,0.37307044863700867,0.4184807240962982,-0.04034297168254852,0.4008190929889679,0.4245830476284027,-0.04034297168254852,0.5779361128807068,0.377419650554657,0.11150085180997849,0.587221622467041,0.37580016255378723,0.11150085180997849,0.5739383697509766,0.36725834012031555,0.11150085180997849,0.5684556365013123,0.37909209728240967,0.11150085180997849,0.581545889377594,0.3875129222869873,0.11150085180997849,0,0,1,0,1,0,0,0,0,0,0,0,0.057717226445674896,0.0389108769595623,0.9515895843505859,0.055242352187633514,0.027906151488423347,0.06475012749433517,0.0460536815226078,0.04180173575878143,0.042462170124053955,0.04833704233169556,0.15051114559173584,0.0614224448800087,Happiness,820.5120239257812,269.6789245605469
121,4.033333333333333,30.657030054038767,-17.532737516362218,1.1976677114975733,0.5228697061538696,0.4626270830631256,-0.06343518942594528,0.4625775218009949,0.39494019746780396,-0.10429973155260086,0.4841187000274658,0.4236053228378296,-0.05833323672413826,0.38591745495796204,0.4209724962711334,-0.08918682485818863,0.4408702254295349,0.39161425828933716,-0.10905656963586807,0.4128439724445343,0.39774107933044434,-0.09896986186504364,0.3341544270515442,0.42247703671455383,-0.04283996298909187,0.28951698541641235,0.5712605714797974,-0.08240368217229843,0.2814621329307556,0.42550089955329895,-0.025143759325146675,0.25428542494773865,0.42106348276138306,-0.025588354095816612,0.15692336857318878,0.4241703152656555,0.0059250700287520885,0.5309574604034424,0.46181607246398926,-0.06135015934705734,0.5379747152328491,0.46039092540740967,-0.05530213564634323,0.5421737432479858,0.4587361812591553,-0.04503414034843445,0.6245852112770081,0.4554995894432068,-0.03980732336640358,0.6368783712387085,0.4560995399951935,-0.04083971306681633,0.6494733095169067,0.45593035221099854,-0.04450443387031555,0.6617556214332581,0.45399752259254456,-0.04031515493988991,0.6440724730491638,0.44394323229789734,-0.021885273978114128,0.4745139479637146,0.40438753366470337,-0.09551017731428146,0.4688415825366974,0.43117254972457886,-0.08157239109277725,0.16685603559017181,0.6884933710098267,-0.054417502135038376,0.32310646772384644,0.5192376375198364,-0.061358705163002014,0.3201998770236969,0.5379420518875122,-0.07541637867689133,0.3139209449291229,0.5571842789649963,-0.08471646159887314,0.29323524236679077,0.5835256576538086,-0.08834990113973618,0.32165980339050293,0.5032638311386108,-0.043686628341674805,0.2529347240924835,0.5348401069641113,-0.08165113627910614,0.2610074281692505,0.5149584412574768,-0.06204139441251755,0.2507389187812805,0.5556468367576599,-0.09161803126335144,0.25543317198753357,0.5713682174682617,-0.09391973167657852,0.3020870089530945,0.6038416028022766,-0.0906774029135704,0.6585384607315063,0.523496687412262,-0.05596618354320526,0.28134435415267944,0.5792351961135864,-0.08210304379463196,0.2638495862483978,0.6949877738952637,-0.05765318125486374,0.2786758840084076,0.6260328888893127,-0.08807007968425751,0.41941362619400024,0.5221220254898071,-0.08907220512628555,0.510004997253418,0.4814695119857788,-0.0793510228395462,0.5303770303726196,0.47604796290397644,-0.07018909603357315,0.5072624683380127,0.49660617113113403,-0.08891073614358902,0.5114081501960754,0.5043214559555054,-0.08951801061630249,0.5256328582763672,0.4878476858139038,-0.07926283776760101,0.5249398946762085,0.49492934346199036,-0.07720575481653214,0.5885413289070129,0.5315980911254883,-0.07389453798532486,0.45851272344589233,0.4090767204761505,-0.11286398768424988,0.4372979402542114,0.40758270025253296,-0.1191052496433258,0.22730259597301483,0.5966653823852539,-0.11264334619045258,0.3670705556869507,0.4870662987232208,-0.062019940465688705,0.44472387433052063,0.4724413752555847,-0.10095921158790588,0.4309218227863312,0.4772668182849884,-0.0958232656121254,0.40305617451667786,0.5841515064239502,-0.1170782744884491,0.41115236282348633,0.41327500343322754,-0.10897324979305267,0.21723292768001556,0.5405595302581787,-0.10151795297861099,0.2175254076719284,0.5707745552062988,-0.11205583810806274,0.1356811225414276,0.6451833844184875,-0.06974778324365616,0.2580518126487732,0.4624662399291992,-0.051211729645729065,0.27490392327308655,0.49908196926116943,-0.043009888380765915,0.5619173049926758,0.5421040058135986,-0.08452040702104568,0.5081732273101807,0.7228004336357117,-0.01304548792541027,0.4606844484806061,0.46284306049346924,-0.082093745470047,0.4701036810874939,0.4505925178527832,-0.06873495131731033,0.5290905833244324,0.50645512342453,-0.07571161538362503,0.5325480699539185,0.5014311671257019,-0.07175363600254059,0.2002512514591217,0.5803006887435913,-0.10894604027271271,0.4548195004463196,0.48053431510925293,-0.09055507183074951,0.22799789905548096,0.505045473575592,-0.08007854968309402,0.2096632719039917,0.5048959255218506,-0.08455517143011093,0.12188377976417542,0.5307266712188721,-0.06657452136278152,0.15696734189987183,0.6100074648857117,-0.09065450727939606,0.15877333283424377,0.510621964931488,-0.07484152913093567,0.21268290281295776,0.6104865670204163,-0.1052127406001091,0.18088960647583008,0.6490570306777954,-0.07847123593091965,0.521174967288971,0.4794633388519287,-0.07766851037740707,0.5170680284500122,0.49281787872314453,-0.08552238345146179,0.518160343170166,0.5001351833343506,-0.08454219996929169,0.4661708474159241,0.4616934359073639,-0.07295744121074677,0.5312366485595703,0.5039368271827698,-0.072821706533432,0.5530721545219421,0.5017259120941162,-0.07272599637508392,0.5334169864654541,0.49938806891441345,-0.07073353976011276,0.45383286476135254,0.44183337688446045,-0.10569507628679276,0.5283346176147461,0.49063006043434143,-0.07092597335577011,0.5305343866348267,0.48322954773902893,-0.06870055943727493,0.5360926389694214,0.4724743962287903,-0.06116696819663048,0.6390230655670166,0.46900153160095215,-0.039102960377931595,0.6455160975456238,0.4775025248527527,-0.058561183512210846,0.6343092918395996,0.47742512822151184,-0.0626380518078804,0.6225193738937378,0.4753327965736389,-0.05872028321027756,0.6118314862251282,0.47277212142944336,-0.05645846948027611,0.5722182989120483,0.49056270718574524,-0.06719209253787994,0.5742276906967163,0.49404647946357727,-0.0687435194849968,0.5771501064300537,0.49822360277175903,-0.07278363406658173,0.5805783271789551,0.5011807680130005,-0.07311553508043289,0.5154067277908325,0.508357584476471,-0.09137789160013199,0.3769024610519409,0.747016191482544,0.0029748252127319574,0.4793051481246948,0.4146568477153778,-0.07094134390354156,0.5547650456428528,0.49477455019950867,-0.06869164854288101,0.5539663434028625,0.49812477827072144,-0.07060674577951431,0.48078039288520813,0.4455605447292328,-0.07013590633869171,0.4705154001712799,0.4809344708919525,-0.06899070739746094,0.47591906785964966,0.4478791058063507,-0.06958388537168503,0.37586674094200134,0.5071646571159363,-0.07334301620721817,0.38518285751342773,0.5352119207382202,-0.09307564049959183,0.4405457675457001,0.48564964532852173,-0.08755388855934143,0.11938923597335815,0.5929558873176575,-0.07587878406047821,0.14811277389526367,0.5647057890892029,-0.08858726918697357,0.19843870401382446,0.545036256313324,-0.10140831768512726,0.6061484813690186,0.515678346157074,-0.06919598579406738,0.22796081006526947,0.46182507276535034,-0.059248317033052444,0.17685465514659882,0.4653604030609131,-0.04961105063557625,0.13555875420570374,0.47630059719085693,-0.0374259389936924,0.30463793873786926,0.5741496086120605,-0.08857665956020355,0.3108367323875427,0.6290563344955444,-0.09705820679664612,0.3181668817996979,0.49255871772766113,-0.033875204622745514,0.2590610086917877,0.5959651470184326,-0.09867396950721741,0.35566890239715576,0.47108349204063416,-0.05809661000967026,0.4378257095813751,0.45182713866233826,-0.11030086129903793,0.32325756549835205,0.6574756503105164,-0.09853409230709076,0.3300361931324005,0.6159045696258545,-0.10627064108848572,0.3459814190864563,0.5895650386810303,-0.10315867513418198,0.3540664315223694,0.5505288243293762,-0.08353342115879059,0.3532918095588684,0.5216192603111267,-0.0646195337176323,0.34920379519462585,0.49971848726272583,-0.05178011953830719,0.33389943838119507,0.43934157490730286,-0.052539579570293427,0.37936052680015564,0.6537458896636963,-0.10725291073322296,0.25028884410858154,0.6135542988777161,-0.10224253684282303,0.4713496267795563,0.4122377038002014,-0.10250651091337204,0.39315569400787354,0.4819411635398865,-0.06960278004407883,0.2629832625389099,0.7392436265945435,-0.00731339817866683,0.34238100051879883,0.482098251581192,-0.041935455054044724,0.44125473499298096,0.4945789575576782,-0.06907914578914642,0.27741605043411255,0.5887852311134338,-0.08603690564632416,0.4223809838294983,0.4576849937438965,-0.10271602869033813,0.4402737021446228,0.7415704727172852,-0.0018374162027612329,0.31061166524887085,0.492693156003952,-0.029460061341524124,0.413659930229187,0.4338115453720093,-0.11012156307697296,0.5896356105804443,0.6317914724349976,-0.06276057660579681,0.6128339767456055,0.6544063091278076,-0.040793128311634064,0.37626025080680847,0.7056342363357544,-0.05634497478604317,0.5466101169586182,0.6638653874397278,-0.06312445551156998,0.21713648736476898,0.6741403937339783,-0.06368598341941833,0.6836566925048828,0.5348470211029053,-0.051923613995313644,0.4763428270816803,0.42136383056640625,-0.07479119300842285,0.4063023626804352,0.5012879967689514,-0.07480891048908234,0.276518315076828,0.6462790966033936,-0.08440110087394714,0.30198192596435547,0.5506511926651001,-0.07928892970085144,0.3081852197647095,0.5343313217163086,-0.07186929136514664,0.5523645281791687,0.5049735307693481,-0.07394465804100037,0.43066877126693726,0.6559237837791443,-0.09811889380216599,0.7195926904678345,0.5040221214294434,-0.031015686690807343,0.6817541122436523,0.5787323713302612,-0.042963046580553055,0.6545261144638062,0.6135627031326294,-0.04342701658606529,0.19801056385040283,0.4213937520980835,-0.012130888178944588,0.726220965385437,0.46486443281173706,-0.002562939887866378,0.3107694983482361,0.5198209881782532,-0.05907794460654259,0.3110100030899048,0.5061655044555664,-0.04561679810285568,0.310979425907135,0.4972337782382965,-0.03458860144019127,0.24002081155776978,0.6308130621910095,-0.09413356333971024,0.29410025477409363,0.5055478811264038,-0.047004133462905884,0.28515762090682983,0.5202183127403259,-0.060690123587846756,0.2797357439994812,0.5354869961738586,-0.07279939204454422,0.2774621248245239,0.5524807572364807,-0.08178618550300598,0.27833008766174316,0.5647711753845215,-0.08431249856948853,0.20692509412765503,0.7181673049926758,-0.028579939156770706,0.29574376344680786,0.5621957182884216,-0.08207803964614868,0.5006751418113708,0.42320477962493896,-0.05524002015590668,0.50232994556427,0.4893186688423157,-0.08530774712562561,0.45665794610977173,0.4586527347564697,-0.087405726313591,0.4993292987346649,0.4467954933643341,-0.07344373315572739,0.3053915798664093,0.42882466316223145,-0.026035448536276817,0.6282479763031006,0.6013670563697815,-0.056075580418109894,0.6571494340896606,0.5703958868980408,-0.052306272089481354,0.7032195329666138,0.495013952255249,-0.042207587510347366,0.5664097666740417,0.6905761361122131,-0.028939327225089073,0.30413922667503357,0.49670737981796265,-0.036819227039813995,0.36920401453971863,0.44653961062431335,-0.07105734944343567,0.7103337049484253,0.45555904507637024,-0.014429816044867039,0.7040590047836304,0.541766881942749,-0.04409869387745857,0.43434587121009827,0.7037359476089478,-0.05506172776222229,0.5929265022277832,0.48366057872772217,-0.06425841897726059,0.5989453196525574,0.4871973395347595,-0.06688348203897476,0.6065044403076172,0.4909113645553589,-0.07132072001695633,0.6161378622055054,0.49291273951530457,-0.07006273418664932,0.6241771578788757,0.4950219690799713,-0.06080534681677818,0.5273290276527405,0.4990828335285187,-0.07576174288988113,0.5230727791786194,0.503417432308197,-0.08112306892871857,0.5178951025009155,0.507242739200592,-0.08504055440425873,0.5365792512893677,0.5259756445884705,-0.09257380664348602,0.45163148641586304,0.6117257475852966,-0.10984350740909576,0.34316691756248474,0.4546377956867218,-0.05333342403173447,0.2977772355079651,0.4732958972454071,-0.022822588682174683,0.29706811904907227,0.4866061806678772,-0.030741853639483452,0.5294985771179199,0.49543219804763794,-0.07150688767433167,0.5127180218696594,0.6323823928833008,-0.08639785647392273,0.3027172088623047,0.4541921615600586,-0.033608924597501755,0.6390759944915771,0.5109902620315552,-0.055502016097307205,0.38688144087791443,0.4065572917461395,-0.07928626984357834,0.3616087734699249,0.4302768409252167,-0.07037254422903061,0.36178144812583923,0.4145093560218811,-0.06001465022563934,0.4025345742702484,0.45976072549819946,-0.08149142563343048,0.6857944130897522,0.4495730698108673,-0.02249850705265999,0.6612580418586731,0.4474802017211914,-0.021075434982776642,0.655539870262146,0.47784119844436646,-0.04006178677082062,0.5893988013267517,0.5559403896331787,-0.0740656703710556,0.4558407664299011,0.5119854807853699,-0.07808709889650345,0.6178064346313477,0.5373997688293457,-0.06473103165626526,0.4416613280773163,0.5516318678855896,-0.10487928986549377,0.47721344232559204,0.5275246500968933,-0.09170560538768768,0.47849562764167786,0.5762507915496826,-0.10501925647258759,0.6789393424987793,0.48583561182022095,-0.0476117804646492,0.412659227848053,0.47823581099510193,-0.07791738957166672,0.6021909713745117,0.5815697312355042,-0.06983184814453125,0.6326233148574829,0.5540021061897278,-0.05921339616179466,0.555351734161377,0.5659633278846741,-0.0891161784529686,0.4751476049423218,0.657478392124176,-0.08663231134414673,0.55013507604599,0.6006117463111877,-0.08757375180721283,0.490733802318573,0.6930170059204102,-0.05733245611190796,0.5098021626472473,0.5456926226615906,-0.09713052958250046,0.38064393401145935,0.4645755887031555,-0.0703120231628418,0.4494169354438782,0.4455764591693878,-0.11159536242485046,0.4536815285682678,0.46616536378860474,-0.09641092270612717,0.4361612796783447,0.4290122091770172,-0.11805066466331482,0.27142447233200073,0.48361775279045105,-0.04048551246523857,0.2489248514175415,0.5106550455093384,-0.06697539985179901,0.2389478087425232,0.536270022392273,-0.08864807337522507,0.23708423972129822,0.5607917308807373,-0.10181590914726257,0.24328729510307312,0.5811192989349365,-0.1049887090921402,0.2789953351020813,0.605293869972229,-0.08836498856544495,0.3191227316856384,0.703361988067627,-0.060605455189943314,0.314635694026947,0.5930880308151245,-0.09301965683698654,0.3274446725845337,0.5727174282073975,-0.08862318098545074,0.3352629542350769,0.5457111597061157,-0.07685817033052444,0.3371022641658783,0.520368754863739,-0.059790823608636856,0.33485478162765503,0.5009990334510803,-0.043146222829818726,0.33159586787223816,0.48705416917800903,-0.03366811200976372,0.319230854511261,0.7461780905723572,0.002668195404112339,0.4601953625679016,0.47138911485671997,-0.08678159862756729,0.3917044401168823,0.4390590786933899,-0.08808934688568115,0.4525609612464905,0.42482373118400574,-0.11460741609334946,0.46470797061920166,0.424730122089386,-0.09873078018426895,0.45586147904396057,0.4306054711341858,-0.10614147782325745,0.468283474445343,0.4712725877761841,-0.07498642057180405,0.4680393934249878,0.41894012689590454,-0.10189858824014664,0.47341859340667725,0.42715853452682495,-0.0781693086028099,0.3129056990146637,0.4848491847515106,-0.02406897582113743,0.3221786320209503,0.47480323910713196,-0.025214551016688347,0.3286612927913666,0.4674437344074249,-0.034128133207559586,0.2797965705394745,0.5727724432945251,-0.08416914194822311,0.26360368728637695,0.5841369032859802,-0.09184455871582031,0.39254653453826904,0.3964890241622925,-0.05680625140666962,0.3563263416290283,0.38571757078170776,0.14949721097946167,0.4763540029525757,0.4031796455383301,-0.05703074485063553,0.27215200662612915,0.3820422291755676,0.31972378492355347,0.3653237819671631,0.40035152435302734,0.08872095495462418,0.3690534830093384,0.3951386511325836,0.10483041405677795,0.3715032637119293,0.3906189203262329,0.12305184453725815,0.3658119738101959,0.39065229892730713,0.15703925490379333,0.35993102192878723,0.40369266271591187,0.07485413551330566,0.32902583479881287,0.3885124921798706,0.10401526838541031,0.32819148898124695,0.3950718641281128,0.0849461555480957,0.3322194218635559,0.38430216908454895,0.12345902621746063,0.3382534384727478,0.38332128524780273,0.13931050896644592,0.38129475712776184,0.39038610458374023,0.1732758730649948,0.6675752401351929,0.4145404100418091,0.05265728384256363,0.3544427752494812,0.3861621618270874,0.1605786681175232,0.35744673013687134,0.3801128566265106,0.3066138029098511,0.3701936602592468,0.39242255687713623,0.20916053652763367,0.45521602034568787,0.3814467191696167,0.062487151473760605,0.5228219032287598,0.4416441023349762,-0.0406937375664711,0.5409676432609558,0.4421904385089874,-0.03449559956789017,0.5323482155799866,0.42069104313850403,-0.008517825044691563,0.5422549247741699,0.40622955560684204,0.020640229806303978,0.544769287109375,0.4264473617076874,-0.009677485562860966,0.5499075651168823,0.41390281915664673,0.015476914122700691,0.6120871305465698,0.3957391381263733,0.06606969982385635,0.46461138129234314,0.3858839273452759,-0.09194774925708771,0.4444904029369354,0.380789577960968,-0.09420467913150787,0.3235511779785156,0.37858080863952637,0.16498346626758575,0.3907966613769531,0.401181161403656,0.037267666310071945,0.4662695527076721,0.37937644124031067,-0.007477226667106152,0.4531613886356354,0.38207733631134033,0.0004707835614681244,0.4605518877506256,0.3648430109024048,0.13353197276592255,0.4178565740585327,0.38748204708099365,-0.07721396535634995,0.3047572076320648,0.3795815110206604,0.09147996455430984,0.3118606507778168,0.3764558434486389,0.12979085743427277,0.2413938343524933,0.3692832291126251,0.2646079361438751,0.307009756565094,0.3994544744491577,0.012343239039182663,0.33068323135375977,0.401629775762558,0.07684305310249329,0.5924041271209717,0.3886364996433258,0.08479419350624084,0.5619204044342041,0.4322642683982849,0.3406310975551605,0.47647032141685486,0.3926451802253723,-0.013304895721375942,0.4799632728099823,0.40373820066452026,-0.03456474840641022,0.5659418702125549,0.38770830631256104,0.07039689272642136,0.5665892362594604,0.39343738555908203,0.05613010376691818,0.3001630902290344,0.3762766122817993,0.14778783917427063,0.4752485156059265,0.38628190755844116,0.0012891427613794804,0.3020145297050476,0.38652318716049194,0.05150483548641205,0.2853473126888275,0.3842490017414093,0.05159186199307442,0.1926453560590744,0.37134337425231934,0.12401380389928818,0.25734904408454895,0.3579394221305847,0.1933046281337738,0.22270601987838745,0.37011104822158813,0.08274498581886292,0.31464019417762756,0.3800519108772278,0.19238921999931335,0.283670037984848,0.36552339792251587,0.2448536604642868,0.5332819223403931,0.4418257474899292,-0.039341360330581665,0.5395333766937256,0.4236343502998352,-0.009895408526062965,0.5463514924049377,0.4096733331680298,0.015757104381918907,0.47916242480278015,0.39850789308547974,-0.016537638381123543,0.5666629076004028,0.39065757393836975,0.06186472997069359,0.5870118141174316,0.39411020278930664,0.041138678789138794,0.5665236711502075,0.3953002393245697,0.053524941205978394,0.4682948887348175,0.38699114322662354,-0.04215289652347565,0.5510920286178589,0.4167955815792084,0.016767583787441254,0.5475860834121704,0.4287313222885132,-0.0031541096977889538,0.5450633764266968,0.44289255142211914,-0.024353064596652985,0.6441644430160522,0.42591774463653564,-0.003999694716185331,0.6615626811981201,0.4294952154159546,-0.019691316410899162,0.6499253511428833,0.4323236644268036,-0.022354887798428535,0.6367441415786743,0.43468818068504333,-0.01836548000574112,0.6245133876800537,0.4363178312778473,-0.018249908462166786,0.5982872247695923,0.41004830598831177,0.021015310660004616,0.6027292013168335,0.4062204658985138,0.01914971135556698,0.6087917685508728,0.4009242355823517,0.018696404993534088,0.6143835783004761,0.3960450291633606,0.02540099062025547,0.5402922630310059,0.385170578956604,0.03628580644726753,0.4538908004760742,0.42592260241508484,0.39652571082115173,0.583426296710968,0.40296030044555664,0.040168680250644684,0.5855149030685425,0.3986789286136627,0.038941457867622375,0.488025426864624,0.40908151865005493,-0.03625078499317169,0.4872709810733795,0.3969801068305969,0.004563396796584129,0.48411867022514343,0.40639954805374146,-0.03629881516098976,0.40708401799201965,0.3937395215034485,0.0588257722556591,0.42813223600387573,0.3790367841720581,0.0854625478386879,0.4628108739852905,0.38558661937713623,0.012262350879609585,0.21479298174381256,0.3643168807029724,0.19629612565040588,0.23764121532440186,0.3596307635307312,0.14015859365463257,0.2891295552253723,0.37775394320487976,0.10243044048547745,0.6224416494369507,0.40161821246147156,0.046072497963905334,0.28273314237594604,0.3955416679382324,0.010278532281517982,0.2111167460680008,0.3905778229236603,0.032768040895462036,0.17445360124111176,0.3901785612106323,0.0584740936756134,0.3707556128501892,0.38970717787742615,0.14237302541732788,0.3977506160736084,0.3920285701751709,0.19688771665096283,0.35528236627578735,0.40620213747024536,0.07167970389127731,0.34571748971939087,0.3861120641231537,0.16983364522457123,0.3742961585521698,0.40482744574546814,0.021021580323576927,0.4566473364830017,0.3775191307067871,-0.03483498468995094,0.4059828519821167,0.36315858364105225,0.23528756201267242,0.4096705913543701,0.38534340262413025,0.17032863199710846,0.41372251510620117,0.38245272636413574,0.13148796558380127,0.40461841225624084,0.38877105712890625,0.09599193185567856,0.3925354480743408,0.39663368463516235,0.07227995246648788,0.3812858462333679,0.4007192552089691,0.05096074938774109,0.3424166142940521,0.41176939010620117,-0.019079629331827164,0.4544488191604614,0.364384263753891,0.22639791667461395,0.343723863363266,0.3856275975704193,0.1911630928516388,0.47527509927749634,0.3978763222694397,-0.08570791035890579,0.4146239757537842,0.3981325030326843,0.026199890300631523,0.35375234484672546,0.41232603788375854,0.39646753668785095,0.3696902394294739,0.40383613109588623,0.038226086646318436,0.4635830819606781,0.3921447694301605,0.03143449127674103,0.3560355603694916,0.3891563415527344,0.16886849701404572,0.4411216378211975,0.3818756937980652,-0.025846432894468307,0.5071805119514465,0.42929208278656006,0.37564530968666077,0.3498902916908264,0.406676709651947,0.08043555170297623,0.42698797583580017,0.38269922137260437,-0.054110605269670486,0.6219349503517151,0.3997107446193695,0.1851922571659088,0.6412783861160278,0.4242837429046631,0.22555114328861237,0.456551194190979,0.3848542869091034,0.3083694279193878,0.5912458896636963,0.39886415004730225,0.2298133373260498,0.3157922029495239,0.37401139736175537,0.2829960882663727,0.6905477643013,0.4174312353134155,0.06623636186122894,0.4796600341796875,0.40990161895751953,-0.06458361446857452,0.4338694214820862,0.3924434185028076,0.04343840107321739,0.37588822841644287,0.3974107503890991,0.24281282722949982,0.3582085371017456,0.38792455196380615,0.12472889572381973,0.3573756217956543,0.3919775187969208,0.10864990204572678,0.5884233713150024,0.3897230625152588,0.048442292958498,0.4978259801864624,0.3715437650680542,0.22360925376415253,0.7225254774093628,0.43889516592025757,0.037762269377708435,0.6911100149154663,0.4238680899143219,0.12845192849636078,0.6708947420120239,0.4229796528816223,0.1723049432039261,0.3548087775707245,0.3967490792274475,0.09493431448936462,0.3514955937862396,0.40121620893478394,0.08675527572631836,0.35053735971450806,0.40472936630249023,0.08376330137252808,0.34047868847846985,0.38963884115219116,0.2222776710987091,0.34063583612442017,0.39915308356285095,0.08758486062288284,0.33865562081336975,0.3933292031288147,0.09555914998054504,0.33953535556793213,0.3877539336681366,0.10882392525672913,0.3431330919265747,0.3836805522441864,0.12498890608549118,0.34792476892471313,0.38310882449150085,0.13769948482513428,0.3072231411933899,0.3958035111427307,0.3662123382091522,0.35715264081954956,0.3859708309173584,0.13915343582630157,0.5214690566062927,0.39005324244499207,0.011687523685395718,0.4736081659793854,0.38842594623565674,-0.021650265902280807,0.5075809955596924,0.4060348570346832,-0.03357003629207611,0.6497830152511597,0.4034162163734436,0.14420174062252045,0.6697176694869995,0.41191840171813965,0.10591332614421844,0.7069171667098999,0.4300824701786041,0.02208360657095909,0.6067693829536438,0.42954081296920776,0.2865026891231537,0.34564217925071716,0.4034854769706726,0.0835542306303978,0.3824043869972229,0.3995975852012634,-0.01776045374572277,0.7093497514724731,0.4273875951766968,0.08270692825317383,0.5048025846481323,0.3909866213798523,0.2947528064250946,0.614350438117981,0.42136770486831665,0.0023799289483577013,0.6229830980300903,0.4175094664096832,0.0023133347276598215,0.6330452561378479,0.4133879244327545,0.001270053442567587,0.6436173915863037,0.40918731689453125,0.005675022955983877,0.6340022087097168,0.4111935496330261,0.022917911410331726,0.5569590330123901,0.4025529623031616,0.03806279972195625,0.5551857352256775,0.3984551429748535,0.04362506791949272,0.5525127649307251,0.39475029706954956,0.04824376106262207,0.5657670497894287,0.38459867238998413,0.06488534808158875,0.5076870918273926,0.3710727393627167,0.1605328768491745,0.3570389151573181,0.40880170464515686,0.0018746810965240002,0.3348062038421631,0.40966254472732544,0.04722058027982712,0.33927395939826965,0.40734976530075073,0.07090264558792114,0.5571666955947876,0.4057520627975464,0.03789910674095154,0.5612652897834778,0.3817005753517151,0.18836943805217743,0.33101797103881836,0.40823814272880554,0.007613195106387138,0.6478859186172485,0.415915846824646,0.03816992789506912,0.36889925599098206,0.4036265015602112,-0.04179709404706955,0.42037224769592285,0.391827255487442,-0.010945369489490986,0.6594581007957458,0.42870381474494934,0.00489727733656764,0.6146693229675293,0.39280614256858826,0.08830093592405319,0.4836210608482361,0.387081503868103,0.046556148678064346,0.6341199278831482,0.40396034717559814,0.06430976092815399,0.48631495237350464,0.3716782033443451,0.08888901770114899,0.5101785659790039,0.38039064407348633,0.06255532801151276,0.5243803262710571,0.3727162480354309,0.11562808603048325,0.6836023330688477,0.4265812039375305,0.012096434831619263,0.4335792064666748,0.39276325702667236,0.010880970396101475,0.6274563074111938,0.3931005001068115,0.11787566542625427,0.6481420993804932,0.4059082269668579,0.08621340990066528,0.5893266797065735,0.38458019495010376,0.10703769326210022,0.5343580842018127,0.37838849425315857,0.2214595526456833,0.5876357555389404,0.3832946717739105,0.14136932790279388,0.5494545698165894,0.396470308303833,0.2752649784088135,0.5457358360290527,0.3794945776462555,0.0837605744600296,0.3981167674064636,0.39902758598327637,0.005797999911010265,0.46589896082878113,0.3813495635986328,-0.042911555618047714,0.4731399416923523,0.3826301097869873,-0.01763540506362915,0.4495283365249634,0.37760981917381287,-0.06332403421401978,0.32255828380584717,0.40329986810684204,0.05579746887087822,0.31891876459121704,0.39330488443374634,0.07386840134859085,0.3194362223148346,0.38556140661239624,0.09619888663291931,0.32276207208633423,0.3805614709854126,0.12317559123039246,0.3313327729701996,0.3809646666049957,0.14737656712532043,0.3637130558490753,0.3914099335670471,0.18373675644397736,0.40709590911865234,0.38081127405166626,0.312675803899765,0.38792145252227783,0.3875797986984253,0.15564578771591187,0.3905296325683594,0.38756921887397766,0.12811242043972015,0.3859671354293823,0.3926554322242737,0.10179296880960464,0.3779892325401306,0.39946216344833374,0.08121173828840256,0.3702751696109772,0.4037669897079468,0.06393684446811676,0.36315345764160156,0.4068180322647095,0.05356588959693909,0.4022934138774872,0.4226529598236084,0.4056189954280853,0.47814011573791504,0.38888105750083923,-0.00928425882011652,0.4043949544429779,0.3922182321548462,-0.03292146697640419,0.4638190269470215,0.38143956661224365,-0.07093241065740585,0.47268548607826233,0.3957650065422058,-0.07353018969297409,0.4676780700683594,0.38770678639411926,-0.06136709079146385,0.48323220014572144,0.3969321846961975,-0.009821346029639244,0.4745731055736542,0.3955899775028229,-0.08115162700414658,0.479034423828125,0.4062752425670624,-0.060807086527347565,0.3496512472629547,0.4085991382598877,0.06796135753393173,0.35234329104423523,0.4101637005805969,0.04329126700758934,0.35396602749824524,0.407176673412323,0.02212088368833065,0.3511928617954254,0.3840458393096924,0.14839938282966614,0.3456173241138458,0.38546907901763916,0.15599004924297333,0.2752052843570709,0.5310335755348206,-0.0646291971206665,0.2807149291038513,0.510809063911438,-0.0646291971206665,0.2546737492084503,0.5293571352958679,-0.0646291971206665,0.2688245177268982,0.550838828086853,-0.0646291971206665,0.29449227452278137,0.5322669744491577,-0.0646291971206665,0.33427679538726807,0.38488322496414185,0.11344415694475174,0.33749788999557495,0.3778335452079773,0.11344415694475174,0.31864237785339355,0.38327986001968384,0.11344415694475174,0.3310730457305908,0.3923276662826538,0.11344415694475174,0.34982067346572876,0.386597216129303,0.11344415694475174,0,0,0,0,0,1,1,0,0,0,0,0,0.14701689779758453,0.08688121289014816,0.09553319215774536,0.11571915447711945,0.029659802094101906,0.0614347979426384,0.20911994576454163,0.07382087409496307,0.09851936995983124,0.1372092366218567,0.9911783933639526,0.3354836702346802,Sadness,-720.7802124023438,2199.996337890625
123,4.1,33.48581950716271,-10.069582226002808,0.8993704512141801,0.5596531629562378,0.418612003326416,-0.08192194253206253,0.5119389891624451,0.3683745265007019,-0.11309727281332016,0.5215235352516174,0.40706050395965576,-0.07187964022159576,0.43317657709121704,0.38503512740135193,-0.08625885099172592,0.4927085041999817,0.3607059121131897,-0.11493974179029465,0.4658192992210388,0.3639184236526489,-0.10015843063592911,0.391171395778656,0.3822421729564667,-0.027911189943552017,0.26221388578414917,0.5332880020141602,-0.07181676477193832,0.34418296813964844,0.3782714009284973,0.0010408422676846385,0.3209311366081238,0.3690716028213501,0.006883908994495869,0.2352648675441742,0.358176589012146,0.05361733213067055,0.5620591640472412,0.42032527923583984,-0.08139519393444061,0.5620374083518982,0.4234659671783447,-0.07706194370985031,0.5599668622016907,0.4269920289516449,-0.07057205587625504,0.6367608308792114,0.45770758390426636,-0.06090139225125313,0.6464186906814575,0.459879070520401,-0.0664866641163826,0.6546611785888672,0.4631361961364746,-0.07288851588964462,0.6589723825454712,0.46763381361961365,-0.07206398248672485,0.6692662239074707,0.4679259657859802,-0.060063768178224564,0.5204806923866272,0.3817517161369324,-0.10569500178098679,0.5037949085235596,0.40950751304626465,-0.09316598623991013,0.1285424679517746,0.6265794038772583,-0.031096115708351135,0.32064157724380493,0.48527124524116516,-0.05120493471622467,0.3100438714027405,0.5025115609169006,-0.06661812216043472,0.29614537954330444,0.5207486748695374,-0.07615133374929428,0.2601899206638336,0.5461801290512085,-0.07917852699756622,0.32647576928138733,0.4705272912979126,-0.03151374310255051,0.24744856357574463,0.48989686369895935,-0.06524718552827835,0.2659122049808502,0.47157716751098633,-0.0434713177382946,0.2340346723794937,0.5108683109283447,-0.07620467990636826,0.2298227697610855,0.5282373428344727,-0.07962028682231903,0.26279276609420776,0.5666856169700623,-0.08358730375766754,0.6507872939109802,0.5543553829193115,-0.10210083425045013,0.2485770285129547,0.5410343408584595,-0.07040879875421524,0.2152140885591507,0.6544981598854065,-0.048511803150177,0.22930416464805603,0.5858907699584961,-0.07802199572324753,0.4158953130245209,0.5012778639793396,-0.0978315994143486,0.5345751643180847,0.4430601894855499,-0.09910230338573456,0.5419332385063171,0.44620269536972046,-0.0926053449511528,0.5155814290046692,0.4711875915527344,-0.109288290143013,0.5035500526428223,0.49157214164733887,-0.10843560099601746,0.524555504322052,0.4685267508029938,-0.1007397323846817,0.5131122469902039,0.4865140914916992,-0.09695889800786972,0.5573228597640991,0.5505955815315247,-0.09881657361984253,0.5015072226524353,0.38191813230514526,-0.12231486290693283,0.4818013906478882,0.37647783756256104,-0.1256823092699051,0.19252224266529083,0.5461261868476868,-0.0938725695014,0.3917955160140991,0.4549819529056549,-0.05695103108882904,0.4590660333633423,0.45034313201904297,-0.11127018928527832,0.444985568523407,0.45387035608291626,-0.10431495308876038,0.3715096116065979,0.5639134049415588,-0.12632939219474792,0.45715805888175964,0.3790907859802246,-0.11120856553316116,0.2154708057641983,0.48555707931518555,-0.07723622769117355,0.1972571760416031,0.5173419117927551,-0.08971814811229706,0.11633731424808502,0.5747924447059631,-0.03913027420639992,0.30079180002212524,0.4144059717655182,-0.02695372700691223,0.2864394187927246,0.45898208022117615,-0.02428934909403324,0.5220317840576172,0.5562159419059753,-0.10748554766178131,0.4392351806163788,0.7425296306610107,-0.04526931419968605,0.4788888692855835,0.4440594017505646,-0.09355493634939194,0.49449193477630615,0.43269944190979004,-0.08098699152469635,0.5011094808578491,0.5217553973197937,-0.09536507725715637,0.5078035593032837,0.5167899131774902,-0.09017059952020645,0.17479771375656128,0.5236896276473999,-0.08411764353513718,0.4643555283546448,0.4625507593154907,-0.10234162211418152,0.24913851916790009,0.4514215588569641,-0.055153604596853256,0.23157630860805511,0.44695571064949036,-0.05631621181964874,0.1534378081560135,0.4554004967212677,-0.025913342833518982,0.15101325511932373,0.5401630401611328,-0.06004245579242706,0.19353534281253815,0.4398241341114044,-0.03631637990474701,0.17162080109119415,0.5575804710388184,-0.08471997082233429,0.1577136516571045,0.5866660475730896,-0.05302851274609566,0.5393701195716858,0.44461777806282043,-0.09843116998672485,0.5202323198318481,0.46971794962882996,-0.10619045048952103,0.508340060710907,0.4891611337661743,-0.10393223166465759,0.4848790168762207,0.44455209374427795,-0.08451955020427704,0.5048573017120361,0.5191463828086853,-0.09172298014163971,0.530160129070282,0.5213184356689453,-0.09246814250946045,0.5099738836288452,0.5149266123771667,-0.08895900100469589,0.4833478033542633,0.4180162847042084,-0.11554436385631561,0.5154513120651245,0.484862744808197,-0.09285828471183777,0.5267158150672913,0.46751493215560913,-0.09287808835506439,0.5426463484764099,0.44786563515663147,-0.08689697086811066,0.6498603820800781,0.49380433559417725,-0.07765307277441025,0.6309241056442261,0.4971901774406433,-0.09036444872617722,0.6278201341629028,0.49137556552886963,-0.09097552299499512,0.6213357448577881,0.48532241582870483,-0.08426974713802338,0.614516019821167,0.48018908500671387,-0.07776502519845963,0.5615491271018982,0.5066407322883606,-0.08573246747255325,0.5602776408195496,0.5120841264724731,-0.09034325182437897,0.558687686920166,0.5191236734390259,-0.09605707228183746,0.5568884611129761,0.5254942178726196,-0.09766016900539398,0.4990817904472351,0.5088495016098022,-0.10792757570743561,0.305800199508667,0.7362772226333618,-0.010128345340490341,0.5213115215301514,0.3949640393257141,-0.08296362310647964,0.5378164052963257,0.512232780456543,-0.08619920164346695,0.5342099070549011,0.5166116952896118,-0.08969093859195709,0.5061852335929871,0.43009310960769653,-0.08483957499265671,0.4783874750137329,0.4676104784011841,-0.08242002129554749,0.5009343028068542,0.4310477674007416,-0.08277877420186996,0.3887923061847687,0.47769027948379517,-0.0723770260810852,0.3804338872432709,0.5080756545066833,-0.09627807885408401,0.44968515634536743,0.46578747034072876,-0.09738677740097046,0.12333455681800842,0.5177289843559265,-0.03937355801463127,0.1618095487356186,0.4918292760848999,-0.05379309505224228,0.19474735856056213,0.48603126406669617,-0.0738258808851242,0.5875868201255798,0.5380259156227112,-0.09806566685438156,0.27383649349212646,0.40750452876091003,-0.029776837676763535,0.2294922173023224,0.39855968952178955,-0.008050892502069473,0.19069939851760864,0.4047066569328308,0.006693100556731224,0.27779680490493774,0.5373956561088562,-0.0801505297422409,0.261372447013855,0.5934411883354187,-0.09273595362901688,0.32806357741355896,0.4603104591369629,-0.020448382943868637,0.22220750153064728,0.5527039766311646,-0.0843268558382988,0.38941866159439087,0.43613100051879883,-0.05056503042578697,0.4626779556274414,0.42524001002311707,-0.11880270391702652,0.2787141799926758,0.623587965965271,-0.09816034883260727,0.288798987865448,0.5816220045089722,-0.104994036257267,0.3189181983470917,0.5564734935760498,-0.10232600569725037,0.34367835521698,0.518098771572113,-0.08102261275053024,0.3541865646839142,0.48984068632125854,-0.05934513732790947,0.36016523838043213,0.4679329991340637,-0.04331119731068611,0.38356173038482666,0.399097204208374,-0.03913333639502525,0.3267834782600403,0.633097767829895,-0.11526984721422195,0.20728382468223572,0.5678889751434326,-0.08692196756601334,0.5136960744857788,0.3890376687049866,-0.11336119472980499,0.4142373204231262,0.4540140628814697,-0.06993529945611954,0.20075547695159912,0.7007999420166016,-0.0023631462827324867,0.362552285194397,0.44949018955230713,-0.03081270307302475,0.44715797901153564,0.4766581058502197,-0.07828384637832642,0.2410697638988495,0.5499554872512817,-0.0747198536992073,0.4470362663269043,0.4296971559524536,-0.10873306542634964,0.3672991096973419,0.7461318969726562,-0.02398749068379402,0.3192761540412903,0.46075451374053955,-0.014596681110560894,0.45046481490135193,0.401720255613327,-0.11414577811956406,0.540198564529419,0.6580144166946411,-0.10082494467496872,0.5640962719917297,0.6886996626853943,-0.08408041298389435,0.312011182308197,0.6906641125679016,-0.06532853841781616,0.48794108629226685,0.6863204836845398,-0.09766531735658646,0.18061472475528717,0.6220171451568604,-0.04518967121839523,0.6750590801239014,0.5708236694335938,-0.10400237888097763,0.5152367949485779,0.4010007679462433,-0.0869976282119751,0.4156935513019562,0.4771263897418976,-0.07909558713436127,0.21624380350112915,0.6082322597503662,-0.07520858198404312,0.28573426604270935,0.5129428505897522,-0.06935107707977295,0.2988085448741913,0.49763554334640503,-0.06150219962000847,0.5253416299819946,0.5261039137840271,-0.0946500301361084,0.37315696477890015,0.6499333381652832,-0.1147986501455307,0.7295961380004883,0.5454355478286743,-0.08716846257448196,0.6606072187423706,0.616739809513092,-0.09294325858354568,0.6199505925178528,0.6500715613365173,-0.0897052213549614,0.27014973759651184,0.3595724105834961,0.03194085881114006,0.753203272819519,0.5077340602874756,-0.056666918098926544,0.3072068393230438,0.48459458351135254,-0.047629281878471375,0.31330782175064087,0.4722908139228821,-0.03285636380314827,0.3174397051334381,0.4644796550273895,-0.02049240469932556,0.18812818825244904,0.5843691825866699,-0.07830855995416641,0.2964712083339691,0.46907562017440796,-0.030784234404563904,0.2805413007736206,0.48084110021591187,-0.044685378670692444,0.26765915751457214,0.49517038464546204,-0.057845428586006165,0.25714707374572754,0.5122706890106201,-0.06792294979095459,0.2522209882736206,0.5251896381378174,-0.07134874165058136,0.15476292371749878,0.6662822961807251,-0.013852385804057121,0.27377384901046753,0.5243597626686096,-0.07207862287759781,0.5354948043823242,0.4109508991241455,-0.0707208588719368,0.49956512451171875,0.48389875888824463,-0.1025179848074913,0.47717979550361633,0.4380849599838257,-0.09730453044176102,0.5200715065002441,0.4362093508243561,-0.0902971625328064,0.36523279547691345,0.3856116533279419,-0.005474050063639879,0.5906534194946289,0.6302433013916016,-0.09818274527788162,0.6330958604812622,0.6034258008003235,-0.09969190508127213,0.711825430393219,0.53243488073349,-0.09726223349571228,0.5069785118103027,0.7202645540237427,-0.06757620722055435,0.31123822927474976,0.46315962076187134,-0.02113296650350094,0.40937158465385437,0.41094863414764404,-0.06480391323566437,0.7373709082603455,0.4943711459636688,-0.06820592284202576,0.6978617906570435,0.5816364884376526,-0.09800935536623001,0.36706849932670593,0.7037661075592041,-0.07356107234954834,0.5891647934913635,0.49594250321388245,-0.08450468629598618,0.5908997654914856,0.5026002526283264,-0.09055505692958832,0.5935319066047668,0.5101251602172852,-0.09706775844097137,0.5956955552101135,0.5170474648475647,-0.09809708595275879,0.6193735599517822,0.5194734334945679,-0.09444545209407806,0.5069759488105774,0.5030983090400696,-0.09415341913700104,0.5021299719810486,0.5060158967971802,-0.09931223839521408,0.497248113155365,0.5086584091186523,-0.10346897691488266,0.5064323544502258,0.5337728261947632,-0.1104075163602829,0.40576595067977905,0.607684850692749,-0.12827780842781067,0.3854715824127197,0.41662347316741943,-0.042521677911281586,0.32272499799728394,0.4362136125564575,-0.003000763477757573,0.3121938109397888,0.4512907862663269,-0.012383757159113884,0.5097999572753906,0.5008251667022705,-0.09116832166910172,0.45937347412109375,0.6443874835968018,-0.114146888256073,0.34221217036247253,0.41408059000968933,-0.01460229977965355,0.6320523023605347,0.5388214588165283,-0.09576748311519623,0.4406892955303192,0.3707963228225708,-0.07506472617387772,0.40965113043785095,0.3923526108264923,-0.06132788956165314,0.4170292615890503,0.37676942348480225,-0.049843188375234604,0.430961936712265,0.43006831407546997,-0.0822782889008522,0.7135806083679199,0.4827662706375122,-0.0715191587805748,0.6876585483551025,0.475622296333313,-0.06524118781089783,0.666046679019928,0.5064536929130554,-0.08481083065271378,0.5554938912391663,0.573896050453186,-0.10347069799900055,0.4516458511352539,0.4978032410144806,-0.08983158320188522,0.5958024859428406,0.56119304895401,-0.09960034489631653,0.41973185539245605,0.5387124419212341,-0.11955026537179947,0.46114373207092285,0.5199350714683533,-0.1061796098947525,0.44231146574020386,0.5742311477661133,-0.12518300116062164,0.6886687874794006,0.5183097124099731,-0.09773527085781097,0.4310522973537445,0.4527037739753723,-0.08181493729352951,0.565413236618042,0.6028150916099548,-0.10548815131187439,0.6099677085876465,0.5812772512435913,-0.10063254088163376,0.5141801834106445,0.5782120227813721,-0.11539763957262039,0.41599929332733154,0.663057267665863,-0.11053115874528885,0.5037989616394043,0.6154600381851196,-0.1164802834391594,0.4248620271682739,0.7057372331619263,-0.08493883907794952,0.47810834646224976,0.5477935075759888,-0.11575768887996674,0.4117042124271393,0.4324789047241211,-0.06717215478420258,0.4767172336578369,0.4206386208534241,-0.12097131460905075,0.4702516198158264,0.44529327750205994,-0.1076657697558403,0.47170764207839966,0.3992512822151184,-0.12539415061473846,0.2949896454811096,0.4418069124221802,-0.01834968663752079,0.2605603337287903,0.46354150772094727,-0.04493027925491333,0.23601216077804565,0.4873444437980652,-0.06846729665994644,0.2202654778957367,0.5122288465499878,-0.08342993259429932,0.21450422704219818,0.5347203016281128,-0.08785880357027054,0.237141415476799,0.5656395554542542,-0.0773339718580246,0.26155340671539307,0.6746392250061035,-0.0608491450548172,0.2813514471054077,0.5572571158409119,-0.08717425912618637,0.30559685826301575,0.5373085737228394,-0.08291754126548767,0.3245580792427063,0.5112630128860474,-0.07050208002328873,0.33650320768356323,0.4871981739997864,-0.05183824151754379,0.3427425026893616,0.46878480911254883,-0.03227733448147774,0.34666675329208374,0.4547584652900696,-0.021233081817626953,0.25204044580459595,0.7209877371788025,-0.00098917365539819,0.473771333694458,0.4533800780773163,-0.09854046255350113,0.43083876371383667,0.4051573872566223,-0.08686301112174988,0.48942500352859497,0.397904634475708,-0.12395242601633072,0.5027567744255066,0.4010555148124695,-0.1093679890036583,0.4910408854484558,0.405603289604187,-0.11568210273981094,0.4813864827156067,0.4560203552246094,-0.08739110827445984,0.5078806281089783,0.3954063355922699,-0.11269712448120117,0.5101695656776428,0.4062719941139221,-0.09003641456365585,0.32671844959259033,0.45286691188812256,-0.008661051280796528,0.34403395652770996,0.44141924381256104,-0.009655010886490345,0.3573779761791229,0.43275174498558044,-0.019828347489237785,0.2501448392868042,0.5338929891586304,-0.0720231905579567,0.23094090819358826,0.5424221754074097,-0.07880888879299164,0.4512103199958801,0.36315739154815674,-0.051668375730514526,0.44180285930633545,0.3598928451538086,0.17702780663967133,0.5250483751296997,0.38438284397125244,-0.06706354767084122,0.37955808639526367,0.346212774515152,0.368958055973053,0.4317435622215271,0.3820820450782776,0.10975173860788345,0.4403079152107239,0.3766317665576935,0.12690487504005432,0.4465538561344147,0.3706912398338318,0.1466265618801117,0.44429993629455566,0.3629601001739502,0.18389159440994263,0.4231947064399719,0.3845674395561218,0.0958399549126625,0.4117753207683563,0.35071855783462524,0.13346853852272034,0.4050864577293396,0.3579742908477783,0.11379264295101166,0.4191552996635437,0.3463677763938904,0.1538972407579422,0.4263060688972473,0.3468765616416931,0.17001648247241974,0.4532182812690735,0.3635936975479126,0.19986583292484283,0.7156929969787598,0.4456748962402344,0.015663890168070793,0.43984776735305786,0.35751891136169434,0.1898740530014038,0.457541286945343,0.3670485317707062,0.3432161808013916,0.4430818259716034,0.3553054928779602,0.24077720940113068,0.5255715250968933,0.36563563346862793,0.06472272425889969,0.571654200553894,0.3948311507701874,-0.057840704917907715,0.5742283463478088,0.4040282368659973,-0.05444862321019173,0.5845299959182739,0.3777383267879486,-0.023534273728728294,0.594505786895752,0.3704943060874939,0.010217500850558281,0.583541750907898,0.3902495503425598,-0.026248544454574585,0.5919767618179321,0.38226020336151123,0.0029393702279776335,0.6590601205825806,0.408181369304657,0.05421639606356621,0.5192767381668091,0.3607993721961975,-0.09997314214706421,0.5017105937004089,0.3525875210762024,-0.09906892478466034,0.4157843589782715,0.32938483357429504,0.2031419426202774,0.4578189253807068,0.37506526708602905,0.048532016575336456,0.5280045866966248,0.36028560996055603,-0.01201354619115591,0.5161058902740479,0.36150839924812317,-0.002046350622549653,0.5440583825111389,0.3525499105453491,0.14338679611682892,0.4759693741798401,0.3559751808643341,-0.07720476388931274,0.3991518020629883,0.32838720083236694,0.13029100000858307,0.4072330594062805,0.32523852586746216,0.16974200308322906,0.3523556888103485,0.3246048390865326,0.31831294298171997,0.3848552107810974,0.35930562019348145,0.041734546422958374,0.4017535448074341,0.3669235408306122,0.10376983135938644,0.6415398120880127,0.3951442837715149,0.07747417688369751,0.6382454037666321,0.45534682273864746,0.33356431126594543,0.5311238765716553,0.37510424852371216,-0.020413950085639954,0.5287516713142395,0.387062668800354,-0.04457741975784302,0.6147421002388,0.372122585773468,0.06454335153102875,0.6120429039001465,0.37837275862693787,0.049885012209415436,0.39657172560691833,0.3175734877586365,0.19155125319957733,0.5342442393302917,0.3691996932029724,-0.0048058214597404,0.3912925124168396,0.3383828103542328,0.08668646961450577,0.3794935345649719,0.329209566116333,0.09002722799777985,0.29629120230674744,0.3156580328941345,0.1784326136112213,0.36661267280578613,0.31421515345573425,0.24449488520622253,0.3187273144721985,0.31746432185173035,0.13283683359622955,0.4063747525215149,0.324338436126709,0.23403307795524597,0.3925122618675232,0.3296712338924408,0.2931255102157593,0.5745899081230164,0.39854446053504944,-0.05753716081380844,0.5852999687194824,0.38330650329589844,-0.025426490232348442,0.5941727161407471,0.37531358003616333,0.004198203328996897,0.5310479998588562,0.38170406222343445,-0.02424740418791771,0.6138066053390503,0.37528175115585327,0.05590154603123665,0.6327537298202515,0.3835868239402771,0.03178569674491882,0.6103708148002625,0.3806219696998596,0.04703812301158905,0.5253113508224487,0.3663281798362732,-0.04804040864109993,0.5882236957550049,0.38789814710617065,0.002012221608310938,0.5802586078643799,0.3964119255542755,-0.022603671997785568,0.5717383623123169,0.40961411595344543,-0.04772275686264038,0.6794909238815308,0.4489072859287262,-0.039108313620090485,0.6729605197906494,0.43866175413131714,-0.048328906297683716,0.6677626371383667,0.4359491765499115,-0.0478505976498127,0.6577869653701782,0.43540531396865845,-0.040974825620651245,0.647134006023407,0.43646377325057983,-0.036928292363882065,0.6375651359558105,0.405165433883667,0.00962838251143694,0.6430222392082214,0.4006510376930237,0.005021147895604372,0.6497416496276855,0.3957064151763916,0.0029672528617084026,0.6542210578918457,0.39260995388031006,0.009629882872104645,0.5951597094535828,0.38034382462501526,0.029705414548516273,0.5370527505874634,0.4354585111141205,0.41365355253219604,0.626207709312439,0.3937939405441284,0.0323992520570755,0.6301974654197693,0.3883151710033417,0.029620056971907616,0.5334368348121643,0.3933638036251068,-0.048884063959121704,0.5407194495201111,0.38219574093818665,-0.004128473345190287,0.5313625335693359,0.3901689946651459,-0.04739661142230034,0.47734779119491577,0.3705209493637085,0.06896986067295074,0.5036521553993225,0.36004605889320374,0.09555575251579285,0.5245221853256226,0.36738088726997375,0.008511140011250973,0.3245989978313446,0.31343168020248413,0.25151675939559937,0.34218430519104004,0.3107914626598358,0.19144590198993683,0.3871450126171112,0.31886744499206543,0.1450832337141037,0.6696324348449707,0.4184226989746094,0.028086887672543526,0.3690876066684723,0.3449229896068573,0.045437756925821304,0.29710298776626587,0.3338552415370941,0.08034976571798325,0.2687322497367859,0.32956963777542114,0.10948826372623444,0.44798970222473145,0.3664935529232025,0.16748574376106262,0.46443745493888855,0.3653338551521301,0.22271670401096344,0.41708648204803467,0.38517850637435913,0.09297202527523041,0.42997273802757263,0.3463085889816284,0.2034401148557663,0.4396255910396576,0.3756823241710663,0.033587321639060974,0.5183265209197998,0.35552525520324707,-0.038696493953466415,0.5038686990737915,0.35247135162353516,0.2607966959476471,0.4774107038974762,0.36926722526550293,0.19179530441761017,0.4820794463157654,0.37415993213653564,0.14951492846012115,0.47004055976867676,0.3825225830078125,0.11178013682365417,0.4542464315891266,0.388346791267395,0.08709169924259186,0.4419216811656952,0.39032939076423645,0.0660693496465683,0.40463846921920776,0.3745766878128052,-0.0032442533411085606,0.5475367903709412,0.3585855960845947,0.24316078424453735,0.427490770816803,0.3413715958595276,0.22682198882102966,0.5246407389640808,0.37640470266342163,-0.09550168365240097,0.47859084606170654,0.3737138509750366,0.03179129958152771,0.4444204270839691,0.402491956949234,0.4323541820049286,0.4309150278568268,0.390147864818573,0.05469866842031479,0.524420440196991,0.3745409846305847,0.028254633769392967,0.43865108489990234,0.35682928562164307,0.19912414252758026,0.5036842823028564,0.35795751214027405,-0.027513442561030388,0.5875357985496521,0.4459051191806793,0.3811012804508209,0.41219255328178406,0.3834298849105835,0.1038818433880806,0.4883749485015869,0.3550306558609009,-0.05464916303753853,0.6895949840545654,0.42664313316345215,0.16648244857788086,0.7058656215667725,0.45662689208984375,0.20260335505008698,0.5487586259841919,0.38891786336898804,0.3260558843612671,0.6674026250839233,0.42134496569633484,0.2171095460653305,0.42075079679489136,0.34920457005500793,0.32617896795272827,0.7388534545898438,0.45510396361351013,0.02353372797369957,0.5244240164756775,0.3906785845756531,-0.07626170665025711,0.5000860691070557,0.37206506729125977,0.04684160649776459,0.4433348476886749,0.35697585344314575,0.2758729159832001,0.4400601387023926,0.36620062589645386,0.1496398001909256,0.4339505136013031,0.37157416343688965,0.13240309059619904,0.6345125436782837,0.3796984553337097,0.038949236273765564,0.5876436233520508,0.37144389748573303,0.23050905764102936,0.7619240283966064,0.48165205121040344,-0.012358434498310089,0.7436131834983826,0.46257829666137695,0.091901995241642,0.7283980846405029,0.45923346281051636,0.1429324746131897,0.4262823462486267,0.37631890177726746,0.11797310411930084,0.41830140352249146,0.3798481822013855,0.10975199192762375,0.41415345668792725,0.38226237893104553,0.1072838306427002,0.4207645654678345,0.33933013677597046,0.26046884059906006,0.41351786255836487,0.37371137738227844,0.11337258666753769,0.41856133937835693,0.36702483892440796,0.12241623550653458,0.4246886968612671,0.36135318875312805,0.13660182058811188,0.4312353730201721,0.3573838770389557,0.15346862375736237,0.43595021963119507,0.35644423961639404,0.16632524132728577,0.4073706567287445,0.3715505599975586,0.40977218747138977,0.4419204592704773,0.36246350407600403,0.1654241383075714,0.5744220018386841,0.3816133737564087,0.0017495357897132635,0.5300655364990234,0.3699631094932556,-0.027628473937511444,0.5512551069259644,0.3946356773376465,-0.0477314367890358,0.7103030681610107,0.43540477752685547,0.11788593977689743,0.7228587865829468,0.4467633366584778,0.07093463093042374,0.7466991543769836,0.4693640470504761,-0.027727684006094933,0.6779325008392334,0.45766735076904297,0.26988309621810913,0.41233158111572266,0.37953102588653564,0.10827725380659103,0.44481104612350464,0.36842602491378784,-0.008125864900648594,0.7563052177429199,0.46847718954086304,0.0392397902905941,0.5933437347412109,0.4020373225212097,0.30116844177246094,0.6463832855224609,0.4192788004875183,-0.012809954583644867,0.6549766659736633,0.41573667526245117,-0.016025586053729057,0.6640424728393555,0.4132370054721832,-0.018985942006111145,0.6708846092224121,0.4132547676563263,-0.015700848773121834,0.6777197122573853,0.4314212203025818,-0.0024408416356891394,0.6007552146911621,0.3784736096858978,0.02967965602874756,0.602958083152771,0.3727012276649475,0.036515358835458755,0.603701114654541,0.3676682114601135,0.04189504683017731,0.618777334690094,0.3846549391746521,0.06065025553107262,0.5912002325057983,0.36776986718177795,0.16326147317886353,0.42054322361946106,0.3754531741142273,0.0162002332508564,0.3996351659297943,0.3785911202430725,0.07108920812606812,0.40421217679977417,0.3780609965324402,0.09625966846942902,0.5974448919296265,0.38264763355255127,0.027779946103692055,0.6410688757896423,0.3916059732437134,0.18206246197223663,0.3983191251754761,0.3789021372795105,0.02928464114665985,0.6925406455993652,0.44115298986434937,0.0064416504465043545,0.4292137920856476,0.36867204308509827,-0.030837902799248695,0.482549786567688,0.36620837450027466,-0.007915597409009933,0.6967086791992188,0.45610734820365906,-0.03582600876688957,0.668317437171936,0.41059643030166626,0.07379020005464554,0.5463536977767944,0.374494731426239,0.043359652161598206,0.6837378740310669,0.42637357115745544,0.04121014103293419,0.5614611506462097,0.36172494292259216,0.08966821432113647,0.5746644735336304,0.3733150362968445,0.060009412467479706,0.5994325876235962,0.3700959086418152,0.1139192283153534,0.7234653234481812,0.45994123816490173,-0.032830625772476196,0.4961077570915222,0.36991095542907715,0.012107430957257748,0.6874173879623413,0.41724759340286255,0.09844949096441269,0.700830340385437,0.4341212213039398,0.05698661133646965,0.6473920345306396,0.3952298164367676,0.09838535636663437,0.621006965637207,0.3850741982460022,0.2205534726381302,0.6567606925964355,0.3972465395927429,0.13173533976078033,0.6331143379211426,0.41400620341300964,0.2710103988647461,0.6075630187988281,0.3784462809562683,0.08042103797197342,0.461424857378006,0.3714867830276489,0.013393424451351166,0.5251832604408264,0.3602660894393921,-0.04788468778133392,0.5322704315185547,0.36436083912849426,-0.02395942248404026,0.5098633170127869,0.3521880507469177,-0.06715796887874603,0.39473825693130493,0.3654003143310547,0.0841076597571373,0.3990664482116699,0.35059475898742676,0.10622907429933548,0.4067521393299103,0.34123578667640686,0.1302117258310318,0.41494444012641907,0.3364066183567047,0.1580282598733902,0.4226500689983368,0.3384163975715637,0.18251605331897736,0.44012194871902466,0.35643240809440613,0.21463750302791595,0.5037670135498047,0.3771483302116394,0.340650737285614,0.46041613817214966,0.36725956201553345,0.17931011319160461,0.46127191185951233,0.3723638653755188,0.14962123334407806,0.45366477966308594,0.3794671297073364,0.12138862907886505,0.441329687833786,0.38548600673675537,0.09922580420970917,0.4308973550796509,0.3882637619972229,0.08215443789958954,0.42292872071266174,0.38898715376853943,0.07181099057197571,0.48784834146499634,0.4233747124671936,0.43294379115104675,0.5347451567649841,0.3719581663608551,-0.01627136953175068,0.4659491777420044,0.36249685287475586,-0.028482208028435707,0.5220162868499756,0.3581507205963135,-0.07727613300085068,0.5247159004211426,0.3754633367061615,-0.08249174803495407,0.5240049362182617,0.36618441343307495,-0.06806386262178421,0.536186695098877,0.3809947669506073,-0.018292725086212158,0.5258305072784424,0.3747473955154419,-0.09060493111610413,0.5260100960731506,0.38736915588378906,-0.0716402605175972,0.4110681414604187,0.38483670353889465,0.08994059264659882,0.4125175476074219,0.38763582706451416,0.06323763728141785,0.4168204963207245,0.3872913122177124,0.04034852236509323,0.43861424922943115,0.3566465377807617,0.17729118466377258,0.4319714903831482,0.34974294900894165,0.1867542564868927,0.28652095794677734,0.49820831418037415,-0.051654696464538574,0.2991091310977936,0.48160040378570557,-0.051654696464538574,0.26922205090522766,0.49398472905158997,-0.051654696464538574,0.2731548547744751,0.5147848725318909,-0.051654696464538574,0.3025439381599426,0.5023393630981445,-0.051654696464538574,0.42301103472709656,0.36197221279144287,0.13943828642368317,0.4326009750366211,0.35479360818862915,0.13943828642368317,0.41029345989227295,0.35495811700820923,0.13943828642368317,0.41310209035873413,0.369171142578125,0.13943828642368317,0.43499651551246643,0.36874428391456604,0.13943828642368317,0,0,0,0,0,1,1,0,0,0,0,0,0.1019311249256134,0.06974712759256363,0.130419060587883,0.06675858795642853,0.02959374338388443,0.06427361816167831,0.08772473782300949,0.06515124440193176,0.07580229640007019,0.10213205218315125,0.8129895925521851,0.2344721555709839,Neutral,-8.267980575561523,-27.810688018798828
124,4.133333333333334,32.46709445585006,-16.16046281301376,1.1536426122329975,0.5246773958206177,0.4565543532371521,-0.06558791548013687,0.46766197681427,0.3778804540634155,-0.1016305685043335,0.4868446886539459,0.4120025634765625,-0.05883645638823509,0.39379602670669556,0.4030524492263794,-0.08607551455497742,0.4473479986190796,0.37325140833854675,-0.10538119077682495,0.4208921194076538,0.3793959617614746,-0.09444645047187805,0.34589800238609314,0.4052056074142456,-0.037238169461488724,0.28072553873062134,0.5645068883895874,-0.08923254907131195,0.2988581657409668,0.4078037142753601,-0.017855973914265633,0.27341318130493164,0.40221884846687317,-0.016863973811268806,0.17182590067386627,0.4017075300216675,0.018090860918164253,0.5303906202316284,0.45587414503097534,-0.06416481733322144,0.5356106162071228,0.45475855469703674,-0.05883580073714256,0.5390552878379822,0.45346903800964355,-0.049534108489751816,0.6276503801345825,0.45672211050987244,-0.044411856681108475,0.6368077993392944,0.45729827880859375,-0.046128805726766586,0.6460248231887817,0.45730334520339966,-0.0500931516289711,0.6545180678367615,0.45576995611190796,-0.04649105668067932,0.6410186886787415,0.4434838593006134,-0.029430462047457695,0.478600412607193,0.38909271359443665,-0.09361158311367035,0.47113949060440063,0.4162891209125519,-0.08214140683412552,0.1577354371547699,0.6742908358573914,-0.06822826713323593,0.3220842480659485,0.5099456310272217,-0.0642445832490921,0.3160691559314728,0.5298280119895935,-0.07991141080856323,0.307533860206604,0.5497716069221497,-0.09071309864521027,0.2843414545059204,0.5760341286659241,-0.09624957293272018,0.3240582048892975,0.4926770031452179,-0.04505939409136772,0.2484138458967209,0.5242422819137573,-0.08463919907808304,0.2608187794685364,0.5028235912322998,-0.06306729465723038,0.24288006126880646,0.5465978980064392,-0.09638285636901855,0.24589277803897858,0.5633665919303894,-0.09991119801998138,0.2920871376991272,0.5963097810745239,-0.09999161958694458,0.648986279964447,0.5242347717285156,-0.07106363773345947,0.2717590928077698,0.5720611214637756,-0.08940327912569046,0.25298386812210083,0.6848365068435669,-0.07374206930398941,0.26836514472961426,0.6165196299552917,-0.09890487045049667,0.4164511561393738,0.5101646184921265,-0.0959600880742073,0.5114641785621643,0.47699469327926636,-0.08344800025224686,0.5264261364936829,0.4720158278942108,-0.07551483809947968,0.5059095621109009,0.4941912591457367,-0.09557558596134186,0.5077685117721558,0.504065215587616,-0.09795494377613068,0.5203056931495667,0.48556607961654663,-0.08628812432289124,0.5189427137374878,0.4946447014808655,-0.08550086617469788,0.5772100687026978,0.5303186178207397,-0.08641209453344345,0.4625164270401001,0.3915430009365082,-0.11124785989522934,0.4424215853214264,0.3890151381492615,-0.11670520156621933,0.21674883365631104,0.5863792896270752,-0.11972836405038834,0.3711123466491699,0.4728454351425171,-0.06385555863380432,0.4444780945777893,0.4577798843383789,-0.10444137454032898,0.43104568123817444,0.4627917408943176,-0.0992579385638237,0.3947999179363251,0.5737971067428589,-0.12880371510982513,0.417819082736969,0.3947189450263977,-0.10618482530117035,0.21208977699279785,0.5291295051574707,-0.10303567349910736,0.20866146683692932,0.5605078935623169,-0.11664210259914398,0.13024422526359558,0.6274340152740479,-0.07891842722892761,0.26816755533218384,0.4461427330970764,-0.04683595150709152,0.2784762978553772,0.4859357476234436,-0.0429663360118866,0.549480676651001,0.5395943522453308,-0.09782489389181137,0.4927164912223816,0.7247235774993896,-0.042542267590761185,0.4608941376209259,0.4488203525543213,-0.08537536859512329,0.47117316722869873,0.4370400607585907,-0.07085787504911423,0.5240529775619507,0.5108622908592224,-0.08743899315595627,0.5274538993835449,0.5058360695838928,-0.08227383345365524,0.1910649985074997,0.5686814785003662,-0.1138266772031784,0.4536336660385132,0.4671936333179474,-0.09474136680364609,0.2297230362892151,0.4915114939212799,-0.07874742150306702,0.21105298399925232,0.4909258484840393,-0.08245822787284851,0.1264846920967102,0.5074384808540344,-0.06442238390445709,0.15569880604743958,0.5903573632240295,-0.09630738943815231,0.16697920858860016,0.4873705208301544,-0.07185051590204239,0.20227091014385223,0.5982994437217712,-0.11313911527395248,0.1757856160402298,0.632678747177124,-0.08770938962697983,0.5193607807159424,0.4751747250556946,-0.08226925134658813,0.5133668184280396,0.49039241671562195,-0.09230870753526688,0.5132277607917786,0.49985021352767944,-0.09285759925842285,0.4664733409881592,0.4482572078704834,-0.07590016722679138,0.526093602180481,0.5083456635475159,-0.08381246030330658,0.5479578971862793,0.5066555142402649,-0.08261550962924957,0.5283787250518799,0.5037356615066528,-0.08106889575719833,0.45585083961486816,0.42591673135757446,-0.10708433389663696,0.5219951272010803,0.4902421534061432,-0.07941407710313797,0.5244478583335876,0.4811321198940277,-0.07626114785671234,0.5309863090515137,0.46872758865356445,-0.06742353737354279,0.63376384973526,0.4687504768371582,-0.0483284555375576,0.635810375213623,0.4811248779296875,-0.06640569120645523,0.6286756992340088,0.4806967079639435,-0.07004325836896896,0.6202356219291687,0.47817331552505493,-0.06582667678594589,0.6125907897949219,0.47526541352272034,-0.06279443949460983,0.569837749004364,0.49406418204307556,-0.0756005197763443,0.5706417560577393,0.4981302320957184,-0.07749296724796295,0.571782112121582,0.5030544996261597,-0.08168493956327438,0.5732894539833069,0.5064189434051514,-0.0825980082154274,0.5081776976585388,0.5015742182731628,-0.09995750337839127,0.36140304803848267,0.744784951210022,-0.02401277795433998,0.48253899812698364,0.40112632513046265,-0.0705660954117775,0.5509665608406067,0.49856144189834595,-0.0780501440167427,0.5495082139968872,0.502598762512207,-0.08019912987947464,0.4818275570869446,0.43309277296066284,-0.07250992208719254,0.46887046098709106,0.46915769577026367,-0.07335136830806732,0.4769846796989441,0.4347974359989166,-0.07177648693323135,0.3772889971733093,0.4936958849430084,-0.07747300714254379,0.3825995922088623,0.5225200653076172,-0.10013792663812637,0.43952465057373047,0.47229889035224915,-0.09187611192464828,0.1184510588645935,0.5717856884002686,-0.07950466126203537,0.1513395458459854,0.5425390601158142,-0.09015162289142609,0.19302526116371155,0.5327248573303223,-0.10273723304271698,0.5963276624679565,0.5149133801460266,-0.08082176744937897,0.23717069625854492,0.44489923119544983,-0.05369814485311508,0.1885659247636795,0.44257813692092896,-0.042535632848739624,0.14517717063426971,0.45273739099502563,-0.029964599758386612,0.29651767015457153,0.5668357014656067,-0.09599772840738297,0.2986818850040436,0.622356116771698,-0.10858746618032455,0.32300615310668945,0.4809029698371887,-0.034598346799612045,0.2487010359764099,0.5870866179466248,-0.10639852285385132,0.36177393794059753,0.4559943377971649,-0.05827941745519638,0.43946823477745056,0.43554386496543884,-0.1118556335568428,0.31309664249420166,0.6464086771011353,-0.11331572383642197,0.3172447383403778,0.6114132404327393,-0.11717597395181656,0.33503788709640503,0.585693359375,-0.11180102825164795,0.34826844930648804,0.5445653200149536,-0.08949549496173859,0.3519163131713867,0.5132682919502258,-0.06818758696317673,0.35112422704696655,0.48937171697616577,-0.053415630012750626,0.3439728915691376,0.422270804643631,-0.04888112470507622,0.3675179183483124,0.6449233293533325,-0.12387353926897049,0.23987318575382233,0.6032934784889221,-0.11132104694843292,0.4748632609844208,0.3964616656303406,-0.1015007346868515,0.39585596323013306,0.46797072887420654,-0.07210466265678406,0.24896658957004547,0.7320206165313721,-0.02923353761434555,0.3468034863471985,0.4700709879398346,-0.04193783178925514,0.4398248791694641,0.48219653964042664,-0.07376770675182343,0.2678799629211426,0.5811607837677002,-0.09394005686044693,0.42455071210861206,0.44171440601348877,-0.10403243452310562,0.4244955778121948,0.7414178848266602,-0.030227404087781906,0.31558412313461304,0.4809536337852478,-0.030122287571430206,0.4183453917503357,0.4162704348564148,-0.10926195234060287,0.5758334398269653,0.6320431232452393,-0.08412729203701019,0.5989676713943481,0.657588541507721,-0.0667559802532196,0.3624202609062195,0.6999706029891968,-0.07717899233102798,0.5322853326797485,0.6639348864555359,-0.08610840141773224,0.20909415185451508,0.6607720851898193,-0.07650027424097061,0.6728819608688354,0.5363388061523438,-0.06926440447568893,0.47904396057128906,0.40728405117988586,-0.07496380805969238,0.40634018182754517,0.4883263409137726,-0.07927282899618149,0.2661150395870209,0.6357599496841431,-0.09733400493860245,0.2950376272201538,0.543912947177887,-0.0846659392118454,0.3033212721347809,0.5267833471298218,-0.07604651153087616,0.5464268922805786,0.5101290345191956,-0.08453629910945892,0.4177473783493042,0.6500764489173889,-0.11678437888622284,0.7099512815475464,0.5072202682495117,-0.048888109624385834,0.6694554090499878,0.5814239978790283,-0.06509885936975479,0.6415743827819824,0.6164147853851318,-0.06719504296779633,0.21390458941459656,0.39999333024024963,-0.0010764214675873518,0.7190450429916382,0.4697239398956299,-0.016814814880490303,0.3086608052253723,0.5109816789627075,-0.06190713867545128,0.3123447299003601,0.4960555136203766,-0.04740079119801521,0.31486761569976807,0.4861370921134949,-0.035784218460321426,0.2300988882780075,0.6183151006698608,-0.1045660451054573,0.295011430978775,0.49514010548591614,-0.04823240265250206,0.28210368752479553,0.5104761719703674,-0.0627022534608841,0.2735546827316284,0.5262668132781982,-0.0762326642870903,0.2688472867012024,0.5440765023231506,-0.08664096146821976,0.2689245939254761,0.5571994781494141,-0.08994641155004501,0.19517716765403748,0.7071880102157593,-0.046620890498161316,0.2876570522785187,0.5556987524032593,-0.08836539834737778,0.5024054646492004,0.4127956032752991,-0.056422725319862366,0.4977397918701172,0.48044338822364807,-0.09195885062217712,0.4572477340698242,0.4439847469329834,-0.0897369459271431,0.4988345205783844,0.43620508909225464,-0.07674556225538254,0.31959596276283264,0.4116516709327698,-0.019825104624032974,0.6152750849723816,0.6019366979598999,-0.07616104185581207,0.6452218294143677,0.5715224146842957,-0.07121659815311432,0.694378674030304,0.49686601758003235,-0.057240769267082214,0.5517824292182922,0.6936807632446289,-0.0575869120657444,0.30793076753616333,0.48541587591171265,-0.03773840144276619,0.37610378861427307,0.430038720369339,-0.06934025883674622,0.7040346264839172,0.45833948254585266,-0.026585640385746956,0.6926528215408325,0.5444760322570801,-0.06437469273805618,0.4197904169559479,0.7005338668823242,-0.07752803713083267,0.5920745134353638,0.48678839206695557,-0.07186824083328247,0.5959198474884033,0.49086567759513855,-0.0750172808766365,0.6007723808288574,0.49530690908432007,-0.07955915480852127,0.6067858338356018,0.4977647662162781,-0.07880403846502304,0.6163232326507568,0.49463576078414917,-0.07152187079191208,0.5213117599487305,0.5012388825416565,-0.08544301241636276,0.5175397396087646,0.505736231803894,-0.0911579430103302,0.5131002068519592,0.5095251798629761,-0.09533517807722092,0.5264766216278076,0.5216572880744934,-0.10362814366817474,0.44042059779167175,0.6053385734558105,-0.12581448256969452,0.35132065415382385,0.4384591579437256,-0.05161136016249657,0.3060320019721985,0.45814839005470276,-0.020981164649128914,0.30334052443504333,0.4729968011379242,-0.030338438227772713,0.5232886075973511,0.49741071462631226,-0.08097288757562637,0.49956923723220825,0.6297056674957275,-0.10590776801109314,0.31272009015083313,0.43762415647506714,-0.029740862548351288,0.6304583549499512,0.5114431381225586,-0.06824105978012085,0.3961314857006073,0.3887406885623932,-0.07431643456220627,0.37042561173439026,0.4127660393714905,-0.06651894748210907,0.3721715211868286,0.39705055952072144,-0.05458502843976021,0.406207412481308,0.4443892240524292,-0.08202758431434631,0.6808099150657654,0.45099493861198425,-0.0330413281917572,0.6573647856712341,0.4479621946811676,-0.03025044873356819,0.6493852138519287,0.47846248745918274,-0.051319025456905365,0.5775694251060486,0.5542598962783813,-0.08872097730636597,0.4520843029022217,0.500998854637146,-0.08495457470417023,0.6073018312454224,0.5369333624839783,-0.07852205634117126,0.43476545810699463,0.5420040488243103,-0.11522615700960159,0.47081995010375977,0.518832802772522,-0.10089980810880661,0.46851617097854614,0.5697428584098816,-0.1185106486082077,0.6714919805526733,0.48689717054367065,-0.060924090445041656,0.4142898917198181,0.4641459882259369,-0.08046357333660126,0.5895700454711914,0.5804601907730103,-0.08737675100564957,0.621475338935852,0.5539705157279968,-0.07571155577898026,0.5429971814155579,0.5629436373710632,-0.10441423207521439,0.46161365509033203,0.6539384126663208,-0.10690241307020187,0.5371626019477844,0.5980848670005798,-0.10514159500598907,0.47597256302833557,0.6918304562568665,-0.08117189258337021,0.5000599026679993,0.540036141872406,-0.10929197818040848,0.3855217397212982,0.44934892654418945,-0.07077134400606155,0.45117390155792236,0.42933791875839233,-0.11288098245859146,0.45364412665367126,0.4515582323074341,-0.09945279359817505,0.439667284488678,0.4111579358577728,-0.11808888614177704,0.27817302942276,0.4688541293144226,-0.03897009417414665,0.24930566549301147,0.49768200516700745,-0.06713080406188965,0.2340000569820404,0.5255275368690491,-0.0907384604215622,0.2287605106830597,0.5514823198318481,-0.10621464997529984,0.2331603467464447,0.5725193023681641,-0.11115717887878418,0.26910918951034546,0.5964316129684448,-0.09738179296255112,0.30652719736099243,0.6954438090324402,-0.07949402183294296,0.3048083484172821,0.5867133140563965,-0.10161790251731873,0.31954026222229004,0.5661951303482056,-0.09575632214546204,0.3305915594100952,0.5381035804748535,-0.0821559950709343,0.3364223539829254,0.5111218690872192,-0.0628681480884552,0.33773091435432434,0.49012240767478943,-0.044525567442178726,0.3367225229740143,0.4746735394001007,-0.03378977254033089,0.30425435304641724,0.7416477203369141,-0.022339360788464546,0.45957639813423157,0.4577566683292389,-0.0902712494134903,0.39771369099617004,0.4220554232597351,-0.08690205961465836,0.45561179518699646,0.4074469804763794,-0.11427954584360123,0.46759891510009766,0.40882664918899536,-0.09832938015460968,0.4585935175418854,0.41411471366882324,-0.10630016773939133,0.46751147508621216,0.4586760401725769,-0.07845581322908401,0.4711453318595886,0.40305042266845703,-0.10114050656557083,0.47587037086486816,0.41266393661499023,-0.07852519303560257,0.319198876619339,0.4721224308013916,-0.023875275626778603,0.3293024003505707,0.46085453033447266,-0.02390509471297264,0.33546993136405945,0.45342767238616943,-0.032391257584095,0.2702562212944031,0.565550684928894,-0.09057491272687912,0.25347012281417847,0.5764048099517822,-0.09891781955957413,0.4026131331920624,0.38000720739364624,-0.05061705783009529,0.3799615502357483,0.3780296742916107,0.16441993415355682,0.4810001254081726,0.391083687543869,-0.0552520751953125,0.29063689708709717,0.3810616135597229,0.34156933426856995,0.38538622856140137,0.39370080828666687,0.09973035752773285,0.38981273770332336,0.38892003893852234,0.11699777096509933,0.3919387757778168,0.3843230903148651,0.136415034532547,0.3860782980918884,0.38268589973449707,0.17203912138938904,0.37902069091796875,0.3961883783340454,0.08424226939678192,0.35067737102508545,0.3761577606201172,0.11876840889453888,0.34892141819000244,0.382404625415802,0.09783992171287537,0.3545297384262085,0.37241291999816895,0.1392774134874344,0.3607903718948364,0.37214213609695435,0.15554074943065643,0.39694005250930786,0.38324248790740967,0.18822024762630463,0.6673477292060852,0.4193871021270752,0.047787897288799286,0.377664178609848,0.37780195474624634,0.17602652311325073,0.3748626410961151,0.3831937909126282,0.32392504811286926,0.38531720638275146,0.38221150636672974,0.22570793330669403,0.46557432413101196,0.3749517798423767,0.0695846825838089,0.5292129516601562,0.4346361756324768,-0.04100272059440613,0.5416851043701172,0.4356963634490967,-0.03632645308971405,0.5404561161994934,0.4131419062614441,-0.007374956738203764,0.5521457195281982,0.3987573981285095,0.023013344034552574,0.5483328104019165,0.4195328950881958,-0.009821677580475807,0.5562903881072998,0.4070882499217987,0.0164105836302042,0.613970160484314,0.397722065448761,0.06774959713220596,0.4706938564777374,0.3699965476989746,-0.0883273258805275,0.4519460201263428,0.3640645742416382,-0.08945675194263458,0.3425174653530121,0.3627569079399109,0.18408150970935822,0.40261349081993103,0.3904905319213867,0.04461669921875,0.4740762710571289,0.3689236640930176,-0.0022027078084647655,0.4616236388683319,0.3717406392097473,0.006119574420154095,0.4734393358230591,0.36148637533187866,0.14461959898471832,0.4267764687538147,0.37048816680908203,-0.07141700387001038,0.3242628276348114,0.3622015714645386,0.10817445814609528,0.3316948413848877,0.3597782552242279,0.1482006162405014,0.2616274058818817,0.3643307387828827,0.28788113594055176,0.32550933957099915,0.3834378719329834,0.02256648987531662,0.3506064713001251,0.38918358087539673,0.08806656301021576,0.5950878262519836,0.3899601399898529,0.08839084953069687,0.5735012292861938,0.44601675868034363,0.3436957895755768,0.4825446605682373,0.3824538588523865,-0.009509898722171783,0.484860897064209,0.3935205340385437,-0.033199064433574677,0.5789623260498047,0.38220059871673584,0.07354270666837692,0.5783218741416931,0.38803958892822266,0.05876646935939789,0.3193259835243225,0.35720694065093994,0.16757827997207642,0.4824681580066681,0.3769834041595459,0.005660091061145067,0.3211788535118103,0.3692168891429901,0.06561111658811569,0.3053756058216095,0.3648643493652344,0.06683605164289474,0.2129436880350113,0.3571028411388397,0.1445806324481964,0.2789660096168518,0.3514483571052551,0.2148391455411911,0.24385976791381836,0.35669201612472534,0.10087347775697708,0.33298054337501526,0.3624320924282074,0.21256084740161896,0.3040063679218292,0.3619697690010071,0.26585710048675537,0.5362331867218018,0.434904545545578,-0.040195997804403305,0.5450499057769775,0.4162200093269348,-0.009392712265253067,0.5544634461402893,0.40244072675704956,0.017382647842168808,0.4847090244293213,0.38865458965301514,-0.014108910225331783,0.5789924263954163,0.38517624139785767,0.06472957134246826,0.5988102555274963,0.38935527205467224,0.04291458800435066,0.5777467489242554,0.39024364948272705,0.05600934103131294,0.4748717248439789,0.3744957745075226,-0.03755238279700279,0.556124746799469,0.41019928455352783,0.01714523509144783,0.5496141910552979,0.4221286475658417,-0.00414207112044096,0.544408917427063,0.4367581307888031,-0.026992691680788994,0.6430470943450928,0.42638930678367615,-0.009548054076731205,0.6586807370185852,0.42936810851097107,-0.023682307451963425,0.6505208015441895,0.43199393153190613,-0.02566399984061718,0.640147864818573,0.4343659281730652,-0.021390540525317192,0.6304713487625122,0.4361535608768463,-0.02085082419216633,0.608879566192627,0.4074367880821228,0.021489398553967476,0.6129246950149536,0.4031484127044678,0.019402526319026947,0.6185740828514099,0.3973817229270935,0.018828196451067924,0.6233546137809753,0.3923090696334839,0.025663824751973152,0.5449056029319763,0.38151949644088745,0.04018561914563179,0.4680801331996918,0.43831586837768555,0.4057360589504242,0.5946066379547119,0.3990855813026428,0.041958440095186234,0.5969312191009521,0.3943113386631012,0.04056685045361519,0.4921293258666992,0.3989611864089966,-0.035395026206970215,0.49317046999931335,0.38872694969177246,0.006910453550517559,0.4886408746242523,0.39618510007858276,-0.035176560282707214,0.4189361035823822,0.3847241997718811,0.06671512126922607,0.4403054714202881,0.37224453687667847,0.09456118196249008,0.47083598375320435,0.376380980014801,0.017210399731993675,0.23582035303115845,0.35525548458099365,0.21922561526298523,0.25968900322914124,0.35042113065719604,0.16059070825576782,0.30898967385292053,0.358107328414917,0.12057378888130188,0.6237659454345703,0.40335413813591003,0.046049781143665314,0.3027978539466858,0.37609681487083435,0.022294504567980766,0.22995056211948395,0.3729988932609558,0.04773625731468201,0.19270744919776917,0.37149545550346375,0.07509592175483704,0.39091047644615173,0.38279590010643005,0.15675370395183563,0.4091842770576477,0.3856266736984253,0.2123003751039505,0.3738496005535126,0.3978128433227539,0.08059833198785782,0.3653136193752289,0.37407106161117554,0.1870957463979721,0.3863614797592163,0.39266204833984375,0.028212271630764008,0.4646501839160919,0.3651060461997986,-0.02924431674182415,0.4228084683418274,0.36378687620162964,0.2509605884552002,0.4212944209575653,0.382224977016449,0.1847773641347885,0.42613130807876587,0.3811756670475006,0.14423373341560364,0.41889500617980957,0.3869166970252991,0.10625065863132477,0.4076952636241913,0.3931434750556946,0.08105066418647766,0.39687711000442505,0.3959121108055115,0.05885133147239685,0.35511699318885803,0.3960065245628357,-0.012273713015019894,0.4696607291698456,0.3655630946159363,0.2400016039609909,0.3614543080329895,0.37251514196395874,0.2096111923456192,0.4800073504447937,0.3834814429283142,-0.0831078588962555,0.4248441457748413,0.38765057921409607,0.032580338418483734,0.3688880503177643,0.42036354541778564,0.4120835065841675,0.3858739137649536,0.3973258137702942,0.04557592421770096,0.47143328189849854,0.38373875617980957,0.03551005944609642,0.37770694494247437,0.3798010051250458,0.18468397855758667,0.4498634934425354,0.3694881200790405,-0.01996646076440811,0.5202854871749878,0.4428088366985321,0.38172346353530884,0.36917001008987427,0.39755669236183167,0.08995572477579117,0.4361329674720764,0.3679567873477936,-0.047946780920028687,0.6285563707351685,0.40833258628845215,0.18664923310279846,0.6483410596847534,0.4363560676574707,0.22421111166477203,0.472095251083374,0.39105677604675293,0.32060927152633667,0.6007986068725586,0.4075295925140381,0.23359081149101257,0.3345946669578552,0.3736153542995453,0.3023017346858978,0.6891258358955383,0.4241098165512085,0.05987907201051712,0.483422189950943,0.3969461917877197,-0.06380536407232285,0.4439912438392639,0.38392412662506104,0.04981870949268341,0.38827309012413025,0.3868037462234497,0.2600005567073822,0.3822097182273865,0.3809129595756531,0.1383124142885208,0.3809949457645416,0.38509371876716614,0.1212041825056076,0.6003403067588806,0.3846762776374817,0.05040336400270462,0.511721134185791,0.37402617931365967,0.23399755358695984,0.7177144289016724,0.4458377957344055,0.02697443589568138,0.6919504404067993,0.43384161591529846,0.12276654690504074,0.6745935082435608,0.4340645670890808,0.1688716858625412,0.37739139795303345,0.38950014114379883,0.10640193521976471,0.37261876463890076,0.39313286542892456,0.09715262055397034,0.3705110251903534,0.3960155248641968,0.09356531500816345,0.35624364018440247,0.3749164938926697,0.24126385152339935,0.36349329352378845,0.3897188901901245,0.099141925573349,0.3632941246032715,0.38426387310028076,0.10833846777677536,0.3648320734500885,0.37931734323501587,0.12280470132827759,0.36840108036994934,0.3756554424762726,0.1399042308330536,0.37255188822746277,0.375274121761322,0.15293554961681366,0.32397130131721497,0.3990241289138794,0.38521093130111694,0.3811756372451782,0.3786669373512268,0.15355424582958221,0.5260458588600159,0.3841852843761444,0.014537021517753601,0.4800192415714264,0.3775864839553833,-0.017780791968107224,0.5106678009033203,0.39716944098472595,-0.03292255103588104,0.6537774205207825,0.4119288921356201,0.14285609126091003,0.6708117723464966,0.4197784960269928,0.10182961076498032,0.7031123638153076,0.43506288528442383,0.013026133179664612,0.6165953874588013,0.4424024820327759,0.2873188555240631,0.36640626192092896,0.3943067193031311,0.0939708948135376,0.39353808760643005,0.3854205906391144,-0.011041038669645786,0.7071651220321655,0.43606826663017273,0.07487492263317108,0.5189189910888672,0.3984762132167816,0.3039557635784149,0.6229500770568848,0.41993528604507446,0.001441020518541336,0.6302676796913147,0.4158463478088379,0.0011349697597324848,0.6386206150054932,0.41145649552345276,8.696615986991674e-05,0.6467045545578003,0.40724897384643555,0.004350244998931885,0.6343854665756226,0.41243594884872437,0.020783182233572006,0.5660195350646973,0.39633801579475403,0.04027651622891426,0.5656308531761169,0.3918824791908264,0.046500250697135925,0.5641725063323975,0.3879452347755432,0.05163036659359932,0.5696237087249756,0.38331422209739685,0.06950276345014572,0.5195982456207275,0.3711673319339752,0.1696990430355072,0.369363397359848,0.3948098421096802,0.008889841847121716,0.35287046432495117,0.39717239141464233,0.055852483958005905,0.35818514227867126,0.39614957571029663,0.08062738180160522,0.56505286693573,0.39962586760520935,0.03956297039985657,0.5716110467910767,0.38597816228866577,0.1942783147096634,0.34910115599632263,0.3956378102302551,0.015362263657152653,0.6479259729385376,0.41901835799217224,0.03458467125892639,0.3801390528678894,0.3876025676727295,-0.03523075953125954,0.43003273010253906,0.3794478178024292,-0.004970522131770849,0.6577205061912537,0.4305368661880493,-0.002012323122471571,0.6181201934814453,0.3968465328216553,0.08972052484750748,0.49148011207580566,0.38104405999183655,0.051344603300094604,0.6358548402786255,0.4079480767250061,0.0631289929151535,0.49683046340942383,0.3679332137107849,0.0966874212026596,0.5177686214447021,0.3766201138496399,0.06817322224378586,0.5340316295623779,0.37185028195381165,0.1229153499007225,0.681159257888794,0.4299662113189697,0.004453341010957956,0.4427555501461029,0.3821752667427063,0.016522925347089767,0.6318351626396179,0.3992016911506653,0.11844859272241592,0.6498591899871826,0.411713182926178,0.08352651447057724,0.5942917466163635,0.38750022649765015,0.11104994267225266,0.5469452142715454,0.38267987966537476,0.22925128042697906,0.5948610305786133,0.387829065322876,0.14566189050674438,0.5617455840110779,0.4050285816192627,0.2816579341888428,0.5521055459976196,0.37850016355514526,0.08949048072099686,0.4087991714477539,0.38672101497650146,0.012365533970296383,0.473011314868927,0.3687734305858612,-0.03764094039797783,0.4801320433616638,0.37207287549972534,-0.013217060826718807,0.45739126205444336,0.3629460632801056,-0.05771033838391304,0.3412446677684784,0.3889235258102417,0.0667041763663292,0.3383393883705139,0.37829703092575073,0.0872710645198822,0.34006088972091675,0.37088078260421753,0.111446812748909,0.3445104956626892,0.36657074093818665,0.1398647427558899,0.35275137424468994,0.36772361397743225,0.16476929187774658,0.3816726505756378,0.38142481446266174,0.19985702633857727,0.42374154925346375,0.38562867045402527,0.3279518187046051,0.4042738676071167,0.382331907749176,0.16984803974628448,0.4070431590080261,0.3834552764892578,0.1409665048122406,0.40334153175354004,0.3884068727493286,0.1129487007856369,0.395593523979187,0.39421263337135315,0.09106069058179855,0.38740354776382446,0.3973562717437744,0.07224300503730774,0.38004907965660095,0.3990944027900696,0.06125066801905632,0.41677433252334595,0.43336284160614014,0.41836705803871155,0.48467469215393066,0.37916016578674316,-0.005550276022404432,0.41462382674217224,0.37753385305404663,-0.02653687819838524,0.4706189036369324,0.3671489357948303,-0.06645387411117554,0.4779787063598633,0.38265612721443176,-0.07072614133358002,0.47408607602119446,0.37438780069351196,-0.05729269981384277,0.48897308111190796,0.3877851665019989,-0.0072730714455246925,0.4796587824821472,0.3818581700325012,-0.07842099666595459,0.4832156300544739,0.3938313126564026,-0.059496454894542694,0.36802294850349426,0.3990647494792938,0.07643547654151917,0.369337797164917,0.40048226714134216,0.05071152374148369,0.37100929021835327,0.39808496832847595,0.029092317447066307,0.37514910101890564,0.3760860562324524,0.16376887261867523,0.36778926849365234,0.37474003434181213,0.1723478138446808,0.2783246636390686,0.5257804989814758,-0.06843725591897964,0.2881111800670624,0.5029252767562866,-0.06843725591897964,0.2591061294078827,0.5225842595100403,-0.06843725591897964,0.26804783940315247,0.548666775226593,-0.06843725591897964,0.296516478061676,0.528981626033783,-0.06843725591897964,0.3515869379043579,0.37883061170578003,0.1263411045074463,0.3549780547618866,0.3720925450325012,0.1263411045074463,0.33641520142555237,0.3762075901031494,0.1263411045074463,0.3480699360370636,0.38578253984451294,0.1263411045074463,0.3665769696235657,0.38150346279144287,0.1263411045074463,0,0,0,0,0,1,1,0,0,0,0,0,0.20074781775474548,0.11208328604698181,0.12890979647636414,0.11217198520898819,0.029679687693715096,0.0652589201927185,0.1606467366218567,0.0620114840567112,0.09215594083070755,0.10257721692323685,0.8434628248214722,0.26651161909103394,Sadness,-34.71918487548828,-21.15642547607422
128,4.266666666666667,31.309462782972286,-4.758366870865824,0.49641454253928485,0.5886431932449341,0.46065017580986023,-0.09372200816869736,0.5452488660812378,0.38290935754776,-0.12152867764234543,0.5505611896514893,0.42112717032432556,-0.07955829799175262,0.46546241641044617,0.3910762667655945,-0.08688783645629883,0.527398943901062,0.37304139137268066,-0.12223858386278152,0.5008336305618286,0.37320655584335327,-0.10487542301416397,0.4274837374687195,0.38243889808654785,-0.02342662587761879,0.27028536796569824,0.5121276378631592,-0.056242574006319046,0.3832770884037018,0.3725893497467041,0.010679098777472973,0.36189624667167664,0.36024829745292664,0.018641993403434753,0.2789844870567322,0.3339223265647888,0.07847331464290619,0.5944594144821167,0.46348392963409424,-0.09372185170650482,0.5994885563850403,0.4669056236743927,-0.08948761224746704,0.6026636362075806,0.46955081820487976,-0.0829988494515419,0.6037274599075317,0.46952930092811584,-0.07332349568605423,0.613633394241333,0.4739135801792145,-0.07993536442518234,0.624435305595398,0.4794914126396179,-0.08725732564926147,0.6328702569007874,0.4852033257484436,-0.08694097399711609,0.6892296671867371,0.4996601939201355,-0.07500611245632172,0.552374005317688,0.3971608877182007,-0.11422940343618393,0.5324321389198303,0.4232536554336548,-0.09997684508562088,0.12617182731628418,0.5929517149925232,0.005728644784539938,0.3374330997467041,0.47476446628570557,-0.03980771079659462,0.3246729373931885,0.4903464615345001,-0.05479151010513306,0.30812546610832214,0.5063435435295105,-0.06347081065177917,0.26696839928627014,0.5248724818229675,-0.06397625803947449,0.34522897005081177,0.4603562653064728,-0.020508620887994766,0.2631624639034271,0.46602219343185425,-0.050441667437553406,0.2845271825790405,0.4504455327987671,-0.02921450138092041,0.2463480532169342,0.4849218726158142,-0.06078863516449928,0.23871292173862457,0.5016546249389648,-0.06367979198694229,0.26763850450515747,0.5477702617645264,-0.06842466443777084,0.6525666117668152,0.5882163643836975,-0.11723536998033524,0.25336945056915283,0.5175172090530396,-0.05389188975095749,0.20487117767333984,0.6362632513046265,-0.02550550363957882,0.22988685965538025,0.5619159936904907,-0.05988428741693497,0.4284645915031433,0.5082477331161499,-0.0961657389998436,0.5635515451431274,0.48091819882392883,-0.10992103815078735,0.5783807039260864,0.48667100071907043,-0.10425558686256409,0.5407260656356812,0.5024807453155518,-0.11919033527374268,0.5238922834396362,0.5172021389007568,-0.11744681745767593,0.5572690963745117,0.5033358335494995,-0.11139697581529617,0.5397282242774963,0.5160661339759827,-0.10669361054897308,0.5640600919723511,0.5727607011795044,-0.10849786549806595,0.5325378179550171,0.39575785398483276,-0.13019761443138123,0.5134780406951904,0.3884851336479187,-0.1323644518852234,0.20026661455631256,0.5153527855873108,-0.07471880316734314,0.4137517809867859,0.4578940272331238,-0.05189258232712746,0.4799872636795044,0.4610005021095276,-0.11472783982753754,0.4657427966594696,0.4629225730895996,-0.10647895187139511,0.37144696712493896,0.5676384568214417,-0.12052398175001144,0.4890987277030945,0.3880353569984436,-0.11495112627744675,0.23411528766155243,0.4556870758533478,-0.06040116026997566,0.2105609029531479,0.48582738637924194,-0.07130607962608337,0.12214641273021698,0.5403167605400085,-0.002676061587408185,0.3293514847755432,0.39785194396972656,-0.01499167736619711,0.30700424313545227,0.4409295618534088,-0.010634415782988071,0.5281126499176025,0.57500159740448,-0.11508315801620483,0.40461617708206177,0.749941349029541,-0.03598097711801529,0.5015935897827148,0.4563578963279724,-0.09765397757291794,0.5194507241249084,0.4459061026573181,-0.0869278833270073,0.5068551301956177,0.5376549363136292,-0.10340655595064163,0.513648271560669,0.5340703725814819,-0.0988050252199173,0.18671642243862152,0.49003785848617554,-0.0635962039232254,0.48385393619537354,0.4736131429672241,-0.10594937950372696,0.27234768867492676,0.4263792634010315,-0.040661394596099854,0.25697869062423706,0.4193914830684662,-0.04063466936349869,0.17868950963020325,0.42495298385620117,0.0047439043410122395,0.15899866819381714,0.5132179260253906,-0.034938812255859375,0.21997658908367157,0.41680729389190674,-0.015168928541243076,0.17618168890476227,0.5256046056747437,-0.06307244300842285,0.15822678804397583,0.5605533123016357,-0.027000632137060165,0.5711275339126587,0.48400020599365234,-0.10980460792779922,0.5488801002502441,0.5030832886695862,-0.116656593978405,0.531769871711731,0.5167517066001892,-0.11351162195205688,0.5077811479568481,0.4571762681007385,-0.08911466598510742,0.5103937983512878,0.5358387231826782,-0.10006622970104218,0.5291683077812195,0.5330114364624023,-0.10244195908308029,0.51669842004776,0.5324455499649048,-0.09769614040851593,0.5095161199569702,0.4307408630847931,-0.1206890121102333,0.5459640026092529,0.5150388479232788,-0.10277651995420456,0.5638757944107056,0.5032238960266113,-0.10368753969669342,0.5835484266281128,0.48787879943847656,-0.09857617318630219,0.6642945408821106,0.5245912075042725,-0.09184513986110687,0.6089204549789429,0.5073305368423462,-0.10444465279579163,0.6011219024658203,0.5008599758148193,-0.10429323464632034,0.591282844543457,0.49371132254600525,-0.09663597494363785,0.5840596556663513,0.4883333742618561,-0.08919704705476761,0.5470144748687744,0.5163465142250061,-0.09552967548370361,0.5483052730560303,0.5212589502334595,-0.10095617920160294,0.5500098466873169,0.5278217196464539,-0.10733348876237869,0.5516643524169922,0.5337961912155151,-0.10908425599336624,0.5110962390899658,0.5244767665863037,-0.11472206562757492,0.2770615220069885,0.727149486541748,0.013194962404668331,0.5519658923149109,0.40995466709136963,-0.09080208092927933,0.5322492122650146,0.5248485207557678,-0.09547079354524612,0.5308036208152771,0.5286645293235779,-0.09936066716909409,0.5313777327537537,0.4440697431564331,-0.09178521484136581,0.49744561314582825,0.47991231083869934,-0.08658622950315475,0.5259854197502136,0.44472748041152954,-0.08921073377132416,0.40630924701690674,0.4809964597225189,-0.06731026619672775,0.39165133237838745,0.5115532279014587,-0.09073221683502197,0.468813955783844,0.4753951132297516,-0.09958387911319733,0.1384981870651245,0.4843171238899231,-0.005389557685703039,0.17810483276844025,0.4657902419567108,-0.030423715710639954,0.21410872042179108,0.4536992311477661,-0.0551827996969223,0.5953317880630493,0.5634711980819702,-0.10950269550085068,0.30500754714012146,0.38632506132125854,-0.016220787540078163,0.2644280195236206,0.37859636545181274,0.010958703234791756,0.2252640277147293,0.37717437744140625,0.03409377112984657,0.28704556822776794,0.5195860862731934,-0.06608688086271286,0.2636483609676361,0.5746560096740723,-0.0775497630238533,0.34853509068489075,0.44956591725349426,-0.009061035700142384,0.22841502726078033,0.5255585312843323,-0.06661653518676758,0.4150141775608063,0.43839478492736816,-0.04536653310060501,0.4871385991573334,0.43624570965766907,-0.1230570450425148,0.26998335123062134,0.6154960989952087,-0.08246759325265884,0.29390949010849,0.5677639245986938,-0.09283255785703659,0.3284435570240021,0.5466076731681824,-0.09265194833278656,0.357536256313324,0.5114599466323853,-0.07295088469982147,0.37068086862564087,0.48489925265312195,-0.05171256512403488,0.3791212737560272,0.46402350068092346,-0.036040641367435455,0.4164097309112549,0.3992699384689331,-0.033735860139131546,0.3144776225090027,0.6317827105522156,-0.10410669445991516,0.21077565848827362,0.5401111245155334,-0.06778981536626816,0.5444151163101196,0.40399202704429626,-0.12156867980957031,0.4358755052089691,0.4593687057495117,-0.06754696369171143,0.18376819789409637,0.677234947681427,0.0306411013007164,0.3848426342010498,0.4453628659248352,-0.023154249414801598,0.46502017974853516,0.48567694425582886,-0.07937213778495789,0.2453828901052475,0.5248653888702393,-0.057824257761240005,0.4712602496147156,0.43870651721954346,-0.11142739653587341,0.3340212106704712,0.7447307705879211,-0.007189723663032055,0.3398876190185547,0.44769302010536194,-0.0019441744079813361,0.47873932123184204,0.4106997847557068,-0.11737556010484695,0.5223727226257324,0.6794318556785583,-0.10609608143568039,0.537755012512207,0.7115527391433716,-0.08802417665719986,0.29059353470802307,0.6859109401702881,-0.05043778195977211,0.4649477005004883,0.7018038630485535,-0.09848655760288239,0.17619630694389343,0.5990852117538452,-0.01989392377436161,0.6728293299674988,0.6073046922683716,-0.12049391120672226,0.5449783802032471,0.4155384302139282,-0.09448269754648209,0.4331839680671692,0.4830816090106964,-0.07711748778820038,0.2129753828048706,0.5828817486763,-0.055602628737688065,0.29962825775146484,0.49615249037742615,-0.055489495396614075,0.3150595426559448,0.4832550287246704,-0.0484665185213089,0.5270288586616516,0.5372511744499207,-0.10456573218107224,0.3570721447467804,0.6540827751159668,-0.1080382913351059,0.7305719256401062,0.587785005569458,-0.10723049193620682,0.6472005844116211,0.6512764692306519,-0.10540097206830978,0.6006485223770142,0.6795181035995483,-0.09842917323112488,0.3128297030925751,0.34264087677001953,0.04904137924313545,0.7626093029975891,0.5520036220550537,-0.07941309362649918,0.32491713762283325,0.47151297330856323,-0.03499435633420944,0.3324200510978699,0.4595639407634735,-0.02020340971648693,0.3377052843570709,0.45159223675727844,-0.007619218900799751,0.18871980905532837,0.5550118088722229,-0.05705956369638443,0.31411367654800415,0.45307984948158264,-0.017064936459064484,0.29489171504974365,0.4633556306362152,-0.030472226440906525,0.2785847783088684,0.476356565952301,-0.04310108348727226,0.2648211121559143,0.49174320697784424,-0.0526520200073719,0.258347749710083,0.5031208395957947,-0.0555875301361084,0.14549922943115234,0.6362830996513367,0.022140586748719215,0.2847777009010315,0.5053573250770569,-0.057257864624261856,0.5632429718971252,0.4264557361602783,-0.0794721245765686,0.5152345299720764,0.4986681342124939,-0.10934397578239441,0.5004706382751465,0.4502447247505188,-0.10142867267131805,0.5433156490325928,0.4513530433177948,-0.09860527515411377,0.4026232659816742,0.3828873932361603,0.0020587844774127007,0.5778768658638,0.6573261022567749,-0.10770723223686218,0.62483811378479,0.6352534294128418,-0.11277443170547485,0.717278003692627,0.5727234482765198,-0.11675962060689926,0.47527557611465454,0.7362744808197021,-0.065045066177845,0.331210732460022,0.448753297328949,-0.007847250439226627,0.43826737999916077,0.4149075150489807,-0.06224185973405838,0.7515074014663696,0.5364809632301331,-0.08944357931613922,0.6912227869033813,0.620547890663147,-0.11447575688362122,0.3418833613395691,0.7057815194129944,-0.06370051950216293,0.5649010539054871,0.5042773485183716,-0.09504503756761551,0.5689684748649597,0.5099875330924988,-0.10193158686161041,0.5751699805259705,0.5171418786048889,-0.10918460786342621,0.5814899802207947,0.5239534974098206,-0.1107187494635582,0.6295417547225952,0.5479015707969666,-0.10734713822603226,0.5254210829734802,0.5258996486663818,-0.10317326337099075,0.5185229182243347,0.5276525020599365,-0.10799526423215866,0.5119171738624573,0.5288190841674805,-0.11183199286460876,0.515220046043396,0.5505504012107849,-0.11712369322776794,0.39740264415740967,0.6155284643173218,-0.12545005977153778,0.41482013463974,0.4177749454975128,-0.036952175199985504,0.347281813621521,0.42413654923439026,0.008541977033019066,0.3338504135608673,0.43738245964050293,0.0005408325814642012,0.5316431522369385,0.5237835049629211,-0.10034169256687164,0.4446224570274353,0.6575354337692261,-0.11458826810121536,0.3706918954849243,0.4054994285106659,-0.005501835141330957,0.637800931930542,0.570018470287323,-0.10965592414140701,0.4759736657142639,0.3770242929458618,-0.07651876658201218,0.4420124292373657,0.39549699425697327,-0.05893959477543831,0.45263540744781494,0.3800514340400696,-0.04812914505600929,0.45577770471572876,0.4371790885925293,-0.08218169212341309,0.7308539152145386,0.5216839909553528,-0.09132222831249237,0.7068057060241699,0.5104719400405884,-0.08250202238559723,0.6781054735183716,0.5404192209243774,-0.1009565219283104,0.5562276244163513,0.5969983339309692,-0.11296425759792328,0.46568039059638977,0.5080162286758423,-0.09143897891044617,0.598048210144043,0.588491678237915,-0.1115051805973053,0.42471086978912354,0.5472464561462402,-0.11869276314973831,0.470852792263031,0.5323286652565002,-0.10914705693721771,0.4410688877105713,0.585771381855011,-0.12600727379322052,0.6977516412734985,0.5558076500892639,-0.11581771820783615,0.4526083171367645,0.45987895131111145,-0.08171212673187256,0.5590335726737976,0.6274031400680542,-0.11477115750312805,0.6071487665176392,0.6105784177780151,-0.11327416449785233,0.5144494771957397,0.5969308614730835,-0.12198443710803986,0.39755919575691223,0.671591579914093,-0.10719411075115204,0.4952559769153595,0.6334668397903442,-0.121181920170784,0.398591011762619,0.714108943939209,-0.08027924597263336,0.4835156798362732,0.5625811815261841,-0.11980275064706802,0.43692323565483093,0.43718215823173523,-0.06467408686876297,0.5020135045051575,0.4328632950782776,-0.1260034739971161,0.49202096462249756,0.45704594254493713,-0.11201614141464233,0.5000522136688232,0.4106544852256775,-0.1306816190481186,0.31935200095176697,0.4247417747974396,-0.005244444124400616,0.28205448389053345,0.44121915102005005,-0.03045562282204628,0.254352331161499,0.46107327938079834,-0.05292115733027458,0.23451653122901917,0.48372140526771545,-0.06712394952774048,0.22451455891132355,0.5055090188980103,-0.07077137380838394,0.2401576191186905,0.5416569709777832,-0.05992027744650841,0.24519890546798706,0.6629778742790222,-0.041405968368053436,0.28824156522750854,0.5410299897193909,-0.0736238956451416,0.3157672584056854,0.5252029299736023,-0.07118740677833557,0.3380553126335144,0.501732587814331,-0.060264360159635544,0.35270294547080994,0.47942161560058594,-0.042288053780794144,0.36124637722969055,0.4618058204650879,-0.022987501695752144,0.36758214235305786,0.4479205012321472,-0.011983050964772701,0.22906965017318726,0.7045007944107056,0.027993349358439445,0.4947788119316101,0.4652910828590393,-0.1027265340089798,0.45951545238494873,0.41165828704833984,-0.08700037747621536,0.5182359218597412,0.4110456705093384,-0.13055580854415894,0.532120943069458,0.4151226878166199,-0.11675465852022171,0.5192986726760864,0.4189479947090149,-0.12185610830783844,0.5023342370986938,0.46858376264572144,-0.09194408357143402,0.5377405881881714,0.40989431738853455,-0.12068388611078262,0.5392112135887146,0.42044028639793396,-0.09718672186136246,0.34857377409935,0.44126391410827637,0.003032841719686985,0.3676016628742218,0.4334583282470703,0.00015543906192760915,0.3829319179058075,0.42705419659614563,-0.011739267967641354,0.2555174231529236,0.5107844471931458,-0.05588060989975929,0.23728981614112854,0.5158289670944214,-0.06222739443182945,0.4887091815471649,0.36998146772384644,-0.05349307134747505,0.4807693362236023,0.33803001046180725,0.18420778214931488,0.5582420825958252,0.3998059034347534,-0.07467428594827652,0.4474773406982422,0.33153805136680603,0.38652798533439636,0.46653902530670166,0.3678879141807556,0.11533226817846298,0.4788249135017395,0.3603827953338623,0.13196434080600739,0.48858943581581116,0.3528197109699249,0.15173055231571198,0.48815664649009705,0.3394099473953247,0.19017557799816132,0.4537183940410614,0.37233418226242065,0.10229656100273132,0.4405345916748047,0.33014148473739624,0.14142410457134247,0.42879074811935425,0.34005117416381836,0.12250126898288727,0.454035222530365,0.32426363229751587,0.1614387035369873,0.4659214913845062,0.3238368034362793,0.17757490277290344,0.5084375143051147,0.341060996055603,0.20530997216701508,0.7428160905838013,0.48183247447013855,-0.0029014055617153645,0.4789908528327942,0.3331502377986908,0.19770440459251404,0.5174949765205383,0.36464330554008484,0.35378414392471313,0.500213623046875,0.33125072717666626,0.2483808994293213,0.5697821974754333,0.3763720989227295,0.060420870780944824,0.6021283864974976,0.43718457221984863,-0.06970672309398651,0.6133557558059692,0.44680386781692505,-0.06738831847906113,0.6145343780517578,0.41685056686401367,-0.03578008711338043,0.6226617097854614,0.4033942222595215,-0.0019888023380190134,0.6219263076782227,0.4292386770248413,-0.0391944944858551,0.6274436712265015,0.41570794582366943,-0.009644405916333199,0.6942503452301025,0.4351179003715515,0.04042594134807587,0.5547821521759033,0.3757815361022949,-0.10849283635616302,0.5388952493667603,0.3654255270957947,-0.10649815201759338,0.4660734534263611,0.30865418910980225,0.2125309705734253,0.49956050515174866,0.379896342754364,0.04953490570187569,0.5681904554367065,0.37405896186828613,-0.01825941912829876,0.5567113757133484,0.3735387325286865,-0.007176273036748171,0.5953823924064636,0.3624236583709717,0.1392148733139038,0.5133673548698425,0.36571210622787476,-0.08196835219860077,0.43232956528663635,0.3115812838077545,0.13954120874404907,0.44932821393013,0.3063170909881592,0.1788989156484604,0.419018030166626,0.3075309097766876,0.33764833211898804,0.4026419222354889,0.3502231240272522,0.050925612449645996,0.42319169640541077,0.35157349705696106,0.1130104660987854,0.6795926094055176,0.4192293584346771,0.0647619366645813,0.6743289828300476,0.4743458032608032,0.3264170289039612,0.5680492520332336,0.3899615705013275,-0.02677343599498272,0.5625876188278198,0.40200865268707275,-0.051641613245010376,0.6370071172714233,0.39030054211616516,0.05238720774650574,0.6355281472206116,0.3952248990535736,0.037884488701820374,0.44006964564323425,0.2984152138233185,0.20260947942733765,0.5731603503227234,0.3835178017616272,-0.011229893192648888,0.41596850752830505,0.3247012794017792,0.09600604325532913,0.4041489362716675,0.31586265563964844,0.10066859424114227,0.3539990782737732,0.2940613627433777,0.1995469629764557,0.4307941794395447,0.3009788393974304,0.2595925033092499,0.37465840578079224,0.3016309142112732,0.1484939455986023,0.45943376421928406,0.3022086024284363,0.24551117420196533,0.45796141028404236,0.31889787316322327,0.3082914650440216,0.6083976626396179,0.44155237078666687,-0.0701114758849144,0.6187924146652222,0.4229279160499573,-0.038166940212249756,0.6254833936691284,0.40927135944366455,-0.00834552850574255,0.5667095184326172,0.3965710401535034,-0.030451074242591858,0.6362454891204834,0.3929201066493988,0.04382887855172157,0.6422278881072998,0.4045809507369995,0.018864914774894714,0.6346249580383301,0.3975037932395935,0.034974806010723114,0.562603235244751,0.3813655376434326,-0.055086906999349594,0.6282880306243896,0.42083340883255005,-0.010517852380871773,0.6237553954124451,0.4346904754638672,-0.03543401509523392,0.6159351468086243,0.45111531019210815,-0.06062362715601921,0.7035509943962097,0.48082223534584045,-0.05475522577762604,0.6488927006721497,0.46244311332702637,-0.0636400431394577,0.6396811008453369,0.4574988782405853,-0.06270613521337509,0.627492368221283,0.45317620038986206,-0.05473913997411728,0.6174324154853821,0.4514229893684387,-0.04985448345541954,0.6310410499572754,0.4217093586921692,-0.002746686339378357,0.6382632851600647,0.4200018644332886,-0.007995862513780594,0.646660566329956,0.4188046157360077,-0.010769625194370747,0.6541328430175781,0.41853004693984985,-0.004351434763520956,0.6335752010345459,0.39899349212646484,0.019150016829371452,0.5865143537521362,0.4378802478313446,0.41813164949417114,0.632956862449646,0.4102137088775635,0.0203156229108572,0.6377787590026855,0.40729665756225586,0.01708335429430008,0.5654790997505188,0.4083566665649414,-0.056987080723047256,0.577004075050354,0.3970809280872345,-0.010441863909363747,0.5642024278640747,0.40527546405792236,-0.05491194874048233,0.5210030674934387,0.3763688802719116,0.06855988502502441,0.5507828593254089,0.36756181716918945,0.09347608685493469,0.5644630193710327,0.3801727890968323,0.003180521307513118,0.38766220211982727,0.2942577600479126,0.2716343402862549,0.40267226099967957,0.29573893547058105,0.2067205011844635,0.42060351371765137,0.30252188444137573,0.15619511902332306,0.7021624445915222,0.447470486164093,0.013384908437728882,0.3846868872642517,0.3352441191673279,0.05620681867003441,0.34731897711753845,0.3175792098045349,0.09643908590078354,0.3206234276294708,0.30661147832870483,0.13207294046878815,0.4917895495891571,0.3457815945148468,0.1729777604341507,0.5290548801422119,0.3420853018760681,0.22723489999771118,0.4438365697860718,0.37399792671203613,0.10039278864860535,0.4783560037612915,0.3231404423713684,0.21173864603042603,0.4804536700248718,0.37946605682373047,0.03553858399391174,0.5582152009010315,0.3689182996749878,-0.045179836452007294,0.5616105198860168,0.3560415506362915,0.26462826132774353,0.5427542328834534,0.3494996428489685,0.19392135739326477,0.5430551767349243,0.35946983098983765,0.15019507706165314,0.5220946073532104,0.37202173471450806,0.11264283955097198,0.4992491900920868,0.3789982199668884,0.08908145874738693,0.4812871813774109,0.3825094699859619,0.06910594552755356,0.44344645738601685,0.3755406141281128,0.0007835730793885887,0.6028838157653809,0.36659425497055054,0.24237768352031708,0.48105400800704956,0.3186313211917877,0.23582352697849274,0.5578275322914124,0.39218753576278687,-0.10423704981803894,0.519342303276062,0.3806871175765991,0.030632732436060905,0.5051535367965698,0.3947314918041229,0.44497984647750854,0.4654971659183502,0.3833988308906555,0.05912638455629349,0.5637535452842712,0.38680630922317505,0.024101722985506058,0.48142173886299133,0.33173811435699463,0.20693673193454742,0.5439003705978394,0.36916133761405945,-0.032576411962509155,0.6306489109992981,0.4559352993965149,0.3805253505706787,0.4356243908405304,0.37164777517318726,0.11258503794670105,0.5273169279098511,0.3655555546283722,-0.0596160925924778,0.7237156629562378,0.4578051269054413,0.15323100984096527,0.7325302362442017,0.48942962288856506,0.18645256757736206,0.6030216217041016,0.39611512422561646,0.3287731409072876,0.7056385278701782,0.447951078414917,0.20671187341213226,0.4841073453426361,0.34226903319358826,0.33970221877098083,0.7634977102279663,0.4948660135269165,0.003324748482555151,0.5559237003326416,0.4059133529663086,-0.08407089114189148,0.5416839718818665,0.3808533549308777,0.04438607394695282,0.5048877596855164,0.3317725658416748,0.28418487310409546,0.4769750237464905,0.34775757789611816,0.15591327846050262,0.46881431341171265,0.35528403520584106,0.13865692913532257,0.646147608757019,0.402263343334198,0.02577894553542137,0.6392085552215576,0.38530898094177246,0.22594763338565826,0.7772570848464966,0.5261267423629761,-0.036083877086639404,0.7645992040634155,0.5029378533363342,0.07153161615133286,0.7514225244522095,0.49669915437698364,0.12446703016757965,0.45814254879951477,0.36186060309410095,0.12456128746271133,0.44631654024124146,0.36707067489624023,0.11719309538602829,0.43911847472190857,0.3702305257320404,0.11553456634283066,0.4778866171836853,0.31499749422073364,0.27090984582901,0.4329930543899536,0.358316034078598,0.12208451330661774,0.4383147656917572,0.34837406873703003,0.1307259351015091,0.4480423331260681,0.33965301513671875,0.14454205334186554,0.46005386114120483,0.33396977186203003,0.16106082499027252,0.4694560170173645,0.3326415419578552,0.17409348487854004,0.47314172983169556,0.360038161277771,0.4255712330341339,0.48016613721847534,0.3423959016799927,0.17213547229766846,0.6110880374908447,0.398447722196579,-0.007902828976511955,0.5676871538162231,0.3847869634628296,-0.033688679337501526,0.5825856328010559,0.4106910228729248,-0.057222265750169754,0.7408013939857483,0.4704641103744507,0.1019950807094574,0.7502278089523315,0.48379093408584595,0.05285249650478363,0.7669561505317688,0.5111908912658691,-0.049572013318538666,0.7084212899208069,0.48472049832344055,0.25737708806991577,0.43412235379219055,0.3667490482330322,0.11697038263082504,0.4840743839740753,0.3737396001815796,-0.007643186487257481,0.7752730846405029,0.5110782384872437,0.01677248440682888,0.6423765420913696,0.4158230423927307,0.2995072901248932,0.6263129711151123,0.43545329570770264,-0.025495726615190506,0.6355475187301636,0.4352753758430481,-0.029515616595745087,0.6465128660202026,0.4368273913860321,-0.033167317509651184,0.6562640070915222,0.4399709105491638,-0.030228111892938614,0.7064855098724365,0.46221989393234253,-0.017881378531455994,0.631369948387146,0.4042338728904724,0.01745709590613842,0.6311920881271362,0.3990674614906311,0.024308105930685997,0.6301583647727966,0.3940986394882202,0.02983485348522663,0.6576008796691895,0.4056394696235657,0.0492829792201519,0.6406983137130737,0.3829292953014374,0.15578094124794006,0.4603600800037384,0.37762096524238586,0.01926029659807682,0.42093411087989807,0.36799880862236023,0.08018842339515686,0.42613106966018677,0.365707665681839,0.10548961162567139,0.6309199333190918,0.40945202112197876,0.01567637361586094,0.6844759583473206,0.41482722759246826,0.1722724437713623,0.420034259557724,0.3717845678329468,0.037067655473947525,0.7205520868301392,0.4739507734775543,-0.01043322216719389,0.4672633409500122,0.37276214361190796,-0.029625441879034042,0.522161602973938,0.374988853931427,-0.010249843820929527,0.7205819487571716,0.4904918074607849,-0.05355864390730858,0.7038350105285645,0.4392595887184143,0.05943936109542847,0.5869503617286682,0.3885543644428253,0.03745128959417343,0.7154274582862854,0.4575144350528717,0.025523463264107704,0.6084184050559998,0.3752100467681885,0.08278746902942657,0.6172153949737549,0.3898060917854309,0.05173527076840401,0.6457761526107788,0.38813620805740356,0.1049683541059494,0.7463321685791016,0.49846234917640686,-0.05303283780813217,0.5362263321876526,0.3792458772659302,0.00925699807703495,0.7218294143676758,0.44894129037857056,0.08327686786651611,0.7312424778938293,0.4677830636501312,0.03994354233145714,0.6867364645004272,0.4204229712486267,0.08546669036149979,0.6683117151260376,0.40451744198799133,0.21333257853984833,0.6970986127853394,0.42350244522094727,0.11935139447450638,0.6766558289527893,0.434445321559906,0.2648676633834839,0.6498923301696777,0.39855140447616577,0.07005790621042252,0.501493513584137,0.3776494860649109,0.013108616694808006,0.5636048913002014,0.3749197721481323,-0.05494990572333336,0.5712424516677856,0.3790232539176941,-0.030648352578282356,0.5486487150192261,0.3653690814971924,-0.07435975223779678,0.41486963629722595,0.35273808240890503,0.09375854581594467,0.4240194261074066,0.33446332812309265,0.1153559684753418,0.438394695520401,0.3226024806499481,0.13871122896671295,0.45351389050483704,0.3163791596889496,0.1660289168357849,0.46671539545059204,0.3168138861656189,0.19063407182693481,0.49033403396606445,0.3321493864059448,0.22230155766010284,0.5614289045333862,0.37944674491882324,0.3472004234790802,0.5140199065208435,0.34727540612220764,0.1835576742887497,0.5122156143188477,0.35606512427330017,0.15294469892978668,0.498635470867157,0.3657523989677429,0.12449434399604797,0.4806038737297058,0.37346887588500977,0.10328219830989838,0.4651806056499481,0.3778342008590698,0.08719553053379059,0.4537193775177002,0.3798471987247467,0.07767903059720993,0.5427724719047546,0.42003026604652405,0.44172656536102295,0.5726683735847473,0.3867546319961548,-0.02275543473660946,0.5047634840011597,0.3702699542045593,-0.030626751482486725,0.55930495262146,0.37319719791412354,-0.08510510623455048,0.5589618682861328,0.3911644220352173,-0.09056222438812256,0.5604760646820068,0.38155633211135864,-0.07557538151741028,0.5723455548286438,0.3958876430988312,-0.024825863540172577,0.5596706867218018,0.390586793422699,-0.09916365891695023,0.5583169460296631,0.4028393626213074,-0.07934454828500748,0.4349372982978821,0.37389588356018066,0.09847361594438553,0.4389706254005432,0.37869882583618164,0.07051539421081543,0.445719838142395,0.3807365298271179,0.04609866812825203,0.4754239618778229,0.3327179551124573,0.185080423951149,0.4746983051300049,0.32595905661582947,0.19453264772891998,0.2862493395805359,0.48432016372680664,-0.037419699132442474,0.30319222807884216,0.46740758419036865,-0.037419699132442474,0.2674906551837921,0.47707152366638184,-0.037419699132442474,0.2688731253147125,0.5014511942863464,-0.037419699132442474,0.3046666979789734,0.4918718934059143,-0.037419699132442474,0.4435689449310303,0.35578882694244385,0.14706559479236603,0.45523467659950256,0.3464008569717407,0.14706559479236603,0.4273906350135803,0.3471311330795288,0.14706559479236603,0.43167227506637573,0.36470484733581543,0.14706559479236603,0.45936277508735657,0.36416542530059814,0.14706559479236603,0,0,0,0,0,1,1,0,0,0,0,0,0.04500608146190643,0.047556646168231964,0.08174675703048706,0.052563175559043884,0.026852674782276154,0.048103589564561844,0.0804227888584137,0.059953201562166214,0.05995560809969902,0.08857348561286926,1.0207237005233765,0.20975026488304138,Neutral,-0.2483575940132141,-21.170989990234375
130,4.333333333333333,28.850122135460705,-11.88837776603376,0.7624512843689141,0.5376186370849609,0.44608670473098755,-0.07740966975688934,0.4884392023086548,0.3874678611755371,-0.11500909924507141,0.5067688226699829,0.42136430740356445,-0.0700133815407753,0.4129451811313629,0.4077323079109192,-0.09002336859703064,0.4676770269870758,0.38149309158325195,-0.11810922622680664,0.44130799174308777,0.38562634587287903,-0.10449805855751038,0.3705452084541321,0.40560203790664673,-0.03581588715314865,0.27392688393592834,0.559719443321228,-0.0658949688076973,0.3290306627750397,0.4051346182823181,-0.00933461170643568,0.30482396483421326,0.3980587124824524,-0.0057044788263738155,0.206813782453537,0.3870334029197693,0.04024195671081543,0.5428805351257324,0.447001576423645,-0.07612346857786179,0.5472394824028015,0.4487547278404236,-0.0709851086139679,0.549144983291626,0.4506043493747711,-0.062647245824337,0.6289182305335999,0.46392181515693665,-0.056281525641679764,0.6397989988327026,0.4653048515319824,-0.060619134455919266,0.6505392789840698,0.4672184884548187,-0.06700524687767029,0.6600722074508667,0.4695225954055786,-0.06649324297904968,0.6551376581192017,0.4658399522304535,-0.052943192422389984,0.4999948740005493,0.39907121658325195,-0.10670945793390274,0.4902862310409546,0.4263724088668823,-0.091977559030056,0.16293048858642578,0.6558977365493774,-0.01556954812258482,0.3262532651424408,0.5048433542251587,-0.04792552441358566,0.31927382946014404,0.523622989654541,-0.0624622106552124,0.30844709277153015,0.5432924032211304,-0.07147988677024841,0.2739974856376648,0.5713431239128113,-0.07286740839481354,0.3286283612251282,0.489304780960083,-0.030169375240802765,0.2482723444700241,0.5196688175201416,-0.06357450783252716,0.26323652267456055,0.4993988275527954,-0.043407026678323746,0.23958951234817505,0.5413169264793396,-0.07385575026273727,0.2392672598361969,0.5582322478294373,-0.0761876255273819,0.2816808223724365,0.5902232527732849,-0.07566151022911072,0.6584872007369995,0.5521771907806396,-0.08876808732748032,0.2596041262149811,0.5680574178695679,-0.06455019861459732,0.25330060720443726,0.6789404153823853,-0.03500216081738472,0.2494720220565796,0.6134673357009888,-0.06969071179628372,0.42214828729629517,0.5202765464782715,-0.09143970906734467,0.5196413993835449,0.4697306454181671,-0.09372714906930923,0.5341489911079407,0.4700675904750824,-0.08572766184806824,0.51058030128479,0.49484848976135254,-0.10260632634162903,0.5085680484771729,0.5114974975585938,-0.10124365985393524,0.5248752236366272,0.4894271194934845,-0.09338916093111038,0.5203242897987366,0.5039277076721191,-0.08934283256530762,0.5729051828384399,0.5560598969459534,-0.08899387717247009,0.48142537474632263,0.4012753963470459,-0.1234641820192337,0.46034830808639526,0.3979952335357666,-0.12786763906478882,0.2086881548166275,0.5800328254699707,-0.09173241257667542,0.3866582214832306,0.47647368907928467,-0.05674733594059944,0.4560357332229614,0.4686443507671356,-0.10787250846624374,0.442513108253479,0.47252118587493896,-0.10097349435091019,0.39163944125175476,0.5840945243835449,-0.11575319617986679,0.4359194338321686,0.4013010859489441,-0.11400268226861954,0.21983256936073303,0.5207129716873169,-0.08056638389825821,0.20815454423427582,0.5527591705322266,-0.09113021939992905,0.13950596749782562,0.6076061725616455,-0.028989965096116066,0.2915736734867096,0.44230759143829346,-0.03383671119809151,0.28221431374549866,0.48418867588043213,-0.02443886362016201,0.5421099662780762,0.5651135444641113,-0.09677931666374207,0.4867914915084839,0.74165278673172,-0.014313571155071259,0.47487297654151917,0.46039482951164246,-0.09018027782440186,0.48643985390663147,0.4482727646827698,-0.07905291020870209,0.519972562789917,0.5303910970687866,-0.08586222678422928,0.5248829126358032,0.524724543094635,-0.08156698942184448,0.18649758398532867,0.5614925622940063,-0.08531952649354935,0.464094877243042,0.478999525308609,-0.09809906035661697,0.2464442253112793,0.48408812284469604,-0.060606423765420914,0.2277737259864807,0.48275116086006165,-0.06296636909246445,0.14728927612304688,0.4894084334373474,-0.02766571193933487,0.1666688174009323,0.5751847624778748,-0.06053394451737404,0.1868830770254135,0.4740089178085327,-0.04440233111381531,0.18841014802455902,0.5931486487388611,-0.08152885735034943,0.1830616146326065,0.6194342374801636,-0.048534441739320755,0.5275882482528687,0.47020888328552246,-0.09241368621587753,0.5178372859954834,0.49243682622909546,-0.09925812482833862,0.5144550800323486,0.5080182552337646,-0.09663575887680054,0.4803701639175415,0.46016746759414673,-0.08162713795900345,0.52268385887146,0.5274789333343506,-0.08287140727043152,0.5450952053070068,0.52672278881073,-0.08504752814769745,0.5266477465629578,0.522388756275177,-0.08073456585407257,0.4727509915828705,0.4364340901374817,-0.11402041465044022,0.5237390995025635,0.5010017156600952,-0.08432599902153015,0.5288925170898438,0.48677122592926025,-0.08424299210309982,0.5379647612571716,0.4695330262184143,-0.07840836048126221,0.6427248120307922,0.49232497811317444,-0.06958165764808655,0.6376558542251587,0.4987833499908447,-0.08400293439626694,0.6299194097518921,0.4946925938129425,-0.08484635502099991,0.6203829050064087,0.4897700250148773,-0.0778186023235321,0.611857533454895,0.4855250120162964,-0.072475366294384,0.569169819355011,0.5113909840583801,-0.07962925732135773,0.5694832801818848,0.5163491368293762,-0.08371851593255997,0.5699021816253662,0.5226446390151978,-0.08891534060239792,0.5708638429641724,0.5279016494750977,-0.09000711143016815,0.5093114376068115,0.5219634175300598,-0.10083840042352676,0.35657167434692383,0.7471911907196045,0.01952248252928257,0.5040926933288574,0.4107305407524109,-0.08226080238819122,0.5497373342514038,0.5176404714584351,-0.07939844578504562,0.5475301742553711,0.5220603346824646,-0.08248551934957504,0.49721071124076843,0.4444791376590729,-0.08177005499601364,0.4788872003555298,0.48209384083747864,-0.07751074433326721,0.49227041006088257,0.446034699678421,-0.08060505986213684,0.3890396058559418,0.4984739124774933,-0.06948061287403107,0.3879092335700989,0.5292467474937439,-0.09078560769557953,0.44978222250938416,0.483065128326416,-0.09307754039764404,0.13301151990890503,0.552070677280426,-0.035377684980630875,0.16671231389045715,0.5273065567016602,-0.057955674827098846,0.19879461824893951,0.5240484476089478,-0.07758335769176483,0.5966415405273438,0.5405191779136658,-0.08878005295991898,0.2618345022201538,0.4398266673088074,-0.03858848661184311,0.21276463568210602,0.43083274364471436,-0.01967151276767254,0.17239739000797272,0.4364390969276428,-0.0010294705862179399,0.2920592129230499,0.561363160610199,-0.07460953295230865,0.285855233669281,0.615630030632019,-0.08266202360391617,0.32802748680114746,0.47909173369407654,-0.01969047449529171,0.23702725768089294,0.5824979543685913,-0.07942536473274231,0.3798641562461853,0.4587448835372925,-0.05201411247253418,0.45345592498779297,0.4454176127910614,-0.11745940893888474,0.31018027663230896,0.6474329829216003,-0.08498477935791016,0.31375858187675476,0.6006900668144226,-0.09541105479001999,0.34046193957328796,0.572960615158081,-0.09449484199285507,0.35755133628845215,0.5338490605354309,-0.0761902704834938,0.3617587089538574,0.5059453248977661,-0.056494805961847305,0.3627665042877197,0.4850296080112457,-0.04326356202363968,0.3662727475166321,0.4230475425720215,-0.04506472870707512,0.36090829968452454,0.6529543399810791,-0.10025209188461304,0.22500526905059814,0.5991891026496887,-0.08176777511835098,0.4949381947517395,0.4068537950515747,-0.11373648792505264,0.409955233335495,0.4741118550300598,-0.0680646076798439,0.2486528903245926,0.7208267450332642,0.023063521832227707,0.3613523542881012,0.46767568588256836,-0.032098378986120224,0.44952934980392456,0.49277517199516296,-0.07278569787740707,0.2540585398674011,0.5771677494049072,-0.0682382807135582,0.43853113055229187,0.450090616941452,-0.10765402764081955,0.41820335388183594,0.7507275938987732,0.006230933591723442,0.31882619857788086,0.480135440826416,-0.013508690521121025,0.4345514476299286,0.42365315556526184,-0.11519654095172882,0.5738896727561951,0.6582229733467102,-0.0808391124010086,0.5968528985977173,0.6835153102874756,-0.05792342126369476,0.3567367196083069,0.7067980766296387,-0.046536874026060104,0.5283490419387817,0.6881844997406006,-0.07602745294570923,0.21290376782417297,0.6506162881851196,-0.03640679642558098,0.6840652227401733,0.5653241872787476,-0.088637575507164,0.49936920404434204,0.41710391640663147,-0.08590874075889587,0.41680479049682617,0.4959609806537628,-0.07492905110120773,0.23957955837249756,0.635499894618988,-0.06490220874547958,0.29672354459762573,0.5374757051467896,-0.06412828713655472,0.3071627616882324,0.5204482078552246,-0.05722851678729057,0.5426694750785828,0.5312061309814453,-0.08659563213586807,0.41050952672958374,0.6644706726074219,-0.09762267023324966,0.7253000736236572,0.5361087322235107,-0.07296490669250488,0.6747260093688965,0.6095410585403442,-0.07274092733860016,0.6427856683731079,0.6437574625015259,-0.0667627677321434,0.24454841017723083,0.38963884115219116,0.016963113099336624,0.7403253316879272,0.49798405170440674,-0.04636969789862633,0.31255000829696655,0.5056276917457581,-0.044444452971220016,0.3156377673149109,0.49208471179008484,-0.03056292235851288,0.318004310131073,0.4837106466293335,-0.01904422603547573,0.20756717026233673,0.6165643334388733,-0.07160434871912003,0.2942255139350891,0.49283334612846375,-0.029460513964295387,0.27845484018325806,0.5074630379676819,-0.042861923575401306,0.26774853467941284,0.5232303738594055,-0.055257055908441544,0.2608388662338257,0.5407568216323853,-0.06443984806537628,0.25930023193359375,0.5532563924789429,-0.06654273718595505,0.19729281961917877,0.6914303302764893,0.007056268397718668,0.2855570912361145,0.5500435829162598,-0.06634561717510223,0.5222836136817932,0.42499133944511414,-0.06785868853330612,0.5037620067596436,0.4974333345890045,-0.09652309119701385,0.4718039631843567,0.45519715547561646,-0.09474173188209534,0.5131476521492004,0.4502320885658264,-0.08657446503639221,0.3475462794303894,0.410153329372406,-0.014022261835634708,0.6168543100357056,0.6287246346473694,-0.08030999451875687,0.6512781381607056,0.5998009443283081,-0.0830242857336998,0.7108443975448608,0.5259764194488525,-0.08391542732715607,0.547705888748169,0.7164496779441833,-0.038930077105760574,0.3101862967014313,0.4839966893196106,-0.02019040286540985,0.39458978176116943,0.43387967348098755,-0.06781630218029022,0.7270262241363525,0.486705482006073,-0.057263296097517014,0.7026388049125671,0.5732476115226746,-0.08050090074539185,0.4136505722999573,0.714017391204834,-0.05302533134818077,0.5915367603302002,0.5006586313247681,-0.07875654846429825,0.5952876210212708,0.5063605308532715,-0.08413922786712646,0.6000838279724121,0.5129583477973938,-0.09025514125823975,0.606090784072876,0.5183811187744141,-0.09090923517942429,0.6206835508346558,0.5195210576057434,-0.08584313094615936,0.5200392603874207,0.5160951614379883,-0.08676325529813766,0.5156055092811584,0.5199898481369019,-0.09169024974107742,0.5108236074447632,0.5234084129333496,-0.09545569121837616,0.5223006010055542,0.5452836751937866,-0.10180593281984329,0.4346347749233246,0.6227164268493652,-0.11426317691802979,0.3717055916786194,0.44012823700904846,-0.04622673988342285,0.31628572940826416,0.45847442746162415,-0.0059883082285523415,0.30833888053894043,0.47313401103019714,-0.013224905356764793,0.5227442979812622,0.512898862361908,-0.08285412937402725,0.49403852224349976,0.6523780226707458,-0.09641477465629578,0.3321300745010376,0.4372082054615021,-0.02001153491437435,0.6376892924308777,0.5381184220314026,-0.08462537080049515,0.4174923300743103,0.39296308159828186,-0.08038792014122009,0.39079195261001587,0.4156044125556946,-0.06682226806879044,0.39484328031539917,0.3994491994380951,-0.05664382502436638,0.42152443528175354,0.4510835111141205,-0.08226129412651062,0.7025936841964722,0.47778964042663574,-0.06254350394010544,0.6759843826293945,0.47222578525543213,-0.05693024769425392,0.6621250510215759,0.5042865872383118,-0.07507878541946411,0.5752161145210266,0.5792428851127625,-0.09172283113002777,0.4582648277282715,0.5137306451797485,-0.08373484760522842,0.6096270084381104,0.5629364252090454,-0.08809925615787506,0.4341288208961487,0.556678831577301,-0.11027395725250244,0.4723617434501648,0.5357268452644348,-0.09878087788820267,0.46439099311828613,0.5890527963638306,-0.1126558929681778,0.6866439580917358,0.5148341655731201,-0.08645541965961456,0.42743682861328125,0.4717821478843689,-0.07946281880140305,0.5887617468833923,0.605816125869751,-0.09057904779911041,0.626073956489563,0.5810561180114746,-0.08642325550317764,0.5374921560287476,0.5870075821876526,-0.10296900570392609,0.4549413323402405,0.6728925704956055,-0.09184201061725616,0.532577395439148,0.6223069429397583,-0.10140410810709,0.4704858660697937,0.7109095454216003,-0.06306725740432739,0.4962739944458008,0.5614387392997742,-0.10639100521802902,0.40200287103652954,0.4541260600090027,-0.06766881793737411,0.46672675013542175,0.43970993161201477,-0.119681715965271,0.46633440256118774,0.46297580003738403,-0.10452054440975189,0.45599451661109924,0.4203009009361267,-0.12655651569366455,0.28930968046188354,0.4672250747680664,-0.02150348201394081,0.2579544186592102,0.49295923113822937,-0.04757753387093544,0.23819293081760406,0.5191773176193237,-0.06934328377246857,0.2279987633228302,0.5449169278144836,-0.08292558789253235,0.22688189148902893,0.5665367245674133,-0.08583445847034454,0.25373297929763794,0.5927137732505798,-0.07029543071985245,0.30311477184295654,0.6956636905670166,-0.044099073857069016,0.29988688230514526,0.5788774490356445,-0.0796055793762207,0.32163292169570923,0.5569838881492615,-0.0772259384393692,0.3357574939727783,0.5297892093658447,-0.06643403321504593,0.34251493215560913,0.5052090287208557,-0.048539116978645325,0.344675213098526,0.48680242896080017,-0.03166281431913376,0.3455556035041809,0.4732598662376404,-0.0214791651815176,0.301841139793396,0.7368097305297852,0.026786288246512413,0.4716092646121979,0.46972817182540894,-0.09487204998731613,0.41510626673698425,0.42751583456993103,-0.08876091986894608,0.4736608862876892,0.41753846406936646,-0.12410175800323486,0.4871531128883362,0.4191950261592865,-0.1092887818813324,0.4770958423614502,0.42451298236846924,-0.11524733155965805,0.4794054627418518,0.47116637229919434,-0.08361635357141495,0.49073299765586853,0.4133962392807007,-0.11289375275373459,0.4955556094646454,0.4226400554180145,-0.0888919085264206,0.3247738778591156,0.4722459316253662,-0.008643052540719509,0.3398509919643402,0.4610840976238251,-0.011349237523972988,0.35215482115745544,0.4526304304599762,-0.023188970983028412,0.25947222113609314,0.5613871812820435,-0.0665648877620697,0.24305719137191772,0.5715502500534058,-0.07399202138185501,0.4263756275177002,0.3842705488204956,-0.057681336998939514,0.4219989776611328,0.3730568587779999,0.16540585458278656,0.5067687630653381,0.3996530771255493,-0.0675073117017746,0.35724130272865295,0.3593035936355591,0.3467084467411041,0.4165952801704407,0.3970620632171631,0.10157434642314911,0.424298495054245,0.39087969064712524,0.11713983118534088,0.42898619174957275,0.38434404134750366,0.13571475446224213,0.4238964319229126,0.3775596618652344,0.1718149483203888,0.4087007939815521,0.3999183177947998,0.08770747482776642,0.394363135099411,0.36753642559051514,0.1216931864619255,0.3886151611804962,0.37549471855163574,0.103004589676857,0.4009855389595032,0.36268627643585205,0.1408996731042862,0.40725409984588623,0.36280357837677,0.15667811036109924,0.43194580078125,0.3789352774620056,0.1873120665550232,0.6991660594940186,0.4409409761428833,0.020873714238405228,0.4188767671585083,0.3709855377674103,0.17744770646095276,0.4365701377391815,0.37588661909103394,0.3280431926250458,0.4198567569255829,0.3724920153617859,0.22635403275489807,0.502255916595459,0.377144992351532,0.060006529092788696,0.5445475578308105,0.4236180782318115,-0.054443664848804474,0.5551599264144897,0.4302324652671814,-0.04933827370405197,0.5567137002944946,0.4060751795768738,-0.021328981965780258,0.5682158470153809,0.39667263627052307,0.010620222426950932,0.5626019835472107,0.4162670969963074,-0.022599849849939346,0.5703686475753784,0.4071415364742279,0.004978083074092865,0.6418200731277466,0.41211044788360596,0.05377809330821037,0.4943806827068329,0.3792431056499481,-0.10252481698989868,0.47523656487464905,0.37221819162368774,-0.10300804674625397,0.3982524275779724,0.3480689525604248,0.18485519289970398,0.43584924936294556,0.3910810351371765,0.04190408065915108,0.5046370625495911,0.37560391426086426,-0.014529882930219173,0.49252569675445557,0.3770385682582855,-0.004873945377767086,0.5182793140411377,0.36080795526504517,0.13415487110614777,0.44990235567092896,0.3764185309410095,-0.08230620622634888,0.3832605481147766,0.3467590808868408,0.11151006817817688,0.3906745910644531,0.3438316583633423,0.149759903550148,0.324110209941864,0.3442104458808899,0.2948610186576843,0.3701382875442505,0.37667161226272583,0.02916695363819599,0.3865668475627899,0.3846448063850403,0.0948840007185936,0.6244730949401855,0.40082764625549316,0.07551390677690506,0.6257840991020203,0.44301530718803406,0.32831892371177673,0.511823296546936,0.3897257149219513,-0.020605120807886124,0.5114523768424988,0.40105047821998596,-0.04448234289884567,0.5925709009170532,0.39071863889694214,0.06345123797655106,0.5911153554916382,0.3969730734825134,0.04942229390144348,0.38061395287513733,0.33780622482299805,0.17103388905525208,0.512905478477478,0.3832031190395355,-0.0062749735079705715,0.37534525990486145,0.3564724028110504,0.07084652781486511,0.3637719750404358,0.3482680916786194,0.07300496846437454,0.26194384694099426,0.3416304588317871,0.157024547457695,0.3367546498775482,0.33749812841415405,0.2230914831161499,0.28837043046951294,0.3457290530204773,0.11278804391622543,0.38769403100013733,0.3452598452568054,0.21535822749137878,0.36624035239219666,0.3473454415798187,0.2736315429210663,0.5511799454689026,0.4262145757675171,-0.05353535711765289,0.5606566667556763,0.4106883704662323,-0.022663705050945282,0.5699317455291748,0.4010443687438965,0.005481662694364786,0.5130051970481873,0.39569026231765747,-0.02497609332203865,0.5921422839164734,0.39380156993865967,0.055067624896764755,0.611468493938446,0.39808303117752075,0.031506866216659546,0.5903423428535461,0.39929118752479553,0.046556439250707626,0.5036288499832153,0.38291114568710327,-0.05050431936979294,0.5695155262947083,0.4122868776321411,0.005208113696426153,0.5627400875091553,0.42150571942329407,-0.017453262582421303,0.5565623044967651,0.4343903958797455,-0.04102420061826706,0.6612643003463745,0.4481073021888733,-0.03343556821346283,0.6675548553466797,0.4412325620651245,-0.044159431010484695,0.6580551266670227,0.4408565163612366,-0.04374339058995247,0.6457846164703369,0.4417988359928131,-0.036705825477838516,0.6343518495559692,0.4435625970363617,-0.033631332218647,0.6184647083282471,0.4162900447845459,0.010363341309130192,0.623673677444458,0.4116734266281128,0.006202646531164646,0.630330502986908,0.40620946884155273,0.0041994089260697365,0.6359675526618958,0.4023180603981018,0.010398794896900654,0.5751179456710815,0.38989537954330444,0.028094714507460594,0.5282153487205505,0.4265843629837036,0.4017534554004669,0.6060739159584045,0.40812939405441284,0.03199995681643486,0.6091934442520142,0.4028772711753845,0.029524410143494606,0.5163154602050781,0.4069106876850128,-0.04780178889632225,0.5219860076904297,0.3947640657424927,-0.0040001762099564075,0.5141357779502869,0.4039696455001831,-0.0470203198492527,0.4546341896057129,0.3848264813423157,0.062035657465457916,0.4793265461921692,0.3723800480365753,0.08697056770324707,0.5021213293075562,0.38164472579956055,0.006467289291322231,0.29212290048599243,0.3378704786300659,0.228242889046669,0.3110824525356293,0.3377496600151062,0.17028415203094482,0.3716653883457184,0.338538259267807,0.1255960911512375,0.6503563523292542,0.42089077830314636,0.028855644166469574,0.3539236783981323,0.3639816641807556,0.030454246327280998,0.26758989691734314,0.3627253770828247,0.0623345673084259,0.23548546433448792,0.3565835952758789,0.0920732393860817,0.4288671612739563,0.38037484884262085,0.15589334070682526,0.44091612100601196,0.38080668449401855,0.21010851860046387,0.40292200446128845,0.40060538053512573,0.08545973896980286,0.40996405482292175,0.36319175362586975,0.18811620771884918,0.4178330898284912,0.39358800649642944,0.026623841375112534,0.4939144551753998,0.3723521828651428,-0.04204192012548447,0.4784494638442993,0.36010605096817017,0.24768345057964325,0.45555001497268677,0.38296252489089966,0.18012264370918274,0.4625333249568939,0.3867427706718445,0.13922938704490662,0.453208863735199,0.39534512162208557,0.10234848409891129,0.4397771954536438,0.4019913375377655,0.07937166094779968,0.4289225935935974,0.4044671058654785,0.0587085485458374,0.38263168931007385,0.3964616656303406,-0.011783041059970856,0.5231062769889832,0.36234378814697266,0.23216120898723602,0.4065273702144623,0.35948610305786133,0.21065638959407806,0.5032548904418945,0.39344972372055054,-0.09701245278120041,0.4567117989063263,0.3891323208808899,0.02719847857952118,0.4343148469924927,0.4038059711456299,0.41515928506851196,0.41867920756340027,0.4045732021331787,0.04732707142829895,0.5034173727035522,0.3876633942127228,0.026798734441399574,0.41734474897384644,0.3718980550765991,0.18596895039081573,0.4790710210800171,0.37493371963500977,-0.03114323690533638,0.5770902633666992,0.4346361458301544,0.3725411593914032,0.3977930247783661,0.39901453256607056,0.09622111171483994,0.4623103141784668,0.3739745616912842,-0.0593334399163723,0.67131108045578,0.42146193981170654,0.16759857535362244,0.6887485384941101,0.44638991355895996,0.20170173048973083,0.5310810208320618,0.3876591622829437,0.31668123602867126,0.6491290330886841,0.41561996936798096,0.21669235825538635,0.3974074721336365,0.3621756434440613,0.30892810225486755,0.7225546836853027,0.447781503200531,0.030160406604409218,0.506420373916626,0.4060324430465698,-0.07576371729373932,0.4778769016265869,0.3857576847076416,0.042811110615730286,0.41782358288764954,0.3757244050502777,0.2611076831817627,0.4227147102355957,0.37948843836784363,0.1390206664800644,0.41780397295951843,0.385786235332489,0.1226624846458435,0.6134263873100281,0.3941590189933777,0.03858938068151474,0.5644987225532532,0.3726907968521118,0.22293461859226227,0.7440443634986877,0.47299647331237793,-0.0052457451820373535,0.7247936129570007,0.45408332347869873,0.09481824934482574,0.7100552320480347,0.4503506124019623,0.1441459357738495,0.4106265902519226,0.3913472890853882,0.10907479375600815,0.40294671058654785,0.3953658640384674,0.10141853243112564,0.3993288278579712,0.3979625701904297,0.09915943443775177,0.3979828655719757,0.35973408818244934,0.24383394420146942,0.3969775438308716,0.38898295164108276,0.10495729744434357,0.4001418650150299,0.3817051947116852,0.11284545809030533,0.4047105312347412,0.37486588954925537,0.1260378360748291,0.4104901850223541,0.36997783184051514,0.14194746315479279,0.415099561214447,0.36907005310058594,0.15464654564857483,0.3911592960357666,0.3790704011917114,0.389889657497406,0.4232865571975708,0.3753941059112549,0.1542472541332245,0.5546722412109375,0.39260903000831604,0.001546179293654859,0.5095670819282532,0.3853318691253662,-0.029077472165226936,0.5343403816223145,0.4078710973262787,-0.04623107239603996,0.6924325227737427,0.4300580620765686,0.12098024040460587,0.7066015005111694,0.44023680686950684,0.07601086795330048,0.7316409945487976,0.4619196653366089,-0.019196737557649612,0.6627785563468933,0.4462231397628784,0.2673855721950531,0.3969308137893677,0.39488762617111206,0.10007022321224213,0.4212579131126404,0.3881472051143646,-0.014831840991973877,0.7371823191642761,0.4599575400352478,0.0436367504298687,0.5760587453842163,0.39782407879829407,0.29532483220100403,0.6298764944076538,0.42802128195762634,-0.010829879902303219,0.6387426853179932,0.42383822798728943,-0.01352974958717823,0.6486517190933228,0.4201011061668396,-0.016451813280582428,0.6583871841430664,0.41815274953842163,-0.013525847345590591,0.6577945947647095,0.4322863817214966,0.00023331257398240268,0.5795881152153015,0.40085819363594055,0.030114900320768356,0.5801282525062561,0.39564597606658936,0.0360582135617733,0.5795783400535583,0.39118701219558716,0.040851838886737823,0.5997793674468994,0.39240211248397827,0.057926252484321594,0.5673719048500061,0.3714180886745453,0.15653380751609802,0.3987944424152374,0.3954136371612549,0.008673700504004955,0.38633158802986145,0.39565855264663696,0.06376548111438751,0.39015141129493713,0.3948710560798645,0.08781933039426804,0.5783679485321045,0.4049760103225708,0.029046226292848587,0.6187562942504883,0.3917545974254608,0.17904213070869446,0.3865467309951782,0.3949827253818512,0.02102002501487732,0.675822913646698,0.43902161717414856,0.010517491959035397,0.40553170442581177,0.39012062549591064,-0.038377150893211365,0.458988219499588,0.38349929451942444,-0.012284375727176666,0.6811484098434448,0.4531114399433136,-0.029279854148626328,0.6504322290420532,0.4119311571121216,0.0733562484383583,0.5251868963241577,0.3853703737258911,0.04105396568775177,0.6663888096809387,0.42591750621795654,0.043010834604501724,0.5370984673500061,0.3700377643108368,0.08407098799943924,0.5532935857772827,0.3820646405220032,0.05647294223308563,0.5763221383094788,0.37547093629837036,0.10930568724870682,0.7082117795944214,0.45496270060539246,-0.026005005463957787,0.473727822303772,0.38535159826278687,0.008799956180155277,0.6682041883468628,0.4156510829925537,0.09917613863945007,0.6836945414543152,0.4306924045085907,0.060397692024707794,0.6289730072021484,0.3984193801879883,0.09604444354772568,0.5985449552536011,0.38478022813796997,0.21599388122558594,0.6357617378234863,0.39796197414398193,0.12966682016849518,0.6155871152877808,0.4082770347595215,0.2683632969856262,0.5877465009689331,0.3851611614227295,0.07679431885480881,0.4387553036212921,0.38886556029319763,0.007814215496182442,0.5019493699073792,0.37687695026397705,-0.05094091221690178,0.5103381276130676,0.37952423095703125,-0.025666601955890656,0.48403477668762207,0.37050193548202515,-0.07127998769283295,0.38009676337242126,0.383393257856369,0.07456940412521362,0.3833422362804413,0.36884182691574097,0.09300076216459274,0.39042073488235474,0.35918644070625305,0.11468129605054855,0.39737436175346375,0.3539687395095825,0.14120535552501678,0.4041535556316376,0.35563647747039795,0.16535162925720215,0.41848689317703247,0.3726884126663208,0.20076727867126465,0.4843938648700714,0.3806504011154175,0.32798075675964355,0.440029114484787,0.3815001845359802,0.1678793877363205,0.4424360394477844,0.3860558867454529,0.13865074515342712,0.4369855523109436,0.39341285824775696,0.11151987314224243,0.4265175759792328,0.4002473056316376,0.09152782708406448,0.4171898365020752,0.4032815098762512,0.0744558796286583,0.4099330008029938,0.40429943799972534,0.06487812846899033,0.4795633554458618,0.41919106245040894,0.4185795485973358,0.5144975185394287,0.3861221671104431,-0.017343999817967415,0.4410952925682068,0.3817804157733917,-0.03394816443324089,0.49749213457107544,0.3759589195251465,-0.0803278312087059,0.5039342641830444,0.39177781343460083,-0.08401989191770554,0.5018088817596436,0.3833099603652954,-0.07050399482250214,0.5175997018814087,0.3943113684654236,-0.018507180735468864,0.5044227838516235,0.39153745770454407,-0.09226557612419128,0.5077412724494934,0.4026327431201935,-0.07165037095546722,0.3972175419330597,0.40044888854026794,0.08284428715705872,0.3999258279800415,0.4034014344215393,0.05633937940001488,0.40491679310798645,0.40234845876693726,0.03263084590435028,0.41766273975372314,0.36963310837745667,0.16519857943058014,0.4120587706565857,0.3654869496822357,0.1733054369688034,0.2783854305744171,0.5297689437866211,-0.04818907752633095,0.289621502161026,0.5097540020942688,-0.04818907752633095,0.2597624659538269,0.5257527232170105,-0.04818907752633095,0.2669081687927246,0.5500468015670776,-0.04818907752633095,0.2964790463447571,0.5342050790786743,-0.04818907752633095,0.389767050743103,0.381634920835495,0.12939757108688354,0.3967415988445282,0.3741832375526428,0.12939757108688354,0.37660878896713257,0.3763672113418579,0.12939757108688354,0.38198569416999817,0.389392614364624,0.12939757108688354,0.40210387110710144,0.3870853781700134,0.12939757108688354,0,0,0,0,0,1,1,0,0,0,0,0,0.14825424551963806,0.09063262492418289,0.1427592635154724,0.10344535112380981,0.030233683064579964,0.07462124526500702,0.1300491988658905,0.06990116834640503,0.08739374577999115,0.11879837512969971,0.874413251876831,0.24461610615253448,Neutral,-10.415496826171875,7.7222490310668945
132,4.4,33.474565631925415,-9.733872885708328,0.8032476462498259,0.5458340644836426,0.41014519333839417,-0.09194529801607132,0.5143968462944031,0.3712429404258728,-0.11757759749889374,0.5261996984481812,0.4097394049167633,-0.07780525088310242,0.4381309151649475,0.38759660720825195,-0.08454060554504395,0.49572545289993286,0.3634137213230133,-0.11798811703920364,0.47015199065208435,0.3666481375694275,-0.10082464665174484,0.3998630940914154,0.3843754231929779,-0.020820006728172302,0.267482191324234,0.5262166857719421,-0.06317245960235596,0.35394489765167236,0.3788292109966278,0.013138375245034695,0.3307487368583679,0.3686060607433319,0.021794606000185013,0.24988201260566711,0.3540195822715759,0.080141082406044,0.5497050881385803,0.41176512837409973,-0.09220655262470245,0.5520928502082825,0.4157886207103729,-0.08837275207042694,0.552278995513916,0.4204387068748474,-0.08255962282419205,0.631881058216095,0.4564230442047119,-0.07203555852174759,0.643837034702301,0.45879724621772766,-0.07876528799533844,0.6559004783630371,0.4624944031238556,-0.08578691631555557,0.6641534566879272,0.4678555727005005,-0.08519682288169861,0.6801775097846985,0.47642451524734497,-0.0736122727394104,0.5236299633979797,0.38497576117515564,-0.11077335476875305,0.5073299407958984,0.41236287355422974,-0.09823611378669739,0.13252253830432892,0.6224972605705261,-0.006171373650431633,0.32478877902030945,0.48595699667930603,-0.043644875288009644,0.3138292133808136,0.502412736415863,-0.05939891189336777,0.2998153865337372,0.5192419290542603,-0.0690160021185875,0.2666991949081421,0.5388363003730774,-0.07125650346279144,0.3313044309616089,0.47088709473609924,-0.023646200075745583,0.2574699819087982,0.48037809133529663,-0.05522618442773819,0.2759532928466797,0.46330973505973816,-0.032795023173093796,0.24399758875370026,0.4999326765537262,-0.06658930331468582,0.23868481814861298,0.516825795173645,-0.07012810558080673,0.2682245969772339,0.5614603161811829,-0.07649843394756317,0.6550648212432861,0.5662403702735901,-0.11964381486177444,0.2541303336620331,0.5320305824279785,-0.061272963881492615,0.21632899343967438,0.6547857522964478,-0.039061080664396286,0.23829714953899384,0.5746675133705139,-0.06944182515144348,0.4173472821712494,0.5051832795143127,-0.09958591312170029,0.5198291540145874,0.4365122616291046,-0.1091594398021698,0.5316787958145142,0.44120240211486816,-0.10413644462823868,0.5043658018112183,0.46945810317993164,-0.11979139596223831,0.49703362584114075,0.4939546287059784,-0.1192217692732811,0.5157756209373474,0.4675634503364563,-0.1122717633843422,0.5077029466629028,0.4889504015445709,-0.10845421254634857,0.5609580278396606,0.5587431192398071,-0.11199582368135452,0.5035805702209473,0.3846164345741272,-0.12684662640094757,0.48418378829956055,0.37926244735717773,-0.1287776231765747,0.20670948922634125,0.529418408870697,-0.08174695819616318,0.3965754508972168,0.45811572670936584,-0.0535908080637455,0.46070027351379395,0.4537152647972107,-0.1150963306427002,0.44734644889831543,0.4569770097732544,-0.10712072253227234,0.36960938572883606,0.5684328675270081,-0.1274334043264389,0.46068274974823,0.38181549310684204,-0.11195144057273865,0.23273611068725586,0.46974027156829834,-0.063742496073246,0.21341700851917267,0.5000983476638794,-0.07655742019414902,0.12093763053417206,0.5699422359466553,-0.012071777135133743,0.3126012980937958,0.40994375944137573,-0.014472976326942444,0.2957976460456848,0.45241838693618774,-0.01376837957650423,0.5246332883834839,0.5633315443992615,-0.1194942444562912,0.43500298261642456,0.7502737045288086,-0.0498642660677433,0.48100316524505615,0.447665810585022,-0.09783618152141571,0.4977356791496277,0.4360410273075104,-0.08619431406259537,0.5047644972801208,0.529323399066925,-0.10733085125684738,0.5104886293411255,0.5240115523338318,-0.10202952474355698,0.19322417676448822,0.503839910030365,-0.06944215297698975,0.46644020080566406,0.4661499559879303,-0.10679047554731369,0.26509472727775574,0.4399067461490631,-0.04204370826482773,0.250275194644928,0.43260258436203003,-0.04171261563897133,0.16089187562465668,0.45004957914352417,0.0013420269824564457,0.15340596437454224,0.5370287299156189,-0.04228942468762398,0.1989934742450714,0.4360547363758087,-0.016748815774917603,0.18682286143302917,0.5391024351119995,-0.07116511464118958,0.1598483920097351,0.584409236907959,-0.036817796528339386,0.526317834854126,0.4387211501598358,-0.10926705598831177,0.5099354386329651,0.46845492720603943,-0.1173616349697113,0.5021432042121887,0.49164509773254395,-0.11519016325473785,0.4874243140220642,0.4481610953807831,-0.08909309655427933,0.5079500675201416,0.5265877842903137,-0.1036241427063942,0.5347110033035278,0.5286886096000671,-0.10474544018507004,0.5123454332351685,0.5220057368278503,-0.10080200433731079,0.48529258370399475,0.4212104082107544,-0.11951413005590439,0.5109537839889526,0.48733511567115784,-0.10468567907810211,0.5198777914047241,0.46669140458106995,-0.10498501360416412,0.5343998670578003,0.44382980465888977,-0.09910377115011215,0.6579024791717529,0.5032356381416321,-0.09147050231695175,0.6362189054489136,0.49846628308296204,-0.10370858013629913,0.6291967630386353,0.49203404784202576,-0.10382967442274094,0.6190279722213745,0.48561835289001465,-0.09642106294631958,0.6101740598678589,0.48061421513557434,-0.08894164115190506,0.5625462532043457,0.5127356052398682,-0.0968615710735321,0.562682032585144,0.5179123878479004,-0.10212118178606033,0.5629743337631226,0.5250130295753479,-0.10839790105819702,0.5635912418365479,0.5315912365913391,-0.11034002155065536,0.500359833240509,0.5142873525619507,-0.11695662140846252,0.30401119589805603,0.7391372919082642,-0.0025703618302941322,0.525458037853241,0.3980841040611267,-0.08844975382089615,0.5405339598655701,0.5197372436523438,-0.0976240485906601,0.5378149747848511,0.5239102244377136,-0.1015152856707573,0.5099503397941589,0.43330544233322144,-0.0909237489104271,0.480964720249176,0.4714879095554352,-0.08749933540821075,0.5044701099395752,0.43436795473098755,-0.08839346468448639,0.39217740297317505,0.4810689687728882,-0.07021664083003998,0.38157176971435547,0.511749804019928,-0.0951799750328064,0.4521832764148712,0.4691801369190216,-0.10079407691955566,0.129060298204422,0.5123080611228943,-0.01184783224016428,0.16511580348014832,0.4881826639175415,-0.03510085493326187,0.21452556550502777,0.4672965407371521,-0.05870753899216652,0.5918886065483093,0.5472452044487,-0.11186898499727249,0.29016926884651184,0.398303747177124,-0.014939707703888416,0.23811353743076324,0.39523446559906006,0.011920550838112831,0.20132087171077728,0.3997291922569275,0.033404018729925156,0.28286212682724,0.5332328677177429,-0.0726417750120163,0.2671020030975342,0.5882787704467773,-0.08685486763715744,0.33407238125801086,0.4596703052520752,-0.012075034901499748,0.23257625102996826,0.5397815108299255,-0.07426591962575912,0.39523252844810486,0.4390508532524109,-0.04624445363879204,0.4643654525279999,0.4283105731010437,-0.12214083969593048,0.27764594554901123,0.625974714756012,-0.09365365654230118,0.290134072303772,0.5828734040260315,-0.10099667310714722,0.31696102023124695,0.5622900128364563,-0.09901938587427139,0.34090372920036316,0.5255913138389587,-0.07750334590673447,0.3520919382572174,0.49729251861572266,-0.05493411049246788,0.35859403014183044,0.4754127860069275,-0.03813394159078598,0.3911779820919037,0.4011791944503784,-0.03230753540992737,0.32388827204704285,0.6374147534370422,-0.11517997831106186,0.21856698393821716,0.5538387298583984,-0.0763368159532547,0.5165643095970154,0.3920625150203705,-0.11853659152984619,0.4183126986026764,0.4572443664073944,-0.06906810402870178,0.20236773788928986,0.6999139785766602,0.015150665305554867,0.36264514923095703,0.45602479577064514,-0.024516096338629723,0.44998496770858765,0.48010706901550293,-0.08131931722164154,0.24806563556194305,0.5394573211669922,-0.06559539586305618,0.44970831274986267,0.43252983689308167,-0.11080436408519745,0.3638220429420471,0.7511453628540039,-0.022261489182710648,0.326568603515625,0.45799535512924194,-0.005342299118638039,0.4535234570503235,0.40452811121940613,-0.115489661693573,0.5388935804367065,0.6687326431274414,-0.11549664288759232,0.5611943006515503,0.7003148198127747,-0.09761916846036911,0.30962830781936646,0.6947529911994934,-0.06486110389232635,0.48543769121170044,0.6960502862930298,-0.11018408089876175,0.1827017217874527,0.6209160089492798,-0.031863246113061905,0.6794357299804688,0.5835421681404114,-0.1236359104514122,0.5191224813461304,0.40395987033843994,-0.09246058762073517,0.41866663098335266,0.4805292785167694,-0.07957275211811066,0.22680585086345673,0.5947931408882141,-0.06655971705913544,0.29110631346702576,0.509303629398346,-0.06114302948117256,0.3041357100009918,0.49562394618988037,-0.05337468534708023,0.5311932563781738,0.5335389971733093,-0.10729428380727768,0.36949145793914795,0.6559668779373169,-0.11916066706180573,0.7356820106506348,0.5582022070884705,-0.10969270765781403,0.6610517501831055,0.629559338092804,-0.11105818301439285,0.6185760498046875,0.6624553203582764,-0.10570738464593887,0.2825419008731842,0.35705679655075073,0.0522674135863781,0.7623695135116577,0.519809901714325,-0.08033224195241928,0.31264448165893555,0.4832378029823303,-0.039227601140737534,0.31934720277786255,0.4705464839935303,-0.024002596735954285,0.3243549168109894,0.46210986375808716,-0.011268760077655315,0.20158393681049347,0.5676373243331909,-0.06682340800762177,0.3020573854446411,0.46407613158226013,-0.020960941910743713,0.28470203280448914,0.4753373861312866,-0.03490757569670677,0.27083033323287964,0.48951417207717896,-0.04819188266992569,0.2600628733634949,0.5058948397636414,-0.05850953236222267,0.25580546259880066,0.5177131295204163,-0.06198788434267044,0.1578505039215088,0.6635997295379639,0.008176831528544426,0.2790212035179138,0.5190032720565796,-0.06371084600687027,0.539585292339325,0.413822203874588,-0.07772833853960037,0.5010305643081665,0.4885255694389343,-0.11051739752292633,0.4789394438266754,0.4415576159954071,-0.1010996550321579,0.522747278213501,0.43948665261268616,-0.09774915128946304,0.3752579391002655,0.3873572051525116,0.004347258247435093,0.5907469987869263,0.6418331861495972,-0.1148548498749733,0.6348274350166321,0.6156890988349915,-0.11793942004442215,0.719089150428772,0.5452573895454407,-0.11763883382081985,0.5031775832176208,0.7304915189743042,-0.07724220305681229,0.317979097366333,0.45933830738067627,-0.011441771872341633,0.4147329032421112,0.41366714239120483,-0.061438389122486115,0.748314380645752,0.5064232349395752,-0.08844254165887833,0.7009117603302002,0.5946059226989746,-0.11849164217710495,0.36371415853500366,0.7100363969802856,-0.07792054861783981,0.5876229405403137,0.4992179870605469,-0.0956510454416275,0.5910418033599854,0.5056029558181763,-0.10247297585010529,0.5965912342071533,0.5133938789367676,-0.10947040468454361,0.6021325588226318,0.5202720165252686,-0.11098937690258026,0.6251933574676514,0.5291503667831421,-0.10842861980199814,0.5053914189338684,0.5084477663040161,-0.10575609654188156,0.5006974935531616,0.5114867687225342,-0.11083009093999863,0.49590665102005005,0.5141734480857849,-0.11478856205940247,0.5078893899917603,0.5398999452590942,-0.12058752775192261,0.4027400016784668,0.6138258576393127,-0.13382266461849213,0.3921700417995453,0.41915833950042725,-0.03677906468510628,0.33097314834594727,0.4341927766799927,0.006954951677471399,0.3203049302101135,0.44757089018821716,-0.0022671318147331476,0.5083281993865967,0.5060063004493713,-0.10293988883495331,0.45670002698898315,0.6526488065719604,-0.12426286190748215,0.34819725155830383,0.415623277425766,-0.005026909522712231,0.6368080377578735,0.5498204827308655,-0.11132954806089401,0.44653186202049255,0.3733815550804138,-0.07304447889328003,0.41581788659095764,0.3946716785430908,-0.05688079819083214,0.4241623878479004,0.3791634440422058,-0.04513636231422424,0.43471595644950867,0.43317466974258423,-0.0820908322930336,0.7245404720306396,0.4936847984790802,-0.08969854563474655,0.698777437210083,0.48511871695518494,-0.08097831904888153,0.6737511157989502,0.5171098113059998,-0.10074161738157272,0.5573354959487915,0.5830594301223755,-0.11731201410293579,0.4537695646286011,0.5017935037612915,-0.094098761677742,0.5987370014190674,0.5714598894119263,-0.11460559815168381,0.419039785861969,0.5436191558837891,-0.12345973402261734,0.46211227774620056,0.5251114964485168,-0.11243096739053726,0.44091111421585083,0.5803974866867065,-0.13203942775726318,0.6959730982780457,0.5302231311798096,-0.11602398753166199,0.4345301389694214,0.45582008361816406,-0.0826605036854744,0.5660116672515869,0.6131373643875122,-0.12065473198890686,0.6122311949729919,0.5924723148345947,-0.11737401783466339,0.5150848031044006,0.5860421657562256,-0.1274327039718628,0.41238829493522644,0.6704900860786438,-0.1183968037366867,0.5028533935546875,0.6242499947547913,-0.12842243909835815,0.42148104310035706,0.7138251066207886,-0.09388132393360138,0.4786393642425537,0.5540300607681274,-0.1242213323712349,0.4164271950721741,0.4354906678199768,-0.0650804415345192,0.4782480299472809,0.42381858825683594,-0.1247665137052536,0.47167620062828064,0.44881999492645264,-0.11196164786815643,0.4738450348377228,0.4019778370857239,-0.1285942792892456,0.30630356073379517,0.43601104617118835,-0.00712919095531106,0.27393174171447754,0.45424824953079224,-0.0332157127559185,0.24993860721588135,0.4753115177154541,-0.05685291811823845,0.23338600993156433,0.4983403980731964,-0.07240918278694153,0.22639033198356628,0.5204389691352844,-0.07707877457141876,0.2450391948223114,0.5550607442855835,-0.06839556246995926,0.2607640027999878,0.6766569018363953,-0.05575740709900856,0.2844843864440918,0.5553476214408875,-0.08089740574359894,0.3065895140171051,0.53911954164505,-0.07714948058128357,0.3249451518058777,0.5146832466125488,-0.06489218026399612,0.33746537566185,0.4911264181137085,-0.045726291835308075,0.34440872073173523,0.47266843914985657,-0.025544850155711174,0.3493400514125824,0.4581720232963562,-0.014020143076777458,0.25214844942092896,0.7219526767730713,0.012014543637633324,0.4757373034954071,0.45697635412216187,-0.10308651626110077,0.43508273363113403,0.408051073551178,-0.08582395315170288,0.4915335178375244,0.40063101053237915,-0.12811684608459473,0.5059446096420288,0.40390124917030334,-0.11422755569219589,0.49356216192245483,0.4085732698440552,-0.11987735331058502,0.48395636677742004,0.459838330745697,-0.09224329888820648,0.5107885599136353,0.3982502222061157,-0.11783304065465927,0.5138965249061584,0.4091261327266693,-0.09532354772090912,0.3341090977191925,0.45103585720062256,0.00028831284726038575,0.34891027212142944,0.4432283937931061,-0.0013085170648992062,0.3601592779159546,0.43708208203315735,-0.012295226566493511,0.25462090969085693,0.5254550576210022,-0.06279201805591583,0.23934230208396912,0.5306969881057739,-0.06938629597425461,0.4581133723258972,0.3657470941543579,-0.04957178607583046,0.4514498710632324,0.3505042791366577,0.1883779615163803,0.5302262306213379,0.3881247639656067,-0.07176448404788971,0.41652143001556396,0.3426923155784607,0.3898724913597107,0.4373774528503418,0.37756702303886414,0.11882837116718292,0.4481355547904968,0.3706807792186737,0.13602972030639648,0.456369549036026,0.363351434469223,0.15612445771694183,0.45731765031814575,0.35119420289993286,0.19461095333099365,0.4262457489967346,0.38144993782043457,0.10489016771316528,0.4146413207054138,0.34298694133758545,0.14566384255886078,0.40537020564079285,0.35204237699508667,0.1261581927537918,0.4256041347980499,0.3372814655303955,0.1661011129617691,0.4357663691043854,0.33666306734085083,0.18237663805484772,0.4718868136405945,0.3509678244590759,0.20969705283641815,0.7294782400131226,0.4547618627548218,6.45814070594497e-05,0.4501049518585205,0.3462674021720886,0.2018686980009079,0.48756712675094604,0.36905092000961304,0.3573887348175049,0.46556881070137024,0.3409886956214905,0.2527877688407898,0.5396832227706909,0.36781781911849976,0.06451182812452316,0.5587176084518433,0.3849640488624573,-0.06702692061662674,0.5661407113075256,0.3954753279685974,-0.06535083055496216,0.5772029757499695,0.36735081672668457,-0.03250449523329735,0.5935907363891602,0.36135321855545044,0.0016250896733254194,0.578683614730835,0.38129323720932007,-0.036509156227111816,0.5913257598876953,0.37441286444664,-0.006808385252952576,0.6729372143745422,0.41435927152633667,0.043732065707445145,0.5229114294052124,0.363944947719574,-0.1041502058506012,0.5061847567558289,0.35538846254348755,-0.10175779461860657,0.43235623836517334,0.3198975622653961,0.2185060828924179,0.47091254591941833,0.3773096203804016,0.052703674882650375,0.5367147922515869,0.3633558750152588,-0.01424529030919075,0.5255979299545288,0.3643541634082794,-0.0032978581730276346,0.5628844499588013,0.35434868931770325,0.14434896409511566,0.48152852058410645,0.35867777466773987,-0.07749497890472412,0.4049360454082489,0.32383599877357483,0.14542320370674133,0.41841551661491394,0.31810903549194336,0.18516531586647034,0.38574832677841187,0.3213120102882385,0.34171250462532043,0.38182392716407776,0.3615446984767914,0.05455046147108078,0.400974303483963,0.36259332299232483,0.11581789702177048,0.6553987264633179,0.4003509283065796,0.06854990869760513,0.6602807641029358,0.46107229590415955,0.3263362646102905,0.538814127445221,0.37830230593681335,-0.023503107950091362,0.5354706645011902,0.3904584050178528,-0.04922908917069435,0.6224313974380493,0.3703683912754059,0.05550640448927879,0.6185641288757324,0.3757665157318115,0.04077679663896561,0.40965333580970764,0.31006529927253723,0.20897072553634644,0.5431729555130005,0.3724123239517212,-0.0076436069793999195,0.39236390590667725,0.33713507652282715,0.10104264318943024,0.38099855184555054,0.3286062479019165,0.10623589158058167,0.3193296194076538,0.3124825656414032,0.20380786061286926,0.39548546075820923,0.31212717294692993,0.2656826972961426,0.33902090787887573,0.3148844242095947,0.15442119538784027,0.426131933927536,0.3134115934371948,0.2513255178928375,0.4242553412914276,0.3283364176750183,0.31357306241989136,0.5638846158981323,0.38885438442230225,-0.06766688823699951,0.5794869661331177,0.3736777901649475,-0.03515498340129852,0.5934144854545593,0.366783082485199,-0.005019920878112316,0.5385281443595886,0.38488543033599854,-0.027752729132771492,0.6208937168121338,0.37317192554473877,0.04678969085216522,0.641363263130188,0.382740318775177,0.021994058042764664,0.6162684559822083,0.3779006600379944,0.037767406553030014,0.5316340923309326,0.369894802570343,-0.05092943087220192,0.5877333283424377,0.38108378648757935,-0.008062412030994892,0.5765000581741333,0.38903480768203735,-0.03343760222196579,0.5655791759490967,0.4023676812648773,-0.05924293026328087,0.6915503740310669,0.45677876472473145,-0.0524168498814106,0.6799069046974182,0.43972301483154297,-0.06084015220403671,0.6702515482902527,0.43581342697143555,-0.06002482771873474,0.656387448310852,0.43441736698150635,-0.05241137370467186,0.64357990026474,0.43517249822616577,-0.047499898821115494,0.6413533687591553,0.4035954475402832,0.0003079723392147571,0.6491148471832275,0.3995620012283325,-0.004842438735067844,0.6585777997970581,0.3951522409915924,-0.0073963128961622715,0.6661802530288696,0.3929256200790405,-0.0008884345879778266,0.6064448356628418,0.38299840688705444,0.023058580234646797,0.5667335987091064,0.4364047050476074,0.4180692732334137,0.6320421695709229,0.3920189142227173,0.0233124028891325,0.637283205986023,0.3871176838874817,0.02011101506650448,0.5396801233291626,0.39650046825408936,-0.05448325723409653,0.5493685007095337,0.38522520661354065,-0.007794587407261133,0.5378167033195496,0.3935641050338745,-0.05248557776212692,0.49175044894218445,0.37245187163352966,0.07214419543743134,0.519777238368988,0.3618125915527344,0.09777357429265976,0.5343075394630432,0.3703958988189697,0.006720251869410276,0.35288605093955994,0.3106269836425781,0.276156485080719,0.36697542667388916,0.3084312677383423,0.21297293901443481,0.3937051594257355,0.31475532054901123,0.16235539317131042,0.6834377646446228,0.42495590448379517,0.016674239188432693,0.3654935359954834,0.34775030612945557,0.060810431838035583,0.31343546509742737,0.33129191398620605,0.10140065848827362,0.28772732615470886,0.32593467831611633,0.13543398678302765,0.45989587903022766,0.35690927505493164,0.17747239768505096,0.48871874809265137,0.3504171371459961,0.23177552223205566,0.4180620312690735,0.38281163573265076,0.10254238545894623,0.4458557069301605,0.3346826434135437,0.21674644947052002,0.45187780261039734,0.37818729877471924,0.038536954671144485,0.5258269309997559,0.35863593220710754,-0.040775664150714874,0.5289767384529114,0.35542032122612,0.26916342973709106,0.49866101145744324,0.3569793701171875,0.19880932569503784,0.49814319610595703,0.36566436290740967,0.1550120711326599,0.48091623187065125,0.3776804804801941,0.11666300147771835,0.46157407760620117,0.3851422071456909,0.0924488976597786,0.44601836800575256,0.3887022137641907,0.07195524126291275,0.4147329032421112,0.37676000595092773,0.0038308841176331043,0.5709231495857239,0.3612876534461975,0.24711383879184723,0.44730696082115173,0.32932037115097046,0.24113667011260986,0.5283040404319763,0.3799494504928589,-0.1003844141960144,0.49045881628990173,0.3756645619869232,0.03378070145845413,0.4805296063423157,0.4008018970489502,0.445902019739151,0.4325593113899231,0.38981980085372925,0.06158682331442833,0.5348717570304871,0.37740373611450195,0.026906628161668777,0.45173585414886475,0.34425491094589233,0.21122722327709198,0.5121098160743713,0.36073732376098633,-0.028410062193870544,0.6135509014129639,0.44888007640838623,0.38031211495399475,0.4121357202529907,0.3809266686439514,0.11458195745944977,0.4952780306339264,0.35793906450271606,-0.055116284638643265,0.7056671380996704,0.43631476163864136,0.15582624077796936,0.7209537029266357,0.4660531282424927,0.18759705126285553,0.5753167867660522,0.3930489122867584,0.3314098119735718,0.6859915256500244,0.4302496314048767,0.20898176729679108,0.45219889283180237,0.34940671920776367,0.3440152406692505,0.7528345584869385,0.46576690673828125,0.005918969865888357,0.5288397073745728,0.39404812455177307,-0.08154582232236862,0.512561023235321,0.3742574453353882,0.04772042855620384,0.47049710154533386,0.34058868885040283,0.2885560393333435,0.4477187991142273,0.35967665910720825,0.15996843576431274,0.4401293694972992,0.3665068745613098,0.1424543410539627,0.6448854207992554,0.3793346881866455,0.028954878449440002,0.60965895652771,0.3755715489387512,0.23012684285640717,0.7724524736404419,0.4936571419239044,-0.035624321550130844,0.7551666498184204,0.4737893044948578,0.07268290966749191,0.7408450841903687,0.469899445772171,0.1257977932691574,0.43074020743370056,0.37234586477279663,0.12785620987415314,0.4207054376602173,0.3769548833370209,0.11987091600894928,0.4149307310581207,0.37970516085624695,0.11772420257329941,0.44484391808509827,0.3252354860305786,0.2760425806045532,0.4112796187400818,0.3691509962081909,0.12490740418434143,0.4163312315940857,0.3606153130531311,0.13396640121936798,0.424172967672348,0.3533118963241577,0.1483033001422882,0.4338442087173462,0.3481813669204712,0.16524262726306915,0.4416453242301941,0.34645959734916687,0.17823921144008636,0.44503477215766907,0.36878934502601624,0.4275819659233093,0.45070531964302063,0.35459867119789124,0.17627018690109253,0.5838855504989624,0.3837648034095764,-0.004389808513224125,0.5375590920448303,0.37319236993789673,-0.03031010366976261,0.557030439376831,0.39716047048568726,-0.0544443242251873,0.7248232364654541,0.44587987661361694,0.10452442616224289,0.7371194362640381,0.45702415704727173,0.055341146886348724,0.7593257427215576,0.4806729853153229,-0.047234587371349335,0.6960280537605286,0.4659130573272705,0.2578640282154083,0.4112652540206909,0.37647145986557007,0.11933368444442749,0.45441633462905884,0.37097203731536865,-0.0042728884145617485,0.7676166296005249,0.4798782765865326,0.017759215086698532,0.6176472902297974,0.40770766139030457,0.3017413318157196,0.6463372111320496,0.41807809472084045,-0.02269921451807022,0.6572147607803345,0.4151555001735687,-0.02652614936232567,0.6702104806900024,0.4133754074573517,-0.029862571507692337,0.6810029745101929,0.41481322050094604,-0.02679532952606678,0.6910364627838135,0.43851685523986816,-0.014675544574856758,0.6038788557052612,0.37290558218955994,0.020478693768382072,0.6066046357154846,0.3672001361846924,0.027542682364583015,0.6078089475631714,0.361738920211792,0.03328540176153183,0.6313644051551819,0.38815420866012573,0.05337239429354668,0.6106628179550171,0.37100720405578613,0.16062776744365692,0.43182969093322754,0.37782710790634155,0.02214144356548786,0.39810246229171753,0.3774271011352539,0.08214253932237625,0.403375506401062,0.3754380941390991,0.10769814997911453,0.5999141335487366,0.3775218725204468,0.01837354153394699,0.6591440439224243,0.39854902029037476,0.17596811056137085,0.39542797207832336,0.3804698586463928,0.03950835391879082,0.7060785293579102,0.44888946413993835,-0.0074110315181314945,0.43761923909187317,0.3710988163948059,-0.026160191744565964,0.4919481575489044,0.3688596487045288,-0.006844609975814819,0.7092517018318176,0.46462681889533997,-0.051049087196588516,0.6823016405105591,0.4176245331764221,0.06292072683572769,0.5581247806549072,0.37750154733657837,0.04099194332957268,0.6974618434906006,0.4338812232017517,0.028723135590553284,0.5776519775390625,0.36397016048431396,0.08767274022102356,0.5883548259735107,0.37641045451164246,0.05607204511761665,0.6162924766540527,0.37393563985824585,0.10977635532617569,0.7360007166862488,0.4699881672859192,-0.05022863298654556,0.5066132545471191,0.3723348379135132,0.012500601820647717,0.7017518281936646,0.4260132312774658,0.08652208745479584,0.714958906173706,0.44282031059265137,0.04289291426539421,0.6622073650360107,0.40118658542633057,0.08959615230560303,0.6416258215904236,0.3911705017089844,0.21693511307239532,0.6729390621185303,0.4042800962924957,0.1233832910656929,0.654866099357605,0.42152726650238037,0.26689526438713074,0.6221835017204285,0.3823291063308716,0.0745619386434555,0.4722132086753845,0.3738006353378296,0.01633017510175705,0.5317369699478149,0.3635961711406708,-0.05052366107702255,0.5403296947479248,0.3675001859664917,-0.026890015229582787,0.5157412886619568,0.35523855686187744,-0.06956277042627335,0.39341819286346436,0.363672137260437,0.09678568691015244,0.40018171072006226,0.34632912278175354,0.11962413787841797,0.41130006313323975,0.3348967730998993,0.14367865025997162,0.42359086871147156,0.32857877016067505,0.17151488363742828,0.4350740909576416,0.3287505507469177,0.19626277685165405,0.4578443765640259,0.34317371249198914,0.22661510109901428,0.5321300625801086,0.38046446442604065,0.350395143032074,0.4764650762081146,0.35660624504089355,0.18808136880397797,0.47422653436660767,0.3645167350769043,0.1573830097913742,0.463111013174057,0.37382304668426514,0.12849855422973633,0.44774097204208374,0.3813742995262146,0.10655904561281204,0.43438076972961426,0.3856080174446106,0.08972983062267303,0.4243994951248169,0.3873896300792694,0.07981444895267487,0.52073073387146,0.4229530692100525,0.4421581029891968,0.5430034399032593,0.3751712143421173,-0.01941762864589691,0.47404149174690247,0.3651975691318512,-0.026820922270417213,0.5269670486450195,0.3616188168525696,-0.08063260465860367,0.5293607711791992,0.3793575167655945,-0.08687548339366913,0.52942955493927,0.37003540992736816,-0.07145150750875473,0.5442906618118286,0.38410311937332153,-0.021994367241859436,0.5299644470214844,0.37850356101989746,-0.0954214558005333,0.5308107733726501,0.39101463556289673,-0.0766509547829628,0.4107344150543213,0.3828386664390564,0.10024011880159378,0.4123018980026245,0.3866783082485199,0.07230124622583389,0.41626107692718506,0.3878551125526428,0.04827641695737839,0.44674617052078247,0.346099853515625,0.18924450874328613,0.44415873289108276,0.33835917711257935,0.19916850328445435,0.2774333357810974,0.5013250708580017,-0.04258167743682861,0.2920457124710083,0.48390448093414307,-0.04258167743682861,0.259773850440979,0.4957209825515747,-0.04258167743682861,0.26250773668289185,0.5189186334609985,-0.04258167743682861,0.294602632522583,0.5070406198501587,-0.04258167743682861,0.42864906787872314,0.3562215566635132,0.15051312744617462,0.4394496977329254,0.34832072257995605,0.15051312744617462,0.41413062810897827,0.3478580713272095,0.15051312744617462,0.41776397824287415,0.3641553819179535,0.15051312744617462,0.44277137517929077,0.3644033968448639,0.15051312744617462,0,0,0,0,0,1,1,0,0,0,0,0,0.1050674095749855,0.07146523892879486,0.12659385800361633,0.06515167653560638,0.02961205318570137,0.06138947233557701,0.10926548391580582,0.06014174968004227,0.07534095644950867,0.0937412679195404,0.8790891766548157,0.2142176628112793,Neutral,-16.415233612060547,-3.7487802505493164
134,4.466666666666667,28.41545694485829,-12.40716443310304,0.9506307134959674,0.5257045030593872,0.4467049241065979,-0.07778723537921906,0.46421509981155396,0.38360071182250977,-0.11511246114969254,0.4877088665962219,0.4200023412704468,-0.06922948360443115,0.3876255452632904,0.405134916305542,-0.09262914955615997,0.4419999122619629,0.3773579001426697,-0.11851050704717636,0.4148951768875122,0.3817472457885742,-0.10525868833065033,0.3409421443939209,0.40310046076774597,-0.03742065653204918,0.26583996415138245,0.5731037259101868,-0.0809606984257698,0.29436391592025757,0.40179282426834106,-0.012847757898271084,0.2676933705806732,0.3940688967704773,-0.009891190566122532,0.16624747216701508,0.38691988587379456,0.03592853993177414,0.532045304775238,0.44702622294425964,-0.07632732391357422,0.5380380749702454,0.44769537448883057,-0.07069890201091766,0.5411339998245239,0.4482755661010742,-0.06155422329902649,0.6408876776695251,0.45241057872772217,-0.05307783558964729,0.6514918804168701,0.45337146520614624,-0.05640886723995209,0.6617289781570435,0.4546079933643341,-0.06179274618625641,0.6709864139556885,0.4554283618927002,-0.05937762185931206,0.6596963405609131,0.46417519450187683,-0.04338803142309189,0.47738975286483765,0.39585453271865845,-0.10665006190538406,0.47062376141548157,0.42482107877731323,-0.0926201194524765,0.14997665584087372,0.6768842935562134,-0.03993740305304527,0.31298601627349854,0.5088926553726196,-0.058291129767894745,0.3077482581138611,0.5300526022911072,-0.0741284042596817,0.29895561933517456,0.5519537925720215,-0.08452930301427841,0.26863911747932434,0.5839695334434509,-0.08844286948442459,0.314056396484375,0.4917672276496887,-0.03879052400588989,0.23115204274654388,0.5330166816711426,-0.07669945806264877,0.24427711963653564,0.5094914436340332,-0.05451387166976929,0.22516480088233948,0.55699622631073,-0.088356614112854,0.22782345116138458,0.574675977230072,-0.09156728535890579,0.2787560820579529,0.6025643348693848,-0.09240783751010895,0.6686153411865234,0.5529413223266602,-0.08426691591739655,0.2531660795211792,0.5825695991516113,-0.0803874209523201,0.24897196888923645,0.6971132755279541,-0.057377446442842484,0.2484537959098816,0.628574013710022,-0.08851952105760574,0.4136162996292114,0.5227230787277222,-0.09846729040145874,0.5102386474609375,0.47129130363464355,-0.09501796215772629,0.5281439423561096,0.46942800283432007,-0.08667115867137909,0.5063416957855225,0.49714401364326477,-0.10534922033548355,0.5100550055503845,0.5126937627792358,-0.10527480393648148,0.5225299596786499,0.48921889066696167,-0.09572862088680267,0.5220199823379517,0.5029314160346985,-0.09265930205583572,0.5855264067649841,0.5555305480957031,-0.09205413609743118,0.45857706665992737,0.3984633684158325,-0.12453872710466385,0.4366317391395569,0.39474910497665405,-0.1295083612203598,0.1945679485797882,0.6037164926528931,-0.11037131398916245,0.3682057559490204,0.4780697226524353,-0.06280713528394699,0.44151055812835693,0.4692731499671936,-0.11204027384519577,0.42769137024879456,0.4738858640193939,-0.10547833889722824,0.38995859026908875,0.5891667604446411,-0.1291002333164215,0.41128501296043396,0.3984750807285309,-0.11630667746067047,0.195821613073349,0.5424361228942871,-0.09532725065946579,0.18882028758525848,0.5767350792884827,-0.10823419690132141,0.12084323167800903,0.624542236328125,-0.05181156471371651,0.2596195936203003,0.4483031630516052,-0.04132181033492088,0.2629758417606354,0.4908677935600281,-0.034081585705280304,0.554115891456604,0.5646755695343018,-0.10226728022098541,0.5030757188796997,0.7582966089248657,-0.03040972910821438,0.45972228050231934,0.4602826237678528,-0.09277062118053436,0.47051918506622314,0.4478413462638855,-0.07964317500591278,0.5329244136810303,0.5267255902290344,-0.09120093286037445,0.5366683006286621,0.5204479098320007,-0.08628544956445694,0.16671516001224518,0.5885375738143921,-0.1034298688173294,0.4517832100391388,0.4801517128944397,-0.1018776074051857,0.21717241406440735,0.5003427863121033,-0.07186412811279297,0.19684560596942902,0.5012462735176086,-0.07469106465578079,0.1169767677783966,0.4968452751636505,-0.043222371488809586,0.14764198660850525,0.5877339243888855,-0.08045746386051178,0.1579643189907074,0.47885507345199585,-0.05820123851299286,0.1754060685634613,0.6186221837997437,-0.10140185058116913,0.169104665517807,0.6353855729103088,-0.07020294666290283,0.5200886726379395,0.4708690941333771,-0.09373550862073898,0.5148036479949951,0.49366095662117004,-0.10188315063714981,0.516074001789093,0.5082811117172241,-0.10027053952217102,0.46580180525779724,0.4598844647407532,-0.08348297327756882,0.535060465335846,0.5235590934753418,-0.08773428201675415,0.5585727691650391,0.5213295221328735,-0.08792294561862946,0.5376648306846619,0.5178136825561523,-0.08516009896993637,0.45344215631484985,0.43519720435142517,-0.11691766232252121,0.5248667001724243,0.49883490800857544,-0.08701138943433762,0.526402473449707,0.48520249128341675,-0.08575639128684998,0.5327404737472534,0.4677662253379822,-0.07853419333696365,0.650395929813385,0.4913347363471985,-0.061718132346868515,0.6510365009307861,0.4868156611919403,-0.07849861681461334,0.6430989503860474,0.4835870563983917,-0.08086281269788742,0.6337442398071289,0.47912904620170593,-0.07500533759593964,0.6252436637878418,0.4751933515071869,-0.07057178020477295,0.5829896330833435,0.5034623146057129,-0.08087356388568878,0.5836414694786072,0.5089393854141235,-0.08409753441810608,0.5845950245857239,0.5156084895133972,-0.08913625776767731,0.5861166715621948,0.5210539102554321,-0.09034731239080429,0.5100569128990173,0.5212465524673462,-0.10599946975708008,0.3646976947784424,0.769158661365509,-0.001879738993011415,0.48276281356811523,0.4085083305835724,-0.08170368522405624,0.562515139579773,0.5111066699028015,-0.08243909478187561,0.5605685710906982,0.5161221623420715,-0.08528055995702744,0.48155519366264343,0.44428521394729614,-0.08237365633249283,0.4683322310447693,0.4828668534755707,-0.08003649860620499,0.4764554500579834,0.4457547664642334,-0.08114643394947052,0.3741845190525055,0.5013227462768555,-0.07698393613100052,0.3784138262271881,0.5328311920166016,-0.10041771829128265,0.43714770674705505,0.4848102927207947,-0.0974738746881485,0.10866683721542358,0.5644162893295288,-0.05531966686248779,0.1427832394838333,0.5361941456794739,-0.075393907725811,0.1734626293182373,0.5485180616378784,-0.09306412935256958,0.6077327728271484,0.539938747882843,-0.08888658881187439,0.22652103006839752,0.4497263431549072,-0.04704001918435097,0.1799473762512207,0.4325410723686218,-0.02954060211777687,0.13708612322807312,0.4400129020214081,-0.010868879035115242,0.28497493267059326,0.5722824931144714,-0.08897832781076431,0.28680044412612915,0.6278308033943176,-0.10081150382757187,0.31247270107269287,0.4808610677719116,-0.027732359245419502,0.22885246574878693,0.5999708771705627,-0.09722959250211716,0.3584740161895752,0.459150493144989,-0.05737621337175369,0.43530330061912537,0.444844126701355,-0.12107165157794952,0.3080529272556305,0.660365104675293,-0.10497335344552994,0.31277576088905334,0.6114030480384827,-0.11198864877223969,0.33585384488105774,0.580807089805603,-0.108517587184906,0.3485061526298523,0.5374556183815002,-0.0870838612318039,0.350012868642807,0.5063598155975342,-0.06524655967950821,0.34832867980003357,0.4834417402744293,-0.0501035675406456,0.3389062285423279,0.42153850197792053,-0.048506446182727814,0.36346322298049927,0.6637899875640869,-0.11881882697343826,0.21796149015426636,0.6182070374488831,-0.10077270865440369,0.47325998544692993,0.4039071798324585,-0.1144162192940712,0.3929188847541809,0.47552111744880676,-0.07336930930614471,0.24668222665786743,0.7453050017356873,-0.0014726102817803621,0.3439983129501343,0.46491482853889465,-0.038180749863386154,0.4381847381591797,0.49517521262168884,-0.07726754993200302,0.24867837131023407,0.5920897126197815,-0.08494501560926437,0.42006632685661316,0.45025312900543213,-0.11159650981426239,0.4308988153934479,0.7707118988037109,-0.012746470049023628,0.30314067006111145,0.48294705152511597,-0.022013772279024124,0.4126431345939636,0.4219808578491211,-0.11840979754924774,0.5886942148208618,0.6643754839897156,-0.08791644871234894,0.6154135465621948,0.69298255443573,-0.066633440554142,0.36229968070983887,0.722518265247345,-0.06622368842363358,0.5426604747772217,0.696381688117981,-0.0866365134716034,0.2034039944410324,0.6681647896766663,-0.05860200524330139,0.695673942565918,0.5673960447311401,-0.08361838012933731,0.47882288694381714,0.41531071066856384,-0.08583830296993256,0.40368038415908813,0.49843817949295044,-0.08087366819381714,0.2428240329027176,0.6502237319946289,-0.08525338023900986,0.28543514013290405,0.5481613278388977,-0.07758592069149017,0.294070303440094,0.5288814306259155,-0.06936322152614594,0.5568447113037109,0.5263432264328003,-0.08986981213092804,0.41703739762306213,0.6738219261169434,-0.11373403668403625,0.7376316785812378,0.539133608341217,-0.06576555222272873,0.6917561292648315,0.6154903769493103,-0.07361909747123718,0.6610584855079651,0.6511914134025574,-0.07158570736646652,0.2073258012533188,0.3881775140762329,0.011665786616504192,0.7494006156921387,0.4990720748901367,-0.03551476076245308,0.29831141233444214,0.5119590759277344,-0.05519736558198929,0.3006000518798828,0.4967818558216095,-0.04031204804778099,0.3025112748146057,0.4872644543647766,-0.027995048090815544,0.20335251092910767,0.6364699602127075,-0.09197516739368439,0.2790564298629761,0.499133437871933,-0.03962385281920433,0.2642560601234436,0.5163642168045044,-0.05447092279791832,0.25516387820243835,0.534165620803833,-0.06804699450731277,0.2503824830055237,0.5535178780555725,-0.07850994914770126,0.250510573387146,0.5670115351676941,-0.08154511451721191,0.18947915732860565,0.7147471904754639,-0.017753155902028084,0.27584928274154663,0.5623205304145813,-0.08074001967906952,0.5063674449920654,0.4226006269454956,-0.06720731407403946,0.49915239214897156,0.49742770195007324,-0.09989790618419647,0.4555041193962097,0.4548097252845764,-0.09750308841466904,0.501153826713562,0.44899827241897583,-0.08722628653049469,0.3159998655319214,0.40776327252388,-0.01646396890282631,0.6315417289733887,0.6337983012199402,-0.08309462666511536,0.6647748351097107,0.6032999753952026,-0.08170419931411743,0.719791054725647,0.5261238813400269,-0.07472234964370728,0.5656818151473999,0.7290217280387878,-0.05138769373297691,0.29457294940948486,0.48796871304512024,-0.029374361038208008,0.37121811509132385,0.4327208995819092,-0.07159492373466492,0.732196033000946,0.4850617051124573,-0.04467135667800903,0.7178664207458496,0.577836811542511,-0.07759128510951996,0.42324620485305786,0.7281444072723389,-0.07004545629024506,0.6053211688995361,0.49158138036727905,-0.07838428765535355,0.609324038028717,0.4970545172691345,-0.08290247619152069,0.6148009300231934,0.5035651326179504,-0.0886116474866867,0.6214404106140137,0.5086774826049805,-0.08872749656438828,0.6304243803024292,0.5189253687858582,-0.08230562508106232,0.5263926982879639,0.5134770274162292,-0.09081464260816574,0.5222941040992737,0.5184115767478943,-0.09636539220809937,0.5172443389892578,0.5226231813430786,-0.1005488783121109,0.5291367173194885,0.5441811084747314,-0.10795754939317703,0.43936285376548767,0.6277697682380676,-0.12668393552303314,0.3472130596637726,0.4395821690559387,-0.05061105266213417,0.2951260805130005,0.45949795842170715,-0.012600050307810307,0.2903590500354767,0.4758514165878296,-0.02161511220037937,0.5279676914215088,0.5094744563102722,-0.08667737990617752,0.5047734975814819,0.6578901410102844,-0.1070830225944519,0.3066299557685852,0.435383141040802,-0.024787534028291702,0.6473584175109863,0.5379015803337097,-0.08023174107074738,0.3903408646583557,0.38953709602355957,-0.08144903928041458,0.36466339230537415,0.4135019779205322,-0.06952173262834549,0.366716206073761,0.39638552069664,-0.057969916611909866,0.4021769165992737,0.451005220413208,-0.08630198240280151,0.7060788869857788,0.47561925649642944,-0.050578098744153976,0.6793680191040039,0.47037073969841003,-0.04598142206668854,0.6690906286239624,0.5031831860542297,-0.06646484136581421,0.5872066617012024,0.5808165073394775,-0.09475305676460266,0.45112860202789307,0.5160939693450928,-0.0886196717619896,0.6208963394165039,0.5637771487236023,-0.08748997002840042,0.4321329891681671,0.5587447881698608,-0.11857210099697113,0.47058600187301636,0.5366098880767822,-0.10489394515752792,0.4684644341468811,0.5912495255470276,-0.12163855880498886,0.6940825581550598,0.5138919949531555,-0.07773987203836441,0.41120320558547974,0.4733089506626129,-0.08402137458324432,0.6017093658447266,0.6093365550041199,-0.09390604496002197,0.6377767324447632,0.5832408666610718,-0.08547478169202805,0.5484495162963867,0.5885689854621887,-0.10888875275850296,0.4647274613380432,0.6811571717262268,-0.10550308227539062,0.5441414713859558,0.6260408759117126,-0.10877472162246704,0.48307985067367554,0.722711980342865,-0.07729195058345795,0.501250147819519,0.5615333914756775,-0.11301969736814499,0.38172629475593567,0.45431143045425415,-0.07234416157007217,0.4479743242263794,0.438717246055603,-0.12293099611997604,0.45136910676956177,0.4629751741886139,-0.10777600854635239,0.4345443546772003,0.4184761941432953,-0.1291496306657791,0.2654884159564972,0.47300389409065247,-0.03003346547484398,0.23468293249607086,0.5052980780601501,-0.058733437210321426,0.21803584694862366,0.5359407067298889,-0.08310508728027344,0.2114229053258896,0.5640749335289001,-0.0985645055770874,0.2143581360578537,0.5860143303871155,-0.10274697095155716,0.2499009370803833,0.607446014881134,-0.08807101845741272,0.3040534555912018,0.712719202041626,-0.06573674082756042,0.29563552141189575,0.5897406935691833,-0.09513099491596222,0.31434401869773865,0.5651072263717651,-0.09065499901771545,0.325568825006485,0.5348618030548096,-0.0777164101600647,0.3299916088581085,0.507418692111969,-0.058078963309526443,0.33031314611434937,0.48700299859046936,-0.039379339665174484,0.32931533455848694,0.47219815850257874,-0.02828814461827278,0.3049125075340271,0.7605129480361938,0.0036285293754190207,0.4581637382507324,0.47010767459869385,-0.09789225459098816,0.3923315107822418,0.4259961247444153,-0.09230738878250122,0.4520074427127838,0.41541916131973267,-0.12628629803657532,0.4662279784679413,0.41693586111068726,-0.11029607057571411,0.4562799036502838,0.42254090309143066,-0.11732176691293716,0.4668825566768646,0.47137826681137085,-0.08592996001243591,0.4694328308105469,0.410892516374588,-0.11373663693666458,0.475578635931015,0.42105036973953247,-0.08917165547609329,0.30816540122032166,0.47332054376602173,-0.016140449792146683,0.3212829530239105,0.459550678730011,-0.017526870593428612,0.3315800726413727,0.44968336820602417,-0.02832135185599327,0.2518431544303894,0.5756653547286987,-0.08207795768976212,0.2346150279045105,0.5879931449890137,-0.0901862159371376,0.3983938694000244,0.3799275755882263,-0.05715442821383476,0.3959510624408722,0.36376726627349854,0.17402119934558868,0.483124315738678,0.396856427192688,-0.06587618589401245,0.31232285499572754,0.3624703884124756,0.36258673667907715,0.39584022760391235,0.3868821859359741,0.10644395649433136,0.4022199213504791,0.38000887632369995,0.12374459952116013,0.4055590331554413,0.3729484975337982,0.1436159908771515,0.4010971784591675,0.3665276765823364,0.18128898739814758,0.3875430226325989,0.39078474044799805,0.09117761999368668,0.3560759127140045,0.3623383641242981,0.12728548049926758,0.35287177562713623,0.37110400199890137,0.10670949518680573,0.3622586131095886,0.35629746317863464,0.14799895882606506,0.3711751699447632,0.3547372817993164,0.16489626467227936,0.4111580550670624,0.36551928520202637,0.1978466659784317,0.6959459781646729,0.43569090962409973,0.03543033450841904,0.3931686282157898,0.3617360591888428,0.1864771544933319,0.3983912169933319,0.37210679054260254,0.34409716725349426,0.3991730213165283,0.36108866333961487,0.2384052723646164,0.4759044051170349,0.3730246126651764,0.06755956262350082,0.5313210487365723,0.42324697971343994,-0.052978772670030594,0.5450690984725952,0.42802977561950684,-0.047917310148477554,0.5453095436096191,0.40286609530448914,-0.017969287931919098,0.5598146915435791,0.39037585258483887,0.015195817686617374,0.5534288287162781,0.4122425615787506,-0.02000337652862072,0.5632546544075012,0.40078267455101013,0.008482084609568119,0.6362209320068359,0.4056297540664673,0.06255350261926651,0.46886110305786133,0.37457019090652466,-0.10165244340896606,0.4485059380531311,0.3669269382953644,-0.10230031609535217,0.3526538610458374,0.34160351753234863,0.1951478272676468,0.40692833065986633,0.387709379196167,0.045501627027988434,0.47939348220825195,0.369773805141449,-0.010239620693027973,0.46699029207229614,0.3714134097099304,-0.0006090928218327463,0.4891003966331482,0.35654401779174805,0.14632967114448547,0.4224543869495392,0.3717705011367798,-0.08153233677148819,0.3266248106956482,0.3462662696838379,0.11728739738464355,0.3381394147872925,0.3409145474433899,0.15825073421001434,0.2773526906967163,0.3436596691608429,0.3079471290111542,0.32025378942489624,0.3772009611129761,0.028764238581061363,0.35418254137039185,0.3804219961166382,0.09721392393112183,0.6157870292663574,0.3945654332637787,0.08504274487495422,0.6091925501823425,0.4469834268093109,0.3500000834465027,0.48798590898513794,0.3853580355644226,-0.017468418926000595,0.48908352851867676,0.39802390336990356,-0.04227380454540253,0.5937066674232483,0.3794877529144287,0.07043375819921494,0.5922025442123413,0.38590243458747864,0.055088382214307785,0.3254368305206299,0.3364896774291992,0.17979691922664642,0.48951447010040283,0.3782239556312561,-0.001863122801296413,0.3191467225551605,0.3571142554283142,0.07346328347921371,0.3024073839187622,0.3519018888473511,0.0755116194486618,0.2155769318342209,0.33768343925476074,0.16239593923091888,0.28976985812187195,0.3323609232902527,0.23268736898899078,0.24339832365512848,0.3399229049682617,0.11543336510658264,0.34303849935531616,0.3391515910625458,0.2262134701013565,0.32010671496391296,0.34461328387260437,0.2857528030872345,0.5394411683082581,0.4250798225402832,-0.05218164622783661,0.5504074692726135,0.4072638750076294,-0.019740644842386246,0.562077522277832,0.3948574662208557,0.009337873198091984,0.49022430181503296,0.3920946717262268,-0.021818140521645546,0.5932692289352417,0.3826371431350708,0.06127622723579407,0.6151272654533386,0.3850511312484741,0.03753015771508217,0.5912824869155884,0.38817691802978516,0.052175428718328476,0.47735708951950073,0.3778674006462097,-0.047686029225587845,0.5628256797790527,0.4055641293525696,0.008898172527551651,0.5542463064193726,0.4167216420173645,-0.014477668330073357,0.5476652383804321,0.4310857653617859,-0.03876972571015358,0.6634519100189209,0.44413861632347107,-0.0232025645673275,0.6765155792236328,0.42632102966308594,-0.03645443171262741,0.6676248908042908,0.4270578920841217,-0.0374004989862442,0.656278133392334,0.4289236068725586,-0.031489841639995575,0.6454584002494812,0.43163323402404785,-0.02945459634065628,0.6261597871780396,0.403927743434906,0.015451708808541298,0.630668044090271,0.3987700939178467,0.01202284824103117,0.6368614435195923,0.39241331815719604,0.010617990046739578,0.6423012018203735,0.38746458292007446,0.017588268965482712,0.5592169165611267,0.3848753273487091,0.033737700432538986,0.5012103319168091,0.4310954213142395,0.4231501519680023,0.6106575727462769,0.39575743675231934,0.037464652210474014,0.6131929755210876,0.3902665674686432,0.03523420915007591,0.4958357810974121,0.4044138193130493,-0.045424047857522964,0.5011408925056458,0.3913235664367676,-4.367584188003093e-05,0.49258196353912354,0.4012141227722168,-0.04472390562295914,0.4257945120334625,0.381339967250824,0.06766950339078903,0.45028573274612427,0.36829888820648193,0.09551233798265457,0.4779375195503235,0.3763875961303711,0.011131897568702698,0.24502667784690857,0.33447736501693726,0.23760448396205902,0.26459595561027527,0.33123090863227844,0.17673034965991974,0.31060266494750977,0.3410290777683258,0.13144376873970032,0.646094799041748,0.4145127534866333,0.03819096460938454,0.2952611446380615,0.36808574199676514,0.029749205335974693,0.2261163741350174,0.35877513885498047,0.06117719039320946,0.1910565048456192,0.35415104031562805,0.09263668209314346,0.4057758152484894,0.3687610626220703,0.16487635672092438,0.4238070845603943,0.36554789543151855,0.22240929305553436,0.380962610244751,0.3930068612098694,0.08819171041250229,0.37768304347991943,0.3541756272315979,0.19817590713500977,0.3882804811000824,0.3900817632675171,0.028972236439585686,0.46708574891090393,0.3663555085659027,-0.03876752778887749,0.44295310974121094,0.35447388887405396,0.26257166266441345,0.43583205342292786,0.36508581042289734,0.19195279479026794,0.4388362169265747,0.3683611750602722,0.14907969534397125,0.4289800524711609,0.37874269485473633,0.10990966856479645,0.4158313274383545,0.387679785490036,0.08453398942947388,0.40310990810394287,0.3925030827522278,0.06205923855304718,0.35184967517852783,0.3930880129337311,-0.011730991303920746,0.49146130681037903,0.3581641912460327,0.24824735522270203,0.3738538324832916,0.35083574056625366,0.22189506888389587,0.47970300912857056,0.38949519395828247,-0.09607652574777603,0.4295082688331604,0.3855220079421997,0.031108779832720757,0.39872148633003235,0.4080190062522888,0.43428680300712585,0.3905480206012726,0.3950028419494629,0.04929857328534126,0.4798019230365753,0.3835687041282654,0.03171323612332344,0.39246833324432373,0.3619237542152405,0.19553625583648682,0.4522528648376465,0.3694555163383484,-0.02790411189198494,0.5547713041305542,0.43918126821517944,0.3943079710006714,0.3764200210571289,0.3922269344329834,0.0989103689789772,0.43481069803237915,0.3685278296470642,-0.057287950068712234,0.6596822738647461,0.4159148931503296,0.18547271192073822,0.6818485260009766,0.4461612403392792,0.22054505348205566,0.4998917877674103,0.38468825817108154,0.33536556363105774,0.6328722834587097,0.4117017090320587,0.23576828837394714,0.3548484444618225,0.35979336500167847,0.323093056678772,0.7207880020141602,0.44243937730789185,0.04646754637360573,0.4842890501022339,0.4037221670150757,-0.07472360879182816,0.45152443647384644,0.38189250230789185,0.048123933374881744,0.40209317207336426,0.3640589416027069,0.27483928203582764,0.3972140848636627,0.3699514865875244,0.1465638130903244,0.3940698504447937,0.3762359023094177,0.1289631873369217,0.6172971725463867,0.3804769515991211,0.0451960526406765,0.536668062210083,0.3696025311946869,0.2398173063993454,0.750200629234314,0.4711245894432068,0.008520705625414848,0.7252036333084106,0.45100855827331543,0.11111544817686081,0.7076244950294495,0.4477715492248535,0.16117875277996063,0.38858315348625183,0.38230040669441223,0.11404415965080261,0.382076233625412,0.38711678981781006,0.10524862259626389,0.37855973839759827,0.3905070424079895,0.10231543332338333,0.3685832917690277,0.35099661350250244,0.25612354278564453,0.37221238017082214,0.38297033309936523,0.10811508446931839,0.3729776442050934,0.3757282793521881,0.11707296222448349,0.3756178617477417,0.36896777153015137,0.13155613839626312,0.3806815445423126,0.36332374811172485,0.14888770878314972,0.38609617948532104,0.3614519238471985,0.16230721771717072,0.3501484990119934,0.3835638165473938,0.40747177600860596,0.3970603942871094,0.3660564124584198,0.16248393058776855,0.5372597575187683,0.3880354166030884,0.006162308156490326,0.48462191224098206,0.3804177939891815,-0.025975164026021957,0.5171995162963867,0.4043210744857788,-0.04375617951154709,0.6850999593734741,0.4230908751487732,0.13776354491710663,0.7020621299743652,0.4342498481273651,0.09245963394641876,0.7336331605911255,0.4574486315250397,-0.004047697875648737,0.6514495611190796,0.44834446907043457,0.2878461182117462,0.37424060702323914,0.38867199420928955,0.10302519053220749,0.3923931419849396,0.3839035630226135,-0.013444662094116211,0.7403333187103271,0.45697107911109924,0.05924301594495773,0.5492716431617737,0.39547646045684814,0.3147124946117401,0.6398241519927979,0.41586580872535706,-0.006065081804990768,0.6477383375167847,0.4107881784439087,-0.0077904644422233105,0.6572245359420776,0.40616753697395325,-0.009902986697852612,0.6663172245025635,0.40290337800979614,-0.006007831078022718,0.6561971306800842,0.42676424980163574,0.009896269999444485,0.5758104920387268,0.3916242718696594,0.03471071273088455,0.5760908722877502,0.38632678985595703,0.041191693395376205,0.5750640630722046,0.3817827105522156,0.04657036066055298,0.5871194005012512,0.3868791460990906,0.06546753644943237,0.5413036942481995,0.3681638836860657,0.17107369005680084,0.3685077726840973,0.3920353055000305,0.009713436476886272,0.3546909987926483,0.39237645268440247,0.06392503529787064,0.36246588826179504,0.3901938796043396,0.0896206796169281,0.5744627714157104,0.39555004239082336,0.03363575413823128,0.5989254117012024,0.387528657913208,0.1956927478313446,0.3479713797569275,0.39340871572494507,0.020321739837527275,0.6731125116348267,0.43398746848106384,0.02288280613720417,0.37635377049446106,0.3861754536628723,-0.038252416998147964,0.43205341696739197,0.3787745535373688,-0.009600205346941948,0.6816815137863159,0.4493696689605713,-0.01686226949095726,0.6423287987709045,0.4047585129737854,0.0847090482711792,0.5026000738143921,0.3812447786331177,0.04732916131615639,0.6611771583557129,0.41946011781692505,0.05496271327137947,0.511497974395752,0.3658583164215088,0.09459283947944641,0.5320553779602051,0.37738460302352905,0.0643593966960907,0.5534680485725403,0.37142157554626465,0.12161007523536682,0.7085675001144409,0.45034512877464294,-0.01186661422252655,0.4476814866065979,0.38099294900894165,0.012564238160848618,0.6593437194824219,0.4082363545894623,0.11353525519371033,0.6780713796615601,0.4244089722633362,0.07496361434459686,0.6167727112770081,0.3919072151184082,0.107972152531147,0.5746954679489136,0.3814064562320709,0.23338420689105988,0.6207506656646729,0.39204367995262146,0.14409595727920532,0.5939044952392578,0.40548965334892273,0.2881399095058441,0.5700558423995972,0.38017016649246216,0.08634040504693985,0.41064369678497314,0.3849638104438782,0.010436680167913437,0.47537556290626526,0.3714074492454529,-0.04796811565756798,0.4853481650352478,0.37404370307922363,-0.02197365090250969,0.45668697357177734,0.36485642194747925,-0.06909140199422836,0.3414393663406372,0.38100582361221313,0.0754835307598114,0.33965691924095154,0.3663511872291565,0.09625658392906189,0.34378859400749207,0.3557722568511963,0.12033181637525558,0.35136878490448,0.34905368089675903,0.14912782609462738,0.3629317581653595,0.34861770272254944,0.17482012510299683,0.39567121863365173,0.3619627356529236,0.21129657328128815,0.4494219422340393,0.37674450874328613,0.3455717861652374,0.4184565842151642,0.36688029766082764,0.17784050107002258,0.419661283493042,0.37126585841178894,0.14731863141059875,0.4142906665802002,0.3796478509902954,0.11841876059770584,0.4046725928783417,0.3881126642227173,0.09637471288442612,0.3945820927619934,0.3929261267185211,0.0777154415845871,0.38576990365982056,0.39552590250968933,0.06693651527166367,0.44855228066444397,0.42348021268844604,0.43887007236480713,0.49099794030189514,0.3813595473766327,-0.01356137078255415,0.41313961148262024,0.37713244557380676,-0.032140590250492096,0.4708355963230133,0.37065935134887695,-0.07844509929418564,0.479211688041687,0.3879448473453522,-0.08267074823379517,0.47551247477531433,0.378412127494812,-0.06846985220909119,0.49574601650238037,0.39072108268737793,-0.015087371692061424,0.4801945388317108,0.3874695897102356,-0.09112351387739182,0.48485100269317627,0.4000442922115326,-0.07026500999927521,0.3737591803073883,0.3943905830383301,0.08468014746904373,0.3733673691749573,0.3972606658935547,0.05714833363890648,0.3738151490688324,0.39613932371139526,0.03330804780125618,0.38975462317466736,0.36114710569381714,0.17355236411094666,0.38057592511177063,0.3564057946205139,0.1824512779712677,0.26340582966804504,0.5415517091751099,-0.060512788593769073,0.2723624110221863,0.5189370512962341,-0.060512788593769073,0.24351024627685547,0.5383590459823608,-0.060512788593769073,0.2542661726474762,0.5639881491661072,-0.060512788593769073,0.28293272852897644,0.5449111461639404,-0.060512788593769073,0.35596635937690735,0.37274664640426636,0.13522152602672577,0.36065414547920227,0.36507880687713623,0.13522152602672577,0.3394777774810791,0.369121253490448,0.13522152602672577,0.3509884774684906,0.3806875944137573,0.13522152602672577,0.37210965156555176,0.376420795917511,0.13522152602672577,0,0,0,0,0,1,1,0,0,0,0,0,0.1324077695608139,0.09487591683864594,0.1141958087682724,0.10788583010435104,0.02981027588248253,0.07423530519008636,0.21525385975837708,0.09647496789693832,0.1179334968328476,0.16400736570358276,1.3048713207244873,0.5311578512191772,Neutral,0.10217779874801636,-24.547496795654297
136,4.533333333333333,29.758773187898523,-7.628992159252925,0.6410890753456369,0.5495091676712036,0.4247712790966034,-0.08455882966518402,0.5076082944869995,0.37112897634506226,-0.11287127435207367,0.5184540748596191,0.41023188829421997,-0.07307118922472,0.42928075790405273,0.38321346044540405,-0.08276093751192093,0.4888800382614136,0.3623490333557129,-0.11406310647726059,0.4625340402126312,0.36375129222869873,-0.09833555668592453,0.3894539475440979,0.3771333694458008,-0.023377859964966774,0.25889843702316284,0.523088276386261,-0.0600355863571167,0.34236815571784973,0.3698458671569824,0.0083096232265234,0.3190433084964752,0.35941892862319946,0.015751512721180916,0.2369765341281891,0.34041494131088257,0.06704797595739365,0.5524373650550842,0.4263746738433838,-0.08425001055002213,0.553356409072876,0.4296841621398926,-0.08020619302988052,0.5513802170753479,0.43328869342803955,-0.07398815453052521,0.631994366645813,0.4726629853248596,-0.06726597249507904,0.6419174671173096,0.47550874948501587,-0.07337940484285355,0.6506990194320679,0.47917240858078003,-0.08031760156154633,0.655809760093689,0.4840357005596161,-0.0804256871342659,0.6609596014022827,0.4787520468235016,-0.06971853971481323,0.5165760517120361,0.38504135608673096,-0.10582932829856873,0.4997183382511139,0.41266143321990967,-0.09300827980041504,0.12051434814929962,0.6024444103240967,-0.006045830436050892,0.318185031414032,0.48084530234336853,-0.04186462238430977,0.3058931529521942,0.4976232945919037,-0.05664103478193283,0.29069817066192627,0.5143019556999207,-0.06564367562532425,0.2581463158130646,0.5346836447715759,-0.0675467997789383,0.3253214359283447,0.46573784947395325,-0.023090826347470284,0.24739351868629456,0.47568655014038086,-0.05370698496699333,0.26707810163497925,0.4588955044746399,-0.03290606290102005,0.23282389342784882,0.4950418472290039,-0.06433092802762985,0.22760525345802307,0.5118706226348877,-0.06755020469427109,0.2583122253417969,0.5550199151039124,-0.07171344757080078,0.6376698017120361,0.5675066709518433,-0.10997045785188675,0.24630817770957947,0.5287843942642212,-0.058335330337285995,0.20186571776866913,0.6406118869781494,-0.03362448886036873,0.2284286916255951,0.5671111941337585,-0.06477821618318558,0.4066365659236908,0.5013154149055481,-0.09372447431087494,0.5196335911750793,0.44955897331237793,-0.10087288171052933,0.530533492565155,0.45299267768859863,-0.09505552798509598,0.5000894069671631,0.47928178310394287,-0.1104976013302803,0.49071988463401794,0.5008990168571472,-0.1096145436167717,0.512436032295227,0.4764905571937561,-0.10261139273643494,0.5024787187576294,0.49537426233291626,-0.09886328876018524,0.5452501773834229,0.5609258413314819,-0.10247533768415451,0.49669748544692993,0.38448336720466614,-0.12152708321809769,0.4770011305809021,0.378269761800766,-0.12405869364738464,0.1900382936000824,0.5243404507637024,-0.07956632226705551,0.3852815628051758,0.4519159197807312,-0.05175818130373955,0.452302485704422,0.45267295837402344,-0.10853638499975204,0.4382691979408264,0.45507878065109253,-0.10114946961402893,0.35885682702064514,0.5628023147583008,-0.11907192319631577,0.45284929871559143,0.37895169854164124,-0.10848593711853027,0.21378818154335022,0.46655452251434326,-0.06396538019180298,0.19479979574680328,0.496501088142395,-0.07566862553358078,0.10955639183521271,0.5506488084793091,-0.014397155493497849,0.2995423674583435,0.4055885672569275,-0.017475681379437447,0.2881002426147461,0.4479494094848633,-0.014616301283240318,0.5102131366729736,0.5652793645858765,-0.10890951752662659,0.4201304614543915,0.7421181797981262,-0.034624889492988586,0.47303855419158936,0.44716548919677734,-0.09203208982944489,0.48970431089401245,0.4358912706375122,-0.08111132681369781,0.4961893558502197,0.532792329788208,-0.09763666987419128,0.5029096603393555,0.5278508067131042,-0.09293220937252045,0.17368678748607635,0.49995288252830505,-0.06908086687326431,0.4579409956932068,0.46510398387908936,-0.10017094761133194,0.2476617991924286,0.43669915199279785,-0.04368192330002785,0.23113200068473816,0.42962926626205444,-0.04384709149599075,0.15021908283233643,0.4341185688972473,-0.005086689721792936,0.14176158607006073,0.521123468875885,-0.043145760893821716,0.18788230419158936,0.4233711361885071,-0.02091413363814354,0.17108727991580963,0.532957911491394,-0.06936945766210556,0.1473628282546997,0.5677022933959961,-0.03600769117474556,0.5262806415557861,0.451349139213562,-0.10041118413209915,0.5062111616134644,0.47794198989868164,-0.10774988681077957,0.4963800609111786,0.49846792221069336,-0.105547696352005,0.4794911742210388,0.44782620668411255,-0.08357845991849899,0.4998873472213745,0.5303048491477966,-0.09436339139938354,0.524247407913208,0.5347632169723511,-0.09645827859640121,0.5052076578140259,0.5257434248924255,-0.0919332355260849,0.4778929352760315,0.4211527109146118,-0.11353017389774323,0.5056998133659363,0.49345263838768005,-0.09498858451843262,0.515729546546936,0.4751172363758087,-0.09513012319803238,0.5321120619773865,0.45465418696403503,-0.08962418138980865,0.6395465135574341,0.5050507187843323,-0.08657313883304596,0.6250834465026855,0.5139280557632446,-0.09786992520093918,0.6214416027069092,0.5079180598258972,-0.09774408489465714,0.6147372722625732,0.501457154750824,-0.09030025452375412,0.607549250125885,0.49566835165023804,-0.08340054750442505,0.5547872185707092,0.5212831497192383,-0.0899602547287941,0.553525984287262,0.526874303817749,-0.09498558193445206,0.5516321659088135,0.53419029712677,-0.10086248070001602,0.5498009920120239,0.5406409502029419,-0.1024646908044815,0.4894547760486603,0.5151605606079102,-0.10795858502388,0.2887251675128937,0.7267195582389832,0.007817167788743973,0.5181183218955994,0.39815765619277954,-0.08366655558347702,0.5320354700088501,0.5253979563713074,-0.08989701420068741,0.5284334421157837,0.5300043225288391,-0.09355872124433517,0.5019742846488953,0.4334239363670349,-0.08528631180524826,0.4726606011390686,0.4707512855529785,-0.08142036944627762,0.4964885413646698,0.4343355894088745,-0.08311522006988525,0.3811127245426178,0.47497910261154175,-0.06672456860542297,0.37071630358695984,0.5059605836868286,-0.0899256095290184,0.4429045617580414,0.4672679305076599,-0.09460079669952393,0.11826710402965546,0.49446427822113037,-0.016084814444184303,0.15414868295192719,0.47359198331832886,-0.037337638437747955,0.194421648979187,0.46414512395858765,-0.05947045981884003,0.5755215883255005,0.5487706661224365,-0.1033216342329979,0.27449536323547363,0.3946404457092285,-0.018655026331543922,0.226351797580719,0.38367223739624023,0.005625246092677116,0.18981899321079254,0.3850284218788147,0.02384927123785019,0.27377796173095703,0.5285671949386597,-0.06912072747945786,0.2565731406211853,0.5795623064041138,-0.08069005608558655,0.3282572329044342,0.4547487497329712,-0.012145735323429108,0.22050926089286804,0.5344517827033997,-0.07125397026538849,0.3838268518447876,0.43254274129867554,-0.04531192407011986,0.45645755529403687,0.4274400472640991,-0.11614770442247391,0.26451945304870605,0.6160904169082642,-0.08580615371465683,0.2781596779823303,0.5753054618835449,-0.09433242678642273,0.30447468161582947,0.555351972579956,-0.09315437823534012,0.3308733105659485,0.5189608335494995,-0.07318658381700516,0.3445974886417389,0.49048614501953125,-0.052186861634254456,0.3522651791572571,0.4680541753768921,-0.03709636256098747,0.3805003762245178,0.39405012130737305,-0.03366624563932419,0.3114214241504669,0.6295126080513,-0.10512936860322952,0.20583868026733398,0.5472405552864075,-0.07315416634082794,0.5092532634735107,0.39236223697662354,-0.11308281123638153,0.40767547488212585,0.4525441825389862,-0.06577883660793304,0.18857181072235107,0.6822561025619507,0.020390575751662254,0.35608717799186707,0.44889500737190247,-0.024556506425142288,0.4404781758785248,0.477669358253479,-0.07556106895208359,0.23966628313064575,0.535546064376831,-0.062266044318675995,0.44098395109176636,0.4304921627044678,-0.10556231439113617,0.3487444221973419,0.740772545337677,-0.009380047209560871,0.32057464122772217,0.4538739323616028,-0.005707039963454008,0.44506123661994934,0.4019915461540222,-0.11114253103733063,0.5244080424308777,0.6660308837890625,-0.1024521142244339,0.546384334564209,0.6966559290885925,-0.08215617388486862,0.29506292939186096,0.6851228475570679,-0.05488419160246849,0.47103768587112427,0.6915119290351868,-0.09668848663568497,0.16929210722446442,0.6047391891479492,-0.02905503287911415,0.661371111869812,0.584498405456543,-0.11266499012708664,0.5115764141082764,0.4040735960006714,-0.08742950856685638,0.40822404623031616,0.4761417508125305,-0.07497308403253555,0.21923767030239105,0.5848984122276306,-0.06128419563174248,0.28179147839546204,0.5059240460395813,-0.0580991767346859,0.29533281922340393,0.49195730686187744,-0.050895627588033676,0.5193933248519897,0.5393892526626587,-0.09851700067520142,0.35694363713264465,0.6491628885269165,-0.10757496953010559,0.7161364555358887,0.5588143467903137,-0.09946892410516739,0.6443846821784973,0.6283831000328064,-0.09776590019464493,0.6029565334320068,0.6603531241416931,-0.09112858772277832,0.26982009410858154,0.34605473279953003,0.043403301388025284,0.7422430515289307,0.521196722984314,-0.07216384261846542,0.3050299286842346,0.47916263341903687,-0.0376017764210701,0.3125908374786377,0.4665060043334961,-0.02330881915986538,0.3179891109466553,0.45816004276275635,-0.01135665737092495,0.190556600689888,0.559611439704895,-0.06349366903305054,0.29682767391204834,0.4608209729194641,-0.02082802541553974,0.27960067987442017,0.4719047546386719,-0.03399921953678131,0.26530998945236206,0.4851808249950409,-0.04655056819319725,0.25364378094673157,0.5012350678443909,-0.056288380175828934,0.24863752722740173,0.513500452041626,-0.05925823003053665,0.14526309072971344,0.6438354253768921,0.010655902326107025,0.2699650228023529,0.5156991481781006,-0.06048635020852089,0.5312279462814331,0.41546106338500977,-0.07241147011518478,0.49150681495666504,0.48921942710876465,-0.1026456281542778,0.471190869808197,0.44121092557907104,-0.09542974084615707,0.5143110156059265,0.4407649636268616,-0.09135597944259644,0.36391496658325195,0.3785979151725769,0.00043816911056637764,0.5755471587181091,0.6405006647109985,-0.10260909795761108,0.6184303164482117,0.6155322790145874,-0.10630256682634354,0.6995445489883423,0.547492504119873,-0.10808254033327103,0.4884865880012512,0.7246272563934326,-0.06158620864152908,0.3121641278266907,0.4555127024650574,-0.011751338839530945,0.40446922183036804,0.4082696735858917,-0.06042148917913437,0.7273014187812805,0.509482741355896,-0.08107375353574753,0.6827353239059448,0.5942651033401489,-0.10635202378034592,0.3491576910018921,0.7018628120422363,-0.06618158519268036,0.581790566444397,0.5113571286201477,-0.08937444537878036,0.5835646390914917,0.5185356736183167,-0.09579098969697952,0.5861060619354248,0.5264559388160706,-0.10254613310098648,0.5885481834411621,0.5335234999656677,-0.10395169258117676,0.6076515913009644,0.5305915474891663,-0.10151617228984833,0.49901092052459717,0.5128836631774902,-0.09655708819627762,0.49353963136672974,0.5160390138626099,-0.10133784264326096,0.48837071657180786,0.5187239050865173,-0.10505850613117218,0.49527326226234436,0.541506826877594,-0.11062771826982498,0.3909865915775299,0.6092171669006348,-0.12326984107494354,0.3811282515525818,0.412229061126709,-0.037125300616025925,0.3240628242492676,0.4286049008369446,0.004750929307192564,0.3141862750053406,0.44249650835990906,-0.003512796713039279,0.5023224353790283,0.5103051662445068,-0.09353527426719666,0.4434170126914978,0.6486321091651917,-0.11197685450315475,0.34047582745552063,0.4094735383987427,-0.00763844745233655,0.6197671294212341,0.5510126352310181,-0.1032819077372551,0.4379311203956604,0.3688887357711792,-0.07232122123241425,0.4060274064540863,0.38903865218162537,-0.05703077092766762,0.41465386748313904,0.37336453795433044,-0.04621036723256111,0.42498937249183655,0.42945292592048645,-0.07868731021881104,0.7040739059448242,0.49697983264923096,-0.08340112864971161,0.6789157390594482,0.4879167079925537,-0.07591911405324936,0.6550850868225098,0.5192744135856628,-0.09427588433027267,0.5426110029220581,0.584014892578125,-0.10686023533344269,0.4435494542121887,0.4999026358127594,-0.08773250877857208,0.5830327272415161,0.5724799036979675,-0.1053021177649498,0.4080457091331482,0.5403750538825989,-0.11577634513378143,0.45100224018096924,0.5238865613937378,-0.10454835742712021,0.4291827380657196,0.5780306458473206,-0.12220201641321182,0.6769612431526184,0.5328223705291748,-0.10774382948875427,0.4246600270271301,0.45236074924468994,-0.07829903066158295,0.5512025356292725,0.6127535700798035,-0.10913105309009552,0.5961235165596008,0.5928890109062195,-0.10675384104251862,0.501381516456604,0.5867037177085876,-0.11634478718042374,0.39917126297950745,0.6646424531936646,-0.10596413910388947,0.48926472663879395,0.6226075887680054,-0.11681638658046722,0.40684953331947327,0.70723956823349,-0.0807865709066391,0.46664607524871826,0.5540129542350769,-0.11478167027235031,0.4058380722999573,0.43044930696487427,-0.06286542862653732,0.4708231985569,0.42353764176368713,-0.11863064020872116,0.46363717317581177,0.4482822120189667,-0.10560335218906403,0.4663234353065491,0.4010527431964874,-0.1233707070350647,0.29667049646377563,0.43109431862831116,-0.009227517992258072,0.2611141502857208,0.4499039649963379,-0.03427892178297043,0.23551765084266663,0.4711444675922394,-0.05630626901984215,0.21841636300086975,0.4942152202129364,-0.07074220478534698,0.21231351792812347,0.5159151554107666,-0.07478590309619904,0.23536278307437897,0.5493014454841614,-0.06451386213302612,0.24610093235969543,0.6650962233543396,-0.04784127324819565,0.2743402421474457,0.5493072867393494,-0.07611998170614243,0.2963014543056488,0.5329184532165527,-0.07304506003856659,0.31629478931427,0.508856475353241,-0.06167614459991455,0.3308028280735016,0.4851321578025818,-0.043622229248285294,0.338815838098526,0.46631181240081787,-0.024999145418405533,0.3437480628490448,0.4517629146575928,-0.014197403565049171,0.23734837770462036,0.7068077921867371,0.019509201869368553,0.4675973653793335,0.4564017057418823,-0.09680848568677902,0.4258294701576233,0.4038092792034149,-0.08318599313497543,0.48431694507598877,0.40061068534851074,-0.12242444604635239,0.4983431100845337,0.40430623292922974,-0.10883214324712753,0.48610109090805054,0.408719539642334,-0.11425341665744781,0.4758365750312805,0.45931512117385864,-0.08633457869291306,0.5033462047576904,0.3986666798591614,-0.11234541982412338,0.5062947273254395,0.4094305634498596,-0.09015150368213654,0.32855507731437683,0.4458943009376526,-0.00045013747876510024,0.34301260113716125,0.43707019090652466,-0.00247000390663743,0.3531389534473419,0.4304170310497284,-0.013504778034985065,0.24699077010154724,0.5218353867530823,-0.05990762636065483,0.22891326248645782,0.5262959003448486,-0.06654690951108932,0.4491816461086273,0.3614511489868164,-0.05005018413066864,0.45053592324256897,0.35121336579322815,0.1752355843782425,0.5235555768013,0.387529194355011,-0.06823016703128815,0.3960573077201843,0.3295275568962097,0.36256474256515503,0.4387974739074707,0.3756006956100464,0.11009643971920013,0.4483177065849304,0.36956003308296204,0.1260462999343872,0.45538243651390076,0.3630715012550354,0.14485378563404083,0.45337802171707153,0.3543734550476074,0.18109005689620972,0.42935213446617126,0.3783600330352783,0.09698344767093658,0.41797900199890137,0.3423706889152527,0.13454999029636383,0.41038423776626587,0.3502630889415741,0.11606455594301224,0.42644792795181274,0.33760547637939453,0.1536945253610611,0.4344789683818817,0.3379644453525543,0.1688814014196396,0.4638673663139343,0.3550909161567688,0.19560307264328003,0.7115718722343445,0.45820918679237366,0.001888770842924714,0.44847947359085083,0.3483637571334839,0.1878146231174469,0.4698100984096527,0.3573417663574219,0.33622437715530396,0.4536403715610504,0.34643155336380005,0.23600374162197113,0.5297216773033142,0.3649676442146301,0.05977105349302292,0.5636674165725708,0.3990465998649597,-0.06128042936325073,0.5680779218673706,0.4091300368309021,-0.058372870087623596,0.5809680819511414,0.38206765055656433,-0.0285229180008173,0.594456136226654,0.3763482868671417,0.003923871088773012,0.5799671411514282,0.3954807221889496,-0.031197525560855865,0.5906401872634888,0.38900190591812134,-0.0031286824960261583,0.6593872308731079,0.41835102438926697,0.0437413826584816,0.5159710645675659,0.36367106437683105,-0.10028571635484695,0.4990755617618561,0.3543228805065155,-0.09879566729068756,0.42459335923194885,0.31989169120788574,0.2015811800956726,0.45922714471817017,0.3712092638015747,0.04780550301074982,0.5292667150497437,0.36205509305000305,-0.014305341988801956,0.5175338983535767,0.3623102903366089,-0.004192045424133539,0.5521579384803772,0.350482702255249,0.13506633043289185,0.47374868392944336,0.3558036684989929,-0.07624753564596176,0.4050527811050415,0.3198619484901428,0.13218116760253906,0.41461890935897827,0.3160255551338196,0.16985094547271729,0.3649412989616394,0.30957266688346863,0.31545087695121765,0.38864684104919434,0.35318300127983093,0.04734575003385544,0.40653568506240845,0.359836220741272,0.10674954950809479,0.6436035633087158,0.4038713574409485,0.06724973022937775,0.6495327353477478,0.4477510452270508,0.3140689432621002,0.532325029373169,0.37697938084602356,-0.02215956151485443,0.5294215679168701,0.3895093500614166,-0.046322036534547806,0.6207828521728516,0.38357970118522644,0.0552644357085228,0.6168605089187622,0.3898853063583374,0.04122193902730942,0.40347012877464294,0.3079324960708618,0.19207389652729034,0.5365813374519348,0.37105804681777954,-0.007466056849807501,0.39593279361724854,0.3308200240135193,0.09061437100172043,0.38337793946266174,0.32119160890579224,0.09490358084440231,0.30231615900993347,0.30051174759864807,0.18331241607666016,0.3748166859149933,0.3027125597000122,0.24535779654979706,0.3221849501132965,0.30544036626815796,0.13924913108348846,0.41475623846054077,0.3145211637020111,0.23257090151309967,0.40368619561195374,0.3178340792655945,0.29160386323928833,0.5679166316986084,0.40322625637054443,-0.061308685690164566,0.5818127393722534,0.3881862163543701,-0.0304456427693367,0.5936965346336365,0.38154974579811096,-0.0018921104492619634,0.5324864983558655,0.383569598197937,-0.026316192001104355,0.6192359328269958,0.38682276010513306,0.046963881701231,0.6376892924308777,0.3959859013557434,0.022740870714187622,0.6145360469818115,0.39203941822052,0.03837316483259201,0.5246800780296326,0.36902838945388794,-0.04940812289714813,0.5863879323005676,0.39519691467285156,-0.0039554317481815815,0.5763362646102905,0.4022102653980255,-0.027659734711050987,0.5655006170272827,0.41529616713523865,-0.051956165581941605,0.6725212335586548,0.4603542685508728,-0.04931896552443504,0.6732732057571411,0.453790545463562,-0.057097941637039185,0.6669633388519287,0.4509115517139435,-0.05590793490409851,0.6562786102294922,0.44981491565704346,-0.0484117828309536,0.644795298576355,0.45009976625442505,-0.04389343783259392,0.6383381485939026,0.41783031821250916,0.0016358374850824475,0.6450186371803284,0.4135236144065857,-0.003251130459830165,0.6532560586929321,0.4086247682571411,-0.005735220853239298,0.6589956283569336,0.4054723381996155,0.0004322692402638495,0.5963476300239563,0.3861727714538574,0.023275360465049744,0.5537415146827698,0.42029377818107605,0.39814960956573486,0.6283970475196838,0.4063309133052826,0.02390395849943161,0.6338846683502197,0.4008610248565674,0.02089252695441246,0.533258318901062,0.3964555859565735,-0.05109946057200432,0.5435951948165894,0.38417309522628784,-0.0070641664788126945,0.5317147374153137,0.39301446080207825,-0.04934076592326164,0.4803817868232727,0.3669813275337219,0.06635802984237671,0.5086008310317993,0.357413113117218,0.09046255797147751,0.5266326665878296,0.3685046434402466,0.005824665073305368,0.3334059715270996,0.29909253120422363,0.25238004326820374,0.3476693630218506,0.29921865463256836,0.19497118890285492,0.39235541224479675,0.30991247296333313,0.14776645600795746,0.6671886444091797,0.4294884204864502,0.017402110621333122,0.37195903062820435,0.3382576107978821,0.05227138102054596,0.2989038825035095,0.3212946057319641,0.08928012102842331,0.272954523563385,0.3131764233112335,0.1188483014702797,0.45716679096221924,0.35839158296585083,0.16502295434474945,0.4766250252723694,0.3565899729728699,0.2168317586183548,0.42253991961479187,0.3789287805557251,0.09489225596189499,0.4392164349555969,0.3372700810432434,0.20067383348941803,0.4399724006652832,0.3716171979904175,0.034087833017110825,0.518217146396637,0.3573470115661621,-0.04012354463338852,0.514545202255249,0.3458389937877655,0.25270602107048035,0.48995494842529297,0.360859751701355,0.18553781509399414,0.49424147605895996,0.36639171838760376,0.1442183256149292,0.48054394125938416,0.3757481575012207,0.10814186930656433,0.46320444345474243,0.38222336769104004,0.08550100773572922,0.44969961047172546,0.38452237844467163,0.06603139638900757,0.4037233293056488,0.3697466552257538,0.00012577505549415946,0.559140145778656,0.3531898260116577,0.2328352928161621,0.43712273240089417,0.3321568965911865,0.22357802093029022,0.5211602449417114,0.3800092041492462,-0.09607917815446854,0.4801144599914551,0.3710485100746155,0.030307188630104065,0.46279966831207275,0.38568025827407837,0.42082956433296204,0.4376559257507324,0.3843596577644348,0.05602910742163658,0.5274068117141724,0.3748432695865631,0.025142302736639977,0.44750314950942993,0.34786003828048706,0.19641625881195068,0.5039305090904236,0.35835322737693787,-0.028652261942625046,0.6021806001663208,0.4336761236190796,0.36379101872444153,0.41689980030059814,0.3771604597568512,0.10620377212762833,0.487056165933609,0.3552672863006592,-0.05472936853766441,0.691626787185669,0.4338269829750061,0.1502419412136078,0.7089084386825562,0.4595670998096466,0.1824413537979126,0.5619471669197083,0.38134706020355225,0.3145860731601715,0.6731070876121521,0.4244093894958496,0.20078903436660767,0.43297886848449707,0.33792561292648315,0.32195329666137695,0.7341924905776978,0.4686979651451111,0.00823336374014616,0.5217247009277344,0.39386093616485596,-0.07719217240810394,0.5028499364852905,0.3703124523162842,0.04391073063015938,0.45402705669403076,0.3482278287410736,0.27010801434516907,0.448241651058197,0.3582623600959778,0.14857153594493866,0.4414072036743164,0.36422839760780334,0.13220542669296265,0.6404365301132202,0.3919749855995178,0.029644249007105827,0.5983432531356812,0.36835700273513794,0.21834208071231842,0.7536473274230957,0.4954579472541809,-0.02988128550350666,0.7406782507896423,0.4730552136898041,0.07303737103939056,0.7276371717453003,0.466982901096344,0.12375331670045853,0.43286898732185364,0.3695179224014282,0.11867275834083557,0.4238939881324768,0.3734588623046875,0.11122103780508041,0.4191686809062958,0.3760167956352234,0.10925726592540741,0.4302217960357666,0.329995334148407,0.2568996250629425,0.41756054759025574,0.36652934551239014,0.11572342365980148,0.4227597713470459,0.35908958315849304,0.12421899288892746,0.4296379089355469,0.35272809863090515,0.1376325786113739,0.43737778067588806,0.34832990169525146,0.1534562110900879,0.4431842863559723,0.34728682041168213,0.16553546488285065,0.42563962936401367,0.3545045256614685,0.40076297521591187,0.4504636228084564,0.3541368246078491,0.16386590898036957,0.5754541754722595,0.3861275911331177,-0.0031135627068579197,0.5308752059936523,0.3720059394836426,-0.029232313856482506,0.5488247275352478,0.39918261766433716,-0.05065307021141052,0.709309995174408,0.44595852494239807,0.10195484757423401,0.7202163934707642,0.4586506187915802,0.055312689393758774,0.7392753958702087,0.4843601584434509,-0.04207265377044678,0.684855580329895,0.4556118845939636,0.24969622492790222,0.41674888134002686,0.3729172348976135,0.11063486337661743,0.4438697099685669,0.3656332492828369,-0.006909019313752651,0.7509628534317017,0.48108088970184326,0.020578064024448395,0.6053744554519653,0.39673030376434326,0.2877711057662964,0.6456769108772278,0.4322551190853119,-0.02036638930439949,0.6554419994354248,0.42917972803115845,-0.02391721121966839,0.6657265424728394,0.4268871545791626,-0.027365880087018013,0.6739848852157593,0.42718178033828735,-0.024681618437170982,0.672845184803009,0.4429309368133545,-0.012964371591806412,0.60212242603302,0.38746869564056396,0.022460179403424263,0.6054227352142334,0.38130465149879456,0.028885334730148315,0.607024073600769,0.3758320212364197,0.03413699194788933,0.6203938126564026,0.39191514253616333,0.052355099469423294,0.5997122526168823,0.36728858947753906,0.1522688865661621,0.42028313875198364,0.3709009289741516,0.01830449141561985,0.4042378067970276,0.3724910616874695,0.07522682100534439,0.40893352031707764,0.37159186601638794,0.09931927174329758,0.5979219675064087,0.39200836420059204,0.020604044198989868,0.6463802456855774,0.3950958847999573,0.16831305623054504,0.40310537815093994,0.3731399178504944,0.03410343453288078,0.6882866621017456,0.4527759552001953,-0.00581025518476963,0.4277222752571106,0.3654747009277344,-0.028199519962072372,0.4823960065841675,0.3651166558265686,-0.008448976092040539,0.6900852918624878,0.46838316321372986,-0.047518953680992126,0.668311357498169,0.42046818137168884,0.061871934682130814,0.5501027703285217,0.3757757246494293,0.03867969661951065,0.6814873218536377,0.43749669194221497,0.028901709243655205,0.5670917630195618,0.3622590899467468,0.08200190216302872,0.5784982442855835,0.3764888644218445,0.0532391294836998,0.6053254008293152,0.37275877594947815,0.10411273688077927,0.716643214225769,0.4739988148212433,-0.04605076089501381,0.49745792150497437,0.3687453866004944,0.010528385639190674,0.6867716312408447,0.4275144934654236,0.08433210104703903,0.6982784271240234,0.4454517662525177,0.04282012954354286,0.6499530076980591,0.4030856192111969,0.08687303960323334,0.6295868158340454,0.3849005103111267,0.2069881409406662,0.65952068567276,0.40404418110847473,0.11860007047653198,0.642585277557373,0.41226744651794434,0.25568944215774536,0.6116417050361633,0.3838481307029724,0.07178912311792374,0.4615863561630249,0.36865657567977905,0.01320090051740408,0.52464759349823,0.3626335859298706,-0.04923533275723457,0.5333104133605957,0.3664252758026123,-0.026055242866277695,0.508442223072052,0.3539387583732605,-0.06779424846172333,0.39928513765335083,0.3587748110294342,0.0882287248969078,0.4044104516506195,0.3430522084236145,0.1089698076248169,0.4132341146469116,0.3329432010650635,0.13145114481449127,0.42253997921943665,0.32757794857025146,0.15755221247673035,0.431278795003891,0.32936760783195496,0.1807263344526291,0.44987988471984863,0.3475978672504425,0.21100910007953644,0.5166394710540771,0.368463397026062,0.3312026560306549,0.47112685441970825,0.35915595293045044,0.17524778842926025,0.47155264019966125,0.36483293771743774,0.14619094133377075,0.4627935290336609,0.3726101517677307,0.11917814612388611,0.44918668270111084,0.3792654573917389,0.09864144027233124,0.4377407431602478,0.38228386640548706,0.08274076879024506,0.4289911389350891,0.38307541608810425,0.07345060259103775,0.5053134560585022,0.40700197219848633,0.41956666111946106,0.5365556478500366,0.37398049235343933,-0.018585052341222763,0.46469998359680176,0.3610612750053406,-0.028023073449730873,0.5199334621429443,0.36102691292762756,-0.07805373519659042,0.5224360227584839,0.37894871830940247,-0.08325955271720886,0.5224859714508057,0.3693384528160095,-0.06900573521852493,0.538384199142456,0.38299083709716797,-0.020655641332268715,0.5228731632232666,0.37841230630874634,-0.0913957804441452,0.5239801406860352,0.3906325101852417,-0.07272784411907196,0.41613513231277466,0.37859219312667847,0.09271042048931122,0.4177857041358948,0.38173264265060425,0.06628774106502533,0.4224874675273895,0.3814576268196106,0.04317670688033104,0.44666439294815063,0.34749066829681396,0.1758684664964676,0.440746933221817,0.3407587707042694,0.1847047209739685,0.28021976351737976,0.49247393012046814,-0.04090060666203499,0.29605090618133545,0.47430548071861267,-0.04090060666203499,0.26329952478408813,0.48636457324028015,-0.04090060666203499,0.2642621397972107,0.51056969165802,-0.04090060666203499,0.29660764336586,0.4985411763191223,-0.04090060666203499,0.42847511172294617,0.3513031005859375,0.13975736498832703,0.43792396783828735,0.3439829349517822,0.13975736498832703,0.4138907194137573,0.3437590003013611,0.13975736498832703,0.4185795187950134,0.3587362766265869,0.13975736498832703,0.4424605369567871,0.3586658835411072,0.13975736498832703,0,0,0,0,0,1,1,0,0,0,0,0,0.07760190218687057,0.05886771157383919,0.127982959151268,0.05352122709155083,0.028503360226750374,0.05405982583761215,0.07541012763977051,0.05795535445213318,0.07968616485595703,0.09217315167188644,0.8113861680030823,0.21854491531848907,Neutral,-4.4336090087890625,0.13521289825439453
137,4.566666666666666,31.06734312737143,-8.869711239378343,0.6667031950116813,0.5502788424491882,0.42779308557510376,-0.0842403843998909,0.49665218591690063,0.37257012724876404,-0.10841019451618195,0.5120369791984558,0.4103168249130249,-0.07250222563743591,0.42256250977516174,0.3861920237541199,-0.0772104263305664,0.4774712324142456,0.3647308349609375,-0.10857407748699188,0.452581524848938,0.3670363426208496,-0.09242446720600128,0.3848479986190796,0.3820830285549164,-0.017574528232216835,0.2665986716747284,0.5188475251197815,-0.05731045827269554,0.34122416377067566,0.37620314955711365,0.015206851065158844,0.3179028332233429,0.36658209562301636,0.024188771843910217,0.23709216713905334,0.35040634870529175,0.0777876004576683,0.553730309009552,0.4296281039714813,-0.08438654243946075,0.555378794670105,0.432584285736084,-0.08118412643671036,0.5546216368675232,0.43556827306747437,-0.07657399773597717,0.6289301514625549,0.46404314041137695,-0.06813175231218338,0.63959801197052,0.4672715663909912,-0.07524927705526352,0.6488902568817139,0.47138428688049316,-0.082514688372612,0.6547582149505615,0.4761236608028412,-0.08328694850206375,0.6648676991462708,0.47568416595458984,-0.07518887519836426,0.5071359872817993,0.38586413860321045,-0.10229325294494629,0.49300622940063477,0.4124894142150879,-0.09102606028318405,0.1416439563035965,0.605678141117096,-0.004836963955312967,0.32323142886161804,0.47872164845466614,-0.03831584379076958,0.3125627636909485,0.49495255947113037,-0.05337587371468544,0.2987023890018463,0.511135458946228,-0.06275670230388641,0.2659052610397339,0.5303698182106018,-0.06526391208171844,0.32901203632354736,0.4640214741230011,-0.019969506189227104,0.2534080147743225,0.47550931572914124,-0.04853179305791855,0.2711131274700165,0.4591887295246124,-0.027546152472496033,0.2408897578716278,0.49403658509254456,-0.05973904952406883,0.23674005270004272,0.5098690986633301,-0.06348351389169693,0.2678323984146118,0.5510118007659912,-0.07035394012928009,0.6486208438873291,0.5610288381576538,-0.11737842857837677,0.25374364852905273,0.5242794752120972,-0.055785369127988815,0.22344373166561127,0.641517162322998,-0.035940222442150116,0.2374449074268341,0.5645580291748047,-0.0639718621969223,0.40955498814582825,0.4999582767486572,-0.09352333098649979,0.5226798057556152,0.4514448940753937,-0.10061933100223541,0.5346181392669678,0.45438820123672485,-0.09591208398342133,0.5048415660858154,0.47962987422943115,-0.11054015159606934,0.4960302710533142,0.4994962513446808,-0.10964624583721161,0.5180769562721252,0.47606778144836426,-0.10327838361263275,0.508107602596283,0.49325358867645264,-0.09952405095100403,0.5489621758460999,0.5582715272903442,-0.1048865020275116,0.48699086904525757,0.3853650689125061,-0.11701823025941849,0.4671231508255005,0.3797781467437744,-0.11855532228946686,0.20324601233005524,0.5226751565933228,-0.07507922500371933,0.3866237998008728,0.45283257961273193,-0.049071215093135834,0.44894829392433167,0.45209529995918274,-0.10629909485578537,0.435729444026947,0.4546608030796051,-0.09884300827980042,0.3670085072517395,0.5604022741317749,-0.1199137419462204,0.4443211555480957,0.38136035203933716,-0.10277892649173737,0.22440356016159058,0.46677538752555847,-0.0571281835436821,0.20766301453113556,0.49545907974243164,-0.0699569508433342,0.12696294486522675,0.5544175505638123,-0.00967621523886919,0.3032870888710022,0.40766358375549316,-0.010566811077296734,0.29083818197250366,0.4483090341091156,-0.00968201458454132,0.5129507184028625,0.5628852248191833,-0.11111615598201752,0.45023083686828613,0.7370560169219971,-0.049067966639995575,0.46903112530708313,0.4466608166694641,-0.09049106389284134,0.4848741292953491,0.4353838562965393,-0.08038628846406937,0.4987078309059143,0.5277882218360901,-0.09907671809196472,0.5052363872528076,0.5227264165878296,-0.09388833492994308,0.18676578998565674,0.49921682476997375,-0.06307508051395416,0.4552762508392334,0.4644017517566681,-0.09888268262147903,0.25543251633644104,0.4376789927482605,-0.03628642112016678,0.23893144726753235,0.4312495291233063,-0.03543853014707565,0.15799853205680847,0.4395960867404938,0.004833742510527372,0.15630154311656952,0.5243321061134338,-0.03727688267827034,0.193649023771286,0.42789506912231445,-0.011086569167673588,0.18368414044380188,0.5316179394721985,-0.06518916040658951,0.16533686220645905,0.5705180764198303,-0.03272262588143349,0.5297154188156128,0.4531736969947815,-0.10047372430562973,0.5116056203842163,0.4779587984085083,-0.10796339064836502,0.5019510984420776,0.4966903030872345,-0.10576634854078293,0.47542527318000793,0.4472469985485077,-0.08281977474689484,0.502281665802002,0.5252155661582947,-0.09556069225072861,0.5249553918838501,0.5267863273620605,-0.0971938744187355,0.5075900554656982,0.5204393267631531,-0.09295656532049179,0.4718911349773407,0.420918345451355,-0.11032367497682571,0.5116848945617676,0.4908471405506134,-0.09654984623193741,0.5215978026390076,0.4742963910102844,-0.09713074564933777,0.53705233335495,0.4553733170032501,-0.09200161695480347,0.6443913578987122,0.5019834041595459,-0.09169729799032211,0.6251020431518555,0.5053178071975708,-0.10031609237194061,0.6207922697067261,0.4989669919013977,-0.09944235533475876,0.613612711429596,0.4918227195739746,-0.09166767448186874,0.6059079170227051,0.48552364110946655,-0.08397446572780609,0.5543426275253296,0.5106756687164307,-0.09023016691207886,0.5532252192497253,0.5170005559921265,-0.09571315348148346,0.5516572594642639,0.5247856974601746,-0.1015692949295044,0.5501805543899536,0.5316382646560669,-0.1035386472940445,0.4892743229866028,0.5139169096946716,-0.10789050906896591,0.31923598051071167,0.724728524684906,-0.0035281232558190823,0.5103768110275269,0.3985709547996521,-0.08203159272670746,0.532250702381134,0.5162802338600159,-0.09033272415399551,0.5288426876068115,0.5214848518371582,-0.0942084938287735,0.4970490336418152,0.43294864892959595,-0.08486533164978027,0.4700050950050354,0.469955712556839,-0.08150221407413483,0.49158239364624023,0.43383750319480896,-0.0825357660651207,0.3839430510997772,0.47504496574401855,-0.06512022763490677,0.3752255439758301,0.5047983527183533,-0.08941256999969482,0.44118863344192505,0.4666621685028076,-0.09321080148220062,0.13122183084487915,0.4987777769565582,-0.008307327516376972,0.1648736596107483,0.47727519273757935,-0.02922246791422367,0.2050248086452484,0.46485722064971924,-0.05181046575307846,0.5802769064903259,0.546113908290863,-0.10617146641016006,0.27807408571243286,0.397638201713562,-0.00999382883310318,0.22805629670619965,0.38980334997177124,0.01623024232685566,0.19340182840824127,0.39248600602149963,0.03465732932090759,0.2820497751235962,0.5247403979301453,-0.06655765324831009,0.26731738448143005,0.575667679309845,-0.08034320175647736,0.33109408617019653,0.45339906215667725,-0.009044819511473179,0.2306801974773407,0.5319613218307495,-0.06804065406322479,0.38389620184898376,0.4342743158340454,-0.041869375854730606,0.45107129216194153,0.4271737039089203,-0.11261207610368729,0.2812550663948059,0.614749014377594,-0.08720679581165314,0.2908293902873993,0.5696164965629578,-0.09360174834728241,0.3172655701637268,0.5494903326034546,-0.09170319139957428,0.34047481417655945,0.5148018598556519,-0.07155416160821915,0.3511047065258026,0.4879256784915924,-0.049925532191991806,0.3568693697452545,0.46687060594558716,-0.03427504375576973,0.37750256061553955,0.39791858196258545,-0.028286030516028404,0.32745376229286194,0.6271437406539917,-0.10799707472324371,0.21644115447998047,0.545387327671051,-0.07016952335834503,0.500449538230896,0.3927944302558899,-0.10945494472980499,0.40763145685195923,0.453085720539093,-0.0636327788233757,0.21571870148181915,0.6835558414459229,0.014104684814810753,0.359632283449173,0.44866472482681274,-0.021221423521637917,0.4398946166038513,0.47705376148223877,-0.07523798197507858,0.24762587249279022,0.5312025547027588,-0.05991600826382637,0.43671339750289917,0.4305652379989624,-0.10197146236896515,0.379502534866333,0.7373058795928955,-0.02275395207107067,0.3233354091644287,0.45239150524139404,-0.002475063083693385,0.43868428468704224,0.4031635522842407,-0.10626070946455002,0.5436171889305115,0.6600838303565979,-0.11209679394960403,0.5704503059387207,0.6889798641204834,-0.09522567689418793,0.3185373842716217,0.6833672523498535,-0.06175444275140762,0.49312251806259155,0.6864681243896484,-0.10717352479696274,0.18896295130252838,0.6068852543830872,-0.028708962723612785,0.6750493049621582,0.5769643187522888,-0.12219378352165222,0.5042550563812256,0.40424126386642456,-0.08578304201364517,0.40948086977005005,0.475887656211853,-0.07388821989297867,0.2268531769514084,0.5835143327713013,-0.06145656108856201,0.28951382637023926,0.5025898218154907,-0.054853230714797974,0.30222591757774353,0.48918014764785767,-0.04744327440857887,0.5205941796302795,0.5319005250930786,-0.09957034885883331,0.37389934062957764,0.6463167667388916,-0.11275146901607513,0.7283750772476196,0.5508356094360352,-0.11037279665470123,0.6619588136672974,0.6198343634605408,-0.10894922912120819,0.6232690811157227,0.6519903540611267,-0.10292034596204758,0.26845037937164307,0.3545546531677246,0.05383928865194321,0.7518571019172668,0.5142486691474915,-0.08346393704414368,0.3105766177177429,0.47677040100097656,-0.034121397882699966,0.31685930490493774,0.46428489685058594,-0.01995902881026268,0.3213319480419159,0.45625385642051697,-0.008206422440707684,0.19964303076267242,0.5586273670196533,-0.06133648008108139,0.299719899892807,0.4598717987537384,-0.016478557139635086,0.2833213210105896,0.47121548652648926,-0.029467185959219933,0.2702640891075134,0.4843253791332245,-0.04209687188267708,0.25999292731285095,0.4994277060031891,-0.05219174921512604,0.2557275891304016,0.5105900764465332,-0.05559631437063217,0.16914409399032593,0.6464873552322388,0.008077957667410374,0.27774643898010254,0.5119136571884155,-0.05756921321153641,0.5250245332717896,0.41550058126449585,-0.07219317555427551,0.48965850472450256,0.48817867040634155,-0.10277010500431061,0.4667626619338989,0.44072628021240234,-0.09339109063148499,0.509493887424469,0.44038933515548706,-0.09107547253370285,0.36177900433540344,0.38423168659210205,0.0065541984513401985,0.5927233099937439,0.6337448358535767,-0.11201910674571991,0.6340658664703369,0.6081375479698181,-0.1158074289560318,0.7103930115699768,0.5402851700782776,-0.11759130656719208,0.516132116317749,0.7180715799331665,-0.07589215040206909,0.31487002968788147,0.4542689323425293,-0.008035865612328053,0.40121936798095703,0.4105728268623352,-0.055770836770534515,0.7355576157569885,0.5032870173454285,-0.09075317531824112,0.6976916193962097,0.5858249068260193,-0.11714737117290497,0.373462438583374,0.699114203453064,-0.07517942786216736,0.5804595351219177,0.500592827796936,-0.08975046128034592,0.5828119516372681,0.508059024810791,-0.0967329815030098,0.5857030153274536,0.516521155834198,-0.10345341265201569,0.588700532913208,0.5242510437965393,-0.1053827628493309,0.6128201484680176,0.5277573466300964,-0.10511649399995804,0.5035548210144043,0.508933961391449,-0.09725432842969894,0.4980306625366211,0.5125295519828796,-0.10183455049991608,0.4926384687423706,0.5154612064361572,-0.10547767579555511,0.49622970819473267,0.5400137901306152,-0.11107329279184341,0.4027862548828125,0.6063203811645508,-0.12686893343925476,0.37968337535858154,0.41501423716545105,-0.032664623111486435,0.32542917132377625,0.4296111464500427,0.009438831359148026,0.31596335768699646,0.4426879584789276,0.000611659896094352,0.5071208477020264,0.5059155821800232,-0.09476066380739212,0.45934975147247314,0.6449435353279114,-0.11884254217147827,0.34165456891059875,0.41148748993873596,-0.0020348757971078157,0.6279111504554749,0.5460838079452515,-0.1090371236205101,0.4299071729183197,0.372782438993454,-0.06642455607652664,0.4011412262916565,0.39239320158958435,-0.05130917206406593,0.4083084464073181,0.37778252363204956,-0.040275707840919495,0.4220360815525055,0.43029406666755676,-0.07528106123209,0.7103657126426697,0.491583913564682,-0.09128481894731522,0.6840479969978333,0.4836069941520691,-0.08257437497377396,0.6619289517402649,0.514460027217865,-0.10071274638175964,0.5503405332565308,0.5796481966972351,-0.11088351160287857,0.44478684663772583,0.49846240878105164,-0.08794832229614258,0.5912837386131287,0.5676591396331787,-0.11020808666944504,0.4133618175983429,0.5380163788795471,-0.11682090163230896,0.45370346307754517,0.5218847990036011,-0.1050078496336937,0.4370204210281372,0.5750552415847778,-0.12460152059793472,0.6856150031089783,0.5265591740608215,-0.11539337038993835,0.42336615920066833,0.4525407552719116,-0.07608718425035477,0.5636751055717468,0.6070114374160767,-0.1156611293554306,0.6080907583236694,0.5865405201911926,-0.11402375251054764,0.5083616971969604,0.5829245448112488,-0.1198032945394516,0.4173666834831238,0.6613243818283081,-0.11308763176202774,0.5017096996307373,0.61822509765625,-0.12215670198202133,0.43120598793029785,0.7032892107963562,-0.09129621088504791,0.47048282623291016,0.5516102910041809,-0.11607009172439575,0.4043075740337372,0.4317529797554016,-0.05949753150343895,0.46492183208465576,0.42328599095344543,-0.1150679737329483,0.4596812129020691,0.44770991802215576,-0.10353068262338638,0.45865529775619507,0.40154844522476196,-0.1188068613409996,0.2995644509792328,0.43236231803894043,-0.0033904293086379766,0.26680469512939453,0.45068901777267456,-0.02807203121483326,0.24379169940948486,0.47109532356262207,-0.050452228635549545,0.22886154055595398,0.4931524097919464,-0.06558769941329956,0.2234334796667099,0.513934314250946,-0.07043980807065964,0.24423375725746155,0.5459465980529785,-0.06273913383483887,0.26870644092559814,0.6645115613937378,-0.05234670639038086,0.28435051441192627,0.5447491407394409,-0.0744285061955452,0.3060831129550934,0.5288318395614624,-0.07092835009098053,0.3241426944732666,0.505545437335968,-0.05927007645368576,0.33618250489234924,0.48289406299591064,-0.04067594185471535,0.34248635172843933,0.4649588167667389,-0.022149614989757538,0.3464584946632385,0.45120084285736084,-0.011070676147937775,0.26671096682548523,0.7065626382827759,0.010577116161584854,0.46415403485298157,0.4557192921638489,-0.09549543261528015,0.4209345877170563,0.40573543310165405,-0.07859086245298386,0.47636350989341736,0.400801420211792,-0.11819829046726227,0.4908604025840759,0.40433043241500854,-0.10554950684309006,0.47908687591552734,0.4087061583995819,-0.11065398156642914,0.47245582938194275,0.45862358808517456,-0.08567895740270615,0.49519580602645874,0.39880990982055664,-0.1089029461145401,0.49937909841537476,0.4093473553657532,-0.08837390691041946,0.3304266333580017,0.4453827142715454,0.002753612818196416,0.3447408974170685,0.437407910823822,0.0012236256152391434,0.35555586218833923,0.43120115995407104,-0.009545387700200081,0.2543835937976837,0.5180433392524719,-0.05675044283270836,0.23801153898239136,0.5231412649154663,-0.0632336214184761,0.4407031238079071,0.36566251516342163,-0.044733062386512756,0.4399269223213196,0.35702091455459595,0.17600208520889282,0.5150833129882812,0.38858452439308167,-0.06650514155626297,0.4010785222053528,0.34091734886169434,0.3604283928871155,0.4281861186027527,0.38109642267227173,0.1123456209897995,0.4376407563686371,0.37538525462150574,0.12784145772457123,0.44470950961112976,0.36912310123443604,0.14604893326759338,0.4419865012168884,0.3603300452232361,0.18131734430789948,0.41899123787879944,0.3835165202617645,0.09919020533561707,0.4115903675556183,0.3479519188404083,0.13812075555324554,0.40379881858825684,0.35565081238746643,0.12017680704593658,0.4194212257862091,0.34329769015312195,0.1563970148563385,0.42624524235725403,0.3437492251396179,0.1709471195936203,0.45197808742523193,0.36164912581443787,0.19482479989528656,0.7161381244659424,0.4534950256347656,-0.006083157379180193,0.4376804232597351,0.3542303442955017,0.1882806271314621,0.4750591218471527,0.3655634820461273,0.3308383822441101,0.44149157404899597,0.35279718041419983,0.2344435155391693,0.5239588022232056,0.3675763010978699,0.059212714433670044,0.5627933740615845,0.4042256474494934,-0.061227742582559586,0.568139910697937,0.4141507148742676,-0.05936531722545624,0.5788086652755737,0.3888910710811615,-0.02910550870001316,0.5919106602668762,0.382487952709198,0.0033296076580882072,0.5793468952178955,0.401661217212677,-0.03220686316490173,0.5894700288772583,0.3946968913078308,-0.0041882055811584,0.6569071412086487,0.4155796766281128,0.04080117866396904,0.5045962333679199,0.3655099868774414,-0.09600125253200531,0.48725658655166626,0.3571307063102722,-0.0935593992471695,0.41807255148887634,0.3256738781929016,0.20365040004253387,0.454952597618103,0.37569379806518555,0.04970502853393555,0.5202298760414124,0.364082396030426,-0.012974221259355545,0.5091023445129395,0.3647496700286865,-0.002763244090601802,0.5472316741943359,0.35351988673210144,0.1327633559703827,0.46332842111587524,0.3595592677593231,-0.07082776725292206,0.40248021483421326,0.32501891255378723,0.13750173151493073,0.4106115400791168,0.3215818405151367,0.17353449761867523,0.3669492304325104,0.3221701979637146,0.3169604539871216,0.3853873312473297,0.3575798273086548,0.053863562643527985,0.3991067111492157,0.36495649814605713,0.11061379313468933,0.6392438411712646,0.40155741572380066,0.06462886929512024,0.6634682416915894,0.44644588232040405,0.29693707823753357,0.5242360830307007,0.3782974183559418,-0.021442342549562454,0.521881103515625,0.3905072808265686,-0.04598856717348099,0.617156445980072,0.3840938210487366,0.053457893431186676,0.6138155460357666,0.39049002528190613,0.04001811891794205,0.4000639021396637,0.3133258521556854,0.19583328068256378,0.5285297632217407,0.3723783791065216,-0.00705313216894865,0.39375412464141846,0.33563411235809326,0.09691927582025528,0.3825267255306244,0.32578617334365845,0.10215393453836441,0.3000461757183075,0.3136536180973053,0.19171741604804993,0.37453800439834595,0.31482529640197754,0.2486664056777954,0.318597674369812,0.31676197052001953,0.14776650071144104,0.40833911299705505,0.32015401124954224,0.2340308129787445,0.40569809079170227,0.3293294310569763,0.2921364903450012,0.5672359466552734,0.4085603952407837,-0.06153860688209534,0.5802357792854309,0.39483964443206787,-0.03108268976211548,0.5916397571563721,0.38769418001174927,-0.002567825373262167,0.5248700976371765,0.38454359769821167,-0.026018677279353142,0.6158454418182373,0.38724327087402344,0.045507729053497314,0.6322824358940125,0.3942599892616272,0.02163458801805973,0.6119642853736877,0.3928980231285095,0.03707210719585419,0.5149969458580017,0.37084993720054626,-0.04683046042919159,0.5862718820571899,0.40044647455215454,-0.005851224530488253,0.5766827464103699,0.40767693519592285,-0.029987836256623268,0.5667527914047241,0.41963547468185425,-0.05449540168046951,0.6755795478820801,0.4567703306674957,-0.05461797118186951,0.6702927350997925,0.4471627473831177,-0.05976777896285057,0.6633083820343018,0.4444025754928589,-0.057945795357227325,0.6518899202346802,0.44331231713294983,-0.05011974275112152,0.6397150754928589,0.4436922073364258,-0.0447050966322422,0.6324026584625244,0.41467270255088806,0.0010520493378862739,0.6390899419784546,0.41013139486312866,-0.004359181970357895,0.647283673286438,0.40518391132354736,-0.006776109803467989,0.6533043384552002,0.40194985270500183,-0.0009528989903628826,0.5902944803237915,0.38521021604537964,0.02264406718313694,0.5670771598815918,0.4233580231666565,0.3837337791919708,0.6233277320861816,0.4045579433441162,0.02316715568304062,0.6284261345863342,0.39911770820617676,0.019890906289219856,0.5261458158493042,0.3970593810081482,-0.05094010755419731,0.5366752743721008,0.38459932804107666,-0.007619028445333242,0.5243092179298401,0.393858402967453,-0.04909463971853256,0.4759509563446045,0.37110626697540283,0.06715832650661469,0.5032926797866821,0.3612939417362213,0.08996714651584625,0.5189290642738342,0.3703641891479492,0.006333653349429369,0.3326852321624756,0.3125132918357849,0.2575584053993225,0.3454191982746124,0.3114723563194275,0.20103345811367035,0.39082443714141846,0.31482577323913574,0.15371523797512054,0.6669728755950928,0.42609283328056335,0.014151438139379025,0.3708270788192749,0.3424164354801178,0.060417309403419495,0.29563671350479126,0.3312952220439911,0.09917845577001572,0.2711021304130554,0.32510483264923096,0.12906207144260406,0.446091890335083,0.364441454410553,0.1655140519142151,0.4634634554386139,0.3638523817062378,0.21478524804115295,0.4125586152076721,0.3839361071586609,0.0971645638346672,0.42964598536491394,0.34310510754585266,0.20168878138065338,0.4355771541595459,0.3764824867248535,0.03686176985502243,0.5079883337020874,0.35985031723976135,-0.03729967772960663,0.5146032571792603,0.35252290964126587,0.24874289333820343,0.47778618335723877,0.3685080409049988,0.1841055154800415,0.48315709829330444,0.37419068813323975,0.14399081468582153,0.4697509706020355,0.38290488719940186,0.10863661766052246,0.45253661274909973,0.38866549730300903,0.08687799423933029,0.43967124819755554,0.39050817489624023,0.0679687038064003,0.39874979853630066,0.3750268518924713,0.005285113118588924,0.5585812330245972,0.35744279623031616,0.22755467891693115,0.4276157319545746,0.3380909562110901,0.22403909265995026,0.5113586187362671,0.38110068440437317,-0.092677541077137,0.47469985485076904,0.37453651428222656,0.03177659213542938,0.47432082891464233,0.392744779586792,0.41131898760795593,0.4286205768585205,0.39011698961257935,0.05869161710143089,0.5208387970924377,0.3765610158443451,0.02495448663830757,0.4364209771156311,0.35365140438079834,0.1966651976108551,0.49460333585739136,0.36141934990882874,-0.025746842846274376,0.6158884763717651,0.4343300461769104,0.3477523922920227,0.4073391556739807,0.3818020224571228,0.10856707394123077,0.47700589895248413,0.3589613437652588,-0.05031425505876541,0.6980919241905212,0.4311981797218323,0.13944369554519653,0.7194877862930298,0.4552187919616699,0.16790969669818878,0.5679256916046143,0.3860011696815491,0.30483680963516235,0.680611789226532,0.4231703281402588,0.18858791887760162,0.43662992119789124,0.34817731380462646,0.3192879557609558,0.741001307964325,0.46349769830703735,-0.0019606775604188442,0.513634979724884,0.39454957842826843,-0.07567285001277924,0.4974319040775299,0.37328392267227173,0.04426757991313934,0.4406830966472626,0.35464924573898315,0.26737597584724426,0.4381631314754486,0.36402344703674316,0.15010131895542145,0.4314616322517395,0.3698230981826782,0.13414259254932404,0.6352882385253906,0.39020442962646484,0.028202109038829803,0.5993926525115967,0.37044286727905273,0.2110442817211151,0.761658251285553,0.48923319578170776,-0.04142235964536667,0.7488858699798584,0.4675372242927551,0.060928139835596085,0.7366529703140259,0.46175867319107056,0.11080819368362427,0.42294615507125854,0.3748060166835785,0.12078642845153809,0.41409197449684143,0.3783336877822876,0.1134195327758789,0.40946629643440247,0.3806908130645752,0.11137697845697403,0.4202796220779419,0.3359287977218628,0.2563627362251282,0.4092184007167816,0.37173032760620117,0.11888588219881058,0.41495123505592346,0.36473917961120605,0.12736010551452637,0.4219527542591095,0.35870179533958435,0.14043806493282318,0.4291829466819763,0.3544396460056305,0.15570221841335297,0.43404117226600647,0.35336387157440186,0.16731855273246765,0.4337023198604584,0.3641626536846161,0.394793301820755,0.4401320815086365,0.35990482568740845,0.16494321823120117,0.5687762498855591,0.3856913447380066,-0.003838595934212208,0.5221468806266785,0.37359973788261414,-0.027874408289790154,0.5419799089431763,0.3992242217063904,-0.050627775490283966,0.7154749631881714,0.4424206018447876,0.09157758951187134,0.7268484830856323,0.4540753960609436,0.0449262410402298,0.7461642026901245,0.4787243604660034,-0.051954373717308044,0.6973510980606079,0.4527131915092468,0.23306728899478912,0.4077133536338806,0.37774479389190674,0.11326994001865387,0.4373449683189392,0.37020617723464966,-0.002705969614908099,0.7588143348693848,0.47504255175590515,0.008907427079975605,0.6126475930213928,0.39927953481674194,0.2761923670768738,0.6398180723190308,0.42748385667800903,-0.021117866039276123,0.6498367786407471,0.4241541028022766,-0.02524946816265583,0.6603332757949829,0.4217952787876129,-0.028646178543567657,0.6691336631774902,0.42176973819732666,-0.026352306827902794,0.6745152473449707,0.4391692280769348,-0.01690308004617691,0.6002344489097595,0.3913632929325104,0.021311728283762932,0.6027727127075195,0.38524308800697327,0.027902239933609962,0.6038479804992676,0.38010066747665405,0.033188723027706146,0.6149218678474426,0.39016395807266235,0.05129741132259369,0.5980063080787659,0.3681003153324127,0.147154301404953,0.4155941307544708,0.3761516809463501,0.02218828909099102,0.39635637402534485,0.377302885055542,0.07921241223812103,0.4002217650413513,0.37652114033699036,0.10262589901685715,0.5972335338592529,0.39589929580688477,0.01904686726629734,0.6488090753555298,0.3943915367126465,0.16000059247016907,0.3966577649116516,0.3780134320259094,0.039461344480514526,0.6914980411529541,0.4483678340911865,-0.01193107571452856,0.4208911955356598,0.370205819606781,-0.02270449325442314,0.4749060273170471,0.36874544620513916,-0.005624558310955763,0.694261372089386,0.46390408277511597,-0.05424122139811516,0.6674720644950867,0.4178015887737274,0.05732814222574234,0.5438818335533142,0.37730440497398376,0.03778180480003357,0.6828048229217529,0.4338291585445404,0.023537151515483856,0.5617406368255615,0.36378806829452515,0.08011794090270996,0.5727468729019165,0.3772294819355011,0.05210600793361664,0.6016479730606079,0.3729276657104492,0.10089309513568878,0.7216938734054565,0.4688645303249359,-0.054093435406684875,0.49075931310653687,0.3717992901802063,0.011991546489298344,0.6887560486793518,0.42470812797546387,0.07702765613794327,0.7018178701400757,0.4415109157562256,0.03494519740343094,0.6474888324737549,0.4012478291988373,0.0827765092253685,0.6326926946640015,0.3854599595069885,0.1980551928281784,0.660315752029419,0.4022710919380188,0.11236701905727386,0.6508188247680664,0.41297397017478943,0.24285948276519775,0.6066729426383972,0.3831336498260498,0.06972220540046692,0.4556242823600769,0.3728203773498535,0.01599876396358013,0.5144954919815063,0.36470693349838257,-0.046353332698345184,0.5244171619415283,0.3681178689002991,-0.024772251024842262,0.4971371293067932,0.3568117022514343,-0.06397415697574615,0.39286959171295166,0.3635241687297821,0.09319853037595749,0.39917001128196716,0.34807702898979187,0.11402127146720886,0.4080815315246582,0.33820998668670654,0.1357802003622055,0.41675251722335815,0.33310624957084656,0.16084130108356476,0.42386960983276367,0.33509960770606995,0.18303056061267853,0.4383113980293274,0.3536422550678253,0.2105521410703659,0.5221444964408875,0.3750244975090027,0.32360100746154785,0.45955753326416016,0.3658209443092346,0.17497090995311737,0.46067026257514954,0.37156111001968384,0.14663223922252655,0.45197975635528564,0.37901729345321655,0.12024953216314316,0.4384334683418274,0.38514775037765503,0.1005605012178421,0.42736780643463135,0.3878018856048584,0.08478865027427673,0.419323593378067,0.3884662091732025,0.07595068216323853,0.5183101296424866,0.41208499670028687,0.4073551297187805,0.5284253358840942,0.37523961067199707,-0.017982609570026398,0.4564664363861084,0.3652798533439636,-0.02387010119855404,0.5088207125663757,0.3631324768066406,-0.07423072308301926,0.5128860473632812,0.38028034567832947,-0.08024659007787704,0.5123632550239563,0.3712301552295685,-0.06585106253623962,0.5310578346252441,0.38363486528396606,-0.02056824415922165,0.5131115317344666,0.37965402007102966,-0.08816534280776978,0.5156644582748413,0.39153003692626953,-0.07112573832273483,0.4065042734146118,0.38347893953323364,0.09520545601844788,0.4089139401912689,0.3869093656539917,0.06947314739227295,0.4144839942455292,0.3869019150733948,0.046717919409275055,0.43668046593666077,0.3534740209579468,0.17704151570796967,0.4310159981250763,0.346494197845459,0.18583300709724426,0.2875899076461792,0.49075230956077576,-0.037396278232336044,0.30220797657966614,0.47392600774765015,-0.037396278232336044,0.2710151970386505,0.4846290349960327,-0.037396278232336044,0.27281510829925537,0.5077325701713562,-0.037396278232336044,0.30378884077072144,0.49689197540283203,-0.037396278232336044,0.4211045205593109,0.3599783182144165,0.1417272537946701,0.4311370253562927,0.35252106189727783,0.1417272537946701,0.408219575881958,0.3526983857154846,0.1417272537946701,0.4106138050556183,0.36739885807037354,0.1417272537946701,0.4333154857158661,0.3669590353965759,0.1417272537946701,0,0,0,0,0,1,1,0,0,0,0,0,0.06251552700996399,0.04897630214691162,0.07618903368711472,0.05046386644244194,0.03133087605237961,0.04443623125553131,0.05876544117927551,0.04994884505867958,0.06256230920553207,0.08429504185914993,0.6018383502960205,0.18075275421142578,Neutral,-5.669395446777344,-26.904829025268555
141,4.7,27.586816225301103,1.2722199284961877,0.21271740635147068,0.583884060382843,0.45740658044815063,-0.10069256275892258,0.557305097579956,0.3971565365791321,-0.13521093130111694,0.5509596467018127,0.4352007508277893,-0.08807822316884995,0.47073715925216675,0.3937791883945465,-0.09614801406860352,0.5411450266838074,0.38509222865104675,-0.1362772285938263,0.5130416750907898,0.3808976411819458,-0.11754075437784195,0.43440648913383484,0.37700822949409485,-0.02849351055920124,0.24418529868125916,0.4928794205188751,-0.052557241171598434,0.39532458782196045,0.36347758769989014,0.00843521673232317,0.37763962149620056,0.34945249557495117,0.01708420179784298,0.2919243276119232,0.30843913555145264,0.08392225950956345,0.592560350894928,0.4645819067955017,-0.10049518197774887,0.6005491018295288,0.4733203649520874,-0.09611105918884277,0.6049474477767944,0.4803248941898346,-0.08925400674343109,0.6102210283279419,0.4826657176017761,-0.0766831487417221,0.6203710436820984,0.489360511302948,-0.08435321599245071,0.6300525665283203,0.4979916512966156,-0.09255199134349823,0.6367851495742798,0.5071634650230408,-0.0918862521648407,0.6758611798286438,0.5436717867851257,-0.07915831357240677,0.5604441165924072,0.411561518907547,-0.1269274204969406,0.5315996408462524,0.43472665548324585,-0.10958904027938843,0.05801713466644287,0.5477322936058044,0.019318781793117523,0.32165172696113586,0.4620482921600342,-0.03693743422627449,0.3029290437698364,0.47605660557746887,-0.052578143775463104,0.2802325487136841,0.4903923273086548,-0.06142062693834305,0.23330457508563995,0.507418155670166,-0.060638830065727234,0.3343573212623596,0.44847649335861206,-0.017589520663022995,0.2531197667121887,0.44461140036582947,-0.0487784706056118,0.2786654829978943,0.4314478039741516,-0.02688845433294773,0.2302890121936798,0.4622929096221924,-0.059432338923215866,0.21690818667411804,0.4790950417518616,-0.06176754832267761,0.22338445484638214,0.5308262705802917,-0.06462004780769348,0.6051934957504272,0.6259080171585083,-0.11803311854600906,0.2269340455532074,0.49792253971099854,-0.04979817569255829,0.1240079402923584,0.603830099105835,-0.0124273132532835,0.178383007645607,0.5460556745529175,-0.05407082289457321,0.3934677243232727,0.5079182982444763,-0.09974869340658188,0.5514777898788452,0.4757513403892517,-0.11667835712432861,0.5739805698394775,0.4920906126499176,-0.11039126664400101,0.5236889123916626,0.5035480856895447,-0.12439755350351334,0.5079858303070068,0.5232223868370056,-0.11983069032430649,0.5484716892242432,0.5100425481796265,-0.11593301594257355,0.5297669768333435,0.5241610407829285,-0.10895509272813797,0.5081138610839844,0.5987343788146973,-0.10746775567531586,0.539888858795166,0.4088626503944397,-0.14362645149230957,0.5216571092605591,0.3994704782962799,-0.14611661434173584,0.16927261650562286,0.49155208468437195,-0.07258036732673645,0.394840806722641,0.4529457688331604,-0.05391836538910866,0.4625633656978607,0.4672875702381134,-0.12211679667234421,0.44659295678138733,0.46699056029319763,-0.11298083513975143,0.315407931804657,0.5604951977729797,-0.12253347784280777,0.4958914816379547,0.39489513635635376,-0.12695489823818207,0.22384026646614075,0.4303353726863861,-0.060973700135946274,0.19082729518413544,0.4602356553077698,-0.07137376070022583,0.07147234678268433,0.4951213598251343,0.008728734217584133,0.3374894857406616,0.38094478845596313,-0.016454843804240227,0.30363932251930237,0.4246997833251953,-0.007087291218340397,0.46846672892570496,0.5939323902130127,-0.11380887776613235,0.2975262999534607,0.7424232959747314,-0.024694226682186127,0.4874528646469116,0.46461164951324463,-0.10438854247331619,0.5101714730262756,0.4558562934398651,-0.09491738677024841,0.4992038905620575,0.549037516117096,-0.101679727435112,0.506218671798706,0.5445861220359802,-0.09734033048152924,0.16482949256896973,0.4643726944923401,-0.061833955347537994,0.4624156355857849,0.47988882660865784,-0.11237853020429611,0.27113351225852966,0.40342965722084045,-0.04197506979107857,0.2582743763923645,0.39587992429733276,-0.04151991009712219,0.16381606459617615,0.3883051872253418,0.011589341796934605,0.12442925572395325,0.4765999913215637,-0.028208598494529724,0.21510399878025055,0.38810867071151733,-0.01211903803050518,0.14153242111206055,0.5023330450057983,-0.058594781905412674,0.10686549544334412,0.5229623317718506,-0.017080483958125114,0.5631452202796936,0.48441779613494873,-0.11625966429710388,0.5362781882286072,0.5070778131484985,-0.12125109136104584,0.5188817381858826,0.5238063931465149,-0.11589653044939041,0.49384742975234985,0.4659002721309662,-0.096112921833992,0.5030244588851929,0.5467115044593811,-0.0985441505908966,0.5194008350372314,0.5438342690467834,-0.10140351206064224,0.509221076965332,0.5425935983657837,-0.0962718278169632,0.5048778653144836,0.4402981996536255,-0.130477175116539,0.5373462438583374,0.5238724946975708,-0.10499565303325653,0.5570012331008911,0.5116455554962158,-0.10779032856225967,0.5806173086166382,0.4967678189277649,-0.10417742282152176,0.6392219066619873,0.5665203928947449,-0.09579885005950928,0.6046565771102905,0.5268132090568542,-0.10882539302110672,0.5991076231002808,0.5168068408966064,-0.10861371457576752,0.5918537974357605,0.5065687298774719,-0.10001981258392334,0.5853079557418823,0.4991105794906616,-0.09177156537771225,0.5406092405319214,0.5253952145576477,-0.09534724056720734,0.5404622554779053,0.5313912034034729,-0.10117243975400925,0.5397917628288269,0.5393355488777161,-0.10753000527620316,0.5395246744155884,0.5475533604621887,-0.10892140120267868,0.4697701334953308,0.5380262732505798,-0.1169821247458458,0.16938288509845734,0.7000707387924194,0.03027007356286049,0.556087851524353,0.4237615764141083,-0.1007280945777893,0.5243871212005615,0.534085214138031,-0.09420248121023178,0.5222964882850647,0.5384386777877808,-0.09834486991167068,0.5227217674255371,0.45614928007125854,-0.09971107542514801,0.4743995666503906,0.48744916915893555,-0.09169086068868637,0.517038881778717,0.4557426869869232,-0.09737291187047958,0.37946850061416626,0.47564223408699036,-0.06950760632753372,0.35433322191238403,0.5057482719421387,-0.09388984739780426,0.44569239020347595,0.4795807898044586,-0.10496476292610168,0.10569331049919128,0.44202715158462524,0.0036794336047023535,0.15928687155246735,0.43213480710983276,-0.025674456730484962,0.2047497034072876,0.42789819836616516,-0.05438648909330368,0.5476039052009583,0.5946695804595947,-0.10936972498893738,0.31704431772232056,0.36763736605644226,-0.01751229725778103,0.2694937586784363,0.35445165634155273,0.013138357549905777,0.224419504404068,0.34602534770965576,0.03971927985548973,0.2544000744819641,0.5024957656860352,-0.06360527873039246,0.20540986955165863,0.5588533282279968,-0.07302200049161911,0.3408278524875641,0.4379124641418457,-0.005562803708016872,0.19358129799365997,0.5059144496917725,-0.06304550170898438,0.402932733297348,0.4331321120262146,-0.04781855642795563,0.4788978695869446,0.4434741139411926,-0.13264378905296326,0.19611318409442902,0.5930195450782776,-0.07656266540288925,0.2410496473312378,0.5495740175247192,-0.09055502712726593,0.28474825620651245,0.5289212465286255,-0.09189988672733307,0.32752662897109985,0.49702972173690796,-0.07319936156272888,0.3506418466567993,0.4725756347179413,-0.05140203982591629,0.36712613701820374,0.4521614909172058,-0.03616510331630707,0.41750603914260864,0.3933367431163788,-0.037932995706796646,0.23662549257278442,0.6155037879943848,-0.09993121027946472,0.16930150985717773,0.5207738876342773,-0.06353429704904556,0.5499725937843323,0.4177556335926056,-0.13406041264533997,0.4167810082435608,0.4580407440662384,-0.0709897056221962,0.08808353543281555,0.6386722326278687,0.048499058932065964,0.3785844147205353,0.43379268050193787,-0.023083990439772606,0.438004732131958,0.4889034926891327,-0.08213308453559875,0.21380294859409332,0.5061404705047607,-0.053569234907627106,0.46057751774787903,0.4435579776763916,-0.11982990056276321,0.22425463795661926,0.7256639003753662,0.0072016604244709015,0.33299529552459717,0.4358542263507843,0.002417432377114892,0.4778127670288086,0.4164862036705017,-0.12811484932899475,0.43775564432144165,0.6948826909065247,-0.10119964927434921,0.4485791027545929,0.7283666133880615,-0.08352786302566528,0.19548924267292023,0.6640015244483948,-0.0388152189552784,0.3711918890476227,0.7074627876281738,-0.09226890653371811,0.10915860533714294,0.5631648898124695,-0.007907434366643429,0.6212524175643921,0.6473584175109863,-0.12106677889823914,0.5471783876419067,0.42860889434814453,-0.10419946908950806,0.4062349498271942,0.4819137454032898,-0.08030741661787033,0.15066251158714294,0.5686139464378357,-0.04780058562755585,0.2769394814968109,0.47850558161735535,-0.05234336853027344,0.2973240613937378,0.46743354201316833,-0.045543234795331955,0.5162676572799683,0.54958176612854,-0.10341319441795349,0.2735757827758789,0.6438127160072327,-0.10382681339979172,0.6945762038230896,0.6364368796348572,-0.10723945498466492,0.5826629996299744,0.6877286434173584,-0.10254032164812088,0.5239707231521606,0.7079513072967529,-0.0947093814611435,0.3280335068702698,0.323499858379364,0.050933972001075745,0.7427802085876465,0.6028732061386108,-0.07933969795703888,0.3115932047367096,0.4574440121650696,-0.0318593755364418,0.3228503465652466,0.4469796121120453,-0.016617557033896446,0.32986995577812195,0.4397759437561035,-0.003602786920964718,0.13990607857704163,0.5372382998466492,-0.050461310893297195,0.31018900871276855,0.4388457238674164,-0.013616838492453098,0.29089561104774475,0.446624755859375,-0.0279683955013752,0.27225229144096375,0.4571121335029602,-0.0408952459692955,0.25329700112342834,0.47094106674194336,-0.05042348429560661,0.2409958839416504,0.4824000597000122,-0.052596770226955414,0.06267109513282776,0.5930845737457275,0.038291480392217636,0.2597292959690094,0.48663756251335144,-0.053908076137304306,0.5608541965484619,0.44324108958244324,-0.0870702937245369,0.48415982723236084,0.5112428069114685,-0.11427921801805496,0.48844629526138306,0.4587630033493042,-0.10895539075136185,0.5303047895431519,0.46668025851249695,-0.10580535233020782,0.40977686643600464,0.3742101192474365,-0.0005534915253520012,0.5029013752937317,0.6825351715087891,-0.10389754176139832,0.5603001117706299,0.6676055192947388,-0.11097503453493118,0.6813231706619263,0.6190820336341858,-0.11955312639474869,0.3762582540512085,0.7414299249649048,-0.058483172208070755,0.3254849910736084,0.43617022037506104,-0.004024564288556576,0.43485650420188904,0.41348618268966675,-0.06772865355014801,0.7311956882476807,0.5859134793281555,-0.09251394122838974,0.640313446521759,0.6639339923858643,-0.11304805427789688,0.24237972497940063,0.6912650465965271,-0.05332721397280693,0.5613099932670593,0.5138425827026367,-0.09635160863399506,0.5639113783836365,0.5209634304046631,-0.10358487069606781,0.567383885383606,0.5303505063056946,-0.11083795875310898,0.571395993232727,0.5403757095336914,-0.11223277449607849,0.591848611831665,0.5849679708480835,-0.10922451317310333,0.5161744356155396,0.5351282954216003,-0.10373963415622711,0.5077857971191406,0.536788821220398,-0.1084265410900116,0.49940335750579834,0.5379059910774231,-0.11219018697738647,0.46370548009872437,0.5664252042770386,-0.11710986495018005,0.32784250378608704,0.6120598912239075,-0.12600690126419067,0.4097416400909424,0.4120209217071533,-0.03990558162331581,0.3473333716392517,0.41185086965560913,0.011448448523879051,0.3306180536746979,0.42422059178352356,0.004238374996930361,0.5230116248130798,0.5331271290779114,-0.10050707310438156,0.3631451725959778,0.6611571311950684,-0.11161916702985764,0.37713220715522766,0.39374101161956787,-0.005871469620615244,0.5941613912582397,0.6063152551651001,-0.1109006479382515,0.4860979914665222,0.3804222047328949,-0.08642572164535522,0.4450632631778717,0.39406412839889526,-0.06568657606840134,0.4610118269920349,0.37921804189682007,-0.05544138327240944,0.44494324922561646,0.43911972641944885,-0.08824340999126434,0.7131537199020386,0.5686402916908264,-0.09455198794603348,0.6908150911331177,0.5552181601524353,-0.08551967144012451,0.6489039659500122,0.5827512145042419,-0.10350016504526138,0.4949413537979126,0.6200241446495056,-0.11117271333932877,0.4316396713256836,0.5123400092124939,-0.09438694268465042,0.5434839725494385,0.6184751391410828,-0.11114092171192169,0.37771016359329224,0.547775387763977,-0.12240361422300339,0.428618848323822,0.539121150970459,-0.11165370792150497,0.382257342338562,0.5889212489128113,-0.12720860540866852,0.6653908491134644,0.5999020934104919,-0.11857885867357254,0.43350905179977417,0.4613940715789795,-0.08636011928319931,0.4910225570201874,0.6504906415939331,-0.11238298565149307,0.5478917956352234,0.6412936449050903,-0.11209776252508163,0.4508819580078125,0.6125718355178833,-0.1209193617105484,0.3097906708717346,0.6675710082054138,-0.10265951603651047,0.42238274216651917,0.645713746547699,-0.11936048418283463,0.29848968982696533,0.7086440324783325,-0.0716082975268364,0.430340439081192,0.5723031163215637,-0.12103084474802017,0.425637811422348,0.43584001064300537,-0.06889072060585022,0.49608567357063293,0.44188401103019714,-0.1361735463142395,0.4770182967185974,0.4647108018398285,-0.11989515274763107,0.5006524920463562,0.41973960399627686,-0.14313942193984985,0.318805992603302,0.40882882475852966,-0.0028463914059102535,0.2767951786518097,0.42090457677841187,-0.029463184997439384,0.24390508234500885,0.43792760372161865,-0.052384231239557266,0.21701590716838837,0.46001315116882324,-0.06641187518835068,0.19845788180828094,0.4827646315097809,-0.06913488358259201,0.19914087653160095,0.5245921015739441,-0.05527888238430023,0.1560981273651123,0.6352919340133667,-0.028913427144289017,0.24697060883045197,0.5238032341003418,-0.07056096941232681,0.28023743629455566,0.5090477466583252,-0.06958751380443573,0.3116120994091034,0.4878728985786438,-0.059266719967126846,0.3350222110748291,0.467303991317749,-0.04032789170742035,0.34990614652633667,0.45027053356170654,-0.021472791209816933,0.36052820086479187,0.4368049204349518,-0.00970503594726324,0.12590599060058594,0.6714356541633606,0.046068619936704636,0.4769298732280731,0.4729739725589752,-0.10959302634000778,0.4576644003391266,0.4139670133590698,-0.0948013886809349,0.5201424360275269,0.42226776480674744,-0.14272573590278625,0.5339111089706421,0.42711713910102844,-0.1283000111579895,0.5189407467842102,0.42986175417900085,-0.13293145596981049,0.4836706221103668,0.47676408290863037,-0.09829489886760712,0.5412673354148865,0.4228247106075287,-0.13288207352161407,0.5395418405532837,0.43290117383003235,-0.10683033615350723,0.34340181946754456,0.4293767809867859,0.007092715706676245,0.3646216094493866,0.4223712384700775,0.002686512190848589,0.38190823793411255,0.4157543480396271,-0.011998182162642479,0.23360632359981537,0.49054598808288574,-0.05252993851900101,0.20928387343883514,0.49518638849258423,-0.0592171885073185,0.501929521560669,0.37406861782073975,-0.06283525377511978,0.4979538917541504,0.33578914403915405,0.18877731263637543,0.5660179853439331,0.41240906715393066,-0.0845228061079979,0.46333539485931396,0.31180477142333984,0.40406322479248047,0.47811728715896606,0.36255207657814026,0.11858488619327545,0.4914918541908264,0.3565417230129242,0.13467435538768768,0.5028140544891357,0.35026779770851135,0.15443362295627594,0.5073503255844116,0.33691227436065674,0.19424234330654144,0.4644237756729126,0.3662773370742798,0.1052372083067894,0.4542423188686371,0.32469451427459717,0.14430461823940277,0.44180846214294434,0.3333786129951477,0.12573741376399994,0.4692452549934387,0.3197709918022156,0.16423310339450836,0.4828730821609497,0.31998229026794434,0.18063825368881226,0.5284678936004639,0.33891820907592773,0.2093925178050995,0.7429683208465576,0.5214966535568237,-0.003143681911751628,0.4979648292064667,0.33068421483039856,0.202414408326149,0.5326855182647705,0.35115736722946167,0.3667125105857849,0.5262532234191895,0.3270084261894226,0.2544534206390381,0.5868542790412903,0.3844073414802551,0.05787428840994835,0.6048259735107422,0.43831688165664673,-0.07653826475143433,0.6203316450119019,0.4588575065135956,-0.07344042509794235,0.6284289360046387,0.4277125597000122,-0.04125985503196716,0.6444408893585205,0.42366814613342285,-0.004250865429639816,0.6344296932220459,0.44824665784835815,-0.043595828115940094,0.6442495584487915,0.44123217463493347,-0.011452020145952702,0.7010893821716309,0.46611085534095764,0.043062932789325714,0.5694859027862549,0.3899284899234772,-0.12207493931055069,0.5558834671974182,0.3777630031108856,-0.12043914943933487,0.4852656126022339,0.30369579792022705,0.21512266993522644,0.5111125111579895,0.3794686794281006,0.04769063740968704,0.5857291221618652,0.38479289412498474,-0.026454681530594826,0.5741506814956665,0.3822277784347534,-0.01429031789302826,0.6177605986595154,0.36888769268989563,0.13840900361537933,0.5287991762161255,0.373991459608078,-0.09407290071249008,0.4437546730041504,0.3058473765850067,0.1397642195224762,0.4644651412963867,0.3012339472770691,0.1797722727060318,0.44087105989456177,0.2880067527294159,0.35273778438568115,0.4088600277900696,0.3435489535331726,0.049935054033994675,0.4355863332748413,0.3443118929862976,0.11701272428035736,0.6882212162017822,0.44550034403800964,0.06841383129358292,0.6753772497177124,0.47984498739242554,0.3382374346256256,0.580601155757904,0.4012438654899597,-0.03364714980125427,0.5714900493621826,0.4140986502170563,-0.05978783592581749,0.6637229919433594,0.42691320180892944,0.05598156154155731,0.6588417291641235,0.4310162663459778,0.04099116101861,0.4586217701435089,0.29245704412460327,0.20554234087467194,0.5889957547187805,0.3945692777633667,-0.018406430259346962,0.4244702160358429,0.31850171089172363,0.09579446166753769,0.4140792489051819,0.3093734383583069,0.10047561675310135,0.38060832023620605,0.2728239893913269,0.20913562178611755,0.4571106731891632,0.2871960401535034,0.2673678696155548,0.40199849009513855,0.2865165174007416,0.15231850743293762,0.48317989706993103,0.2965078353881836,0.250366747379303,0.4794105589389801,0.30457431077957153,0.3187704086303711,0.6139184236526489,0.4481699466705322,-0.07657173275947571,0.6325317621231079,0.43801066279411316,-0.043068476021289825,0.6451044082641602,0.43216532468795776,-0.01043647900223732,0.5778691172599792,0.40792983770370483,-0.03783499449491501,0.6612666845321655,0.4290103316307068,0.04716607555747032,0.662505567073822,0.4383727014064789,0.020917488262057304,0.6566432118415833,0.43288785219192505,0.03790495544672012,0.5764203071594238,0.39306023716926575,-0.0655650794506073,0.6423313617706299,0.4487658143043518,-0.012238787487149239,0.6344215273857117,0.4568856358528137,-0.039403703063726425,0.6224815845489502,0.46729400753974915,-0.0662844330072403,0.6995601654052734,0.5237176418304443,-0.058137159794569016,0.6578854918479919,0.4876243472099304,-0.06815645843744278,0.6498479843139648,0.4795233905315399,-0.0671817883849144,0.638144850730896,0.472849041223526,-0.05833498388528824,0.6269822716712952,0.4694269597530365,-0.052666641771793365,0.644340991973877,0.44983065128326416,-0.0022241391707211733,0.6533998250961304,0.44904640316963196,-0.00783048290759325,0.6628670692443848,0.44913449883461,-0.010916287079453468,0.6715213656425476,0.45079225301742554,-0.003955285996198654,0.6453328132629395,0.42004159092903137,0.01702612265944481,0.5883450508117676,0.4270581901073456,0.4367122948169708,0.6492069959640503,0.4421291947364807,0.02265484817326069,0.6561602354049683,0.44008368253707886,0.0190583486109972,0.5725896954536438,0.4219309985637665,-0.06499026715755463,0.5898071527481079,0.4088299870491028,-0.016060398891568184,0.5722657442092896,0.4180503189563751,-0.06323178112506866,0.5347048044204712,0.3776125907897949,0.06696333736181259,0.5688004493713379,0.3711560368537903,0.09141235798597336,0.5807609558105469,0.389751672744751,-0.0029118007514625788,0.41393959522247314,0.27402961254119873,0.2839674651622772,0.4307806193828583,0.28167715668678284,0.21257321536540985,0.4347860813140869,0.2962701916694641,0.15798667073249817,0.7073758840560913,0.4828071594238281,0.014587456360459328,0.39248332381248474,0.32832109928131104,0.05536802113056183,0.3700697422027588,0.30074962973594666,0.09890108555555344,0.3428236246109009,0.2838038206100464,0.1392560750246048,0.5084547400474548,0.34340953826904297,0.17616401612758636,0.5509874224662781,0.33977195620536804,0.23213012516498566,0.4539754092693329,0.3673909306526184,0.10393401235342026,0.4991241991519928,0.31922221183776855,0.21583516895771027,0.4910616874694824,0.3775968849658966,0.033132489770650864,0.576047420501709,0.37977272272109985,-0.055426087230443954,0.5828331708908081,0.35172078013420105,0.27078741788864136,0.558890700340271,0.3491297662258148,0.1967225968837738,0.5539603233337402,0.3600447177886963,0.15148088335990906,0.5299060344696045,0.3712657392024994,0.11298772692680359,0.5061469078063965,0.37642714381217957,0.08954013884067535,0.48719924688339233,0.3789214491844177,0.06911524385213852,0.4535656273365021,0.37105855345726013,-0.003380261128768325,0.6246470808982849,0.3683105409145355,0.24683870375156403,0.5050041079521179,0.31413978338241577,0.24057359993457794,0.5677216053009033,0.4065937399864197,-0.11689906567335129,0.5322723984718323,0.3834869861602783,0.027372730895876884,0.5103722214698792,0.3748248517513275,0.46628737449645996,0.4704126715660095,0.3790956139564514,0.05917317792773247,0.5781177282333374,0.3956749737262726,0.02076423354446888,0.5020689964294434,0.3287819027900696,0.21169163286685944,0.5613939166069031,0.3775840401649475,-0.041612304747104645,0.6317685842514038,0.4521338939666748,0.3961601257324219,0.4467011094093323,0.36461353302001953,0.11732900142669678,0.5442027449607849,0.3739506006240845,-0.07058046013116837,0.7301708459854126,0.48205506801605225,0.1593313217163086,0.7373045682907104,0.5116204023361206,0.19281156361103058,0.6158762574195862,0.3929930329322815,0.3398756682872772,0.7129411697387695,0.46575406193733215,0.21354687213897705,0.5015081167221069,0.32758012413978577,0.3522243797779083,0.762550950050354,0.536489725112915,0.0028273521456867456,0.5617397427558899,0.4195530414581299,-0.09386024624109268,0.5559954047203064,0.38590580224990845,0.041591666638851166,0.5350441932678223,0.3262171149253845,0.29222872853279114,0.4911207854747772,0.3448616862297058,0.15974460542201996,0.4816690683364868,0.3510814905166626,0.14221404492855072,0.668334424495697,0.43745291233062744,0.028096485882997513,0.6581835746765137,0.39215970039367676,0.23037688434123993,0.7702029943466187,0.5738124847412109,-0.035286884754896164,0.7685155272483826,0.5388785004615784,0.0756758525967598,0.7566431760787964,0.526386559009552,0.130063995718956,0.4703410267829895,0.35628658533096313,0.12824973464012146,0.45822396874427795,0.36070388555526733,0.1211763471364975,0.45061585307121277,0.3634900748729706,0.12010796368122101,0.5064389705657959,0.309231162071228,0.2776350677013397,0.44742634892463684,0.35160303115844727,0.12664204835891724,0.4543798863887787,0.3425159156322479,0.13446186482906342,0.4648270905017853,0.33541929721832275,0.14812658727169037,0.4773664176464081,0.3310920000076294,0.16462740302085876,0.4872404932975769,0.3302716016769409,0.17799656093120575,0.4834308624267578,0.3397810757160187,0.44547054171562195,0.4957856237888336,0.3400338292121887,0.17618581652641296,0.6228544116020203,0.41717517375946045,-0.012795963324606419,0.5813556909561157,0.3961174488067627,-0.041785892099142075,0.5874402523040771,0.4280610680580139,-0.06444212794303894,0.7459406852722168,0.5009350776672363,0.10683498531579971,0.7529491186141968,0.5189935564994812,0.05503243952989578,0.7588843107223511,0.5582581758499146,-0.05204915255308151,0.7112356424331665,0.4993915855884552,0.265224814414978,0.44635042548179626,0.3598940968513489,0.12158016860485077,0.49647632241249084,0.3747774660587311,-0.013118420727550983,0.7753188610076904,0.5534364581108093,0.01944919489324093,0.6533823013305664,0.41875776648521423,0.3094542622566223,0.637884259223938,0.45855510234832764,-0.02680588699877262,0.6483890414237976,0.45953863859176636,-0.031395863741636276,0.6595989465713501,0.46291303634643555,-0.03520088642835617,0.6691744327545166,0.4687553942203522,-0.0319807343184948,0.708980917930603,0.5018190741539001,-0.019087420776486397,0.651761531829834,0.43539246916770935,0.018373578786849976,0.6546164751052856,0.429374098777771,0.0254062507301569,0.6563032865524292,0.4233413338661194,0.03096862882375717,0.6682000160217285,0.4293339252471924,0.05062815546989441,0.6594346761703491,0.39455682039260864,0.1571657508611679,0.4705209732055664,0.3742280602455139,0.016350148245692253,0.4305405020713806,0.36085355281829834,0.08356774598360062,0.43721163272857666,0.3583707809448242,0.10929635912179947,0.6484220027923584,0.44162747263908386,0.016616778448224068,0.6973199248313904,0.4323926270008087,0.17699086666107178,0.4261617064476013,0.3658100962638855,0.03687809407711029,0.7209901213645935,0.5121896266937256,-0.010868743993341923,0.478994220495224,0.37273693084716797,-0.03629997372627258,0.5364500284194946,0.3801981806755066,-0.01666507124900818,0.7149988412857056,0.5333452820777893,-0.05575845390558243,0.7108712196350098,0.4686075448989868,0.06312194466590881,0.6018513441085815,0.40034472942352295,0.03484905883669853,0.7197259664535522,0.49121183156967163,0.027216877788305283,0.6269813776016235,0.38732653856277466,0.08123397082090378,0.631405234336853,0.4059574007987976,0.05050560086965561,0.6615471839904785,0.4046022593975067,0.10629428923130035,0.7398957014083862,0.5433767437934875,-0.0553956963121891,0.5506100654602051,0.3846943974494934,0.004166425671428442,0.7293419241905212,0.4786111116409302,0.08758467435836792,0.7351875305175781,0.5018098950386047,0.04213981702923775,0.6961691379547119,0.4453240931034088,0.08927199244499207,0.6835495233535767,0.41631975769996643,0.21861565113067627,0.7080767750740051,0.4469289481639862,0.12355053424835205,0.6853418350219727,0.44409382343292236,0.27326375246047974,0.6616383790969849,0.4188804626464844,0.07102897018194199,0.5139549970626831,0.37943705916404724,0.00880242045968771,0.5795386433601379,0.3866739273071289,-0.0657477006316185,0.5871118307113647,0.3905394673347473,-0.03922373428940773,0.5666926503181458,0.3768421411514282,-0.08687347918748856,0.4249897301197052,0.34564852714538574,0.09697796404361725,0.4351188838481903,0.3280918002128601,0.11766038835048676,0.45089906454086304,0.3172529935836792,0.1403818279504776,0.46839115023612976,0.3120688199996948,0.1676231175661087,0.4841999411582947,0.3127465844154358,0.1929459422826767,0.5133512616157532,0.32860472798347473,0.22739329934120178,0.5757669806480408,0.3707335591316223,0.3593369722366333,0.5306434035301208,0.3459283709526062,0.1868416965007782,0.5253592133522034,0.3548250198364258,0.15519262850284576,0.509629487991333,0.3632727265357971,0.12602552771568298,0.4904240369796753,0.3693400025367737,0.10548385977745056,0.47407373785972595,0.3727930188179016,0.0887598991394043,0.46176043152809143,0.3743082880973816,0.07974278926849365,0.5455219745635986,0.40331900119781494,0.4626222252845764,0.5869286060333252,0.3982394337654114,-0.03033652901649475,0.5190706253051758,0.37508252263069153,-0.03842412680387497,0.5752588510513306,0.38626939058303833,-0.09769546985626221,0.5692235231399536,0.40434426069259644,-0.10232848674058914,0.5738855600357056,0.39400219917297363,-0.0871034637093544,0.5846673250198364,0.40750762820243835,-0.03175448998808861,0.5701964497566223,0.40454572439193726,-0.11155030876398087,0.5654147267341614,0.4160391092300415,-0.0891442596912384,0.4448469877243042,0.36667096614837646,0.10256042331457138,0.44676607847213745,0.37231624126434326,0.07281779497861862,0.45085668563842773,0.3754996061325073,0.045932330191135406,0.49366945028305054,0.33048373460769653,0.1893170326948166,0.49389004707336426,0.3224716782569885,0.1984802484512329,0.26866114139556885,0.47522902488708496,-0.034116726368665695,0.2910681664943695,0.4604164659976959,-0.034116726368665695,0.25482627749443054,0.4664662778377533,-0.034116726368665695,0.2456507682800293,0.49021169543266296,-0.034116726368665695,0.2820010483264923,0.48396021127700806,-0.034116726368665695,0.4594997763633728,0.3465431332588196,0.15118442475795746,0.47217535972595215,0.3396122455596924,0.15118442475795746,0.4437485933303833,0.3367220163345337,0.15118442475795746,0.4468581974506378,0.35307076573371887,0.15118442475795746,0.4749847650527954,0.3563425540924072,0.15118442475795746,0,0,0,0,0,1,0,0,0,0,0,0,0.04692263528704643,0.04369432106614113,0.08751235902309418,0.04582639038562775,0.024332396686077118,0.04338733106851578,0.057824745774269104,0.07477258145809174,0.06299704313278198,0.08516453206539154,0.9454649090766907,0.1915532350540161,Happiness,820.5120239257812,269.6789245605469
142,4.733333333333333,33.235335671133676,-9.352036824145808,0.5991824724515306,0.5489507913589478,0.41089656949043274,-0.10350888967514038,0.5194686651229858,0.3785898685455322,-0.12285630404949188,0.5287193059921265,0.4158714711666107,-0.08383059501647949,0.4410511255264282,0.3913767337799072,-0.08241632580757141,0.5009828805923462,0.37012702226638794,-0.12186111509799957,0.47527164220809937,0.3721093535423279,-0.10215228796005249,0.4045986831188202,0.3861963450908661,-0.013509590178728104,0.25628137588500977,0.5190956592559814,-0.04939952492713928,0.36240994930267334,0.3802834153175354,0.02512948587536812,0.34091439843177795,0.36999598145484924,0.03641195595264435,0.26135456562042236,0.3519204258918762,0.10497663170099258,0.5535321831703186,0.4136943221092224,-0.10455615073442459,0.5564460754394531,0.4192931652069092,-0.1010439544916153,0.5565754771232605,0.4250396490097046,-0.09613845497369766,0.6219256520271301,0.4684351980686188,-0.08493562787771225,0.6334784030914307,0.4723926782608032,-0.09323354810476303,0.6455001831054688,0.4779454469680786,-0.10070400685071945,0.6526854038238525,0.4850268065929413,-0.10008430480957031,0.6831325888633728,0.4900606870651245,-0.08809255063533783,0.5279184579849243,0.3923836350440979,-0.1164964884519577,0.5087094902992249,0.41824012994766235,-0.10284822434186935,0.11159491539001465,0.6067377328872681,0.01661454327404499,0.31792718172073364,0.48307231068611145,-0.03320201486349106,0.3056309223175049,0.4980332553386688,-0.04874725639820099,0.289786159992218,0.5134578943252563,-0.057845208793878555,0.25279197096824646,0.5317302942276001,-0.05831269547343254,0.32569923996925354,0.4691869616508484,-0.013379915617406368,0.25229203701019287,0.47306039929389954,-0.040198422968387604,0.2724149823188782,0.4580591917037964,-0.018296565860509872,0.23615750670433044,0.4912949800491333,-0.05146908015012741,0.2282848209142685,0.5077233910560608,-0.05502598360180855,0.25123268365859985,0.5539026260375977,-0.06449797749519348,0.644743800163269,0.5770360231399536,-0.13533535599708557,0.24130314588546753,0.5246147513389587,-0.04688941687345505,0.19091370701789856,0.6435656547546387,-0.02120036445558071,0.21748125553131104,0.5667558908462524,-0.054661255329847336,0.40775325894355774,0.5058354139328003,-0.09881383925676346,0.5189865827560425,0.4347791075706482,-0.11959478259086609,0.5330666303634644,0.44316616654396057,-0.11611893028020859,0.5003266930580139,0.46790841221809387,-0.12963363528251648,0.4906734526157379,0.493474543094635,-0.12850427627563477,0.5140920877456665,0.46865347027778625,-0.12330149114131927,0.5038155317306519,0.49022600054740906,-0.11877507716417313,0.5506818294525146,0.5652903914451599,-0.12242947518825531,0.5067587494850159,0.39148271083831787,-0.13161109387874603,0.48739951848983765,0.3853299021720886,-0.13221104443073273,0.19210149347782135,0.5190319418907166,-0.06384768337011337,0.3926135301589966,0.45839163661003113,-0.04850443825125694,0.4567834436893463,0.4574443995952606,-0.11684256047010422,0.44282206892967224,0.46004730463027954,-0.10779574513435364,0.3530336022377014,0.5656582713127136,-0.12470553815364838,0.4638006091117859,0.3867676854133606,-0.11262577027082443,0.22671057283878326,0.46016985177993774,-0.046736057847738266,0.2033829391002655,0.4896266460418701,-0.05891825258731842,0.10595503449440002,0.5547038912773132,0.012526937760412693,0.3152150809764862,0.40633684396743774,-0.0009275635820813477,0.2929121255874634,0.44922637939453125,0.00010884273069677874,0.5123795866966248,0.5674012899398804,-0.12812988460063934,0.40052711963653564,0.7481558918952942,-0.055254921317100525,0.47864851355552673,0.45212623476982117,-0.10028912872076035,0.4968877136707306,0.4410358667373657,-0.09049930423498154,0.496547669172287,0.5326448082923889,-0.11634370684623718,0.5027362108230591,0.5276755690574646,-0.11141209304332733,0.18105769157409668,0.49314963817596436,-0.049795910716056824,0.46158328652381897,0.4698386788368225,-0.10908710956573486,0.2631741464138031,0.4325225055217743,-0.026272593066096306,0.24912920594215393,0.424601674079895,-0.024254854768514633,0.16070759296417236,0.4406295120716095,0.026842668652534485,0.1419723927974701,0.524470329284668,-0.018366405740380287,0.1999763697385788,0.4285743832588196,0.006486854050308466,0.16941215097904205,0.5287383794784546,-0.05125456303358078,0.14261609315872192,0.5709248185157776,-0.013135851360857487,0.5265522003173828,0.43875598907470703,-0.12062612920999527,0.5070735216140747,0.46819329261779785,-0.1280192881822586,0.4969366192817688,0.4920223355293274,-0.1251285970211029,0.48515748977661133,0.45277246832847595,-0.09220684319734573,0.5000122785568237,0.5301224589347839,-0.11284565180540085,0.5249276757240295,0.5345044136047363,-0.11519479751586914,0.5048017501831055,0.525710940361023,-0.11032701283693314,0.48525986075401306,0.42638832330703735,-0.12231588363647461,0.5079909563064575,0.48910999298095703,-0.11561524868011475,0.5191900730133057,0.4688420593738556,-0.11688866466283798,0.5362343788146973,0.44702601432800293,-0.11197677999734879,0.6565961837768555,0.5157778859138489,-0.10541404038667679,0.6235514879226685,0.5127727389335632,-0.11771247535943985,0.6169971823692322,0.5049980282783508,-0.11764220893383026,0.607290506362915,0.4969405233860016,-0.1097521260380745,0.5990321040153503,0.49074581265449524,-0.10096016526222229,0.5514307618141174,0.5196738839149475,-0.10711845755577087,0.5514981746673584,0.525258481502533,-0.11318792402744293,0.5517249703407288,0.5332538485527039,-0.11983790993690491,0.5520747303962708,0.540683388710022,-0.12179645895957947,0.49025958776474,0.5180813074111938,-0.12388686835765839,0.2696914076805115,0.731864333152771,0.003529235487803817,0.5287935733795166,0.4049822986125946,-0.09409969300031662,0.5306790471076965,0.5249861478805542,-0.10721650719642639,0.5281109809875488,0.5293508768081665,-0.11177279055118561,0.5094748735427856,0.4386500418186188,-0.0964316576719284,0.4758510887622833,0.4755519926548004,-0.09087835997343063,0.5038386583328247,0.43959543108940125,-0.09319867193698883,0.3855610489845276,0.4808841943740845,-0.06606858223676682,0.3712962865829468,0.5105640888214111,-0.0917731374502182,0.44664013385772705,0.47220224142074585,-0.10190508514642715,0.12107931077480316,0.49920031428337097,0.013296716846525669,0.15981855988502502,0.4775617718696594,-0.011267859488725662,0.20813320577144623,0.45746201276779175,-0.03945378214120865,0.5836164951324463,0.5558624863624573,-0.12346934527158737,0.29407042264938354,0.3933890461921692,0.0008681844337843359,0.24350053071975708,0.39073771238327026,0.03398386761546135,0.20725566148757935,0.39385998249053955,0.0586753785610199,0.2704932689666748,0.5265044569969177,-0.06055343523621559,0.24587327241897583,0.5804538726806641,-0.07530318200588226,0.3294912278652191,0.4587109088897705,-0.0012278546346351504,0.21765993535518646,0.5307651162147522,-0.05871105194091797,0.3934912085533142,0.43952858448028564,-0.04054379090666771,0.4628888964653015,0.4326087534427643,-0.12397405505180359,0.253959983587265,0.618478536605835,-0.08247561007738113,0.2721588909626007,0.574438214302063,-0.09185431152582169,0.30349868535995483,0.5544337630271912,-0.09176894277334213,0.3322429358959198,0.5200698971748352,-0.07129041850566864,0.3462410271167755,0.4938070476055145,-0.04848578944802284,0.3553107678890228,0.4731123745441437,-0.03125893324613571,0.3937806487083435,0.4024703800678253,-0.02470792643725872,0.2991550862789154,0.6317645907402039,-0.10866168886423111,0.20068907737731934,0.5444143414497375,-0.0592687614262104,0.5197240114212036,0.39907053112983704,-0.12387973070144653,0.4141470789909363,0.45867353677749634,-0.06617429852485657,0.1729360818862915,0.6880286335945129,0.0310417078435421,0.3618370294570923,0.45452752709388733,-0.016715897247195244,0.4436161518096924,0.48281329870224,-0.08201278001070023,0.23361736536026,0.5316133499145508,-0.05125391110777855,0.44767245650291443,0.43611738085746765,-0.11132542788982391,0.3281078636646271,0.7466995716094971,-0.021641535684466362,0.32142266631126404,0.45736342668533325,0.00688856141641736,0.45425739884376526,0.4087633788585663,-0.11598432064056396,0.5146251916885376,0.6716402769088745,-0.12492617219686508,0.5336625576019287,0.7033113837242126,-0.11122433841228485,0.2789655327796936,0.6878594160079956,-0.055890753865242004,0.45725664496421814,0.6959416270256042,-0.11619282513856888,0.16111436486244202,0.60819011926651,-0.01038909237831831,0.6672898530960083,0.5952896475791931,-0.1412937194108963,0.521557629108429,0.4104696810245514,-0.09787578135728836,0.41198956966400146,0.48170483112335205,-0.07771841436624527,0.20171330869197845,0.5873916149139404,-0.05081425607204437,0.2825135290622711,0.5034001469612122,-0.04865412786602974,0.29673272371292114,0.49116694927215576,-0.041461069136857986,0.5210745930671692,0.5394963622093201,-0.11767542362213135,0.34318268299102783,0.6519017219543457,-0.11694110929965973,0.7285352349281311,0.5731732249259949,-0.12919211387634277,0.6434157490730286,0.6393178105354309,-0.1277041882276535,0.5963748693466187,0.6692052483558655,-0.12115728855133057,0.29206186532974243,0.35588210821151733,0.07288143783807755,0.7618932723999023,0.5359017848968506,-0.10033075511455536,0.305875688791275,0.48019397258758545,-0.027563784271478653,0.3132452666759491,0.4688347578048706,-0.012377044185996056,0.31880828738212585,0.46118927001953125,0.0007314022514037788,0.1801394373178482,0.5586088299751282,-0.04826182499527931,0.29799968004226685,0.461880624294281,-0.007298443932086229,0.2805579900741577,0.47140073776245117,-0.020723208785057068,0.26574429869651794,0.48380130529403687,-0.0335981510579586,0.2528038024902344,0.49880048632621765,-0.04382205009460449,0.2463301420211792,0.5100702047348022,-0.04734816402196884,0.13223832845687866,0.6490998864173889,0.028172476217150688,0.2691696882247925,0.512298583984375,-0.050523776561021805,0.5411432385444641,0.4197086989879608,-0.08521643280982971,0.49342459440231323,0.49286949634552,-0.11691568791866302,0.4770309031009674,0.44609880447387695,-0.10334745049476624,0.5207457542419434,0.4446847438812256,-0.10489275306463242,0.3811962604522705,0.38859713077545166,0.014541290700435638,0.5704572200775146,0.6481103897094727,-0.12754197418689728,0.6181657314300537,0.62445068359375,-0.13316918909549713,0.7127941846847534,0.5594028830528259,-0.137688547372818,0.47192445397377014,0.7306448221206665,-0.08714210987091064,0.31349632143974304,0.4581606388092041,0.0014493386261165142,0.4153427481651306,0.4156780242919922,-0.05699090659618378,0.748196005821228,0.5219420194625854,-0.10988115519285202,0.6880530118942261,0.6072636246681213,-0.13671304285526276,0.3318038582801819,0.7051321268081665,-0.07391894608736038,0.5760802030563354,0.5079378485679626,-0.10672145336866379,0.5789922475814819,0.5150730013847351,-0.1145518496632576,0.5844560861587524,0.524042010307312,-0.12187178432941437,0.5896244049072266,0.5321964621543884,-0.12347142398357391,0.6197804808616638,0.5398669242858887,-0.12120220065116882,0.49972566962242126,0.5104132890701294,-0.11532517522573471,0.49401912093162537,0.513138473033905,-0.12010560184717178,0.4884316325187683,0.5153315663337708,-0.12372668087482452,0.4964516758918762,0.5434539914131165,-0.12785550951957703,0.3816951513290405,0.6116330027580261,-0.13439232110977173,0.39272791147232056,0.4199276268482208,-0.029952898621559143,0.33026933670043945,0.4330940842628479,0.019548621028661728,0.3174169957637787,0.4462292194366455,0.010766926221549511,0.5035083889961243,0.5080764889717102,-0.11299432814121246,0.4326424300670624,0.6519164443016052,-0.1286507099866867,0.35230985283851624,0.41425883769989014,0.006265642121434212,0.6287003755569458,0.5601348876953125,-0.12516148388385773,0.45129430294036865,0.37760865688323975,-0.07144094258546829,0.4183923304080963,0.3972185254096985,-0.051826607435941696,0.42868727445602417,0.38217800855636597,-0.040330760180950165,0.4329639673233032,0.43585288524627686,-0.08032160997390747,0.7254793643951416,0.5082855820655823,-0.10924418270587921,0.7007401585578918,0.49895843863487244,-0.09791284054517746,0.6706846952438354,0.5296404361724854,-0.11677594482898712,0.5436162352561951,0.5886744260787964,-0.12791070342063904,0.4451102316379547,0.5041671395301819,-0.09567245841026306,0.5872334837913513,0.5795316696166992,-0.12703146040439606,0.405523419380188,0.5433833003044128,-0.12429671734571457,0.4511299431324005,0.5271443128585815,-0.11573457717895508,0.4241982102394104,0.580278754234314,-0.1350242793560028,0.6911957859992981,0.543399453163147,-0.13421399891376495,0.4303165078163147,0.45819172263145447,-0.08152718096971512,0.5486450791358948,0.6187077164649963,-0.13204866647720337,0.5980106592178345,0.6005561947822571,-0.1312708854675293,0.49985265731811523,0.5891934633255005,-0.1356479823589325,0.3853469789028168,0.6678216457366943,-0.11964816600084305,0.4828019142150879,0.6262274980545044,-0.13585308194160461,0.39009204506874084,0.7110209465026855,-0.09494561702013016,0.4655325412750244,0.5559577941894531,-0.12923066318035126,0.41468268632888794,0.4371775984764099,-0.06147073954343796,0.47754770517349243,0.4287915825843811,-0.1272677779197693,0.46864640712738037,0.45305484533309937,-0.11443702131509781,0.4747992753982544,0.4072872996330261,-0.13107915222644806,0.30525627732276917,0.4330526292324066,0.0070511396043002605,0.27098342776298523,0.4482708275318146,-0.018122417852282524,0.24477319419384003,0.4670015573501587,-0.04153433069586754,0.22525522112846375,0.488844096660614,-0.056787967681884766,0.2147001475095749,0.510552704334259,-0.06134415790438652,0.22788161039352417,0.5473636984825134,-0.054030876606702805,0.23220127820968628,0.667617678642273,-0.042233746498823166,0.2695770859718323,0.5478575825691223,-0.07016001641750336,0.29468607902526855,0.5325482487678528,-0.0677528977394104,0.3161766231060028,0.509812593460083,-0.05644594505429268,0.3309914469718933,0.4880613088607788,-0.037215057760477066,0.33977821469306946,0.47084495425224304,-0.016971327364444733,0.3465196192264557,0.45709922909736633,-0.004927640315145254,0.22020459175109863,0.7124022245407104,0.023695357143878937,0.47219499945640564,0.4611312448978424,-0.10570577532052994,0.43590047955513,0.4112534523010254,-0.08372870832681656,0.49301624298095703,0.4066733717918396,-0.13183759152889252,0.507725179195404,0.41010335087776184,-0.11897000670433044,0.49477580189704895,0.41426941752433777,-0.12347329407930374,0.48025649785995483,0.46415138244628906,-0.09554342180490494,0.5131551027297974,0.40486401319503784,-0.12301835417747498,0.5156271457672119,0.4153471887111664,-0.10033123195171356,0.3303649127483368,0.45045197010040283,0.011865672655403614,0.3477141261100769,0.44263535737991333,0.009005673229694366,0.3615807890892029,0.4360806941986084,-0.003361333394423127,0.24342739582061768,0.5178152918815613,-0.04831645265221596,0.226480171084404,0.5218967795372009,-0.05443352833390236,0.46442240476608276,0.3702391982078552,-0.048334889113903046,0.4711107015609741,0.3400985598564148,0.1959928572177887,0.5358765125274658,0.3951696455478668,-0.0771336704492569,0.43459001183509827,0.34281206130981445,0.4109210669994354,0.45033934712409973,0.37206923961639404,0.1257350593805313,0.46413660049438477,0.3641877770423889,0.14233744144439697,0.4750823676586151,0.3559025824069977,0.16211356222629547,0.47766998410224915,0.3410142660140991,0.20114286243915558,0.4365974962711334,0.3766520023345947,0.11250860244035721,0.4305920898914337,0.3323519229888916,0.15586388111114502,0.41765835881233215,0.3431835174560547,0.13694888353347778,0.4448855519294739,0.3255569338798523,0.1754065752029419,0.456951379776001,0.3245944678783417,0.19114118814468384,0.4958922863006592,0.3422444462776184,0.2150564342737198,0.7382065057754517,0.46714550256729126,-0.018498901277780533,0.4698905348777771,0.33450478315353394,0.20980750024318695,0.5058662295341492,0.36820775270462036,0.36516138911247253,0.4901580512523651,0.3313002586364746,0.25973325967788696,0.5525168776512146,0.37291908264160156,0.061888959258794785,0.5643821358680725,0.38553446531295776,-0.07860958576202393,0.5732450485229492,0.3994728922843933,-0.07839276641607285,0.585405707359314,0.3693460524082184,-0.04461817815899849,0.601952075958252,0.36539405584335327,-0.010805451311171055,0.5871017575263977,0.38613659143447876,-0.04963380843400955,0.5993884205818176,0.3807639479637146,-0.01970731094479561,0.6861525774002075,0.4248679280281067,0.029306180775165558,0.5296568274497986,0.371517539024353,-0.10953684896230698,0.5132762789726257,0.3623497486114502,-0.10585565119981766,0.4587845802307129,0.3069678843021393,0.22826765477657318,0.4801902174949646,0.3800922930240631,0.05553147569298744,0.5476166605949402,0.36981502175331116,-0.018554113805294037,0.5364103317260742,0.3699614703655243,-0.006528568919748068,0.5801639556884766,0.3596212565898895,0.14121468365192413,0.48828575015068054,0.3644700050354004,-0.07903767377138138,0.4250086545944214,0.31152668595314026,0.1569526344537735,0.44260427355766296,0.30512943863868713,0.1957131177186966,0.4038889408111572,0.321974515914917,0.3648452162742615,0.3890053629875183,0.3541416525840759,0.06639902293682098,0.41054093837738037,0.3555530309677124,0.1265910118818283,0.6692754030227661,0.409710168838501,0.05519798398017883,0.676215410232544,0.46631914377212524,0.31977471709251404,0.5478403568267822,0.3851572275161743,-0.028139596804976463,0.5421257019042969,0.39717552065849304,-0.05459149554371834,0.627595067024231,0.37976503372192383,0.042330898344516754,0.6232351064682007,0.384998083114624,0.027698827907443047,0.43549713492393494,0.296555757522583,0.22093376517295837,0.5538455247879028,0.3787204623222351,-0.012463673949241638,0.40667298436164856,0.32636457681655884,0.1129913330078125,0.39696264266967773,0.31750163435935974,0.1196417585015297,0.33672448992729187,0.31284552812576294,0.22875289618968964,0.41298648715019226,0.31288260221481323,0.2810472548007965,0.3545313775539398,0.315608412027359,0.1729133427143097,0.4540422856807709,0.3002775311470032,0.262526273727417,0.44201233983039856,0.3283277153968811,0.3277463912963867,0.5703959465026855,0.39107245206832886,-0.08009873330593109,0.5878326892852783,0.3772140145301819,-0.048040006309747696,0.6017318964004517,0.37207794189453125,-0.01782909780740738,0.5467310547828674,0.3915533721446991,-0.032461728900671005,0.6257622241973877,0.38250166177749634,0.033744219690561295,0.6435284614562988,0.39514273405075073,0.008212120272219181,0.6207988262176514,0.38695162534713745,0.024641253054142,0.5401179194450378,0.37730950117111206,-0.05557922646403313,0.5952802896499634,0.3880845308303833,-0.02152871899306774,0.5846261382102966,0.3948523998260498,-0.04726998880505562,0.5723246335983276,0.40754377841949463,-0.07319722324609756,0.6985201835632324,0.46994587779045105,-0.06736251711845398,0.6717555522918701,0.45779889822006226,-0.07606705278158188,0.6626746654510498,0.45202505588531494,-0.07514893263578415,0.6487886905670166,0.44861066341400146,-0.06711302697658539,0.6361538767814636,0.44787290692329407,-0.06080128625035286,0.6392702460289001,0.4160230755805969,-0.012569434009492397,0.6476702094078064,0.4128738045692444,-0.018572721630334854,0.6578291654586792,0.4096871316432953,-0.021470077335834503,0.6659996509552002,0.40868330001831055,-0.015134841203689575,0.6183727979660034,0.39031359553337097,0.012673367746174335,0.5835841298103333,0.43776360154151917,0.4227525591850281,0.632561445236206,0.4036327600479126,0.010559925809502602,0.6385666131973267,0.39920833706855774,0.006690022069960833,0.5453248023986816,0.40300893783569336,-0.06096278876066208,0.5587533116340637,0.3914373517036438,-0.013062278740108013,0.5438982844352722,0.400204598903656,-0.05829774960875511,0.5027968883514404,0.3756786584854126,0.07345277070999146,0.5334570407867432,0.3658975660800934,0.09741004556417465,0.5452866554260254,0.37603044509887695,0.0030147891957312822,0.3710550367832184,0.3112795352935791,0.3002447783946991,0.38349786400794983,0.3095283508300781,0.22980935871601105,0.41560494899749756,0.302148699760437,0.17566639184951782,0.6957353353500366,0.4361362159252167,0.0018272687448188663,0.37431642413139343,0.33914849162101746,0.07459213584661484,0.32660308480262756,0.3312292695045471,0.12095018476247787,0.3031121790409088,0.3254852890968323,0.16036738455295563,0.47993773221969604,0.3481065034866333,0.1834777146577835,0.5157320499420166,0.3424084782600403,0.23597919940948486,0.4265332818031311,0.37842798233032227,0.11101968586444855,0.46947842836380005,0.32304760813713074,0.2250870317220688,0.46003198623657227,0.38056591153144836,0.0423443578183651,0.5357527136802673,0.3654748797416687,-0.044759877026081085,0.5488851070404053,0.3568961024284363,0.2717902958393097,0.5263445377349854,0.350488543510437,0.2012004852294922,0.5238432884216309,0.36130744218826294,0.15673935413360596,0.5009618997573853,0.3750441074371338,0.11900866031646729,0.47740066051483154,0.3827807903289795,0.09594697505235672,0.45904332399368286,0.3867778480052948,0.07645167410373688,0.421190470457077,0.3788382112979889,0.010535362176597118,0.5910677313804626,0.3646671772003174,0.2453518658876419,0.4728013873100281,0.31794658303260803,0.2499072104692459,0.5336403846740723,0.38747549057006836,-0.10626867413520813,0.49979615211486816,0.3794791102409363,0.03441369906067848,0.4972012937068939,0.400160014629364,0.4603857100009918,0.4435259699821472,0.3880140781402588,0.06750964373350143,0.545791506767273,0.3826705813407898,0.023947130888700485,0.4723416566848755,0.33261412382125854,0.21882306039333344,0.5218124389648438,0.3666412830352783,-0.030999451875686646,0.6305330991744995,0.45189744234085083,0.37968936562538147,0.4196676015853882,0.37598681449890137,0.12429339438676834,0.5034916400909424,0.36378180980682373,-0.05713961645960808,0.7209078073501587,0.4449126720428467,0.14011040329933167,0.7352985143661499,0.4746879041194916,0.17377300560474396,0.5948545932769775,0.39454883337020874,0.33057349920272827,0.7024478912353516,0.437446266412735,0.1954871565103531,0.47018927335739136,0.3488418459892273,0.35564687848091125,0.7609503865242004,0.4790305495262146,-0.014983778819441795,0.5329573750495911,0.401045024394989,-0.08726271241903305,0.523566484451294,0.3784768283367157,0.04685986042022705,0.49553829431533813,0.33165180683135986,0.29551962018013,0.46569836139678955,0.3512164354324341,0.16735592484474182,0.4559822082519531,0.3593628406524658,0.14998486638069153,0.6476737260818481,0.3920576572418213,0.0149415647611022,0.6295822858810425,0.38031238317489624,0.22418653964996338,0.777176022529602,0.5091114044189453,-0.055533453822135925,0.7654755115509033,0.4859212338924408,0.05582224205136299,0.7532855272293091,0.48024454712867737,0.11023083329200745,0.4439416229724884,0.3661752939224243,0.13583023846149445,0.4311247766017914,0.37141573429107666,0.12857072055339813,0.4233969748020172,0.3745669722557068,0.12711045145988464,0.4709964096546173,0.3141544759273529,0.28568235039711,0.4201611876487732,0.36247164011001587,0.1352926343679428,0.4272094964981079,0.3521720767021179,0.14427852630615234,0.43789759278297424,0.3430342674255371,0.1581149399280548,0.45061078667640686,0.336666464805603,0.17443448305130005,0.4601307511329651,0.33474984765052795,0.18709780275821686,0.4625682830810547,0.3684147298336029,0.4461669921875,0.4698672890663147,0.345115065574646,0.1837093085050583,0.5940607786178589,0.39050179719924927,-0.013422985561192036,0.5468515753746033,0.3802756667137146,-0.03437989577651024,0.5621475577354431,0.40353307127952576,-0.06270315498113632,0.7380691766738892,0.45596227049827576,0.08672626316547394,0.7475454211235046,0.468421995639801,0.03588829189538956,0.7641923427581787,0.49557918310165405,-0.0689755231142044,0.7108467817306519,0.473092645406723,0.24675995111465454,0.41926291584968567,0.37102019786834717,0.12934866547584534,0.46175456047058105,0.37447962164878845,-0.001235086703673005,0.7755587697029114,0.4938523769378662,-0.0007318969001062214,0.6366889476776123,0.4109611511230469,0.29630792140960693,0.6415232419967651,0.43084603548049927,-0.035798948258161545,0.6524286866188049,0.429200679063797,-0.040822695940732956,0.6658440232276917,0.42912453413009644,-0.04435521736741066,0.676591157913208,0.4325614869594574,-0.04146256670355797,0.7012953758239746,0.45066237449645996,-0.029803913086652756,0.6105749607086182,0.38062626123428345,0.0075277164578437805,0.6137745380401611,0.37439918518066406,0.01458052173256874,0.6154694557189941,0.3680606484413147,0.02050318755209446,0.644560694694519,0.39655160903930664,0.04175352677702904,0.6289523243904114,0.3771205544471741,0.1533430963754654,0.43891704082489014,0.38005247712135315,0.027558283880352974,0.40492919087409973,0.37277060747146606,0.09273842722177505,0.41097405552864075,0.37030428647994995,0.11823830008506775,0.6061097979545593,0.38575688004493713,0.005240920931100845,0.6772456169128418,0.4056498110294342,0.16477708518505096,0.40210282802581787,0.37692880630493164,0.04967052862048149,0.7153177857398987,0.4606025218963623,-0.023740965873003006,0.44386082887649536,0.3744472861289978,-0.02185712568461895,0.5006269216537476,0.3735954165458679,-0.006922221276909113,0.7153487801551819,0.4777120053768158,-0.06825413554906845,0.6962777376174927,0.4273918867111206,0.04798690602183342,0.570152223110199,0.38335731625556946,0.036332156509160995,0.7093168497085571,0.44458821415901184,0.012939801439642906,0.5928220152854919,0.3702901601791382,0.0824233889579773,0.6016786694526672,0.383211225271225,0.04897482320666313,0.632771372795105,0.3810853958129883,0.10160254687070847,0.7416073083877563,0.4839525520801544,-0.07006055861711502,0.5163480639457703,0.37701207399368286,0.011426799930632114,0.7161223888397217,0.43576541543006897,0.07029227912425995,0.7262495756149292,0.45358240604400635,0.02520306222140789,0.6773481369018555,0.4099430441856384,0.07622548937797546,0.6609634160995483,0.3970189094543457,0.20787401497364044,0.6897636651992798,0.41251587867736816,0.11014272272586823,0.6727097034454346,0.4267427623271942,0.25688526034355164,0.6366873979568481,0.39022889733314514,0.06479549407958984,0.48045599460601807,0.3774464726448059,0.01810428686439991,0.5410000085830688,0.37097927927970886,-0.054991964250802994,0.5505989789962769,0.3744005560874939,-0.03161847963929176,0.5244024395942688,0.36226046085357666,-0.07377702742815018,0.40160152316093445,0.35667684674263,0.10812586545944214,0.4133186340332031,0.33681154251098633,0.13078787922859192,0.4292353093624115,0.32376396656036377,0.15411485731601715,0.44522377848625183,0.3166261315345764,0.18098443746566772,0.4585094451904297,0.316542387008667,0.20509490370750427,0.48049095273017883,0.3325968086719513,0.23381711542606354,0.5514242649078369,0.3804660439491272,0.3538441061973572,0.4998813569545746,0.34902745485305786,0.19263266026973724,0.49589061737060547,0.3586152195930481,0.16160006821155548,0.4808201491832733,0.3691254258155823,0.13276976346969604,0.46166878938674927,0.3774768114089966,0.1119270995259285,0.4455965459346771,0.38215625286102295,0.09595150500535965,0.43394193053245544,0.3844366669654846,0.086951844394207,0.5372166633605957,0.42291855812072754,0.452084481716156,0.5528402924537659,0.3818395137786865,-0.02419590950012207,0.4815749526023865,0.36989402770996094,-0.026163779199123383,0.5351483821868896,0.3692017197608948,-0.08557771146297455,0.5356358289718628,0.3867175281047821,-0.09234458953142166,0.5372419357299805,0.3775205910205841,-0.07634522020816803,0.5531430840492249,0.3906199634075165,-0.027072018012404442,0.5358628034591675,0.38598302006721497,-0.10117561370134354,0.5357773303985596,0.3980514109134674,-0.08219563215970993,0.4178798496723175,0.3784688711166382,0.10975167155265808,0.4199749827384949,0.3835396468639374,0.08101090788841248,0.42505311965942383,0.38569313287734985,0.05580448359251022,0.46611732244491577,0.3343948721885681,0.19774246215820312,0.46583348512649536,0.3264572024345398,0.2073196917772293,0.2744511365890503,0.4939836263656616,-0.029306618496775627,0.2906731367111206,0.47822821140289307,-0.029306618496775627,0.2578932046890259,0.4877449870109558,-0.029306618496775627,0.25774481892585754,0.5100131630897522,-0.029306618496775627,0.29047441482543945,0.5002995729446411,-0.029306618496775627,0.4315726161003113,0.3509948253631592,0.15931029617786407,0.44407933950424194,0.34222081303596497,0.15931029617786407,0.41759639978408813,0.341916024684906,0.15931029617786407,0.4188022017478943,0.359714150428772,0.15931029617786407,0.44510942697525024,0.3597713112831116,0.15931029617786407,0,0,0,0,0,1,1,0,0,0,0,0,0.07493110001087189,0.059414349496364594,0.12200336903333664,0.06723406910896301,0.030931778252124786,0.067182756960392,0.09424151480197906,0.08155147731304169,0.08558668941259384,0.11691637337207794,1.2451245784759521,0.28652504086494446,Neutral,2.1230051517486572,-6.73154354095459
144,4.8,32.24505757619573,0.25115497647939494,0.3480443981108173,0.5684201121330261,0.44011619687080383,-0.1032562404870987,0.5404391288757324,0.38968002796173096,-0.1255389302968979,0.5351747274398804,0.4295983910560608,-0.08538215607404709,0.45304831862449646,0.3892706632614136,-0.08561145514249802,0.5238909721374512,0.37814682722091675,-0.12482105195522308,0.49529027938842773,0.37569141387939453,-0.10508087277412415,0.41487181186676025,0.37611502408981323,-0.01586281508207321,0.21318292617797852,0.4917198121547699,-0.055467307567596436,0.3746187686920166,0.3642563223838806,0.022949116304516792,0.35683703422546387,0.3505863547325134,0.03382348269224167,0.271377831697464,0.3149416744709015,0.10697361081838608,0.5769979953765869,0.4458785951137543,-0.10389728099107742,0.5834857225418091,0.452914834022522,-0.10015075653791428,0.5864942073822021,0.45847412943840027,-0.09428179264068604,0.6075788140296936,0.4765627682209015,-0.08389207720756531,0.6197260022163391,0.4828624427318573,-0.09156589955091476,0.6317006349563599,0.491538405418396,-0.09945696592330933,0.6391093730926514,0.5003892183303833,-0.09904476255178452,0.6674738526344299,0.5350789427757263,-0.08776313066482544,0.5439118146896362,0.4045906662940979,-0.11882827430963516,0.5164856910705566,0.4268321990966797,-0.10523154586553574,0.04602351784706116,0.5422332882881165,0.005531810224056244,0.29371219873428345,0.460877388715744,-0.03640991821885109,0.2727552354335785,0.47556811571121216,-0.053065937012434006,0.24939729273319244,0.489998459815979,-0.06315287202596664,0.20487114787101746,0.5047544240951538,-0.06477435678243637,0.30917975306510925,0.4465796947479248,-0.015798060223460197,0.2226313054561615,0.4433230757713318,-0.04632790759205818,0.2509142756462097,0.42957809567451477,-0.022986259311437607,0.1981322467327118,0.46101611852645874,-0.0587184764444828,0.18532297015190125,0.4773167073726654,-0.06250160932540894,0.19486725330352783,0.5278046131134033,-0.07109927386045456,0.5996899604797363,0.6150466799736023,-0.13465462625026703,0.1969345360994339,0.4961812496185303,-0.0532839298248291,0.11388994753360748,0.5958013534545898,-0.029629580676555634,0.15471602976322174,0.5379536747932434,-0.0623769611120224,0.38317832350730896,0.49781811237335205,-0.10276438295841217,0.5386921763420105,0.4582952558994293,-0.12022819370031357,0.5599662065505981,0.47100546956062317,-0.11576983332633972,0.517261266708374,0.48615890741348267,-0.13066649436950684,0.5060477256774902,0.5066662430763245,-0.12926696240901947,0.5392974019050598,0.4900266230106354,-0.12329432368278503,0.5252977013587952,0.5060763955116272,-0.11882208287715912,0.5064719319343567,0.5865789651870728,-0.12332060933113098,0.5236775875091553,0.4005476236343384,-0.13479959964752197,0.5052200555801392,0.39164137840270996,-0.13564004004001617,0.13223740458488464,0.48697543144226074,-0.07279833406209946,0.3802807033061981,0.4469009339809418,-0.05178753659129143,0.45048850774765015,0.4578830599784851,-0.12021250277757645,0.4343153238296509,0.4582384526729584,-0.11117829382419586,0.3079140782356262,0.5485563278198242,-0.13048620522022247,0.478951096534729,0.38884395360946655,-0.11617561429738998,0.18136587738990784,0.4304976463317871,-0.05392786115407944,0.14886923134326935,0.4587678611278534,-0.06750177592039108,0.057699054479599,0.4905569851398468,0.0032112409826368093,0.3066410422325134,0.37938541173934937,-0.0043390290811657906,0.2791869044303894,0.4219033718109131,-0.003284650621935725,0.4675709903240204,0.5812179446220398,-0.12958618998527527,0.2964216470718384,0.7342233061790466,-0.06740009039640427,0.47525137662887573,0.4553770422935486,-0.10336935520172119,0.4972238540649414,0.4476933777332306,-0.09294411540031433,0.5040645003318787,0.5380609035491943,-0.11708421260118484,0.511001706123352,0.5333154201507568,-0.11182320863008499,0.12526296079158783,0.46004366874694824,-0.05878860503435135,0.4516015946865082,0.4704522490501404,-0.11207644641399384,0.23112933337688446,0.4041414260864258,-0.03220890834927559,0.21837732195854187,0.39596471190452576,-0.030356477946043015,0.14743171632289886,0.3872928023338318,0.023183921352028847,0.10871818661689758,0.4699181914329529,-0.02737210877239704,0.19709321856498718,0.3847742974758148,-0.00014358610496856272,0.10901007056236267,0.4939020872116089,-0.06042258441448212,0.09313976764678955,0.515455424785614,-0.022123562172055244,0.550310492515564,0.46500471234321594,-0.12068141251802444,0.5285112857818604,0.48805996775627136,-0.12828972935676575,0.5156994462013245,0.5063798427581787,-0.12550951540470123,0.48177891969680786,0.4569898545742035,-0.09497200697660446,0.5079693794250488,0.5356152057647705,-0.11335574090480804,0.5236803889274597,0.5357261300086975,-0.11529748141765594,0.5135421752929688,0.5313810110092163,-0.11056113243103027,0.4908132553100586,0.4309845566749573,-0.12561552226543427,0.5317405462265015,0.5056239366531372,-0.11520780622959137,0.5464451313018799,0.49102547764778137,-0.11595805734395981,0.5651933550834656,0.47467896342277527,-0.11065487563610077,0.6319985389709473,0.5566043853759766,-0.1056034043431282,0.6060652136802673,0.5209178328514099,-0.11728107929229736,0.6004275679588318,0.5111172199249268,-0.11692863702774048,0.5916515588760376,0.5007916688919067,-0.10869832336902618,0.5843775868415833,0.49325108528137207,-0.1003839299082756,0.5443364381790161,0.5189502239227295,-0.10705327242612839,0.5440583229064941,0.524915337562561,-0.11286631971597672,0.5430175065994263,0.5328506827354431,-0.11937286704778671,0.5418863296508789,0.5408428907394409,-0.12145141512155533,0.46398085355758667,0.5260094404220581,-0.12583748996257782,0.1641482412815094,0.6929910182952881,-0.009537209756672382,0.5393074750900269,0.41746386885643005,-0.09591588377952576,0.5295113921165466,0.526176929473877,-0.10751444101333618,0.5271099805831909,0.5305522084236145,-0.11185571551322937,0.5101153254508972,0.44835466146469116,-0.09865771979093552,0.4644411504268646,0.4781811535358429,-0.09317797422409058,0.5043638348579407,0.4477880597114563,-0.09563116729259491,0.3666023313999176,0.46804383397102356,-0.06970956921577454,0.34356698393821716,0.4961056709289551,-0.09651695191860199,0.4343883991241455,0.4705298840999603,-0.10499007254838943,0.09024974703788757,0.4387131929397583,0.006645710673183203,0.14203426241874695,0.42665258049964905,-0.019309870898723602,0.16328057646751404,0.42653313279151917,-0.04714075103402138,0.5440370440483093,0.5831311345100403,-0.12394839525222778,0.2863446772098541,0.3656015992164612,-0.0032331945840269327,0.2510709762573242,0.3538983464241028,0.029209768399596214,0.20642367005348206,0.3484181761741638,0.05789777263998985,0.22434988617897034,0.5008593797683716,-0.06684086471796036,0.17774172127246857,0.5549969673156738,-0.08250443637371063,0.3172242045402527,0.4356311559677124,-0.0033878390677273273,0.163854718208313,0.5010582804679871,-0.06629954278469086,0.38699576258659363,0.42826372385025024,-0.04357042536139488,0.4649747312068939,0.4343964159488678,-0.12759898602962494,0.18677783012390137,0.5831333994865417,-0.09040722250938416,0.20725330710411072,0.5504959225654602,-0.09874998033046722,0.2477272003889084,0.5332808494567871,-0.0974370613694191,0.2928328514099121,0.5014314651489258,-0.07575947791337967,0.3196522295475006,0.475602924823761,-0.05190498009324074,0.33926627039909363,0.45412546396255493,-0.03435128927230835,0.39884886145591736,0.3911544382572174,-0.027607688680291176,0.2298777848482132,0.6040316820144653,-0.11606045067310333,0.14102083444595337,0.5132354497909546,-0.06798070669174194,0.5341379642486572,0.4099438190460205,-0.12663400173187256,0.4031519293785095,0.4510938227176666,-0.0694122239947319,0.07903265953063965,0.6327551603317261,0.01778257079422474,0.3524184823036194,0.43535926938056946,-0.019361328333616257,0.4273335337638855,0.4800190329551697,-0.08424451947212219,0.1860170215368271,0.5024886727333069,-0.05790627375245094,0.44659191370010376,0.43546706438064575,-0.1148470938205719,0.22092686593532562,0.7181146144866943,-0.034651849418878555,0.310930073261261,0.43220508098602295,0.004465438425540924,0.46202170848846436,0.40950411558151245,-0.11974172294139862,0.4349358081817627,0.6831589937210083,-0.12702491879463196,0.44768255949020386,0.71875,-0.11968925595283508,0.18907609581947327,0.6539760231971741,-0.06315403431653976,0.3688115179538727,0.6957690715789795,-0.11972124129533768,0.09749868512153625,0.555330753326416,-0.019357910379767418,0.6158910989761353,0.6368605494499207,-0.14013218879699707,0.5310531854629517,0.42166250944137573,-0.09987130016088486,0.3942161798477173,0.47371432185173035,-0.08112812787294388,0.13217616081237793,0.5577443242073059,-0.059102315455675125,0.24458511173725128,0.4782540798187256,-0.05362972244620323,0.2659855782985687,0.46689504384994507,-0.045706067234277725,0.5196492075920105,0.5411953330039978,-0.117953822016716,0.2688010334968567,0.6313246488571167,-0.12313277274370193,0.6901558041572571,0.6284990310668945,-0.1302606165409088,0.5796241760253906,0.677880585193634,-0.13234815001487732,0.52206951379776,0.6980367302894592,-0.12754136323928833,0.30825117230415344,0.3264453411102295,0.07037324458360672,0.7376357316970825,0.5967269539833069,-0.09922534227371216,0.28283771872520447,0.45591697096824646,-0.031040944159030914,0.29733189940452576,0.4443795680999756,-0.015220487490296364,0.3066200017929077,0.43647027015686035,-0.0019082336220890284,0.11706548929214478,0.5259784460067749,-0.0570463128387928,0.2870151698589325,0.43652600049972534,-0.011145113036036491,0.26563671231269836,0.44565069675445557,-0.025660933926701546,0.2445739507675171,0.4574296772480011,-0.0395238921046257,0.22365765273571014,0.47182783484458923,-0.050454046577215195,0.21075677871704102,0.48279887437820435,-0.0538894347846508,0.051917076110839844,0.5872977375984192,0.015710745006799698,0.22783394157886505,0.4860815405845642,-0.05617844685912132,0.5467424392700195,0.4359869956970215,-0.0865648165345192,0.4761482775211334,0.5005916357040405,-0.11937408894300461,0.4756849408149719,0.4492829740047455,-0.10627713799476624,0.5188513994216919,0.4577077627182007,-0.10684486478567123,0.38957539200782776,0.3744409680366516,0.012400707229971886,0.4990122318267822,0.6711797714233398,-0.1282387375831604,0.5557432770729065,0.6565510630607605,-0.13305708765983582,0.6755787134170532,0.6097674369812012,-0.1355818659067154,0.3756566345691681,0.7326238751411438,-0.09850616753101349,0.3031182289123535,0.4330793023109436,-0.0016291846986860037,0.41805315017700195,0.4088948667049408,-0.0600336417555809,0.7252026200294495,0.5781957507133484,-0.1064327135682106,0.6362693309783936,0.6546815633773804,-0.13956545293331146,0.2379821538925171,0.6801902055740356,-0.08003606647253036,0.5632627606391907,0.5079237818717957,-0.10649938881397247,0.5657147169113159,0.5151504874229431,-0.11383549124002457,0.5694587230682373,0.5248569846153259,-0.1211070567369461,0.5728798508644104,0.5345422625541687,-0.1229938343167305,0.5864739418029785,0.5739520788192749,-0.12164071202278137,0.5163723826408386,0.5204191207885742,-0.1160353273153305,0.5086928606033325,0.5222246646881104,-0.12103130668401718,0.5012729167938232,0.5237200260162354,-0.12488371133804321,0.46079808473587036,0.5536354780197144,-0.12962423264980316,0.3229048252105713,0.5988715887069702,-0.1401309221982956,0.3924471437931061,0.40850502252578735,-0.03277498483657837,0.3248029351234436,0.4088180661201477,0.016982384026050568,0.30840548872947693,0.4209890365600586,0.008093471638858318,0.5217781662940979,0.5184804797172546,-0.11282609403133392,0.36003413796424866,0.6483975052833557,-0.13288316130638123,0.35275623202323914,0.39302992820739746,0.0038766118232160807,0.5887686014175415,0.5955464243888855,-0.12517231702804565,0.46757519245147705,0.3768357038497925,-0.07400406152009964,0.42684391140937805,0.39075058698654175,-0.05466058850288391,0.4419485628604889,0.37695151567459106,-0.04274794086813927,0.43036243319511414,0.4323854446411133,-0.08346474915742874,0.7063937783241272,0.5605089664459229,-0.10634487122297287,0.6831232309341431,0.5469841361045837,-0.09577347338199615,0.6421011686325073,0.5729770064353943,-0.11548306047916412,0.4921632707118988,0.6081641316413879,-0.12884898483753204,0.42237597703933716,0.5022259950637817,-0.09886730462312698,0.5394704937934875,0.6072070002555847,-0.12751953303813934,0.3700333535671234,0.5355163216590881,-0.1289071887731552,0.42145103216171265,0.5273374319076538,-0.11930321902036667,0.3768955171108246,0.575852632522583,-0.13905251026153564,0.6590954065322876,0.5901200175285339,-0.13245409727096558,0.4206002950668335,0.4537909924983978,-0.08457907289266586,0.4875147044658661,0.638687014579773,-0.13328981399536133,0.5435401201248169,0.6298705339431763,-0.13123182952404022,0.4485034942626953,0.6000829935073853,-0.13782300055027008,0.30639708042144775,0.654926061630249,-0.12484689056873322,0.4192500710487366,0.6330612301826477,-0.13875624537467957,0.29549896717071533,0.6972818374633789,-0.10005012154579163,0.42623114585876465,0.5595487952232361,-0.13255111873149872,0.410358726978302,0.4300925135612488,-0.06456371396780014,0.48213791847229004,0.43244343996047974,-0.13079933822155,0.46482113003730774,0.45511960983276367,-0.11763648688793182,0.48524460196495056,0.4112381935119629,-0.13541293144226074,0.29190754890441895,0.4061773419380188,0.003318595001474023,0.24459725618362427,0.41938310861587524,-0.023556238040328026,0.2082103192806244,0.4372442662715912,-0.04790441691875458,0.1805935949087143,0.45896926522254944,-0.06422945111989975,0.16433195769786835,0.4800932705402374,-0.06929049640893936,0.17272381484508514,0.5189228057861328,-0.06122792139649391,0.147722065448761,0.6263917684555054,-0.050201691687107086,0.2157285064458847,0.5232425332069397,-0.0761425644159317,0.24763721227645874,0.5104097127914429,-0.07328593730926514,0.2802889049053192,0.4892633557319641,-0.06112463399767876,0.3066917359828949,0.4676324427127838,-0.040522199124097824,0.3246324360370636,0.4496271014213562,-0.01970214582979679,0.3369921147823334,0.4357466995716095,-0.006873288191854954,0.11872009932994843,0.6649109125137329,0.010154728777706623,0.46559083461761475,0.4635274112224579,-0.1085415855050087,0.4413282573223114,0.4084700345993042,-0.08707630634307861,0.5048067569732666,0.4131702780723572,-0.13522984087467194,0.5186687707901001,0.4185556173324585,-0.12175927311182022,0.5042335391044617,0.4206139147281647,-0.12656167149543762,0.47279781103134155,0.46758919954299927,-0.09800892323255539,0.525820255279541,0.41456338763237,-0.12579873204231262,0.5240672826766968,0.4253441095352173,-0.10246492922306061,0.32096728682518005,0.4265805184841156,0.009987768717110157,0.34238529205322266,0.420589804649353,0.007302799727767706,0.357398122549057,0.41633182764053345,-0.005762924440205097,0.20313255488872528,0.4902079701423645,-0.054839376360177994,0.1793324202299118,0.4920777678489685,-0.0618019662797451,0.48283734917640686,0.37141358852386475,-0.050055213272571564,0.4798729121685028,0.340692400932312,0.20130887627601624,0.5477975606918335,0.40769487619400024,-0.0783916637301445,0.42814725637435913,0.32937735319137573,0.42299598455429077,0.45815926790237427,0.36626726388931274,0.12903352081775665,0.4712029695510864,0.36090949177742004,0.14614459872245789,0.48267418146133423,0.35535383224487305,0.166611447930336,0.4881421625614166,0.34240248799324036,0.20644018054008484,0.44549760222435,0.369446724653244,0.11479982733726501,0.4414430260658264,0.32913801074028015,0.15947754681110382,0.4288657307624817,0.33719825744628906,0.13972361385822296,0.4557475447654724,0.3247472643852234,0.17962230741977692,0.4680449068546295,0.3253067135810852,0.19569101929664612,0.5073951482772827,0.3457786738872528,0.2201797366142273,0.7319511771202087,0.5191224217414856,-0.013069664128124714,0.4804881513118744,0.33586809039115906,0.2149381935596466,0.5030831694602966,0.36555320024490356,0.3734677731990814,0.504885196685791,0.3346159756183624,0.2655969262123108,0.5642057657241821,0.3873468339443207,0.06448289006948471,0.5887712240219116,0.4233579635620117,-0.07764767855405807,0.6026990413665771,0.44030365347862244,-0.07672880589962006,0.6133520007133484,0.4148125648498535,-0.04234771057963371,0.6298797130584717,0.41209137439727783,-0.0068955556489527225,0.6172361373901367,0.4319639503955841,-0.04682007431983948,0.6279201507568359,0.4266608953475952,-0.01575668342411518,0.6889966726303101,0.46470779180526733,0.035464756190776825,0.551933228969574,0.383606493473053,-0.1117745041847229,0.5376344919204712,0.3721376955509186,-0.10828036814928055,0.47127050161361694,0.3101434111595154,0.23289908468723297,0.4894275963306427,0.3813942074775696,0.05664845556020737,0.5661226511001587,0.3830264210700989,-0.018174773082137108,0.5541499853134155,0.38121581077575684,-0.005872712936252356,0.5920696258544922,0.37664973735809326,0.14581827819347382,0.5102304220199585,0.3698517084121704,-0.08117089420557022,0.43467193841934204,0.3105759024620056,0.1588657796382904,0.45350393652915955,0.30677029490470886,0.19887857139110565,0.4083692729473114,0.3042645752429962,0.37644028663635254,0.3981601297855377,0.34571564197540283,0.06569531559944153,0.42183756828308105,0.3474588394165039,0.12908583879470825,0.6740950345993042,0.44606149196624756,0.06249714642763138,0.6456453800201416,0.498797208070755,0.32706525921821594,0.5611267685890198,0.39845091104507446,-0.02747996523976326,0.552471399307251,0.4106597900390625,-0.055317122489213943,0.6494454145431519,0.4178692102432251,0.04902924969792366,0.6435965299606323,0.4226335287094116,0.033836618065834045,0.4475647211074829,0.2978498935699463,0.22516530752182007,0.5690855979919434,0.39335983991622925,-0.01195036992430687,0.4157731235027313,0.32224366068840027,0.11400807648897171,0.40642014145851135,0.312588095664978,0.12049682438373566,0.35352763533592224,0.2861393690109253,0.23758037388324738,0.42869579792022705,0.2999235987663269,0.28693923354148865,0.3766438066959381,0.2959294319152832,0.1749473512172699,0.468539297580719,0.3029751181602478,0.26797839999198914,0.4500681757926941,0.31812340021133423,0.33464351296424866,0.5975459814071655,0.43124017119407654,-0.07860217988491058,0.616530179977417,0.4232332706451416,-0.04538743197917938,0.629718005657196,0.41901254653930664,-0.01398786623030901,0.5581744313240051,0.4052850306034088,-0.032754749059677124,0.6465907096862793,0.42039310932159424,0.0401117205619812,0.6541804075241089,0.43000465631484985,0.013754857704043388,0.6409472227096558,0.4245890974998474,0.03072018176317215,0.5574498176574707,0.38898104429244995,-0.05627230927348137,0.6245411038398743,0.43285897374153137,-0.01706819422543049,0.6158080101013184,0.43902644515037537,-0.0436224639415741,0.603370189666748,0.4473700225353241,-0.07049546390771866,0.690184473991394,0.5169263482093811,-0.06600454449653625,0.6614248752593994,0.4806719422340393,-0.0743269994854927,0.6524264812469482,0.4729265868663788,-0.07301749289035797,0.6378551721572876,0.4664587080478668,-0.06456504762172699,0.6245728731155396,0.46343180537223816,-0.05901968479156494,0.6385723352432251,0.4438108801841736,-0.008727360516786575,0.6489901542663574,0.44246557354927063,-0.014161137863993645,0.6603919267654419,0.44170480966567993,-0.01740463823080063,0.6701289415359497,0.44234955310821533,-0.010779202915728092,0.6286446452140808,0.4188190698623657,0.016294879838824272,0.5524592995643616,0.44918397068977356,0.4317128360271454,0.6400213837623596,0.4351314902305603,0.015677517279982567,0.6474494338035583,0.43257272243499756,0.012074027210474014,0.554837703704834,0.418122261762619,-0.061759624630212784,0.5697300434112549,0.4078139662742615,-0.012846700847148895,0.5538698434829712,0.41443201899528503,-0.05913255363702774,0.5119925737380981,0.38066381216049194,0.0753527283668518,0.5450696349143982,0.37582144141197205,0.10003846883773804,0.5605483055114746,0.3891793489456177,0.003835654817521572,0.38374656438827515,0.2891995310783386,0.3109019696712494,0.40311431884765625,0.29373741149902344,0.2340940237045288,0.4261225759983063,0.30059507489204407,0.1784561723470688,0.696814775466919,0.4797305166721344,0.006908525712788105,0.3839397728443146,0.3297941982746124,0.0738220289349556,0.3474930226802826,0.307198703289032,0.12068749964237213,0.3189248740673065,0.2942485809326172,0.16592949628829956,0.48867422342300415,0.34890303015708923,0.1885051727294922,0.5283293128013611,0.3482547998428345,0.24195179343223572,0.43608659505844116,0.3702482581138611,0.11315016448497772,0.4820656180381775,0.3253527581691742,0.23018555343151093,0.470066100358963,0.37879765033721924,0.04274018108844757,0.5566391944885254,0.3768693208694458,-0.04519171267747879,0.5550240278244019,0.3641493618488312,0.2786959409713745,0.5362865924835205,0.35764795541763306,0.20674823224544525,0.5317619442939758,0.3679182529449463,0.1611344814300537,0.5079140663146973,0.37778574228286743,0.12199699878692627,0.4846452474594116,0.38184621930122375,0.09802974760532379,0.46669843792915344,0.38342952728271484,0.0779113695025444,0.43332356214523315,0.37125906348228455,0.00922167208045721,0.59609454870224,0.3808198571205139,0.25233352184295654,0.4870584011077881,0.3210718631744385,0.25567883253097534,0.5505942106246948,0.40033313632011414,-0.10834530740976334,0.5108879208564758,0.3845711350440979,0.03557084500789642,0.472899854183197,0.3948739767074585,0.4708402752876282,0.451160192489624,0.3827456831932068,0.06820880621671677,0.5575045943260193,0.39595746994018555,0.02504495345056057,0.4839697778224945,0.3342798352241516,0.22405779361724854,0.5417169332504272,0.37569892406463623,-0.03126497194170952,0.5978338718414307,0.4737017750740051,0.3877461850643158,0.4297915995121002,0.36700478196144104,0.12690576910972595,0.5251390933990479,0.3709803819656372,-0.058355893939733505,0.7129659652709961,0.48859572410583496,0.14942024648189545,0.71858811378479,0.5220509171485901,0.17994506657123566,0.5864260792732239,0.4082530736923218,0.3395385146141052,0.6910531520843506,0.47603654861450195,0.20520427823066711,0.4717862606048584,0.3414733409881592,0.36360964179039,0.7524436712265015,0.5346078872680664,-0.0088431341573596,0.5442773103713989,0.4139522910118103,-0.0888461321592331,0.5341100096702576,0.38779598474502563,0.04874558746814728,0.5122660994529724,0.3347265422344208,0.3024173080921173,0.4721747040748596,0.34907880425453186,0.1720181554555893,0.46240881085395813,0.3546937108039856,0.15402166545391083,0.660228967666626,0.4278566241264343,0.020754527300596237,0.6301449537277222,0.40443724393844604,0.2317005693912506,0.763385534286499,0.5700141787528992,-0.052776139229536057,0.7569125890731812,0.5410468578338623,0.06066369637846947,0.7425872087478638,0.5319948196411133,0.11601576209068298,0.451405793428421,0.3593764305114746,0.13936786353588104,0.44005700945854187,0.36326515674591064,0.13145403563976288,0.43315228819847107,0.3658244013786316,0.12986718118190765,0.48722851276397705,0.31659451127052307,0.29186519980430603,0.4320944547653198,0.35518568754196167,0.1385578066110611,0.4395711123943329,0.34692853689193726,0.14756037294864655,0.4500969350337982,0.3403169512748718,0.16207030415534973,0.46223750710487366,0.336234986782074,0.17875133454799652,0.4712839424610138,0.33545058965682983,0.1917017102241516,0.4466016888618469,0.35838520526885986,0.4574398696422577,0.47729045152664185,0.3446531891822815,0.18873901665210724,0.6053231954574585,0.41504743695259094,-0.0116526884958148,0.5619914531707764,0.3930760622024536,-0.03458435833454132,0.5720047950744629,0.4228890538215637,-0.0629073977470398,0.7323429584503174,0.5040648579597473,0.09544345736503601,0.7412979602813721,0.5199191570281982,0.043242793530225754,0.7507437467575073,0.5534268617630005,-0.06414229422807693,0.6873888969421387,0.5141088366508484,0.2533654570579529,0.4301833510398865,0.36266329884529114,0.13225728273391724,0.47647926211357117,0.37413161993026733,-0.0017174264648929238,0.7660443782806396,0.5525322556495667,0.003690125420689583,0.624466598033905,0.4338732063770294,0.3057985305786133,0.6346960067749023,0.45288121700286865,-0.03293231129646301,0.6471767425537109,0.4533674120903015,-0.037352513521909714,0.6611222624778748,0.4562726318836212,-0.04114043340086937,0.6721822023391724,0.46155956387519836,-0.03831076994538307,0.6988846063613892,0.49698176980018616,-0.026652978733181953,0.6356213092803955,0.4237481355667114,0.0128866545855999,0.6393003463745117,0.41826191544532776,0.020297769457101822,0.6417540311813354,0.4127073884010315,0.02638014405965805,0.652684211730957,0.4291793406009674,0.04758139327168465,0.633478045463562,0.4035240411758423,0.15996019542217255,0.44988399744033813,0.37502163648605347,0.02724938653409481,0.4150318503379822,0.36289888620376587,0.09437017142772675,0.42165273427963257,0.3609166741371155,0.1201019361615181,0.6313751935958862,0.42873355746269226,0.010625318624079227,0.6753050088882446,0.4408312439918518,0.17328505218029022,0.410823792219162,0.3675768971443176,0.04939575120806694,0.71024090051651,0.509030282497406,-0.01955644227564335,0.4593208134174347,0.37142467498779297,-0.023333769291639328,0.5165085792541504,0.37933242321014404,-0.0068680779077112675,0.7054703235626221,0.5276026725769043,-0.06510283052921295,0.6978005170822144,0.46905016899108887,0.05509515106678009,0.5810362696647644,0.40138038992881775,0.038506243377923965,0.7082467079162598,0.48990297317504883,0.018530918285250664,0.6035940647125244,0.3921116590499878,0.08640173822641373,0.6113927364349365,0.4073653221130371,0.05260629206895828,0.6393553018569946,0.4100039601325989,0.107717365026474,0.730779767036438,0.5380903482437134,-0.06569869071245193,0.5300914645195007,0.38468801975250244,0.012125201523303986,0.7156003713607788,0.48064908385276794,0.07852692902088165,0.723344087600708,0.5018608570098877,0.03203772008419037,0.6803207397460938,0.4476220905780792,0.08405490964651108,0.6576625108718872,0.4277147054672241,0.2163146287202835,0.6900609731674194,0.4518738389015198,0.11844182014465332,0.6588764190673828,0.45773524045944214,0.2666655480861664,0.6432949304580688,0.42092031240463257,0.0705341026186943,0.4933333694934845,0.3796602785587311,0.01844402775168419,0.5604183673858643,0.38295257091522217,-0.05557423457503319,0.5676337480545044,0.3880974054336548,-0.03159887716174126,0.5478264689445496,0.3726087808609009,-0.07496754080057144,0.41225215792655945,0.3482465147972107,0.11022070795297623,0.4236641526222229,0.33169203996658325,0.13325288891792297,0.4394984543323517,0.3217134475708008,0.15682579576969147,0.45597121119499207,0.3171539604663849,0.18439362943172455,0.46992194652557373,0.31838393211364746,0.2092483639717102,0.49336525797843933,0.3350115418434143,0.23931634426116943,0.5465167760848999,0.3855099081993103,0.3626268804073334,0.5095723867416382,0.3527427315711975,0.19753333926200867,0.5041482448577881,0.3612908720970154,0.16572874784469604,0.4883910119533539,0.3687782883644104,0.13600298762321472,0.4696398377418518,0.3738681375980377,0.11466697603464127,0.45421451330184937,0.37655484676361084,0.09756224602460861,0.44277310371398926,0.3774617314338684,0.08819514513015747,0.508446455001831,0.4247414767742157,0.4618012607097626,0.5671946406364441,0.3961705267429352,-0.024113178253173828,0.4996362328529358,0.3733554482460022,-0.026786712929606438,0.5568884611129761,0.38118618726730347,-0.08719204366207123,0.5512754917144775,0.39919421076774597,-0.09408421069383621,0.5554372072219849,0.38924142718315125,-0.07769092917442322,0.5647532939910889,0.40573543310165405,-0.027136484161019325,0.5525896549224854,0.3988901972770691,-0.10301681607961655,0.547523021697998,0.4109804034233093,-0.08359239250421524,0.42786359786987305,0.36924511194229126,0.11167289316654205,0.4290578365325928,0.3747961223125458,0.0818028599023819,0.4331356883049011,0.3782428503036499,0.055783890187740326,0.47697627544403076,0.33565640449523926,0.20252451300621033,0.4774184823036194,0.32796210050582886,0.2125159353017807,0.2546173334121704,0.468988835811615,-0.0340694822371006,0.27601712942123413,0.45513954758644104,-0.0340694822371006,0.2413264662027359,0.45994552969932556,-0.0340694822371006,0.23251138627529144,0.48300862312316895,-0.0340694822371006,0.2673107087612152,0.47800159454345703,-0.0340694822371006,0.4522746801376343,0.34762468934059143,0.16325275599956512,0.46441885828971863,0.3411415219306946,0.16325275599956512,0.4396961033344269,0.3375440537929535,0.16325275599956512,0.43972185254096985,0.35395151376724243,0.16325275599956512,0.464384526014328,0.3572954535484314,0.16325275599956512,0,0,0,0,0,1,0,0,0,0,0,0,0.04465542361140251,0.03950200602412224,0.0655277669429779,0.050914861261844635,0.02901662141084671,0.048104818910360336,0.0558893084526062,0.12068450450897217,0.06790407747030258,0.09941081702709198,0.7862883806228638,0.17648041248321533,Neutral,-4.97862434387207,-16.25304412841797
145,4.833333333333333,31.690394883927617,0.8257361915125656,0.408569186424686,0.5968552827835083,0.44617289304733276,-0.10353905707597733,0.5546889305114746,0.38502511382102966,-0.1300504207611084,0.5500540733337402,0.4247438311576843,-0.08707279711961746,0.46662938594818115,0.38521820306777954,-0.09053304046392441,0.537828266620636,0.3734005093574524,-0.12999102473258972,0.5089011192321777,0.37089914083480835,-0.11045632511377335,0.4280608594417572,0.3721241056919098,-0.020687509328126907,0.23515838384628296,0.486960232257843,-0.057820554822683334,0.3862156271934509,0.360342800617218,0.017536569386720657,0.36751148104667664,0.3467291295528412,0.02754075452685356,0.28047865629196167,0.31195610761642456,0.09869384765625,0.6060577034950256,0.453136146068573,-0.10398447513580322,0.6132233142852783,0.4617437720298767,-0.09999319165945053,0.6164856553077698,0.46861666440963745,-0.09393126517534256,0.6199642419815063,0.47124984860420227,-0.081680528819561,0.6324074268341064,0.47829151153564453,-0.08951502293348312,0.6452510952949524,0.48795703053474426,-0.0974077433347702,0.6543949842453003,0.4984074532985687,-0.09661956131458282,0.684014081954956,0.5304269790649414,-0.08411259949207306,0.5583283305168152,0.40004974603652954,-0.122747503221035,0.5305246114730835,0.4233439862728119,-0.10799999535083771,0.05697190761566162,0.5487499237060547,0.007691652979701757,0.3119698166847229,0.45625269412994385,-0.039216894656419754,0.2939978241920471,0.47020894289016724,-0.05581846460700035,0.2720533609390259,0.4847375750541687,-0.06570950895547867,0.2244400978088379,0.501365602016449,-0.06680751591920853,0.3245895206928253,0.4428555965423584,-0.018427766859531403,0.24079422652721405,0.43970268964767456,-0.05002588406205177,0.26637551188468933,0.42616623640060425,-0.02669656090438366,0.21814222633838654,0.4577246904373169,-0.06205793470144272,0.20538628101348877,0.4745579659938812,-0.06545878201723099,0.21615760028362274,0.5248099565505981,-0.07256261259317398,0.6161682605743408,0.6135985851287842,-0.1299394965171814,0.21693027019500732,0.4921022653579712,-0.055458709597587585,0.12750552594661713,0.6016237735748291,-0.028017548844218254,0.16993743181228638,0.5390578508377075,-0.0632903054356575,0.39608266949653625,0.49815136194229126,-0.10416001826524734,0.5660117864608765,0.46376341581344604,-0.12072168290615082,0.5883034467697144,0.4797724485397339,-0.11578015983104706,0.5405092239379883,0.4915578067302704,-0.13072901964187622,0.5256091952323914,0.5125305652618408,-0.1283777505159378,0.5641524791717529,0.49812430143356323,-0.12300170212984085,0.5463006496429443,0.5134741067886353,-0.11764160543680191,0.5194737911224365,0.5858463048934937,-0.11958813667297363,0.5377781391143799,0.3965429961681366,-0.1393364518880844,0.5192211270332336,0.38747596740722656,-0.14081645011901855,0.1547621786594391,0.4862060546875,-0.07631190121173859,0.39323338866233826,0.4458696246147156,-0.05418955162167549,0.4638192057609558,0.4559040069580078,-0.12316962331533432,0.44770121574401855,0.45641449093818665,-0.11407461017370224,0.3205567002296448,0.5510715842247009,-0.13140568137168884,0.49259331822395325,0.3846934139728546,-0.1214243471622467,0.20650698244571686,0.42582979798316956,-0.05918355658650398,0.17462697625160217,0.45558834075927734,-0.07202423363924026,0.06745690107345581,0.4960714280605316,0.0026656610425561666,0.3220228850841522,0.3740522563457489,-0.009912418201565742,0.2918645143508911,0.41905900835990906,-0.006662449799478054,0.47940385341644287,0.5809950232505798,-0.12648753821849823,0.31063416600227356,0.7375605702400208,-0.05451522395014763,0.4881376624107361,0.4532073140144348,-0.1055828183889389,0.5106420516967773,0.4449101984500885,-0.09479358792304993,0.5161280035972595,0.5419499278068542,-0.11376161873340607,0.5232512950897217,0.5371280312538147,-0.10863403230905533,0.14762698113918304,0.45920008420944214,-0.06321299821138382,0.46461406350135803,0.4688740372657776,-0.11443057656288147,0.25316935777664185,0.39834490418434143,-0.037692662328481674,0.23982271552085876,0.39071500301361084,-0.03647541254758835,0.15577352046966553,0.3892856240272522,0.017249122262001038,0.11828745901584625,0.47464969754219055,-0.03113279491662979,0.2060474306344986,0.38613569736480713,-0.006686891429126263,0.12640312314033508,0.49612292647361755,-0.0635421872138977,0.10359296202659607,0.5211519598960876,-0.024297313764691353,0.5781090259552002,0.4721611738204956,-0.12099343538284302,0.5528725981712341,0.4949876070022583,-0.1281537115573883,0.5362032651901245,0.5130292773246765,-0.12452167272567749,0.49474960565567017,0.4547460377216339,-0.09686262905597687,0.520046055316925,0.5394697189331055,-0.11011085659265518,0.5355421900749207,0.5359341502189636,-0.11205665022134781,0.5262981653213501,0.5349365472793579,-0.10734943300485611,0.5039779543876648,0.4283047020435333,-0.12925001978874207,0.5530204772949219,0.5134296417236328,-0.11387336254119873,0.5714755058288574,0.4998953640460968,-0.11538015305995941,0.5936492681503296,0.48442527651786804,-0.1104070246219635,0.6483108997344971,0.5531609654426575,-0.10216061025857925,0.622930645942688,0.518293559551239,-0.11514230817556381,0.6152160167694092,0.5068594813346863,-0.1151358038187027,0.604844331741333,0.4953267574310303,-0.10687626153230667,0.5964832901954651,0.4874104857444763,-0.09840968251228333,0.5542304515838623,0.5155338644981384,-0.10440261662006378,0.5551258325576782,0.5219573378562927,-0.11031896620988846,0.5556681156158447,0.5306534767150879,-0.11686287820339203,0.5562697052955627,0.5394877195358276,-0.11860863119363785,0.47649580240249634,0.5253079533576965,-0.12509161233901978,0.1785077154636383,0.6983875632286072,0.002066346351057291,0.5541232824325562,0.41288113594055176,-0.09848283231258392,0.5392448306083679,0.5254374742507935,-0.10435962677001953,0.5379655957221985,0.5300831198692322,-0.10869129002094269,0.5237109661102295,0.44512537121772766,-0.1002294272184372,0.47731393575668335,0.47669127583503723,-0.09444821625947952,0.5178507566452026,0.4447999596595764,-0.09741199761629105,0.37919214367866516,0.4679837226867676,-0.07177922874689102,0.3560018241405487,0.4971507489681244,-0.09828583151102066,0.44761785864830017,0.4691176116466522,-0.10725994408130646,0.09920960664749146,0.44281792640686035,0.003329145023599267,0.1509600281715393,0.4300321340560913,-0.024605492129921913,0.18666115403175354,0.42319256067276,-0.052610501646995544,0.5583133697509766,0.581821620464325,-0.12022378295660019,0.3012399971485138,0.36026912927627563,-0.009696134366095066,0.26025980710983276,0.35318294167518616,0.022115647792816162,0.21510910987854004,0.34799134731292725,0.050348494201898575,0.2460574358701706,0.4966113865375519,-0.06904102116823196,0.19966323673725128,0.5529354810714722,-0.08317963778972626,0.3309593200683594,0.43238118290901184,-0.005964447278529406,0.18242383003234863,0.5004189014434814,-0.06869543343782425,0.4001011550426483,0.42653459310531616,-0.04648794233798981,0.4785563051700592,0.4317905306816101,-0.13148005306720734,0.20071719586849213,0.5874866843223572,-0.08992446213960648,0.23586085438728333,0.5447413325309753,-0.09973689168691635,0.2800859808921814,0.52476567029953,-0.09902671724557877,0.32180818915367126,0.49273067712783813,-0.07768779247999191,0.34387099742889404,0.4679194986820221,-0.05400677025318146,0.3599703013896942,0.4475915729999542,-0.03666422516107559,0.41211390495300293,0.38793784379959106,-0.032080262899398804,0.2436399757862091,0.6080392003059387,-0.11488568037748337,0.15762928128242493,0.5146821141242981,-0.07009443640708923,0.5483359694480896,0.40583914518356323,-0.13056573271751404,0.4162623882293701,0.44968920946121216,-0.07172833383083344,0.0923885703086853,0.6393683552742004,0.02591012232005596,0.37139275670051575,0.42940986156463623,-0.0220248494297266,0.4402780532836914,0.4790595769882202,-0.0856890007853508,0.20376284420490265,0.5001264214515686,-0.0598713755607605,0.4602053761482239,0.43296393752098083,-0.1186307743191719,0.23543748259544373,0.7227032780647278,-0.022080818191170692,0.32305780053138733,0.42971375584602356,0.0019297342514619231,0.4758119583129883,0.40610557794570923,-0.12445481866598129,0.45030415058135986,0.68470299243927,-0.12055166810750961,0.4628238379955292,0.7195819616317749,-0.10865297168493271,0.2039429098367691,0.6589425206184387,-0.05905793607234955,0.3838598430156708,0.6983345746994019,-0.11329541355371475,0.1095285713672638,0.5613248348236084,-0.019469676539301872,0.6329958438873291,0.6354267597198486,-0.13459566235542297,0.545655369758606,0.41748589277267456,-0.10239549726247787,0.40711233019828796,0.47312942147254944,-0.08293299376964569,0.14196988940238953,0.5615705847740173,-0.05924556031823158,0.2679271697998047,0.47262701392173767,-0.056377820670604706,0.28756874799728394,0.46165215969085693,-0.048616498708724976,0.5326735973358154,0.5420237183570862,-0.1145428717136383,0.28266391158103943,0.6352360248565674,-0.12068616598844528,0.7066003084182739,0.6243569850921631,-0.12293197214603424,0.5961151123046875,0.6768062114715576,-0.12321718037128448,0.5380111932754517,0.6978247165679932,-0.11745432019233704,0.31775471568107605,0.3233288526535034,0.06309012323617935,0.753070592880249,0.5909557938575745,-0.09214505553245544,0.301155149936676,0.4517256021499634,-0.03392408788204193,0.3124898076057434,0.44100531935691833,-0.017967822030186653,0.31971532106399536,0.4336455166339874,-0.00443233223631978,0.12749505043029785,0.5306575298309326,-0.05867436155676842,0.299049973487854,0.4326956272125244,-0.014240138232707977,0.2791057229042053,0.44084876775741577,-0.02901153266429901,0.2602965533733368,0.45211923122406006,-0.04277290403842926,0.24151918292045593,0.46637117862701416,-0.05350011959671974,0.22997498512268066,0.4775219261646271,-0.05669376254081726,0.06423881649971008,0.5941590666770935,0.020894069224596024,0.2510708272457123,0.48069295287132263,-0.05870658904314041,0.5613870620727539,0.43137016892433167,-0.08746172487735748,0.4890945255756378,0.4991634786128998,-0.11956516653299332,0.48862671852111816,0.44705909490585327,-0.10903777182102203,0.5326573252677917,0.45430833101272583,-0.10778705030679703,0.4022851884365082,0.37080687284469604,0.007477893494069576,0.5151548385620117,0.6717133522033691,-0.12166645377874374,0.5722695589065552,0.6563493013381958,-0.1268622726202011,0.6926839351654053,0.606539249420166,-0.1303924173116684,0.3902648985385895,0.7343831658363342,-0.08634552359580994,0.3153967261314392,0.43004003167152405,-0.004402385093271732,0.431423157453537,0.40591058135032654,-0.06400982290506363,0.741509199142456,0.5733798742294312,-0.1009138971567154,0.6530870199203491,0.6522769331932068,-0.13146717846393585,0.25287115573883057,0.6848364472389221,-0.07475370168685913,0.5738707184791565,0.5027359127998352,-0.10434523969888687,0.5779505968093872,0.5104937553405762,-0.11176291108131409,0.5832445621490479,0.521043598651886,-0.11909475177526474,0.5889952182769775,0.5321004986763,-0.12060114741325378,0.6019635200500488,0.5718176960945129,-0.11813999712467194,0.533083438873291,0.5262817144393921,-0.11374732106924057,0.5250756740570068,0.527990996837616,-0.11876633763313293,0.5169698596000671,0.5291362404823303,-0.1227034479379654,0.4727124869823456,0.5533063411712646,-0.12778374552726746,0.3361760377883911,0.6017681956291199,-0.138933002948761,0.40554168820381165,0.4060605466365814,-0.036436595022678375,0.3358323574066162,0.40625956654548645,0.013828182592988014,0.3194184899330139,0.41868656873703003,0.005081333685666323,0.5393714904785156,0.5243479609489441,-0.11059710383415222,0.3740716278553009,0.6508628129959106,-0.12879203259944916,0.36650535464286804,0.3886036276817322,-0.0005138450069352984,0.6046766042709351,0.5938016176223755,-0.12100107222795486,0.48110467195510864,0.372184157371521,-0.07914276421070099,0.4403553605079651,0.3870149850845337,-0.05949080362915993,0.4553751051425934,0.3725571632385254,-0.047763701528310776,0.4438348412513733,0.42992568016052246,-0.08683007210493088,0.7228075265884399,0.5558053255081177,-0.10166405141353607,0.6997076272964478,0.5423122048377991,-0.09172474592924118,0.658649742603302,0.5697261691093445,-0.11155430972576141,0.506267786026001,0.6077671051025391,-0.12466154247522354,0.43532389402389526,0.5019834041595459,-0.09955520182847977,0.5545545220375061,0.6062638759613037,-0.12314116209745407,0.38287538290023804,0.5369595885276794,-0.12950649857521057,0.43421268463134766,0.5276975631713867,-0.11902148276567459,0.3900199234485626,0.5776275992393494,-0.13815337419509888,0.6759247779846191,0.5869876146316528,-0.1280808299779892,0.4337776303291321,0.4521012008190155,-0.08713869005441666,0.5027005672454834,0.6389204263687134,-0.12803338468074799,0.5593255162239075,0.6294209957122803,-0.1260436624288559,0.46147850155830383,0.6002995371818542,-0.1345672905445099,0.32046714425086975,0.6583900451660156,-0.12094976752996445,0.43337586522102356,0.6342946887016296,-0.1347692757844925,0.3104400336742401,0.7010366320610046,-0.09382066875696182,0.43846452236175537,0.5601609945297241,-0.13123869895935059,0.4236220419406891,0.42789626121520996,-0.0676005408167839,0.4953860938549042,0.42980945110321045,-0.13471607863903046,0.47792911529541016,0.4529982805252075,-0.12051357328891754,0.49905091524124146,0.4079175591468811,-0.1398773491382599,0.3049655258655548,0.403186559677124,-0.00040903492481447756,0.2630345821380615,0.4157935082912445,-0.02771095186471939,0.2304360568523407,0.4332669973373413,-0.05219548940658569,0.2040315568447113,0.4555613398551941,-0.06805630773305893,0.18610280752182007,0.4779677093029022,-0.07247307896614075,0.1896369308233261,0.5181752443313599,-0.0627521499991417,0.16223661601543427,0.6317335367202759,-0.04735328629612923,0.24006475508213043,0.518319845199585,-0.07785726338624954,0.27372097969055176,0.5040263533592224,-0.07518821209669113,0.3043484687805176,0.482666552066803,-0.06320898234844208,0.32687583565711975,0.4618844985961914,-0.04287317767739296,0.341308057308197,0.44500255584716797,-0.022039733827114105,0.3521466553211212,0.4315956234931946,-0.009400894865393639,0.1325637549161911,0.6710419058799744,0.02019743248820305,0.4785424470901489,0.4616144299507141,-0.1109292283654213,0.4548766016960144,0.40515488386154175,-0.0912858322262764,0.5185595154762268,0.40989336371421814,-0.1395893692970276,0.5325769186019897,0.41514232754707336,-0.1254303753376007,0.5176339745521545,0.41763556003570557,-0.13046474754810333,0.4857664406299591,0.4657285809516907,-0.09985275566577911,0.539883017539978,0.41080227494239807,-0.12962470948696136,0.5383596420288086,0.4215663969516754,-0.10509734600782394,0.3331241011619568,0.42392075061798096,0.007399254944175482,0.3554426431655884,0.4171677231788635,0.004391713999211788,0.3739548921585083,0.4111802577972412,-0.009026306681334972,0.22310924530029297,0.4853209853172302,-0.05737059935927391,0.1983758509159088,0.4898799657821655,-0.06424888968467712,0.496502161026001,0.3661632537841797,-0.05479501560330391,0.4924454689025879,0.3332290053367615,0.200748473405838,0.562531590461731,0.40271130204200745,-0.08104144036769867,0.44039762020111084,0.3231382369995117,0.4227980971336365,0.472173273563385,0.36063116788864136,0.1276186853647232,0.4858165979385376,0.35453876852989197,0.14495210349559784,0.4971955418586731,0.34818974137306213,0.16571161150932312,0.5009740591049194,0.3350018262863159,0.20639292895793915,0.45847830176353455,0.3642220199108124,0.11329860240221024,0.4507012367248535,0.3222813308238983,0.15695643424987793,0.43788617849349976,0.33109256625175476,0.13693763315677643,0.4654581546783447,0.3174297511577606,0.1776828169822693,0.4783744513988495,0.3178304433822632,0.19430162012577057,0.5214067101478577,0.3380855917930603,0.22124792635440826,0.7468143701553345,0.5119863152503967,-0.007307862397283316,0.49209147691726685,0.3282504975795746,0.21477191150188446,0.5149171352386475,0.3590635061264038,0.37819090485572815,0.5170351266860962,0.3277183473110199,0.2673063576221466,0.5795596837997437,0.3795926570892334,0.06451290845870972,0.6162188053131104,0.4285135269165039,-0.07769078016281128,0.6313199400901794,0.44923973083496094,-0.07619533687829971,0.6386516094207764,0.4191930294036865,-0.041568297892808914,0.6545583009719849,0.4171487092971802,-0.0049219257198274136,0.6446365118026733,0.44026869535446167,-0.04561402276158333,0.653766393661499,0.43479859828948975,-0.013557533733546734,0.702396035194397,0.4569763243198395,0.04044891893863678,0.5662766098976135,0.3784806430339813,-0.11618825048208237,0.5518983006477356,0.3666761517524719,-0.1132664680480957,0.4809368848800659,0.30354630947113037,0.2316698282957077,0.5037336349487305,0.375636488199234,0.05499205365777016,0.5806629061698914,0.37676793336868286,-0.02046307735145092,0.5686508417129517,0.37489116191864014,-0.008121811784803867,0.6072874069213867,0.3673625588417053,0.1477990448474884,0.5240312218666077,0.3644722104072571,-0.08616799116134644,0.4429595470428467,0.30416977405548096,0.1553601622581482,0.462181955575943,0.3001517653465271,0.19643405079841614,0.4191734790802002,0.2979332208633423,0.3736085593700409,0.4076187312602997,0.34079045057296753,0.0608191080391407,0.4309040307998657,0.3420743942260742,0.12650839984416962,0.6874217987060547,0.437599241733551,0.06695900857448578,0.6597987413406372,0.4889878034591675,0.3379211723804474,0.5760350227355957,0.3927323818206787,-0.02946922928094864,0.5675694346427917,0.40523338317871094,-0.05700621381402016,0.6725526452064514,0.4246070981025696,0.05353410169482231,0.6669119596481323,0.42853888869285583,0.038119614124298096,0.45509102940559387,0.2918349504470825,0.2227357178926468,0.5838412046432495,0.38708388805389404,-0.013534761033952236,0.42421138286590576,0.31625115871429443,0.10941099375486374,0.4137267470359802,0.3067079186439514,0.11528297513723373,0.36328229308128357,0.28036749362945557,0.22996267676353455,0.43898868560791016,0.2923687994480133,0.2851013243198395,0.3871224522590637,0.2894781231880188,0.1692260503768921,0.4770870804786682,0.2969418168067932,0.2671864330768585,0.46072912216186523,0.31105154752731323,0.33502957224845886,0.6257346868515015,0.43848028779029846,-0.07846349477767944,0.6431344747543335,0.42988264560699463,-0.04435165226459503,0.6551433205604553,0.4257689118385315,-0.011892888695001602,0.5733099579811096,0.399577796459198,-0.034333374351263046,0.6698326468467712,0.42667365074157715,0.04448298364877701,0.6723523139953613,0.4337272644042969,0.018034137785434723,0.6642805933952332,0.43037527799606323,0.034979887306690216,0.571986198425293,0.3836023807525635,-0.05954870581626892,0.6507982015609741,0.44208431243896484,-0.014838785864412785,0.6436479091644287,0.4485371708869934,-0.04224922135472298,0.632306694984436,0.45735490322113037,-0.06976018100976944,0.706312358379364,0.5110781192779541,-0.06200232356786728,0.6751480102539062,0.47954729199409485,-0.07146579027175903,0.6643733382225037,0.4704324007034302,-0.07048524916172028,0.6491141319274902,0.4629099667072296,-0.06202447786927223,0.635653018951416,0.45930349826812744,-0.05631664767861366,0.6523848176002502,0.4430152475833893,-0.005049691069871187,0.6630678176879883,0.44243454933166504,-0.010609840974211693,0.6743940114974976,0.44272610545158386,-0.013703315518796444,0.6847347617149353,0.44461992383003235,-0.006761033087968826,0.6433471441268921,0.4110792875289917,0.018033664673566818,0.5675764083862305,0.44025206565856934,0.44109129905700684,0.6570151448249817,0.43696409463882446,0.019832924008369446,0.6649958491325378,0.43529438972473145,0.01619996502995491,0.5698907375335693,0.4125676155090332,-0.06306008994579315,0.5849050283432007,0.40158510208129883,-0.013432723470032215,0.5689243078231812,0.4089652895927429,-0.06071005389094353,0.5268019437789917,0.3741222620010376,0.07462065666913986,0.5601511597633362,0.36802297830581665,0.10029132664203644,0.5752629637718201,0.3827158808708191,0.00234224833548069,0.3938647508621216,0.28291112184524536,0.30547916889190674,0.41360756754875183,0.28603437542915344,0.23019744455814362,0.4331887662410736,0.2945029139518738,0.17447520792484283,0.7107839584350586,0.47243309020996094,0.011750333942472935,0.3916598856449127,0.324901282787323,0.06798530369997025,0.3575247526168823,0.3022575378417969,0.11390496045351028,0.3283887505531311,0.28956449031829834,0.15745460987091064,0.5025812983512878,0.34149259328842163,0.188074991106987,0.5428588390350342,0.3400776982307434,0.24398848414421082,0.44819384813308716,0.3652658760547638,0.11153095215559006,0.49298301339149475,0.3182569444179535,0.23000475764274597,0.4839661717414856,0.37351828813552856,0.040477510541677475,0.5710599422454834,0.37089967727661133,-0.04860812425613403,0.5679745674133301,0.3559630513191223,0.28228139877319336,0.5528669357299805,0.3485480546951294,0.20823638141155243,0.5494890213012695,0.358582079410553,0.16191640496253967,0.525829553604126,0.3695406913757324,0.12201794981956482,0.5018008947372437,0.37471073865890503,0.09731622040271759,0.4828895628452301,0.37697678804397583,0.07645873725414276,0.44672977924346924,0.3665807247161865,0.00495872600004077,0.6101762652397156,0.37152618169784546,0.25672924518585205,0.49774885177612305,0.3142671287059784,0.2557659149169922,0.5651264190673828,0.3954179286956787,-0.11215554922819138,0.5254544615745544,0.37848421931266785,0.033861204981803894,0.48764336109161377,0.387998104095459,0.47665050625801086,0.46633028984069824,0.37676629424095154,0.06622510403394699,0.5723819732666016,0.3894779682159424,0.024610724300146103,0.49547410011291504,0.32691821455955505,0.22425511479377747,0.5559364557266235,0.3696768283843994,-0.03461946174502373,0.6129128336906433,0.4640066921710968,0.39816582202911377,0.4405447244644165,0.3624449670314789,0.12518540024757385,0.5390945672988892,0.365161657333374,-0.06270094960927963,0.724922776222229,0.4800489842891693,0.15771515667438507,0.7304034233093262,0.5127803087234497,0.18918287754058838,0.5992352962493896,0.40008866786956787,0.34689056873321533,0.7035766243934631,0.4671943187713623,0.21394377946853638,0.48308834433555603,0.33496835827827454,0.36622610688209534,0.7665849924087524,0.5274291634559631,-0.0022971394937485456,0.5591640472412109,0.4091164469718933,-0.0912971943616867,0.5490047931671143,0.38101911544799805,0.04783755913376808,0.5235038995742798,0.32840245962142944,0.30505913496017456,0.4858758747577667,0.34225985407829285,0.17089372873306274,0.4760740399360657,0.3486050069332123,0.15265308320522308,0.6790095567703247,0.4328532814979553,0.025228384882211685,0.6445838212966919,0.394836962223053,0.23740243911743164,0.7773833274841309,0.5632621049880981,-0.04562711343169212,0.7685482501983643,0.5330964922904968,0.06850465387105942,0.7538069486618042,0.5235371589660645,0.12437957525253296,0.46433889865875244,0.353951096534729,0.13783253729343414,0.45199817419052124,0.3583463132381439,0.12991251051425934,0.44440412521362305,0.36120492219924927,0.12827472388744354,0.4970024824142456,0.3106112480163574,0.2928147315979004,0.44138389825820923,0.3494234085083008,0.13622283935546875,0.4485306143760681,0.34019970893859863,0.14523619413375854,0.4593115746974945,0.3326631784439087,0.15987026691436768,0.47213083505630493,0.3281322121620178,0.1770458072423935,0.48189711570739746,0.3273676037788391,0.19052153825759888,0.46028006076812744,0.3521272540092468,0.4603317975997925,0.4904954433441162,0.33740541338920593,0.18793043494224548,0.6204141974449158,0.40797144174575806,-0.011071551591157913,0.5767885446548462,0.38737180829048157,-0.036910295486450195,0.5867437124252319,0.417205274105072,-0.06351844221353531,0.7443190217018127,0.49606406688690186,0.1033749207854271,0.7538454532623291,0.5122456550598145,0.05055484548211098,0.7664051055908203,0.5470587611198425,-0.05827045440673828,0.7000840902328491,0.5045776963233948,0.26359257102012634,0.4402499198913574,0.3576268255710602,0.1303076446056366,0.49021536111831665,0.3687649369239807,-0.005381518043577671,0.7788457870483398,0.5450641512870789,0.010891894809901714,0.6377089023590088,0.42519745230674744,0.3140717148780823,0.6463183760643005,0.4500430226325989,-0.02978113852441311,0.6587762832641602,0.451251745223999,-0.034321099519729614,0.6728121042251587,0.45497483015060425,-0.037962544709444046,0.6851637363433838,0.461408406496048,-0.03479805588722229,0.7139485478401184,0.4902334213256836,-0.02207239903509617,0.6605726480484009,0.4309314489364624,0.016086222603917122,0.6640805006027222,0.4249519407749176,0.02352185919880867,0.6659507751464844,0.4186556935310364,0.029540644958615303,0.6667717695236206,0.42084169387817383,0.050640881061553955,0.648841142654419,0.3937695026397705,0.16390816867351532,0.46354466676712036,0.37004929780960083,0.0240317415446043,0.4254956841468811,0.35838666558265686,0.09125805646181107,0.43172580003738403,0.35611748695373535,0.11777956038713455,0.6563411951065063,0.43682944774627686,0.013943387195467949,0.6887744069099426,0.4315708875656128,0.17969748377799988,0.42238888144493103,0.3627511262893677,0.04517946392297745,0.7251816391944885,0.5020570755004883,-0.014360131695866585,0.4728526771068573,0.3664208650588989,-0.02801022119820118,0.5306128263473511,0.37346506118774414,-0.009861035272479057,0.7216509580612183,0.5215017795562744,-0.06060674786567688,0.710844874382019,0.4610719084739685,0.06061917915940285,0.5962481498718262,0.39414462447166443,0.03885422646999359,0.7218765020370483,0.4824328124523163,0.024129705503582954,0.619368851184845,0.3830486536026001,0.08784330636262894,0.6267123222351074,0.399279922246933,0.05404706299304962,0.6545414924621582,0.4006737768650055,0.11079546809196472,0.7469218373298645,0.5318034291267395,-0.06062394753098488,0.5445126295089722,0.37859582901000977,0.010131672024726868,0.7281748056411743,0.4724714756011963,0.08510520309209824,0.7365827560424805,0.4941997528076172,0.03840392455458641,0.6936638355255127,0.4389791488647461,0.08892691135406494,0.6715255975723267,0.4182375371456146,0.22301708161830902,0.703248143196106,0.4428854286670685,0.12419867515563965,0.6718695759773254,0.44888344407081604,0.2756664752960205,0.6579421758651733,0.412234902381897,0.07334765046834946,0.5074344873428345,0.3740062117576599,0.01584293134510517,0.5748920440673828,0.3773099482059479,-0.059108197689056396,0.5823119878768921,0.3820592761039734,-0.03392292559146881,0.5620754957199097,0.36690154671669006,-0.07927744090557098,0.42154112458229065,0.3432554006576538,0.10660788416862488,0.43265676498413086,0.3257717490196228,0.1297500729560852,0.44856393337249756,0.31495943665504456,0.1540832370519638,0.4654325246810913,0.3099544048309326,0.1824101060628891,0.48003271222114563,0.31121742725372314,0.20804570615291595,0.5055514574050903,0.3279676139354706,0.240133598446846,0.5586212277412415,0.37827086448669434,0.36878272891044617,0.5246198773384094,0.3446575403213501,0.1981867253780365,0.5199524164199829,0.3532082438468933,0.16581767797470093,0.5044037699699402,0.3615504503250122,0.13554324209690094,0.4849763810634613,0.36760497093200684,0.11361852288246155,0.46865314245224,0.3708727955818176,0.09618347138166428,0.45644611120224,0.372183620929718,0.086494579911232,0.5234305262565613,0.41691532731056213,0.46968188881874084,0.582067608833313,0.39015433192253113,-0.025852439925074577,0.5134151577949524,0.3677273690700531,-0.030746575444936752,0.5712376236915588,0.3757753372192383,-0.09127750992774963,0.565768301486969,0.394143670797348,-0.09758074581623077,0.5698266625404358,0.38398477435112,-0.0812983512878418,0.5798839330673218,0.3997499942779541,-0.028408613055944443,0.5671409368515015,0.39380669593811035,-0.10674861818552017,0.5623391270637512,0.4060261845588684,-0.08612973988056183,0.439109206199646,0.36455482244491577,0.10977872461080551,0.44153618812561035,0.36998164653778076,0.07949318736791611,0.44668492674827576,0.37280184030532837,0.05303177237510681,0.4881373941898346,0.3277740478515625,0.20182093977928162,0.4882708787918091,0.320585697889328,0.2118545025587082,0.2605721354484558,0.4684731960296631,-0.036835379898548126,0.2805999219417572,0.4546349048614502,-0.036835379898548126,0.24712014198303223,0.4592113494873047,-0.036835379898548126,0.24010318517684937,0.4824863076210022,-0.036835379898548126,0.27380308508872986,0.4776659607887268,-0.036835379898548126,0.45496323704719543,0.34464848041534424,0.16182675957679749,0.46692100167274475,0.3384261727333069,0.16182675957679749,0.439973384141922,0.33468711376190186,0.16182675957679749,0.44278979301452637,0.35057082772254944,0.16182675957679749,0.46955713629722595,0.3545185327529907,0.16182675957679749,0,0,0,0,0,1,0,0,0,0,0,0,0.04479551315307617,0.04101819545030594,0.07613502442836761,0.04776303470134735,0.024197634309530258,0.043942708522081375,0.057817284017801285,0.09385675936937332,0.07043208181858063,0.0946047455072403,0.7980960607528687,0.17737968266010284,Neutral,-18.574302673339844,-21.883129119873047
146,4.866666666666666,29.195655128185358,-6.61692255848238,0.3742902378491316,0.5577989220619202,0.4594739079475403,-0.10636400431394577,0.530301034450531,0.3981620669364929,-0.12991559505462646,0.5378687381744385,0.43488359451293945,-0.08772310614585876,0.4508563280105591,0.4035668671131134,-0.08656305074691772,0.5125117301940918,0.3880770802497864,-0.12935037910938263,0.4867088198661804,0.3872123062610626,-0.10916882753372192,0.41678985953330994,0.39289894700050354,-0.017695369198918343,0.2549678683280945,0.524732232093811,-0.037894681096076965,0.3771628737449646,0.38260817527770996,0.021736837923526764,0.35707488656044006,0.3701976537704468,0.032563891261816025,0.27589717507362366,0.3403495252132416,0.10556568205356598,0.5648359656333923,0.4635384678840637,-0.10715355724096298,0.5713851451873779,0.4682542681694031,-0.10333936661481857,0.5755196809768677,0.47179901599884033,-0.09765618294477463,0.6005270481109619,0.48307985067367554,-0.08501558750867844,0.6112500429153442,0.488544225692749,-0.093297079205513,0.6231436133384705,0.49570733308792114,-0.10132735967636108,0.6326640248298645,0.5028397440910339,-0.10104560106992722,0.6790087819099426,0.5219895243644714,-0.08880412578582764,0.5378365516662598,0.4120480418205261,-0.12290620803833008,0.5175074338912964,0.4362936317920685,-0.10659828782081604,0.10411664843559265,0.5888355374336243,0.04256093129515648,0.32425248622894287,0.48810267448425293,-0.026124602183699608,0.3092266023159027,0.5032934546470642,-0.040471985936164856,0.2903720736503601,0.5183285474777222,-0.04822132736444473,0.25000566244125366,0.5358220934867859,-0.04605521634221077,0.33337387442588806,0.4741227924823761,-0.007579082157462835,0.2525203227996826,0.479198157787323,-0.032812219113111496,0.27546465396881104,0.46426451206207275,-0.012528929859399796,0.2334853708744049,0.49722185730934143,-0.04251077026128769,0.22404436767101288,0.5133081078529358,-0.04471483826637268,0.24647390842437744,0.5551309585571289,-0.05049692466855049,0.6290123462677002,0.6085811853408813,-0.1298481971025467,0.2394740730524063,0.529336154460907,-0.034483037889003754,0.17896497249603271,0.6347953677177429,0.0019085775129497051,0.20888300240039825,0.5671344995498657,-0.038263484835624695,0.40565025806427,0.5180391073226929,-0.09302497655153275,0.5310240387916565,0.4791552722454071,-0.1206907331943512,0.5500372052192688,0.48732128739356995,-0.11664313822984695,0.5107150077819824,0.5034476518630981,-0.12814195454120636,0.5008193850517273,0.5206718444824219,-0.12428352981805801,0.531761646270752,0.5046420693397522,-0.12170065939426422,0.5196542739868164,0.5182917714118958,-0.11505424231290817,0.5377521514892578,0.5889521837234497,-0.11445475369691849,0.5162538886070251,0.41051000356674194,-0.1376868188381195,0.49701642990112305,0.40295466780662537,-0.13844835758209229,0.18329936265945435,0.5236352682113647,-0.051098134368658066,0.39633163809776306,0.4675130844116211,-0.045585326850414276,0.4606444239616394,0.47280019521713257,-0.11672040075063705,0.44642120599746704,0.4741189479827881,-0.10717102885246277,0.3431180417537689,0.5748507976531982,-0.11249512434005737,0.4733674228191376,0.40160560607910156,-0.11794892698526382,0.2219802439212799,0.4683893918991089,-0.03962695971131325,0.19601000845432281,0.49632152915000916,-0.04882119968533516,0.10277041792869568,0.5365232229232788,0.03508270904421806,0.3205109238624573,0.41481322050094604,-0.000730890897102654,0.2982426583766937,0.45526814460754395,0.005254453979432583,0.49964505434036255,0.5886718034744263,-0.11878515034914017,0.3739403486251831,0.755282461643219,-0.029274756088852882,0.48400983214378357,0.4684660732746124,-0.10087767988443375,0.5038066506385803,0.458212673664093,-0.09281078726053238,0.5020395517349243,0.5436052083969116,-0.10764659941196442,0.5081571340560913,0.5391484498977661,-0.10371288657188416,0.17250436544418335,0.49901488423347473,-0.03841475769877434,0.46479102969169617,0.48513561487197876,-0.10831163078546524,0.26208892464637756,0.44137993454933167,-0.022887084633111954,0.24712345004081726,0.4340096712112427,-0.021031908690929413,0.16680288314819336,0.42593395709991455,0.038500066846609116,0.14181604981422424,0.512134850025177,-0.004072702955454588,0.20905189216136932,0.4197744131088257,0.01147732138633728,0.1597660928964615,0.5314070582389832,-0.03661051392555237,0.1382918804883957,0.5585039854049683,0.0048540071584284306,0.5406345129013062,0.48372694849967957,-0.12146866321563721,0.5213193893432617,0.5043351054191589,-0.1264071762561798,0.510195255279541,0.5197150707244873,-0.1213085725903511,0.49077460169792175,0.46922993659973145,-0.09314893186092377,0.5052818655967712,0.5413658618927002,-0.10475858300924301,0.5224863290786743,0.5410367846488953,-0.10855492949485779,0.5107190608978271,0.5372055768966675,-0.10270813852548599,0.4925236701965332,0.44349241256713867,-0.12473338842391968,0.5263009667396545,0.5166789889335632,-0.11181769520044327,0.5391789674758911,0.5042154788970947,-0.11481944471597672,0.5561966300010681,0.4889042377471924,-0.11161617934703827,0.6490793228149414,0.5463467240333557,-0.10424678027629852,0.6040782332420349,0.5245196223258972,-0.11682429909706116,0.5960553884506226,0.5164273977279663,-0.11634786427021027,0.5863084197044373,0.5073827505111694,-0.10787715017795563,0.579185426235199,0.5006230473518372,-0.09910766035318375,0.5413584113121033,0.5247802138328552,-0.10212392359972,0.5418640375137329,0.5304981470108032,-0.10845489799976349,0.5424943566322327,0.5382162928581238,-0.11513815075159073,0.5435904264450073,0.5455172657966614,-0.11666782200336456,0.4856032133102417,0.5372788906097412,-0.11886752396821976,0.2479856312274933,0.7270182371139526,0.03353181853890419,0.5382217168807983,0.4241148829460144,-0.09894785284996033,0.526739776134491,0.5313968658447266,-0.10075170546770096,0.5247483849525452,0.5358659625053406,-0.10532472282648087,0.5160975456237793,0.4569557011127472,-0.09858644753694534,0.478751003742218,0.49153637886047363,-0.08999374508857727,0.5105948448181152,0.45736292004585266,-0.09555808454751968,0.3867054283618927,0.490222692489624,-0.061047978699207306,0.36840906739234924,0.5200419425964355,-0.0840921625494957,0.44937458634376526,0.4863835573196411,-0.10041425377130508,0.12261141836643219,0.48222360014915466,0.030873402953147888,0.16406889259815216,0.4663802981376648,-0.0013202761765569448,0.20216119289398193,0.4655534327030182,-0.031809911131858826,0.5716847777366638,0.5815168023109436,-0.11716444045305252,0.296991229057312,0.4032488465309143,0.0006473567918874323,0.25631898641586304,0.3838549852371216,0.034593455493450165,0.21724556386470795,0.3809780478477478,0.0642787516117096,0.2689150273799896,0.530953586101532,-0.04947023093700409,0.23829393088817596,0.5792227983474731,-0.05925256758928299,0.33799082040786743,0.46380817890167236,0.004077490884810686,0.21047595143318176,0.5350199341773987,-0.04528774693608284,0.39928704500198364,0.44811850786209106,-0.03892629221081734,0.4686484932899475,0.44857287406921387,-0.1259247362613678,0.2411281168460846,0.6174097657203674,-0.06347205489873886,0.2670803368091583,0.5736040472984314,-0.07769887894392014,0.3015356659889221,0.5546188354492188,-0.08037934452295303,0.3348427712917328,0.5221088528633118,-0.06305712461471558,0.35263264179229736,0.4967852830886841,-0.04244273155927658,0.36403653025627136,0.4765826463699341,-0.02734532579779625,0.4038281738758087,0.4094199538230896,-0.026730695739388466,0.28350692987442017,0.6352036595344543,-0.0898115262389183,0.1916927695274353,0.5468315482139587,-0.04458269104361534,0.5291570425033569,0.4184306561946869,-0.12954279780387878,0.4178995192050934,0.46960562467575073,-0.06402470171451569,0.15803223848342896,0.674916684627533,0.06140746921300888,0.371549516916275,0.4590214490890503,-0.013914854265749454,0.4455017149448395,0.49633538722991943,-0.0791139230132103,0.22989362478256226,0.5360509753227234,-0.037933047860860825,0.45294463634490967,0.4505508840084076,-0.1127379909157753,0.30335909128189087,0.7470013499259949,0.006643714848905802,0.32972192764282227,0.46261462569236755,0.01259329542517662,0.4617294669151306,0.4234781563282013,-0.11949122697114944,0.49014121294021606,0.6917533874511719,-0.10859354585409164,0.5074355006217957,0.7239105701446533,-0.09333762526512146,0.2594320476055145,0.6865772008895874,-0.031967759132385254,0.43175846338272095,0.7105878591537476,-0.09668026119470596,0.1532091200351715,0.5971247553825378,0.010390597395598888,0.6484339237213135,0.6283388733863831,-0.135020449757576,0.5307397842407227,0.42929741740226746,-0.10215495526790619,0.4133584797382355,0.49300849437713623,-0.07396046817302704,0.1908368021249771,0.5856067538261414,-0.03208046033978462,0.283841997385025,0.5099977850914001,-0.03897029906511307,0.3005474805831909,0.49745452404022217,-0.03301066532731056,0.520063042640686,0.5462214946746826,-0.11054986715316772,0.3246009349822998,0.6588594913482666,-0.09816566854715347,0.7131975889205933,0.611434280872345,-0.12490316480398178,0.6212151646614075,0.6705416440963745,-0.11717365682125092,0.572088897228241,0.6960213780403137,-0.10738424956798553,0.3084024488925934,0.35036754608154297,0.06943678855895996,0.7524855136871338,0.5762877464294434,-0.09937509149312973,0.31198328733444214,0.4857938587665558,-0.020206399261951447,0.32065367698669434,0.4741588532924652,-0.005746929440647364,0.3268418610095978,0.4665052592754364,0.006902465131133795,0.1694703996181488,0.5590941905975342,-0.031363725662231445,0.3051047921180725,0.46769553422927856,-0.0013717596884816885,0.2864387631416321,0.47718051075935364,-0.014231918379664421,0.2697654366493225,0.4891631305217743,-0.026039645075798035,0.2544597387313843,0.5038534998893738,-0.03482520580291748,0.24637934565544128,0.5150116682052612,-0.03703492134809494,0.12118208408355713,0.6328247785568237,0.05678418278694153,0.2687637209892273,0.5186355710029602,-0.03976674750447273,0.5495191216468811,0.44042181968688965,-0.08866992592811584,0.49286359548568726,0.5114715099334717,-0.11452755331993103,0.48279231786727905,0.46256399154663086,-0.10449234396219254,0.5257086753845215,0.4648182690143585,-0.10646052658557892,0.3940533399581909,0.39265891909599304,0.011188777163624763,0.5475163459777832,0.673222005367279,-0.11465316265821457,0.5967951416969299,0.6533449292182922,-0.12361643463373184,0.6982935667037964,0.5962075591087341,-0.13509762287139893,0.4448776841163635,0.7450447678565979,-0.06523710489273071,0.32128486037254333,0.4636298418045044,0.007246290799230337,0.42311957478523254,0.42580968141555786,-0.058414071798324585,0.7393821477890015,0.5608596205711365,-0.11040473729372025,0.6687139272689819,0.642200767993927,-0.12920355796813965,0.30933457612991333,0.7082610130310059,-0.05064220353960991,0.5593701004981995,0.5147011876106262,-0.10321720689535141,0.5625421404838562,0.5214756727218628,-0.11110129952430725,0.5677710771560669,0.5303008556365967,-0.11859676986932755,0.5738605260848999,0.538787841796875,-0.12014377862215042,0.6095019578933716,0.5679545998573303,-0.117110475897789,0.5122093558311462,0.5293802618980408,-0.10957064479589462,0.5048748254776001,0.5318871736526489,-0.11377871781587601,0.4977013170719147,0.5337576270103455,-0.11704108119010925,0.4876738488674164,0.5636639595031738,-0.12014893442392349,0.3666028082370758,0.6228259801864624,-0.12018619477748871,0.4006899297237396,0.42764097452163696,-0.030059179291129112,0.3381911516189575,0.4393295645713806,0.022025223821401596,0.3249205946922302,0.4518898129463196,0.015415990725159645,0.5178853869438171,0.5268126130104065,-0.10714872926473618,0.4121190905570984,0.6663762331008911,-0.11212148517370224,0.36165639758110046,0.4213252067565918,0.005780890118330717,0.6156967878341675,0.5898128151893616,-0.12049465626478195,0.46289941668510437,0.3899189531803131,-0.07743474096059799,0.4282591938972473,0.4068489074707031,-0.055303905159235,0.4405803978443146,0.39174866676330566,-0.04545460641384125,0.4383108913898468,0.44850847125053406,-0.08091097325086594,0.7187280654907227,0.5450636148452759,-0.1102156937122345,0.6956387758255005,0.5330535173416138,-0.0986369401216507,0.661230206489563,0.5623224377632141,-0.11518339067697525,0.5281813740730286,0.6121392250061035,-0.11856367439031601,0.4440317153930664,0.518596351146698,-0.09137070924043655,0.572226881980896,0.606168270111084,-0.11986766010522842,0.39806291460990906,0.556557297706604,-0.11590883135795593,0.44583913683891296,0.5432937741279602,-0.10947118699550629,0.4118776321411133,0.5951887369155884,-0.12409801781177521,0.6793453097343445,0.5784538388252258,-0.13216006755828857,0.4340550899505615,0.47059929370880127,-0.08040741831064224,0.5293869972229004,0.6427372097969055,-0.12073338776826859,0.5799662470817566,0.6283347606658936,-0.1229768618941307,0.48493659496307373,0.6095611453056335,-0.12494270503520966,0.3643319308757782,0.6780164837837219,-0.10085602849721909,0.46391570568084717,0.6451795697212219,-0.12263146787881851,0.36531171202659607,0.7193073034286499,-0.07263906300067902,0.4555278420448303,0.5738394260406494,-0.12078655511140823,0.42032575607299805,0.44777125120162964,-0.060929231345653534,0.4841020703315735,0.4456401765346527,-0.12974350154399872,0.4732648730278015,0.4691725969314575,-0.1151634082198143,0.48247820138931274,0.42408257722854614,-0.1352938562631607,0.3104017972946167,0.4398801922798157,0.010167703032493591,0.27195319533348083,0.4555546045303345,-0.013226645067334175,0.24231305718421936,0.47439855337142944,-0.0343082956969738,0.2200409322977066,0.49566516280174255,-0.04728606715798378,0.20797468721866608,0.5164684057235718,-0.04994259774684906,0.22167855501174927,0.5496038794517517,-0.03939713165163994,0.21611811220645905,0.6624255180358887,-0.0180406104773283,0.26634520292282104,0.5496832132339478,-0.057406771928071976,0.29399144649505615,0.5349178910255432,-0.057192277163267136,0.31914299726486206,0.5132598876953125,-0.04812934249639511,0.33723852038383484,0.4920855164527893,-0.0306584183126688,0.34809768199920654,0.4749630093574524,-0.012076872400939465,0.3556201159954071,0.46169513463974,-0.0009465483599342406,0.20183758437633514,0.7032055258750916,0.054308656603097916,0.47638702392578125,0.477172315120697,-0.1058201864361763,0.4434475898742676,0.4236791431903839,-0.08602625876665115,0.5012909173965454,0.4247809946537018,-0.13626545667648315,0.5166840553283691,0.4285474419593811,-0.12377999722957611,0.5028682947158813,0.4322251081466675,-0.12726753950119019,0.48439061641693115,0.4804351329803467,-0.09578884392976761,0.5223170518875122,0.4237971305847168,-0.12832559645175934,0.5245059728622437,0.43385326862335205,-0.10435020178556442,0.33918869495391846,0.4557324945926666,0.016537398099899292,0.3572225272655487,0.4480540454387665,0.011861586943268776,0.3715127408504486,0.4418206214904785,-0.0021192419808357954,0.24244509637355804,0.5226156711578369,-0.03696782514452934,0.22144564986228943,0.5271834135055542,-0.04257166385650635,0.4774537980556488,0.38291990756988525,-0.055404387414455414,0.4835483431816101,0.3478116989135742,0.18713659048080444,0.5465521812438965,0.4139016270637512,-0.08309482038021088,0.4642341732978821,0.3337423801422119,0.4027208089828491,0.4649694561958313,0.377271443605423,0.1191793903708458,0.4781580865383148,0.3697231113910675,0.13445818424224854,0.48945316672325134,0.3623601794242859,0.1533927619457245,0.4933929145336151,0.34884852170944214,0.19183224439620972,0.45148515701293945,0.3824167251586914,0.10728256404399872,0.4400913715362549,0.33960649371147156,0.1470363885164261,0.427658349275589,0.3496708571910858,0.12979735434055328,0.45514973998069763,0.33349162340164185,0.1657608449459076,0.46872779726982117,0.3329993486404419,0.18126344680786133,0.5154715180397034,0.3499104380607605,0.20550097525119781,0.7423858642578125,0.5015373826026917,-0.022957567125558853,0.4832891821861267,0.34288638830184937,0.2008148431777954,0.5342081189155579,0.3675417900085449,0.3564665615558624,0.5120967030525208,0.33912891149520874,0.24994662404060364,0.5703500509262085,0.38808929920196533,0.05387920141220093,0.5763242244720459,0.4381484091281891,-0.08315513283014297,0.5895028114318848,0.4507012367248535,-0.08212649077177048,0.5981890559196472,0.42213234305381775,-0.05029314011335373,0.6140035390853882,0.41307446360588074,-0.016584530472755432,0.6040794849395752,0.4368422329425812,-0.054269205778837204,0.6153598427772522,0.4268975853919983,-0.024413861334323883,0.6950445175170898,0.45152443647384644,0.024565190076828003,0.5416121482849121,0.3910134434700012,-0.11743830889463425,0.5260844230651855,0.38046079874038696,-0.11431040614843369,0.47055771946907043,0.3166496753692627,0.21676300466060638,0.4962588846683502,0.39031651616096497,0.04955345764756203,0.563112735748291,0.38753262162208557,-0.026736026629805565,0.552251935005188,0.38645851612091064,-0.01440737396478653,0.6026322841644287,0.37283337116241455,0.1304466277360916,0.5012020468711853,0.37985163927078247,-0.08715660870075226,0.42983776330947876,0.3203628659248352,0.14642468094825745,0.4499816596508026,0.3146207928657532,0.18410682678222656,0.4326034486293793,0.311288058757782,0.3566479980945587,0.3959636390209198,0.3616809844970703,0.060577794909477234,0.42164337635040283,0.36170583963394165,0.12115150690078735,0.6806209087371826,0.4339829683303833,0.049214985221624374,0.6954997777938843,0.4836861491203308,0.3127593696117401,0.561208963394165,0.40335798263549805,-0.03451903164386749,0.5538636445999146,0.41569700837135315,-0.059824783354997635,0.6379580497741699,0.40824127197265625,0.03774344548583031,0.6342830657958984,0.41341304779052734,0.023850366473197937,0.44305306673049927,0.30617648363113403,0.20974236726760864,0.5689350366592407,0.3967457413673401,-0.019922034814953804,0.4111734628677368,0.33467358350753784,0.10446730256080627,0.40006527304649353,0.32567042112350464,0.11069314181804657,0.36049720644950867,0.3003173768520355,0.22267881035804749,0.441909521818161,0.3066861033439636,0.27081528306007385,0.3791663646697998,0.3093414306640625,0.1642557680606842,0.4676656126976013,0.30980342626571655,0.25133585929870605,0.47139090299606323,0.3230435252189636,0.3178851008415222,0.5838040709495544,0.4439815580844879,-0.08436518907546997,0.601772665977478,0.4294201731681824,-0.05317934602499008,0.6151101589202881,0.4196382462978363,-0.02308720164000988,0.5596495866775513,0.40982186794281006,-0.03840812295675278,0.6361098885536194,0.4109123647212982,0.029580214992165565,0.6438595652580261,0.4225671887397766,0.004638814367353916,0.6325627565383911,0.4157368540763855,0.020934322848916054,0.553071916103363,0.3954929709434509,-0.06368234008550644,0.6146588921546936,0.4326792359352112,-0.02566453628242016,0.6047763824462891,0.44295430183410645,-0.051102302968502045,0.5919508934020996,0.4560415744781494,-0.07625512033700943,0.697987973690033,0.5021886825561523,-0.0696515291929245,0.6525827646255493,0.48013922572135925,-0.07885658740997314,0.6420830488204956,0.47414177656173706,-0.07760859280824661,0.6281957626342773,0.46888473629951477,-0.06895054876804352,0.6167791485786438,0.46641218662261963,-0.06254127621650696,0.6309860348701477,0.43950796127319336,-0.0156058045104146,0.63951575756073,0.4377310872077942,-0.021766969934105873,0.6496051549911499,0.43647685647010803,-0.025182990357279778,0.6587964296340942,0.4364684820175171,-0.019169820472598076,0.6319398283958435,0.4128726124763489,0.006144429557025433,0.6089450120925903,0.4418726861476898,0.4161873459815979,0.6319729685783386,0.42872560024261475,0.007260716054588556,0.6380730867385864,0.42552852630615234,0.0032985887955874205,0.5563414692878723,0.42212849855422974,-0.0661422610282898,0.5727162957191467,0.4099406898021698,-0.018898122012615204,0.5552307963371277,0.41905292868614197,-0.06349161267280579,0.5201703310012817,0.38682064414024353,0.06648395955562592,0.5530209541320801,0.3779614269733429,0.08867014199495316,0.5609140992164612,0.393113911151886,-0.004408791195601225,0.3981080651283264,0.2992972731590271,0.29261982440948486,0.4108092784881592,0.3027803599834442,0.21999287605285645,0.4198133051395416,0.31100940704345703,0.1651816964149475,0.7022045850753784,0.4652869403362274,-0.002471222775056958,0.3788141906261444,0.3467313051223755,0.06792163103818893,0.3474889397621155,0.32538315653800964,0.11438813805580139,0.3226863741874695,0.31336161494255066,0.15712223947048187,0.494911253452301,0.3551733195781708,0.17425388097763062,0.5389280915260315,0.34978675842285156,0.22599419951438904,0.4412105679512024,0.3845451772212982,0.1066134124994278,0.48481154441833496,0.3319176733493805,0.2150048166513443,0.47539812326431274,0.3897859454154968,0.03676634654402733,0.5505366325378418,0.38283979892730713,-0.053356390446424484,0.575429379940033,0.3628343939781189,0.26127979159355164,0.5478609204292297,0.35793745517730713,0.19086968898773193,0.5436298847198486,0.36876171827316284,0.14702318608760834,0.5193315744400024,0.3820575773715973,0.11085265874862671,0.49504023790359497,0.3893741965293884,0.08936236798763275,0.47569993138313293,0.39335158467292786,0.07105960696935654,0.4350505769252777,0.3860063850879669,0.005380141548812389,0.6163511276245117,0.3752368092536926,0.23438985645771027,0.4901023209095001,0.32679522037506104,0.23926442861557007,0.5442235469818115,0.4071460962295532,-0.11337605118751526,0.5153703689575195,0.391967236995697,0.02814866229891777,0.526932954788208,0.3951756954193115,0.45349210500717163,0.458587110042572,0.3946082592010498,0.06285218894481659,0.5610480308532715,0.39944592118263245,0.01770307868719101,0.48758888244628906,0.3411998152732849,0.2096458524465561,0.5369902849197388,0.38250279426574707,-0.03919374570250511,0.6529216766357422,0.4621914327144623,0.37325403094291687,0.4334771931171417,0.38230282068252563,0.12002863734960556,0.5176063776016235,0.37940722703933716,-0.06560526043176651,0.7347162961959839,0.4721420407295227,0.13436374068260193,0.7491662502288818,0.5032985210418701,0.16662441194057465,0.6198779344558716,0.4025244116783142,0.32250362634658813,0.7189904451370239,0.4605880677700043,0.18913276493549347,0.4993267357349396,0.34529420733451843,0.34665870666503906,0.7639347314834595,0.5155114531517029,-0.019425174221396446,0.5428803563117981,0.4201424717903137,-0.09244618564844131,0.5399264097213745,0.3923645615577698,0.04008918255567551,0.521041750907898,0.33876311779022217,0.2856566905975342,0.47701188921928406,0.3572562336921692,0.1589406430721283,0.46766459941864014,0.36446768045425415,0.1422736495733261,0.6490682363510132,0.42012637853622437,0.0109813017770648,0.6526033878326416,0.395338237285614,0.2142019122838974,0.7740415334701538,0.5491410493850708,-0.058004070073366165,0.7725701928138733,0.5215325951576233,0.04996156692504883,0.7637149095535278,0.5130326747894287,0.10361003875732422,0.4565854072570801,0.3710649013519287,0.12921442091464996,0.44470012187957764,0.37687623500823975,0.1230195015668869,0.4373488426208496,0.3806516230106354,0.12241214513778687,0.4907466173171997,0.32254576683044434,0.2750920057296753,0.4331156015396118,0.36829036474227905,0.12944099307060242,0.4391624927520752,0.3580455780029297,0.13710390031337738,0.4494325518608093,0.34946900606155396,0.14992058277130127,0.46227580308914185,0.34398847818374634,0.1654650866985321,0.4724336862564087,0.34261393547058105,0.17800074815750122,0.49271976947784424,0.36090287566185,0.4386638104915619,0.4815446734428406,0.3520852327346802,0.17489057779312134,0.6075137853622437,0.4123598039150238,-0.0197861660271883,0.5604809522628784,0.39840182662010193,-0.0413404144346714,0.5726730227470398,0.424606055021286,-0.06784157454967499,0.7488101720809937,0.48692992329597473,0.08179125934839249,0.7550542950630188,0.5018013715744019,0.031215572729706764,0.7616431713104248,0.5342462062835693,-0.0722719058394432,0.7275581359863281,0.4966714084148407,0.23953771591186523,0.43282878398895264,0.37722665071487427,0.12437398731708527,0.4759220778942108,0.385389506816864,-0.007390184327960014,0.7780659198760986,0.5320545434951782,-0.0053929914720356464,0.6590518355369568,0.4241681694984436,0.28898248076438904,0.6267471313476562,0.45196977257728577,-0.03838808089494705,0.6372928023338318,0.45194011926651,-0.043703217059373856,0.6500645279884338,0.45391982793807983,-0.04779482260346413,0.6616103649139404,0.45788997411727905,-0.045244939625263214,0.7047102451324463,0.48176929354667664,-0.03366798162460327,0.6248550415039062,0.4189746379852295,0.003161062253639102,0.6264148354530334,0.4133659601211548,0.009760338813066483,0.6270765662193298,0.40803322196006775,0.01522145513445139,0.657478928565979,0.41983872652053833,0.03519852086901665,0.6501307487487793,0.3943822979927063,0.14322863519191742,0.4534730613231659,0.38798248767852783,0.022381387650966644,0.4172293543815613,0.37903255224227905,0.08933746814727783,0.4238780736923218,0.37629687786102295,0.11371121555566788,0.6228498220443726,0.424361914396286,0.0011781591456383467,0.6953802108764648,0.42761558294296265,0.15674982964992523,0.4131287932395935,0.3837047815322876,0.04559287428855896,0.7195451855659485,0.49289900064468384,-0.027845414355397224,0.4573163688182831,0.3845271170139313,-0.027906574308872223,0.515361487865448,0.3874287009239197,-0.013772577047348022,0.7150766253471375,0.5116578340530396,-0.07092543691396713,0.7066419124603271,0.45509812235832214,0.04258019104599953,0.5860379934310913,0.4013814926147461,0.029401501640677452,0.7169713973999023,0.4747600257396698,0.008217217400670052,0.6119040846824646,0.38727810978889465,0.0729859471321106,0.6176263689994812,0.40305954217910767,0.04128900170326233,0.6511694192886353,0.4009062647819519,0.09238988161087036,0.7405287027359009,0.5205106735229492,-0.07349046319723129,0.5315825939178467,0.3913586735725403,0.004715997725725174,0.7276087999343872,0.4650188684463501,0.06476191431283951,0.7344028353691101,0.4851450026035309,0.020407196134328842,0.6901625394821167,0.4348680377006531,0.06920961290597916,0.681529700756073,0.4159158170223236,0.1991920918226242,0.7050238847732544,0.4375985860824585,0.10283547639846802,0.6922242641448975,0.444830060005188,0.25003546476364136,0.651509165763855,0.41214853525161743,0.05687027797102928,0.49533265829086304,0.38905519247055054,0.01192023791372776,0.5548240542411804,0.3890451192855835,-0.06356189399957657,0.5651174783706665,0.3926396369934082,-0.039270687848329544,0.5383453369140625,0.37990766763687134,-0.08259052038192749,0.41157519817352295,0.3634467124938965,0.1032109186053276,0.42144936323165894,0.3442830741405487,0.12343844026327133,0.4370790421962738,0.33190417289733887,0.1448546200990677,0.4543837606906891,0.32545560598373413,0.17050129175186157,0.47004637122154236,0.3256063461303711,0.1943296194076538,0.4991360306739807,0.34096843004226685,0.22440792620182037,0.5784256458282471,0.3839230239391327,0.34511643648147583,0.5182002782821655,0.3565356731414795,0.18319071829319,0.5133068561553955,0.3656961917877197,0.15272147953510284,0.4975464642047882,0.37548506259918213,0.12487808614969254,0.47814124822616577,0.38339492678642273,0.10560924559831619,0.4617263674736023,0.38832974433898926,0.09091507643461227,0.449290931224823,0.39077335596084595,0.0827270969748497,0.5650902986526489,0.42189785838127136,0.4453628659248352,0.5670105218887329,0.40014368295669556,-0.03123493120074272,0.4955548942089081,0.3831280469894409,-0.03328510746359825,0.5480921268463135,0.38808003067970276,-0.09394974261522293,0.546780526638031,0.40579378604888916,-0.09938521683216095,0.5495882630348206,0.39607441425323486,-0.0841580480337143,0.5667248964309692,0.4090333580970764,-0.033151861280202866,0.5468704700469971,0.40542566776275635,-0.10833252221345901,0.5461394786834717,0.4170326590538025,-0.08774460852146149,0.4319654107093811,0.3845980763435364,0.10603232681751251,0.4340513050556183,0.38975316286087036,0.07748459279537201,0.43847277760505676,0.3922123312950134,0.05173847824335098,0.47899746894836426,0.3426509499549866,0.1886245757341385,0.4794987738132477,0.3351501226425171,0.1977323591709137,0.27368074655532837,0.5011307597160339,-0.020862998440861702,0.2917133569717407,0.48605722188949585,-0.020862998440861702,0.25789713859558105,0.49379244446754456,-0.020862998440861702,0.2552497684955597,0.5163729190826416,-0.020862998440861702,0.28892210125923157,0.5085660219192505,-0.020862998440861702,0.44826817512512207,0.36693280935287476,0.15197880566120148,0.4609254002571106,0.3576684594154358,0.15197880566120148,0.43352991342544556,0.3586633801460266,0.15197880566120148,0.4353402256965637,0.3757888674736023,0.15197880566120148,0.46251124143600464,0.3749806880950928,0.15197880566120148,0,0,0,0,0,1,1,1,0,0,0,0,0.05437374860048294,0.049742989242076874,0.1122162938117981,0.051706261932849884,0.02196757309138775,0.06117004156112671,0.0819564014673233,0.07010552287101746,0.07710335403680801,0.10407831519842148,1.3153992891311646,0.25305652618408203,Neutral,-7.550309181213379,-35.76499557495117
149,4.966666666666667,31.0616785527463,-10.71208667274152,0.714229762654703,0.5462353825569153,0.4341747760772705,-0.081063412129879,0.4949776828289032,0.37440502643585205,-0.11183154582977295,0.5113138556480408,0.40995386242866516,-0.07114433497190475,0.42098164558410645,0.39396780729293823,-0.08496618270874023,0.47557228803634644,0.3680957555770874,-0.11346372216939926,0.4504280388355255,0.3723350167274475,-0.09863685816526413,0.3812960386276245,0.3927394151687622,-0.02753114514052868,0.26155799627304077,0.5427571535110474,-0.07008328288793564,0.3371398448944092,0.39088135957717896,0.0010593556798994541,0.31287088990211487,0.3829471170902252,0.007038655690848827,0.22181017696857452,0.3721950054168701,0.053641997277736664,0.5497193336486816,0.4351881742477417,-0.0807950496673584,0.5516366362571716,0.4366406798362732,-0.07679655402898788,0.5520841479301453,0.43817445635795593,-0.07025741785764694,0.6297692060470581,0.4547351896762848,-0.058678336441516876,0.6410235166549683,0.4570452570915222,-0.06396402418613434,0.651494026184082,0.4600304663181305,-0.07008308917284012,0.6592043042182922,0.46300554275512695,-0.06877743452787399,0.6720809936523438,0.4631207585334778,-0.0566483736038208,0.5056401491165161,0.38671401143074036,-0.10464601218700409,0.4931142330169678,0.41358450055122375,-0.09233332425355911,0.14236858487129211,0.6417157053947449,-0.02511257864534855,0.32312673330307007,0.49080854654312134,-0.04933956265449524,0.31273072957992554,0.5092911124229431,-0.06486799567937851,0.29856589436531067,0.5283781886100769,-0.07480739057064056,0.2598074674606323,0.5548564791679382,-0.07783505320549011,0.3281837999820709,0.4752490818500519,-0.03037566877901554,0.24003690481185913,0.500096321105957,-0.06335746496915817,0.2587086856365204,0.4804657995700836,-0.041871100664138794,0.2277005910873413,0.5216745138168335,-0.07475905865430832,0.22512689232826233,0.538917064666748,-0.07833432406187057,0.2643800377845764,0.5744302868843079,-0.08228577673435211,0.6620516777038574,0.5489225387573242,-0.09969400614500046,0.24628226459026337,0.5505611896514893,-0.06896786391735077,0.2308022379875183,0.667097806930542,-0.04750107228755951,0.22869250178337097,0.5952820181846619,-0.07711582630872726,0.4165957272052765,0.5075965523719788,-0.09711286425590515,0.5237520933151245,0.45753371715545654,-0.09819134324789047,0.5341741442680359,0.4578697383403778,-0.09235960245132446,0.5087417960166931,0.48206189274787903,-0.10867929458618164,0.5009084343910217,0.4986864924430847,-0.10797851532697678,0.519990086555481,0.4774846136569977,-0.10063780844211578,0.5110688805580139,0.49238094687461853,-0.09687332063913345,0.5670942068099976,0.549205482006073,-0.09771030396223068,0.4863038659095764,0.3876720070838928,-0.12097421288490295,0.46649283170700073,0.3837968707084656,-0.12406602501869202,0.18737326562404633,0.5595137476921082,-0.09322516620159149,0.38798946142196655,0.4631897509098053,-0.056732177734375,0.4542701840400696,0.4552151560783386,-0.11021476984024048,0.4410320520401001,0.4591158628463745,-0.1032237708568573,0.37847456336021423,0.5716695785522461,-0.1257973313331604,0.4432617127895355,0.38733577728271484,-0.10952675342559814,0.2057414948940277,0.5006668567657471,-0.076491579413414,0.18963584303855896,0.5321356654167175,-0.08939517289400101,0.12426981329917908,0.5906251072883606,-0.03383732959628105,0.29143399000167847,0.4248480200767517,-0.026058116927742958,0.28092217445373535,0.4662593901157379,-0.022791368886828423,0.532036542892456,0.5561274290084839,-0.10657604783773422,0.46619677543640137,0.7418028116226196,-0.04090367257595062,0.4734732508659363,0.447984516620636,-0.09254276752471924,0.4873637557029724,0.4362452030181885,-0.0807032585144043,0.5039241313934326,0.5211623907089233,-0.0948961153626442,0.5096067786216736,0.5163754224777222,-0.08968242257833481,0.1661270260810852,0.5396236181259155,-0.08366946130990982,0.46150708198547363,0.46657711267471313,-0.10148685425519943,0.238226979970932,0.4651465117931366,-0.05426035448908806,0.21911188960075378,0.46271008253097534,-0.05538630485534668,0.14775177836418152,0.47103992104530334,-0.022667502984404564,0.15352879464626312,0.5563091039657593,-0.059562377631664276,0.18626916408538818,0.45515963435173035,-0.03536378964781761,0.16537675261497498,0.5715240240097046,-0.08389727771282196,0.1655540019273758,0.6022136807441711,-0.05215006321668625,0.5298144817352295,0.4580053985118866,-0.09781982004642487,0.5145882368087769,0.4798603057861328,-0.10584515333175659,0.5060384273529053,0.4956992566585541,-0.1036539226770401,0.4795084595680237,0.4482058882713318,-0.08397470414638519,0.5070743560791016,0.5186988711357117,-0.09135366231203079,0.5319440364837646,0.5180572867393494,-0.09149084985256195,0.5115712285041809,0.5143152475357056,-0.08858384191989899,0.4737635850906372,0.42302602529525757,-0.11431009322404861,0.5140689611434937,0.4900117516517639,-0.0927637368440628,0.5230757594108582,0.4754170775413513,-0.09284444898366928,0.5367763042449951,0.45786234736442566,-0.0867624431848526,0.654456615447998,0.4898151159286499,-0.0743711069226265,0.6325626373291016,0.4915473163127899,-0.08727750927209854,0.6262058019638062,0.48690277338027954,-0.08836572617292404,0.6171660423278809,0.4812748432159424,-0.08176583051681519,0.6086823344230652,0.47617483139038086,-0.07566618919372559,0.5597330331802368,0.5021231770515442,-0.08428854495286942,0.5596246123313904,0.5076469779014587,-0.08852116018533707,0.5596708655357361,0.5142843127250671,-0.09383697062730789,0.5598247647285461,0.5199041962623596,-0.09538150578737259,0.5017867088317871,0.511152982711792,-0.10742621123790741,0.33071208000183105,0.743099570274353,-0.004046333953738213,0.5090261697769165,0.39895880222320557,-0.08226144313812256,0.5377711057662964,0.5087596774101257,-0.08533794432878494,0.5348794460296631,0.513353705406189,-0.08862350136041641,0.49901720881462097,0.4328914284706116,-0.08400649577379227,0.4762658178806305,0.4709038734436035,-0.08162366598844528,0.4937652349472046,0.43424850702285767,-0.082403764128685,0.3872910141944885,0.48546192049980164,-0.07204698771238327,0.38159433007240295,0.516019344329834,-0.09603140503168106,0.4473254680633545,0.47036343812942505,-0.09651775658130646,0.1247754693031311,0.5337526202201843,-0.03516179323196411,0.15906590223312378,0.5079294443130493,-0.05308808386325836,0.18352003395557404,0.5029447674751282,-0.07294177263975143,0.5961636900901794,0.5358789563179016,-0.09623987227678299,0.26121842861175537,0.4203875660896301,-0.028475787490606308,0.21903197467327118,0.41327112913131714,-0.007229966577142477,0.18049895763397217,0.4194214344024658,0.008400702849030495,0.279155969619751,0.5456653237342834,-0.07891023904085159,0.26437920331954956,0.6010884046554565,-0.09155341982841492,0.3289076089859009,0.46491867303848267,-0.019377345219254494,0.21907563507556915,0.5633302927017212,-0.08326335996389389,0.3837123513221741,0.44503194093704224,-0.05019690468907356,0.45406779646873474,0.43121665716171265,-0.11756125837564468,0.29116788506507874,0.6346847414970398,-0.09711378067731857,0.2938770651817322,0.5879542827606201,-0.10393691807985306,0.324733704328537,0.5618460774421692,-0.10113806277513504,0.34872138500213623,0.5229116678237915,-0.08020038157701492,0.3579913079738617,0.4943663477897644,-0.05839959532022476,0.3626045882701874,0.4726692736148834,-0.04300868511199951,0.3748653531074524,0.4093380868434906,-0.038541026413440704,0.34097641706466675,0.6420507431030273,-0.11474698036909103,0.20417656004428864,0.5792734622955322,-0.0862358883023262,0.4996511936187744,0.39394429326057434,-0.11221911758184433,0.41032105684280396,0.46122586727142334,-0.06946833431720734,0.22253893315792084,0.7129143476486206,0.0048446874134242535,0.3636596202850342,0.4546658396720886,-0.03037218190729618,0.44632983207702637,0.4809308350086212,-0.07737117260694504,0.23872913420200348,0.5594474077224731,-0.07324907928705215,0.4396785497665405,0.4360209107398987,-0.10750820487737656,0.39365729689598083,0.7493042349815369,-0.018947573378682137,0.3194619119167328,0.46537792682647705,-0.01325408648699522,0.43928247690200806,0.40928077697753906,-0.11263640224933624,0.5618287920951843,0.6552671194076538,-0.1006888747215271,0.5866172313690186,0.6837348341941833,-0.08103868365287781,0.3325873017311096,0.6990483999252319,-0.06542272865772247,0.5118589997291565,0.6851203441619873,-0.09836964309215546,0.1927350014448166,0.6361297369003296,-0.04436716437339783,0.6892019510269165,0.5639759302139282,-0.1021929606795311,0.5034869909286499,0.4048655033111572,-0.08625009655952454,0.41431063413619995,0.4834461212158203,-0.07856273651123047,0.21582777798175812,0.6175186634063721,-0.0742713212966919,0.28736671805381775,0.5216041207313538,-0.06727652996778488,0.30081623792648315,0.5052910447120667,-0.05948697403073311,0.5286780595779419,0.5226151943206787,-0.09376438707113266,0.3901081085205078,0.6559399366378784,-0.11497534811496735,0.7403362989425659,0.5358234643936157,-0.08489528298377991,0.6764906644821167,0.6092198491096497,-0.08957311511039734,0.6386754512786865,0.6436257362365723,-0.08636842668056488,0.25724950432777405,0.3738214373588562,0.03231595829129219,0.7611497640609741,0.49734950065612793,-0.0557599700987339,0.30908411741256714,0.49086102843284607,-0.04568544402718544,0.31465527415275574,0.4774816632270813,-0.031121190637350082,0.318168044090271,0.4691811203956604,-0.01911165937781334,0.18445831537246704,0.5960559844970703,-0.07745129615068436,0.2939937710762024,0.47569045424461365,-0.028945235535502434,0.27653777599334717,0.48905685544013977,-0.042711008340120316,0.2635380029678345,0.5043224096298218,-0.05587153881788254,0.2535686492919922,0.5218262672424316,-0.06608793139457703,0.24938514828681946,0.5348160266876221,-0.069277822971344,0.17301277816295624,0.6804196834564209,-0.0069788238033652306,0.27434951066970825,0.5335772633552551,-0.07015277445316315,0.5255553722381592,0.4133070111274719,-0.06967204064130783,0.4987536668777466,0.4865444600582123,-0.10187079012393951,0.47071003913879395,0.4424210488796234,-0.09631669521331787,0.5131266117095947,0.438543438911438,-0.08922018855810165,0.35759827494621277,0.3969903588294983,-0.005142063368111849,0.6096624135971069,0.6260196566581726,-0.09762298315763474,0.6497151851654053,0.5977609753608704,-0.0984605923295021,0.7223494648933411,0.5248558521270752,-0.09509286284446716,0.5325372815132141,0.7168098092079163,-0.06448236852884293,0.3106442987918854,0.4684157371520996,-0.019668588414788246,0.4005330801010132,0.41995376348495483,-0.06403356045484543,0.7448595762252808,0.48586857318878174,-0.06630344688892365,0.7111741304397583,0.5729750394821167,-0.09483899176120758,0.3900648057460785,0.7088366746902466,-0.07443465292453766,0.5847856998443604,0.49144262075424194,-0.08274214714765549,0.58834308385849,0.49769777059555054,-0.0883689746260643,0.5930752158164978,0.5046278238296509,-0.09434965997934341,0.5981593132019043,0.5106337666511536,-0.09515392035245895,0.6263328790664673,0.5164114236831665,-0.09191945195198059,0.5073122382164001,0.5054033994674683,-0.09429370611906052,0.5026793479919434,0.5088147521018982,-0.09927008301019669,0.4977777600288391,0.5117812752723694,-0.10320979356765747,0.5126444101333618,0.5350863337516785,-0.10978294163942337,0.41830915212631226,0.6129835247993469,-0.1282774806022644,0.3780590891838074,0.4262697100639343,-0.042020395398139954,0.31884050369262695,0.44256699085235596,-0.0025520632043480873,0.3095535635948181,0.4570225179195404,-0.011484980583190918,0.5102545022964478,0.5025985240936279,-0.09108446538448334,0.47758832573890686,0.645777702331543,-0.11434122920036316,0.3368092179298401,0.42158278822898865,-0.013973569497466087,0.641155481338501,0.5345556735992432,-0.09307263791561127,0.42730188369750977,0.37987324595451355,-0.0737854391336441,0.39916831254959106,0.40190547704696655,-0.06050394847989082,0.40522390604019165,0.38652896881103516,-0.048983171582221985,0.42388081550598145,0.43740132451057434,-0.08148355782032013,0.7188855409622192,0.47566884756088257,-0.069012351334095,0.6917620897293091,0.4696151912212372,-0.06205572187900543,0.6723345518112183,0.5013068318367004,-0.08154585212469101,0.5674035549163818,0.5723815560340881,-0.10217564553022385,0.4530346989631653,0.5018270611763,-0.08924061805009842,0.6067912578582764,0.5580804347991943,-0.09768042713403702,0.4244287610054016,0.5446118116378784,-0.11871945112943649,0.46474358439445496,0.5238426923751831,-0.10564330220222473,0.4517974853515625,0.5782653093338013,-0.124030202627182,0.6967114210128784,0.5121139287948608,-0.09490934014320374,0.4270894527435303,0.4588826596736908,-0.08101575821638107,0.5807433128356934,0.6003432273864746,-0.10450416058301926,0.6236211061477661,0.5769248008728027,-0.0990254282951355,0.5262267589569092,0.578340470790863,-0.11441010236740112,0.43524372577667236,0.6662760376930237,-0.11112602055072784,0.5197949409484863,0.6154189705848694,-0.11598435044288635,0.44943317770957947,0.7073562145233154,-0.08622174710035324,0.4856507182121277,0.5503767132759094,-0.11511284857988358,0.40518516302108765,0.44058120250701904,-0.06659947335720062,0.46735310554504395,0.42599356174468994,-0.11967888474464417,0.4646340310573578,0.44987308979034424,-0.10663780570030212,0.45942461490631104,0.40586891770362854,-0.12435214966535568,0.2884155213832855,0.44980713725090027,-0.01760071888566017,0.2516091763973236,0.47403472661972046,-0.04399971663951874,0.22727517783641815,0.49962425231933594,-0.06716848909854889,0.21317511796951294,0.52506422996521,-0.0825175866484642,0.20950347185134888,0.54677814245224,-0.08718334138393402,0.23588262498378754,0.5746904015541077,-0.07609185576438904,0.27959299087524414,0.6855435371398926,-0.06018270552158356,0.2841142416000366,0.5643265247344971,-0.08581175655126572,0.3093336820602417,0.5436729788780212,-0.08169540017843246,0.3281919062137604,0.5169641971588135,-0.06936466693878174,0.3394082188606262,0.4921976327896118,-0.050255317240953445,0.3446601331233978,0.4734223186969757,-0.03163826838135719,0.34754762053489685,0.459519624710083,-0.02056763507425785,0.275662899017334,0.7307292819023132,0.005832436960190535,0.4695894420146942,0.4572751522064209,-0.09770948439836502,0.420721173286438,0.4135247766971588,-0.08581239730119705,0.4767502546310425,0.40343666076660156,-0.1225980892777443,0.49061328172683716,0.4057537317276001,-0.10830913484096527,0.47962987422943115,0.4107157588005066,-0.114461250603199,0.4777197241783142,0.459544837474823,-0.08667294681072235,0.49475759267807007,0.40011388063430786,-0.11156873404979706,0.49901077151298523,0.4101450443267822,-0.08926200121641159,0.3264100253582001,0.45754292607307434,-0.007708607241511345,0.3431379497051239,0.4466708302497864,-0.009038519114255905,0.3561962842941284,0.4386736750602722,-0.019499914720654488,0.24770736694335938,0.5434685945510864,-0.07016506791114807,0.22744785249233246,0.5527591109275818,-0.07751139998435974,0.43734046816825867,0.37194693088531494,-0.05071118846535683,0.44212087988853455,0.36021220684051514,0.17532102763652802,0.5128662586212158,0.3892846703529358,-0.06644243746995926,0.3797187805175781,0.35003238916397095,0.36075395345687866,0.43156567215919495,0.3869430422782898,0.10937049984931946,0.4407636821269989,0.3801800012588501,0.125800222158432,0.4468276798725128,0.3727453947067261,0.1449478417634964,0.4439716935157776,0.3634835481643677,0.18162433803081512,0.4221513569355011,0.39020872116088867,0.09508498013019562,0.4107414484024048,0.3537774682044983,0.13315869867801666,0.40316709876060486,0.36255455017089844,0.11367273330688477,0.41906362771987915,0.34824568033218384,0.15283292531967163,0.42654719948768616,0.3479369282722473,0.1685342937707901,0.45226186513900757,0.3639484643936157,0.19671137630939484,0.7175272703170776,0.43807244300842285,0.016436617821455002,0.43953901529312134,0.3571924865245819,0.1878293752670288,0.45833227038383484,0.3673543632030487,0.33810532093048096,0.44209057092666626,0.35571661591529846,0.23690375685691833,0.5168187618255615,0.36844414472579956,0.06308872997760773,0.5564577579498291,0.4108552634716034,-0.05698879808187485,0.5622761845588684,0.41694965958595276,-0.054248154163360596,0.5697156190872192,0.39241135120391846,-0.02327634021639824,0.5809934735298157,0.3812001943588257,0.0098200011998415,0.5716513395309448,0.40168052911758423,-0.0264035202562809,0.5808615684509277,0.3905467689037323,0.002285976195707917,0.6568282246589661,0.4051920175552368,0.05325009301304817,0.5021330714225769,0.367070734500885,-0.09878114610910416,0.4845319986343384,0.3597802519798279,-0.09775365144014359,0.418536901473999,0.33048200607299805,0.20003166794776917,0.44890981912612915,0.3817322254180908,0.047551803290843964,0.515246570110321,0.36571067571640015,-0.01160675473511219,0.5038773417472839,0.3671327233314514,-0.001676908228546381,0.5372019410133362,0.35306742787361145,0.1390445977449417,0.46025389432907104,0.36404991149902344,-0.0759473368525505,0.40085938572883606,0.33249491453170776,0.1278185248374939,0.40987229347229004,0.3277268409729004,0.16633564233779907,0.3470442295074463,0.33331984281539917,0.31125882267951965,0.38256746530532837,0.36693722009658813,0.04127930477261543,0.3994559049606323,0.37272998690605164,0.10403206944465637,0.6380139589309692,0.3928524851799011,0.07567988336086273,0.6504120826721191,0.4393010437488556,0.3239492177963257,0.5199957489967346,0.37992194294929504,-0.019573921337723732,0.5183137059211731,0.3912805914878845,-0.04437991604208946,0.6065009832382202,0.3708619773387909,0.0629422664642334,0.6047589778900146,0.37677931785583496,0.048693034797906876,0.39960530400276184,0.32032138109207153,0.18822576105594635,0.5229709148406982,0.373611718416214,-0.004494882188737392,0.39117375016212463,0.3442249894142151,0.08543094247579575,0.3795047700405121,0.3354511857032776,0.08907477557659149,0.28350830078125,0.3288223445415497,0.17462901771068573,0.35816583037376404,0.3250652551651001,0.24108737707138062,0.3065980076789856,0.3313823640346527,0.1315802037715912,0.40843871235847473,0.32591134309768677,0.2308441400527954,0.3878348469734192,0.33674871921539307,0.28949040174484253,0.5605695247650146,0.4134413003921509,-0.05702272057533264,0.5714847445487976,0.3966690003871918,-0.025418275967240334,0.5815380811691284,0.3851202726364136,0.0037996433675289154,0.5205907821655273,0.3859449625015259,-0.024121783673763275,0.6059592962265015,0.37377724051475525,0.05442849546670914,0.6256328821182251,0.3815706670284271,0.03152082487940788,0.6036015748977661,0.37923091650009155,0.045790497213602066,0.5116944313049316,0.372597336769104,-0.047174952924251556,0.5793586373329163,0.3949061930179596,0.0014413339085876942,0.5706873536109924,0.4059358239173889,-0.022803224623203278,0.5624352693557739,0.42049264907836914,-0.04758968949317932,0.680165708065033,0.4442070722579956,-0.03612157702445984,0.6717578172683716,0.4349004328250885,-0.04529256746172905,0.6636589765548706,0.43347057700157166,-0.04516489803791046,0.6515582203865051,0.4331848919391632,-0.038563072681427,0.6394317746162415,0.43406203389167786,-0.034834373742341995,0.630083441734314,0.4026365280151367,0.010439237579703331,0.6361720561981201,0.3983149528503418,0.006167023442685604,0.643747091293335,0.39342254400253296,0.004523392301052809,0.6496168375015259,0.3899827301502228,0.010838288813829422,0.5870317220687866,0.38012999296188354,0.028811508789658546,0.5502549409866333,0.42237865924835205,0.4036869704723358,0.6187098026275635,0.3915596008300781,0.0321500189602375,0.6226667165756226,0.38621383905410767,0.02949957735836506,0.5231881737709045,0.39663147926330566,-0.048218004405498505,0.5312070846557617,0.3850805163383484,-0.0038536384236067533,0.5209852457046509,0.39397963881492615,-0.04712572693824768,0.46880966424942017,0.37585029006004333,0.0671306774020195,0.49522167444229126,0.3637527823448181,0.09226445853710175,0.5132719278335571,0.37207338213920593,0.00866751279681921,0.31488335132598877,0.3255409598350525,0.24599936604499817,0.3312392830848694,0.324040949344635,0.18907897174358368,0.38893043994903564,0.3234192728996277,0.1429268717765808,0.6680103540420532,0.4144466519355774,0.028308482840657234,0.3667628765106201,0.35304659605026245,0.04515249654650688,0.28407254815101624,0.34785717725753784,0.08001313358545303,0.2548697888851166,0.3430659770965576,0.1079590916633606,0.448128342628479,0.36755630373954773,0.16537730395793915,0.4626137316226959,0.3648175001144409,0.2189418375492096,0.41549625992774963,0.39125287532806396,0.09251266717910767,0.4305584132671356,0.3469618558883667,0.2005888968706131,0.430320680141449,0.38364601135253906,0.03299569711089134,0.5040184259414673,0.36197683215141296,-0.037946585565805435,0.5009733438491821,0.3526226580142975,0.2559744119644165,0.47596925497055054,0.3687799572944641,0.18820291757583618,0.4803387522697449,0.3747122883796692,0.14659050107002258,0.46814513206481934,0.38517189025878906,0.10918533056974411,0.4525207281112671,0.3925580382347107,0.08566371351480484,0.43998274207115173,0.39562857151031494,0.06491830945014954,0.3945843279361725,0.38469398021698,-0.0032320998143404722,0.5455076098442078,0.3557906746864319,0.23790311813354492,0.4279925525188446,0.34224259853363037,0.22362014651298523,0.5095700025558472,0.38176998496055603,-0.09449175000190735,0.4689529240131378,0.3793795108795166,0.03125143051147461,0.4545210599899292,0.3968396782875061,0.42312610149383545,0.42884382605552673,0.39609330892562866,0.05392628163099289,0.5146689414978027,0.37831658124923706,0.028159473091363907,0.43844279646873474,0.35700690746307373,0.19663429260253906,0.4900652766227722,0.3645365834236145,-0.02672574110329151,0.6006284952163696,0.43057548999786377,0.3713255226612091,0.4105643928050995,0.38945454359054565,0.1035936176776886,0.4732567369937897,0.3625930845737457,-0.05358541011810303,0.6929683089256287,0.4174177050590515,0.16282238066196442,0.7131526470184326,0.44221627712249756,0.1958029717206955,0.5534958839416504,0.3825048804283142,0.320066899061203,0.6722922325134277,0.4116750955581665,0.21203620731830597,0.41905587911605835,0.3527683615684509,0.32181721925735474,0.7428536415100098,0.44602322578430176,0.02368754893541336,0.5118780732154846,0.3948626220226288,-0.07556866109371185,0.49084189534187317,0.37649816274642944,0.045903660356998444,0.44121071696281433,0.35749101638793945,0.27160578966140747,0.44136136770248413,0.36822789907455444,0.1484033614397049,0.43510109186172485,0.3752111494541168,0.1315651834011078,0.6280249953269958,0.37760403752326965,0.038416095077991486,0.5871522426605225,0.3663219213485718,0.22506491839885712,0.7673091888427734,0.47148597240448,-0.012641203589737415,0.7480944395065308,0.45103418827056885,0.08921682834625244,0.7335144281387329,0.44645291566848755,0.13855868577957153,0.42665600776672363,0.3811543583869934,0.11736005544662476,0.4176010489463806,0.3854813575744629,0.10921981185674667,0.41280508041381836,0.3882747292518616,0.10667223483324051,0.42038729786872864,0.3407091200351715,0.2570120096206665,0.4101405739784241,0.37830597162246704,0.11360787600278854,0.4146820902824402,0.37023982405662537,0.1223975121974945,0.4211898744106293,0.36301690340042114,0.13630813360214233,0.42875126004219055,0.3577185273170471,0.1527474820613861,0.43441736698150635,0.3562982976436615,0.16536107659339905,0.41257554292678833,0.3708633780479431,0.40100860595703125,0.4428497850894928,0.3634234666824341,0.16390277445316315,0.5651252865791321,0.38219329714775085,0.0015634881565347314,0.5180425643920898,0.37536942958831787,-0.0270211361348629,0.5405933856964111,0.3967168927192688,-0.046827469021081924,0.712787389755249,0.42667946219444275,0.11562222987413406,0.7263292074203491,0.4375419020652771,0.06996215879917145,0.7513819932937622,0.46079176664352417,-0.02651994675397873,0.6876960396766663,0.4423992335796356,0.2612720727920532,0.4099076986312866,0.3850948214530945,0.10808560997247696,0.43310391902923584,0.3769165277481079,-0.007944229058921337,0.7608634829521179,0.45766574144363403,0.03776828944683075,0.5993231534957886,0.3930806517601013,0.295104056596756,0.6388161182403564,0.4168827533721924,-0.01132726576179266,0.6485859155654907,0.41342437267303467,-0.014064786024391651,0.6591577529907227,0.4108973741531372,-0.016520338132977486,0.6682420969009399,0.4098838269710541,-0.013310065492987633,0.6771413683891296,0.42689231038093567,-0.0008443713304586709,0.5912537574768066,0.3823030889034271,0.028557948768138885,0.5922950506210327,0.3773355484008789,0.035224780440330505,0.5922905206680298,0.3733291029930115,0.040564507246017456,0.6124807596206665,0.38345208764076233,0.059065017849206924,0.5880160331726074,0.36418747901916504,0.15849585831165314,0.4109322130680084,0.38463348150253296,0.015986012294888496,0.3971850872039795,0.38568371534347534,0.07133598625659943,0.4020264744758606,0.38456520438194275,0.09610317647457123,0.5895752310752869,0.38613277673721313,0.026814846321940422,0.6406935453414917,0.38563382625579834,0.17757652699947357,0.39580944180488586,0.3862699270248413,0.02967153489589691,0.6934170722961426,0.434725821018219,0.007675922475755215,0.41710013151168823,0.3780641555786133,-0.030327463522553444,0.47040659189224243,0.3730410933494568,-0.007632830645889044,0.6986241340637207,0.4498974680900574,-0.033207207918167114,0.666382908821106,0.40584489703178406,0.0724576935172081,0.5374755263328552,0.37678858637809753,0.04261718690395355,0.6830883622169495,0.4205855131149292,0.04116804525256157,0.5541085600852966,0.3620019555091858,0.08702292293310165,0.5670299530029297,0.37392914295196533,0.05845428630709648,0.5942265391349792,0.3681361675262451,0.11105509847402573,0.7261626720428467,0.4527442753314972,-0.03103450872004032,0.4853735566139221,0.37552744150161743,0.012157990597188473,0.6867491006851196,0.4109336733818054,0.0964544340968132,0.7018437385559082,0.4266701936721802,0.05639604479074478,0.6446864008903503,0.3914405405521393,0.0960811972618103,0.6217252016067505,0.37860092520713806,0.2152801752090454,0.6555116176605225,0.39171239733695984,0.12867744266986847,0.6393344402313232,0.40411338210105896,0.26505330204963684,0.6019963026046753,0.3771559000015259,0.07826618105173111,0.45069077610969543,0.37856578826904297,0.013238649815320969,0.5109074115753174,0.36654970049858093,-0.047051265835762024,0.5198245048522949,0.36959755420684814,-0.023395206779241562,0.49373477697372437,0.35923755168914795,-0.06638173758983612,0.3925437927246094,0.3721669316291809,0.08427691459655762,0.39808785915374756,0.3558807969093323,0.10531976073980331,0.4070560038089752,0.3450070023536682,0.1285024732351303,0.4158380627632141,0.3387950360774994,0.15557433664798737,0.4239692687988281,0.339669406414032,0.17956838011741638,0.4398103952407837,0.356802761554718,0.21145763993263245,0.5065668821334839,0.37404030561447144,0.33496156334877014,0.45966655015945435,0.3678845167160034,0.1766895055770874,0.4602793753147125,0.37399622797966003,0.14715126156806946,0.45267075300216675,0.38266521692276,0.11943420022726059,0.44019538164138794,0.39023110270500183,0.09849058091640472,0.42931026220321655,0.39384856820106506,0.08110978454351425,0.42102551460266113,0.39514321088790894,0.07129485160112381,0.5001823902130127,0.4137991964817047,0.42344900965690613,0.5235127806663513,0.37646323442459106,-0.015829915180802345,0.452503502368927,0.37048405408859253,-0.02788587287068367,0.5058087706565857,0.36481231451034546,-0.0762258917093277,0.5107092261314392,0.3810740113258362,-0.08156608045101166,0.5095385313034058,0.37269455194473267,-0.06712085753679276,0.5260945558547974,0.3845943212509155,-0.01790243573486805,0.5110825300216675,0.3803216218948364,-0.08975164592266083,0.5136263370513916,0.39191490411758423,-0.07100092619657516,0.4092598259449005,0.391196608543396,0.0897631123661995,0.4103475511074066,0.39431315660476685,0.06313275545835495,0.41448333859443665,0.39389169216156006,0.03982793167233467,0.43764516711235046,0.3563510477542877,0.1758098155260086,0.43245241045951843,0.3502618372440338,0.1846761256456375,0.2841123342514038,0.5060656666755676,-0.0498666875064373,0.29665619134902954,0.48900723457336426,-0.0498666875064373,0.26742637157440186,0.501504123210907,-0.0498666875064373,0.2710382342338562,0.5234344005584717,-0.0498666875064373,0.3002339005470276,0.5108233094215393,-0.0498666875064373,0.41785454750061035,0.36547985672950745,0.13863655924797058,0.4259834289550781,0.35808467864990234,0.13863655924797058,0.4049525260925293,0.35960841178894043,0.13863655924797058,0.4091803729534149,0.3731015622615814,0.13863655924797058,0.43015557527542114,0.371319055557251,0.13863655924797058,0,0,0,0,0,1,1,0,0,0,0,0,0.1375143975019455,0.08281643688678741,0.15602338314056396,0.07373841851949692,0.033031586557626724,0.0765620768070221,0.09951479732990265,0.06854647397994995,0.08056527376174927,0.10109984874725342,0.9280287027359009,0.2436816394329071,Happiness,-6.589311599731445,-42.38420486450195
150,5.0,32.39881962562189,-9.193831729686726,0.808402145990442,0.554685115814209,0.41767939925193787,-0.08806534856557846,0.5095995664596558,0.3680248260498047,-0.11679607629776001,0.5178022384643555,0.4063049554824829,-0.0761905238032341,0.430104523897171,0.3821648359298706,-0.08541617542505264,0.4907535910606384,0.35998713970184326,-0.11777639389038086,0.4640917181968689,0.3623104691505432,-0.10150404274463654,0.38967299461364746,0.3779314458370209,-0.02420184761285782,0.24680843949317932,0.5254226326942444,-0.062495630234479904,0.3450547754764557,0.37279826402664185,0.007964235730469227,0.3227653503417969,0.36302030086517334,0.01575390063226223,0.236433207988739,0.34849607944488525,0.0683944970369339,0.5575512647628784,0.4195798337459564,-0.0879516452550888,0.5586406588554382,0.42335665225982666,-0.08399192243814468,0.5575026273727417,0.4273418188095093,-0.07810506969690323,0.6270849704742432,0.46153566241264343,-0.06752227246761322,0.6374145746231079,0.4650997519493103,-0.07415904849767685,0.646909236907959,0.4698636531829834,-0.08106622099876404,0.6524117588996887,0.47563427686691284,-0.08038707077503204,0.6703082323074341,0.4745023250579834,-0.06899162381887436,0.5177604556083679,0.3814452588558197,-0.10969309508800507,0.49917903542518616,0.40846726298332214,-0.09653560817241669,0.10745967924594879,0.6083852648735046,-0.014607095159590244,0.3094657063484192,0.4795759320259094,-0.04366385191679001,0.29628291726112366,0.49711596965789795,-0.05892852693796158,0.28040987253189087,0.5146275162696838,-0.06825839728116989,0.24535611271858215,0.5366410613059998,-0.07041379064321518,0.3178016245365143,0.4639221429824829,-0.024440916255116463,0.2391059398651123,0.4794515371322632,-0.05562068521976471,0.2602435350418091,0.4612887501716614,-0.03398698568344116,0.22301989793777466,0.499844491481781,-0.06657435745000839,0.21658550202846527,0.516721248626709,-0.06979534775018692,0.24542784690856934,0.5565645694732666,-0.07531014084815979,0.6425886154174805,0.5597643256187439,-0.11064551770687103,0.23344117403030396,0.5317399501800537,-0.060801345854997635,0.19159722328186035,0.6408253908157349,-0.03682335093617439,0.21522527933120728,0.5693363547325134,-0.06825335323810577,0.40281742811203003,0.4964532256126404,-0.0971345528960228,0.5253647565841675,0.440908819437027,-0.10480068624019623,0.5364709496498108,0.4450380206108093,-0.0991610437631607,0.5066460371017456,0.470071941614151,-0.11444196105003357,0.4973975419998169,0.4910799264907837,-0.11265310645103455,0.5188133716583252,0.46737685799598694,-0.10653600841760635,0.5085914134979248,0.4854687750339508,-0.10190176963806152,0.5435129404067993,0.5540224313735962,-0.10339569300413132,0.49803805351257324,0.38121315836906433,-0.12562070786952972,0.47835981845855713,0.37545454502105713,-0.12810847163200378,0.17839457094669342,0.5309159159660339,-0.08263357728719711,0.3833398222923279,0.4490417242050171,-0.053607214242219925,0.4496607184410095,0.44793465733528137,-0.11252198368310928,0.4352911710739136,0.4508090913295746,-0.10482516139745712,0.3530138432979584,0.5567752718925476,-0.12405430525541306,0.4539458155632019,0.3771504759788513,-0.11203224211931229,0.20602481067180634,0.4741155505180359,-0.06661754846572876,0.18507306277751923,0.5041443109512329,-0.07879061251878738,0.0998440831899643,0.5563514828681946,-0.02160857431590557,0.2956857681274414,0.408545583486557,-0.0187235064804554,0.2822434902191162,0.44887128472328186,-0.015096429735422134,0.5057345032691956,0.5578300356864929,-0.11099269241094589,0.4100182354450226,0.7364823818206787,-0.04554358869791031,0.47064363956451416,0.44222474098205566,-0.09536586701869965,0.4877479076385498,0.4312751889228821,-0.0843038484454155,0.49948883056640625,0.5216119885444641,-0.09896141290664673,0.5057071447372437,0.5167950391769409,-0.09397882968187332,0.16367919743061066,0.5081698298454285,-0.07183803617954254,0.4542069435119629,0.4601408839225769,-0.10394807904958725,0.24210599064826965,0.44264158606529236,-0.04541497305035591,0.22612525522708893,0.43677830696105957,-0.04546864703297615,0.14709116518497467,0.4398189187049866,-0.008773227222263813,0.1372832953929901,0.5241918563842773,-0.044828977435827255,0.18853798508644104,0.4262210428714752,-0.021471494808793068,0.1593710482120514,0.5395342111587524,-0.07226745039224625,0.1400868445634842,0.5707018375396729,-0.037981513887643814,0.5317885279655457,0.44307130575180054,-0.10453496128320694,0.5127946734428406,0.46876585483551025,-0.11168515682220459,0.5028463006019592,0.48854684829711914,-0.10855530947446823,0.47678038477897644,0.4428389370441437,-0.08694677799940109,0.5028882622718811,0.5192002058029175,-0.09546211361885071,0.5257124900817871,0.521868884563446,-0.09686475992202759,0.5079483389854431,0.5145648121833801,-0.09289049357175827,0.477462500333786,0.4164814352989197,-0.11754515022039413,0.5123043060302734,0.4832461178302765,-0.09820472449064255,0.5226342082023621,0.4660409092903137,-0.09918070584535599,0.5387946963310242,0.4470210671424866,-0.09404508769512177,0.6471202373504639,0.5005751848220825,-0.08617547154426575,0.62298583984375,0.5035858154296875,-0.0982055515050888,0.6190211772918701,0.49644219875335693,-0.09851895272731781,0.6116737723350525,0.4887333810329437,-0.09126786887645721,0.604189395904541,0.4822254478931427,-0.0839962437748909,0.5541384220123291,0.5066092014312744,-0.09039177745580673,0.5533865094184875,0.5127862691879272,-0.09541107714176178,0.5519428849220276,0.5207548141479492,-0.10124556720256805,0.5502963066101074,0.5279489755630493,-0.10278050601482391,0.48461347818374634,0.5090599060058594,-0.11091388016939163,0.2753440737724304,0.7251929044723511,-0.002946141641587019,0.5181946158409119,0.39436423778533936,-0.08708415925502777,0.5328370928764343,0.5116810202598572,-0.09026113897562027,0.5296009182929993,0.5166335105895996,-0.09400242567062378,0.5000953078269958,0.42904502153396606,-0.08870550990104675,0.46806150674819946,0.46571001410484314,-0.08475401252508163,0.49457430839538574,0.429873526096344,-0.08639924228191376,0.3781648874282837,0.47131526470184326,-0.06950165331363678,0.36686840653419495,0.5012979507446289,-0.0938476026058197,0.439127117395401,0.46274349093437195,-0.09817644208669662,0.11195693910121918,0.4999811053276062,-0.02177257463335991,0.15230678021907806,0.47647824883461,-0.03857812285423279,0.18694020807743073,0.47269129753112793,-0.06171048432588577,0.5768119096755981,0.5429842472076416,-0.1036875918507576,0.2715434730052948,0.3994278907775879,-0.019805271178483963,0.22783538699150085,0.3871750831604004,0.005928537808358669,0.18833763897418976,0.39179670810699463,0.022830713540315628,0.26200157403945923,0.529639482498169,-0.07185716927051544,0.2427663505077362,0.5810202360153198,-0.08462962508201599,0.3214346170425415,0.4527975916862488,-0.013131795451045036,0.20815129578113556,0.5387841463088989,-0.07404879480600357,0.38287243247032166,0.43042728304862976,-0.04702547937631607,0.4555279612541199,0.4230564534664154,-0.12017903476953506,0.256441205739975,0.61248779296875,-0.09030069410800934,0.26527202129364014,0.57598477602005,-0.09836012870073318,0.29361096024513245,0.5551602244377136,-0.09685437381267548,0.3218143582344055,0.517800509929657,-0.07648546993732452,0.3367936909198761,0.48863694071769714,-0.05469495430588722,0.3458268642425537,0.46601375937461853,-0.038671087473630905,0.3805510997772217,0.3942379355430603,-0.0350128598511219,0.3033236563205719,0.6239296197891235,-0.11024517565965652,0.19353008270263672,0.5515539646148682,-0.07598579674959183,0.5102787613868713,0.38852009177207947,-0.11708763986825943,0.40529853105545044,0.449349969625473,-0.06817799806594849,0.17283371090888977,0.6858878135681152,0.010263506323099136,0.35070160031318665,0.4471384882926941,-0.025791438296437263,0.4358997941017151,0.47330451011657715,-0.0786648541688919,0.22655388712882996,0.5386261940002441,-0.06510397791862488,0.43952053785324097,0.4268695116043091,-0.1092953160405159,0.3365914821624756,0.7374066114425659,-0.02036713995039463,0.31373926997184753,0.45184603333473206,-0.006450594402849674,0.44533705711364746,0.39930328726768494,-0.11479948461055756,0.5200928449630737,0.6575070023536682,-0.10538021475076675,0.5416635274887085,0.6886508464813232,-0.08981052041053772,0.285343199968338,0.6807684898376465,-0.05913390964269638,0.4646545648574829,0.6832070350646973,-0.10053730756044388,0.15981127321720123,0.6069643497467041,-0.03153778240084648,0.6670980453491211,0.5768693685531616,-0.1138014867901802,0.5115474462509155,0.4002171754837036,-0.09093376994132996,0.40472763776779175,0.47221097350120544,-0.07786647230386734,0.20502778887748718,0.5869145393371582,-0.06488772481679916,0.27111274003982544,0.5070672035217285,-0.06056971848011017,0.2856617271900177,0.4922042787075043,-0.05312320217490196,0.5212564468383789,0.5268498063087463,-0.09899352490901947,0.3488486111164093,0.6426054239273071,-0.11256472021341324,0.7262138724327087,0.5533284544944763,-0.0991767942905426,0.6471853256225586,0.6213683485984802,-0.10140746831893921,0.6022447347640991,0.6527361273765564,-0.09681268036365509,0.27134066820144653,0.351077675819397,0.04464660584926605,0.7547765970230103,0.5161966681480408,-0.06960643082857132,0.296222060918808,0.4785585105419159,-0.039490826427936554,0.3048650026321411,0.46504923701286316,-0.02484264224767685,0.3108920156955719,0.4562382698059082,-0.0123932845890522,0.17792390286922455,0.5636436939239502,-0.06647640466690063,0.2898707389831543,0.46009907126426697,-0.021730754524469376,0.27199357748031616,0.4722408652305603,-0.035524882376194,0.2565445899963379,0.48683300614356995,-0.04841625317931175,0.24345993995666504,0.5039437413215637,-0.058382052928209305,0.23728635907173157,0.5165521502494812,-0.06167709454894066,0.12991951406002045,0.6493050456047058,0.0010677512036636472,0.2585713565349579,0.5175268650054932,-0.06306762248277664,0.5305569171905518,0.41059261560440063,-0.07549610733985901,0.48721832036972046,0.48364996910095215,-0.10600709915161133,0.469400018453598,0.43628180027008057,-0.09900780022144318,0.5123010873794556,0.4359382688999176,-0.09473972022533417,0.36454737186431885,0.3805283308029175,0.00014762103091925383,0.5742671489715576,0.6322095990180969,-0.10451003164052963,0.6205359697341919,0.607282280921936,-0.10777886211872101,0.7085994482040405,0.5401180386543274,-0.1087939590215683,0.4809853434562683,0.7172380685806274,-0.07108912616968155,0.3054482340812683,0.4539560079574585,-0.012561430223286152,0.4046184718608856,0.40670180320739746,-0.062310319393873215,0.7390754222869873,0.5027530789375305,-0.08072113245725632,0.6893119812011719,0.5881668329238892,-0.10818477720022202,0.3399394452571869,0.695965588092804,-0.07063253223896027,0.5795055627822876,0.4968688488006592,-0.08996845036745071,0.581853985786438,0.5044273734092712,-0.09652233868837357,0.5849472284317017,0.5133379101753235,-0.10316890478134155,0.5876686573028564,0.5215257406234741,-0.10426760464906693,0.6123724579811096,0.5256885886192322,-0.10140795260667801,0.5039652585983276,0.5021228790283203,-0.09842507541179657,0.4987668991088867,0.505493700504303,-0.10327215492725372,0.4937552213668823,0.5082853436470032,-0.10715338587760925,0.4903034567832947,0.5346880555152893,-0.11305899173021317,0.38456982374191284,0.6019842028617859,-0.1280289590358734,0.38085871934890747,0.4112839102745056,-0.03856229782104492,0.3188557028770447,0.4283513128757477,0.004841740243136883,0.30834347009658813,0.4417495131492615,-0.0038677924312651157,0.5075385570526123,0.49925872683525085,-0.09565570950508118,0.4372345507144928,0.640815019607544,-0.11595168709754944,0.3364897668361664,0.40982386469841003,-0.008014854043722153,0.6240005493164062,0.5442357063293457,-0.10348258167505264,0.43903398513793945,0.3682888448238373,-0.07465332001447678,0.4065389931201935,0.3885207772254944,-0.058744367212057114,0.41537266969680786,0.3733835816383362,-0.04758680984377861,0.42382192611694336,0.4264787435531616,-0.08144578337669373,0.7147922515869141,0.49033278226852417,-0.08278767764568329,0.6886290907859802,0.4823949635028839,-0.07514572888612747,0.6627972722053528,0.5130305886268616,-0.09398813545703888,0.540244996547699,0.5760493874549866,-0.10822843760251999,0.4387144446372986,0.49485495686531067,-0.09065070003271103,0.5836948156356812,0.5650583505630493,-0.10588591545820236,0.40360164642333984,0.5341365933418274,-0.11964268237352371,0.4463694095611572,0.5178571939468384,-0.10745057463645935,0.4239156246185303,0.5705780386924744,-0.1260419636964798,0.6851956844329834,0.525318443775177,-0.10799651592969894,0.42184287309646606,0.44887810945510864,-0.08121904730796814,0.5494669675827026,0.6044145226478577,-0.11092858016490936,0.5977344512939453,0.5847782492637634,-0.10780318826436996,0.49671608209609985,0.5784251689910889,-0.11882296949625015,0.39166679978370667,0.6574370861053467,-0.11055349558591843,0.48449522256851196,0.6143722534179688,-0.11967486143112183,0.39879900217056274,0.6999424695968628,-0.08510909229516983,0.4611649513244629,0.5466764569282532,-0.11772119998931885,0.40494704246520996,0.4279516935348511,-0.06504975259304047,0.47026145458221436,0.4189406931400299,-0.12276019901037216,0.46148449182510376,0.44331562519073486,-0.1094474270939827,0.46666595339775085,0.39761072397232056,-0.12734627723693848,0.29129618406295776,0.43269258737564087,-0.009229907765984535,0.2545194923877716,0.4537752866744995,-0.03525367006659508,0.2273057997226715,0.47678425908088684,-0.058512602001428604,0.2087811380624771,0.5004578828811646,-0.07332070171833038,0.20109929144382477,0.5217209458351135,-0.07754401862621307,0.2222992479801178,0.552035391330719,-0.06779777258634567,0.23610499501228333,0.6627670526504517,-0.05167299509048462,0.26216259598731995,0.5502450466156006,-0.07954996824264526,0.285755455493927,0.5329987406730652,-0.07614704221487045,0.30704402923583984,0.5079004764556885,-0.06438756734132767,0.32270702719688416,0.4833662509918213,-0.04560954123735428,0.3318506181240082,0.4642202854156494,-0.026422813534736633,0.3377359211444855,0.44970351457595825,-0.015215195715427399,0.22257055342197418,0.7079029083251953,0.00922332052141428,0.46450841426849365,0.45132458209991455,-0.10048815608024597,0.4259978234767914,0.40191197395324707,-0.0859253779053688,0.48486894369125366,0.39671385288238525,-0.12653948366641998,0.4985731542110443,0.40012240409851074,-0.1127096563577652,0.48627108335494995,0.4043658375740051,-0.11821367591619492,0.47218114137649536,0.4542149007320404,-0.08977653831243515,0.5040110349655151,0.3946450352668762,-0.11635053902864456,0.5059219002723694,0.40535369515419006,-0.09371312707662582,0.3220973610877991,0.4441429376602173,-0.0010577007196843624,0.33761104941368103,0.4355032444000244,-0.0031354574020951986,0.3486083447933197,0.42927777767181396,-0.014493721537292004,0.23476946353912354,0.5249565243721008,-0.062445446848869324,0.21661154925823212,0.5305268168449402,-0.06891607493162155,0.45045244693756104,0.3607904016971588,-0.051706477999687195,0.44542327523231506,0.3477139174938202,0.1800224930047989,0.5233454704284668,0.3835691809654236,-0.07110468298196793,0.38789886236190796,0.3385862112045288,0.37646371126174927,0.43077951669692993,0.3735125660896301,0.1132887601852417,0.4409756660461426,0.3673373758792877,0.12973743677139282,0.4487383961677551,0.3605715036392212,0.14893768727779388,0.44721734523773193,0.3510052561759949,0.18603290617465973,0.4213067889213562,0.3762720227241516,0.09968014061450958,0.41554585099220276,0.3387746214866638,0.13827791810035706,0.4071005582809448,0.34734058380126953,0.11947235465049744,0.4242914319038391,0.3335033059120178,0.15778687596321106,0.431761234998703,0.3336729109287262,0.17348624765872955,0.45693254470825195,0.35256415605545044,0.20088714361190796,0.7208847999572754,0.4507995843887329,0.004913273733109236,0.4433852434158325,0.3445163369178772,0.19285157322883606,0.4651992917060852,0.35921090841293335,0.34467291831970215,0.44733333587646484,0.343844473361969,0.24227821826934814,0.5284848809242249,0.36229366064071655,0.06212962046265602,0.5677993893623352,0.3934762477874756,-0.06403876841068268,0.5721825361251831,0.4051484167575836,-0.061348963528871536,0.5840237140655518,0.37889736890792847,-0.0299325380474329,0.59745854139328,0.3750223219394684,0.00432234350591898,0.5835810899734497,0.39346930384635925,-0.03287998586893082,0.5937222242355347,0.38857200741767883,-0.003084024414420128,0.6629565954208374,0.4107890725135803,0.04743921384215355,0.5179563760757446,0.36058253049850464,-0.10387087613344193,0.5009382367134094,0.35200953483581543,-0.1021670252084732,0.4245340824127197,0.3148002624511719,0.2065505087375641,0.458417683839798,0.3706257939338684,0.04933928698301315,0.5290493369102478,0.35824495553970337,-0.01555459201335907,0.5172706842422485,0.35881879925727844,-0.004879622254520655,0.5502963066101074,0.34847885370254517,0.13957399129867554,0.47530490159988403,0.3545040488243103,-0.07884795218706131,0.40750864148139954,0.3151831328868866,0.13539564609527588,0.4164871573448181,0.31085503101348877,0.17384403944015503,0.36043408513069153,0.3182041645050049,0.32766789197921753,0.3882046341896057,0.35067498683929443,0.04809758439660072,0.40202969312667847,0.35734987258911133,0.10975679010152817,0.6448508501052856,0.39652594923973083,0.07123792171478271,0.6446904540061951,0.4509825110435486,0.3253936469554901,0.5309572815895081,0.37327316403388977,-0.02391788549721241,0.5274744033813477,0.3856734037399292,-0.048702046275138855,0.6210278868675232,0.3851378560066223,0.05878278613090515,0.616902232170105,0.39085566997528076,0.04444379732012749,0.4064698815345764,0.30258822441101074,0.19658897817134857,0.5350010991096497,0.3670186400413513,-0.008582447655498981,0.3979998230934143,0.32709941267967224,0.09266755729913712,0.38738614320755005,0.317291796207428,0.09699228405952454,0.3024632930755615,0.30864235758781433,0.19086872041225433,0.3739479184150696,0.3081793785095215,0.25163209438323975,0.3244025707244873,0.3108665347099304,0.14308321475982666,0.4154365360736847,0.30965131521224976,0.23817536234855652,0.4001179337501526,0.32293617725372314,0.29915276169776917,0.5718628764152527,0.3984447121620178,-0.06408832222223282,0.5852036476135254,0.38572126626968384,-0.03195422142744064,0.5966963171958923,0.3808589279651642,-0.0017722089542075992,0.5304601192474365,0.3798440098762512,-0.027989769354462624,0.6193287372589111,0.38798362016677856,0.05031788349151611,0.6350222826004028,0.3956623673439026,0.025949610397219658,0.614629864692688,0.39294734597206116,0.04147246107459068,0.5251221656799316,0.36540117859840393,-0.05166217312216759,0.5895882248878479,0.39530956745147705,-0.0043267845176160336,0.5801903605461121,0.40070420503616333,-0.029607189819216728,0.5701494812965393,0.4117717444896698,-0.055203765630722046,0.6828333139419556,0.4545685052871704,-0.04793231561779976,0.6689756512641907,0.448017954826355,-0.05634768307209015,0.6620913743972778,0.44408127665519714,-0.05562818422913551,0.650256335735321,0.4421245753765106,-0.048260483890771866,0.6381763815879822,0.44193780422210693,-0.04336374253034592,0.6331304311752319,0.41449666023254395,0.004048812668770552,0.6404454708099365,0.4106394946575165,-0.001001267577521503,0.6492786407470703,0.4063161313533783,-0.0032373336143791676,0.6558506488800049,0.4037587642669678,0.003312306245788932,0.5964676737785339,0.37988007068634033,0.024360978975892067,0.5439789891242981,0.42700067162513733,0.4116045832633972,0.6253193616867065,0.40480268001556396,0.027048055082559586,0.630720317363739,0.40005388855934143,0.023967145010828972,0.531647801399231,0.39237451553344727,-0.05347523093223572,0.5408092141151428,0.3799825608730316,-0.008017309941351414,0.5298183560371399,0.3890116214752197,-0.051794324070215225,0.47887080907821655,0.366016685962677,0.0686301440000534,0.5070539712905884,0.3558282256126404,0.09362732619047165,0.5256034135818481,0.3647211790084839,0.0053881313651800156,0.33202436566352844,0.30733296275138855,0.26242679357528687,0.34858179092407227,0.30501788854599,0.20004205405712128,0.39653706550598145,0.30501651763916016,0.15144002437591553,0.6742857694625854,0.42188599705696106,0.020775485783815384,0.37466976046562195,0.33535268902778625,0.05326538905501366,0.301106721162796,0.326372355222702,0.09192677587270737,0.27310216426849365,0.32137227058410645,0.12323416024446487,0.45078951120376587,0.35545217990875244,0.16947269439697266,0.4683842360973358,0.35492855310440063,0.2227407842874527,0.41474467515945435,0.3768964111804962,0.09738899767398834,0.43571341037750244,0.3330632448196411,0.20621345937252045,0.43982136249542236,0.37135937809944153,0.03503572940826416,0.519102156162262,0.3540782928466797,-0.041986219584941864,0.5122667551040649,0.34611913561820984,0.2594653069972992,0.4817137122154236,0.3593713939189911,0.19101738929748535,0.48578962683677673,0.3652006983757019,0.14885444939136505,0.4713970422744751,0.3746696710586548,0.1117539182305336,0.45373544096946716,0.3809555768966675,0.08822737634181976,0.4406200349330902,0.3831333518028259,0.06795933097600937,0.4041665196418762,0.3705492615699768,2.051177762041334e-05,0.5560480952262878,0.35286903381347656,0.23938696086406708,0.43407395482063293,0.32837316393852234,0.22955143451690674,0.5224904417991638,0.3761745095252991,-0.09970476478338242,0.47926923632621765,0.3695657253265381,0.03131687268614769,0.4517166018486023,0.39283469319343567,0.4356701076030731,0.4294183552265167,0.3829237222671509,0.05757413059473038,0.5254057049751282,0.37137097120285034,0.025807414203882217,0.4422683119773865,0.3439018726348877,0.2016933113336563,0.5045087337493896,0.3557085394859314,-0.029940275475382805,0.594218373298645,0.43899062275886536,0.3761032819747925,0.4097904562950134,0.3749304413795471,0.10906916856765747,0.48849523067474365,0.3533111810684204,-0.056697990745306015,0.6967432498931885,0.42752498388290405,0.15628671646118164,0.7129378318786621,0.4570399522781372,0.19160351157188416,0.557367205619812,0.38204437494277954,0.3223877549171448,0.674976646900177,0.42041200399398804,0.2072320133447647,0.4283735752105713,0.3419284224510193,0.3302620053291321,0.7450665235519409,0.46087944507598877,0.011060538701713085,0.5218005776405334,0.390078067779541,-0.08043321222066879,0.5015474557876587,0.3680346608161926,0.04541553184390068,0.44649267196655273,0.34629058837890625,0.277213454246521,0.44281506538391113,0.3554307818412781,0.1528405249118805,0.4353490173816681,0.36179643869400024,0.135907381772995,0.6385103464126587,0.39205485582351685,0.0328814759850502,0.5960123538970947,0.3668486475944519,0.22466471791267395,0.7665915489196777,0.4890702962875366,-0.02541325055062771,0.7502487897872925,0.46662941575050354,0.08035100251436234,0.7352452278137207,0.4615696370601654,0.1318652629852295,0.42616233229637146,0.3672197461128235,0.12188461422920227,0.4168744385242462,0.3711525797843933,0.11414608359336853,0.4119853377342224,0.37373286485671997,0.11214055866003036,0.4270933270454407,0.32665756344795227,0.2635396122932434,0.412040650844574,0.36412835121154785,0.11893706023693085,0.4180535078048706,0.3563901484012604,0.12755252420902252,0.4255579113960266,0.3495296239852905,0.1412375122308731,0.4335302710533142,0.3447173237800598,0.15749497711658478,0.43892502784729004,0.34356817603111267,0.17005965113639832,0.4154833257198334,0.36281293630599976,0.41544678807258606,0.4453437924385071,0.3509277105331421,0.16841812431812286,0.5745413303375244,0.3805604875087738,-0.0035815411247313023,0.5301129817962646,0.36828094720840454,-0.030954523012042046,0.5483940839767456,0.3941006064414978,-0.05283524841070175,0.7170430421829224,0.43812620639801025,0.10710401087999344,0.7294007539749146,0.4507153332233429,0.059294022619724274,0.7510837316513062,0.4768931269645691,-0.04061649739742279,0.6846036911010742,0.45609402656555176,0.2594582438468933,0.41035187244415283,0.37066107988357544,0.11361389607191086,0.44472113251686096,0.3651081323623657,-0.007068595848977566,0.7624959945678711,0.47420117259025574,0.026914048939943314,0.6017000675201416,0.39659374952316284,0.29500943422317505,0.6392266750335693,0.4264949560165405,-0.01889507845044136,0.64943528175354,0.4240109324455261,-0.022625476121902466,0.6607575416564941,0.42232635617256165,-0.025632623583078384,0.6697701215744019,0.423427939414978,-0.02250686101615429,0.6824771761894226,0.4359133541584015,-0.010373846627771854,0.6040958166122437,0.38820940256118774,0.02403145842254162,0.6073917746543884,0.3820338249206543,0.030881566926836967,0.6091210842132568,0.37632954120635986,0.03629325330257416,0.6210183501243591,0.3849969804286957,0.05521601065993309,0.5983574390411377,0.3644314408302307,0.15733833611011505,0.4203883409500122,0.37132686376571655,0.018621640279889107,0.3984936773777008,0.37046879529953003,0.07710887491703033,0.4026970863342285,0.36948633193969727,0.10199012607336044,0.6001078486442566,0.39308983087539673,0.02204444259405136,0.6484328508377075,0.39028358459472656,0.17415671050548553,0.39822399616241455,0.3713449239730835,0.03483424708247185,0.6970533132553101,0.44554707407951355,-0.0028041049372404814,0.42860767245292664,0.36549195647239685,-0.029009856283664703,0.4828278124332428,0.3632517457008362,-0.008798082359135151,0.699913501739502,0.46200552582740784,-0.045791275799274445,0.6730313897132874,0.41283828020095825,0.06624294817447662,0.5480827689170837,0.37201952934265137,0.040052853524684906,0.6884930729866028,0.42965051531791687,0.032764285802841187,0.5663894414901733,0.3591112494468689,0.08551361411809921,0.5775552988052368,0.3719392418861389,0.055724501609802246,0.6052236557006836,0.36844176054000854,0.10866285860538483,0.7270487546920776,0.4667869210243225,-0.04433336481451988,0.49685025215148926,0.3664205074310303,0.010634646750986576,0.6935890913009644,0.41970446705818176,0.0893247053027153,0.706582248210907,0.43765178322792053,0.04698595032095909,0.65207839012146,0.3961750268936157,0.09149570763111115,0.629073441028595,0.3820495903491974,0.21322475373744965,0.6634097099304199,0.3974906802177429,0.12399168312549591,0.6410881280899048,0.4106940031051636,0.26248788833618164,0.6111688613891602,0.3782072067260742,0.07511486858129501,0.4617014229297638,0.36775755882263184,0.013642555102705956,0.5254307985305786,0.35924607515335083,-0.05142945423722267,0.5328391790390015,0.36260247230529785,-0.027722876518964767,0.5100533366203308,0.3513098359107971,-0.07059347629547119,0.3957974910736084,0.3562617897987366,0.09061749279499054,0.4029262363910675,0.33973199129104614,0.11203452199697495,0.4127022922039032,0.32886067032814026,0.13502910733222961,0.4221690595149994,0.3230471909046173,0.1618223935365677,0.4298466145992279,0.3246731162071228,0.1857737898826599,0.44409769773483276,0.34423384070396423,0.21662409603595734,0.5121317505836487,0.36960369348526,0.33939847350120544,0.46396854519844055,0.3568301200866699,0.18018142879009247,0.4640313982963562,0.36298859119415283,0.1505913883447647,0.45444753766059875,0.3709350824356079,0.12273862212896347,0.4403228759765625,0.37758201360702515,0.10178391635417938,0.4289878010749817,0.3805590271949768,0.08514136075973511,0.4207260012626648,0.3813874125480652,0.07551475614309311,0.49472057819366455,0.41381844878196716,0.4339020550251007,0.5349639654159546,0.3700453042984009,-0.02005733549594879,0.46580633521080017,0.36001449823379517,-0.028956301510334015,0.5216652154922485,0.3577349781990051,-0.0810164362192154,0.5232952833175659,0.3749857544898987,-0.08651416003704071,0.5234993696212769,0.3656293451786041,-0.0717792809009552,0.5359730124473572,0.3790338933467865,-0.022182516753673553,0.5241092443466187,0.3744717836380005,-0.09480059146881104,0.5238876342773438,0.38670289516448975,-0.07575205713510513,0.4086318910121918,0.37655937671661377,0.09507838636636734,0.4102742671966553,0.37999671697616577,0.06793193519115448,0.41542792320251465,0.3799198865890503,0.04413596913218498,0.4419889450073242,0.34369760751724243,0.1806497722864151,0.4370853900909424,0.3364763855934143,0.189818874001503,0.272355854511261,0.4950525164604187,-0.04274829849600792,0.28854674100875854,0.4769313633441925,-0.04274829849600792,0.2566426992416382,0.4895140528678894,-0.04274829849600792,0.2560868263244629,0.5130547881126404,-0.04274829849600792,0.2875674068927765,0.5005304217338562,-0.04274829849600792,0.4245862662792206,0.3491683602333069,0.14355163276195526,0.4345322549343109,0.341732919216156,0.14355163276195526,0.4115990996360779,0.34156090021133423,0.14355163276195526,0.414109468460083,0.356748104095459,0.14355163276195526,0.43694329261779785,0.3565961718559265,0.14355163276195526,0,0,0,0,0,1,1,0,0,0,0,0,0.10770446062088013,0.07407590001821518,0.14318735897541046,0.062405019998550415,0.032561276108026505,0.0670950785279274,0.09301929920911789,0.0717146098613739,0.08627346158027649,0.11965623497962952,0.9818747639656067,0.2539726495742798,Neutral,3.88027024269104,-34.63456344604492
151,5.033333333333333,31.5002205350874,-8.5450672392092,0.9690374893829121,0.5415347218513489,0.42573630809783936,-0.07625166326761246,0.4955272376537323,0.3621329665184021,-0.11033913493156433,0.509995698928833,0.3995189070701599,-0.06844914704561234,0.416360467672348,0.37655866146087646,-0.0861748456954956,0.47537705302238464,0.3542322516441345,-0.11284588277339935,0.44819414615631104,0.35643285512924194,-0.099320188164711,0.3733189105987549,0.3717826008796692,-0.031395770609378815,0.2650339603424072,0.5181636810302734,-0.07049078494310379,0.32456594705581665,0.36627429723739624,-0.00450478820130229,0.2998042404651642,0.35669347643852234,2.729468724282924e-05,0.2121277153491974,0.340446412563324,0.04143727198243141,0.5452752709388733,0.42702898383140564,-0.07531242817640305,0.5475839376449585,0.42937639355659485,-0.07073475420475006,0.5482058525085449,0.43197375535964966,-0.06407621502876282,0.624543309211731,0.45589005947113037,-0.05517328158020973,0.6348865032196045,0.45841073989868164,-0.0602276511490345,0.6446458697319031,0.46173107624053955,-0.06614843755960464,0.6512185335159302,0.4653911590576172,-0.06518765538930893,0.6578925848007202,0.4582200050354004,-0.052762653678655624,0.5059083700180054,0.37515878677368164,-0.1026662215590477,0.4921655058860779,0.4025791585445404,-0.08981148898601532,0.12643221020698547,0.6103375554084778,-0.026494964957237244,0.319330632686615,0.475592702627182,-0.05066662281751633,0.3087708353996277,0.4933517873287201,-0.06544031202793121,0.29562246799468994,0.5105608105659485,-0.07472489774227142,0.2664845883846283,0.5295877456665039,-0.07746902108192444,0.3258104920387268,0.4588630199432373,-0.0322045162320137,0.2474842369556427,0.46962955594062805,-0.06543885171413422,0.26554441452026367,0.45179688930511475,-0.044905561953783035,0.23568779230117798,0.4899015724658966,-0.07608185708522797,0.23324283957481384,0.5068027973175049,-0.07919850200414658,0.26867783069610596,0.5513624548912048,-0.08093787729740143,0.6453922986984253,0.5443116426467896,-0.0908367857336998,0.2540316879749298,0.5229875445365906,-0.06927269697189331,0.21350489556789398,0.6404849290847778,-0.04578433930873871,0.2432040274143219,0.5610067248344421,-0.07586970925331116,0.4085470736026764,0.49227550625801086,-0.09386858344078064,0.5182487964630127,0.44897523522377014,-0.09291344881057739,0.530060887336731,0.44997620582580566,-0.08571959286928177,0.5037322044372559,0.47411468625068665,-0.10232456028461456,0.49745291471481323,0.4911927878856659,-0.10099771618843079,0.5164543390274048,0.4694633483886719,-0.09348572790622711,0.5086300373077393,0.4843626618385315,-0.08940847218036652,0.5551167726516724,0.5421050190925598,-0.08944633603096008,0.4863501191139221,0.3755054473876953,-0.11910133808851242,0.46547067165374756,0.3701062500476837,-0.1230301633477211,0.19803768396377563,0.5194321274757385,-0.09416370093822479,0.3797765374183655,0.44500547647476196,-0.0569029301404953,0.45047056674957275,0.44250792264938354,-0.10733898729085922,0.4360606074333191,0.4454858601093292,-0.10082706809043884,0.36794525384902954,0.5541027784347534,-0.12032094597816467,0.44041964411735535,0.3715994954109192,-0.1096404492855072,0.21136444807052612,0.46211063861846924,-0.07927864789962769,0.19794531166553497,0.4917547106742859,-0.09104292839765549,0.10984043776988983,0.5582096576690674,-0.037573058158159256,0.2865068316459656,0.39863646030426025,-0.030720507726073265,0.28679999709129333,0.4394107758998871,-0.02630372904241085,0.5208766460418701,0.5480676889419556,-0.09832744300365448,0.44753098487854004,0.724744439125061,-0.02726915292441845,0.4709045886993408,0.4364689588546753,-0.08979590237140656,0.4850001335144043,0.4252643287181854,-0.07778532058000565,0.5027972459793091,0.5140954852104187,-0.08678361028432846,0.5083845257759094,0.5091201066970825,-0.0819537341594696,0.17852994799613953,0.4950612485408783,-0.08619486540555954,0.45723092555999756,0.4543209671974182,-0.09821097552776337,0.23922191560268402,0.43165886402130127,-0.05822932347655296,0.22236067056655884,0.4249756336212158,-0.060185931622982025,0.1362181454896927,0.43811649084091187,-0.030596788972616196,0.1384856104850769,0.5264859199523926,-0.06362476944923401,0.1739380806684494,0.4255809783935547,-0.04259570688009262,0.1812850832939148,0.5277805328369141,-0.0853562131524086,0.1492457538843155,0.573262631893158,-0.05485212430357933,0.5249396562576294,0.4496932029724121,-0.09180545806884766,0.5103905200958252,0.4718402624130249,-0.09902253746986389,0.5030914545059204,0.4880449175834656,-0.09637436270713806,0.47683480381965637,0.4369009733200073,-0.0811149924993515,0.5058654546737671,0.5115793943405151,-0.08339830487966537,0.5283668041229248,0.5130923986434937,-0.08430123329162598,0.5103706121444702,0.5069059133529663,-0.08087018877267838,0.4726969003677368,0.41108769178390503,-0.11193414777517319,0.5122464895248413,0.4817271828651428,-0.08522161841392517,0.5202385187149048,0.4673682451248169,-0.08550063520669937,0.5331413149833679,0.45043647289276123,-0.07985896617174149,0.6405419111251831,0.48441189527511597,-0.06948023289442062,0.6239597797393799,0.49370276927948,-0.08277318626642227,0.6191980838775635,0.488349050283432,-0.08381380885839462,0.6112785339355469,0.48194316029548645,-0.07745394855737686,0.6036568284034729,0.4762205481529236,-0.07153303921222687,0.5556068420410156,0.4984096884727478,-0.07864457368850708,0.5551357269287109,0.5043261051177979,-0.08283578604459763,0.5540712475776672,0.511631965637207,-0.08798028528690338,0.552959680557251,0.5178653001785278,-0.08902449160814285,0.4944862425327301,0.5014068484306335,-0.10091031342744827,0.31227025389671326,0.7199298739433289,0.004675377160310745,0.5085607171058655,0.38790661096572876,-0.07980048656463623,0.5346624851226807,0.5032856464385986,-0.07857626676559448,0.5317350625991821,0.5081287026405334,-0.08178021758794785,0.496521532535553,0.4224582314491272,-0.08073385804891586,0.4718495011329651,0.4592605233192444,-0.07826994359493256,0.49133002758026123,0.4235219359397888,-0.07932266592979431,0.37877506017684937,0.4676661491394043,-0.07076825201511383,0.37253618240356445,0.49846240878105164,-0.0930853933095932,0.44198060035705566,0.45715317130088806,-0.09364640712738037,0.11181676387786865,0.5005989074707031,-0.04091048240661621,0.14551153779029846,0.47776031494140625,-0.05862085521221161,0.19246162474155426,0.4598953127861023,-0.07674817740917206,0.5834547281265259,0.5289828777313232,-0.08860689401626587,0.26035457849502563,0.3876056671142578,-0.034451741725206375,0.2078227996826172,0.38428646326065063,-0.015916530042886734,0.16988766193389893,0.3870766758918762,-0.0017728324746713042,0.28067541122436523,0.5241432189941406,-0.07859691977500916,0.2697697877883911,0.5769153833389282,-0.08907118439674377,0.3284485340118408,0.4466273784637451,-0.02175513096153736,0.23065418004989624,0.5287668704986572,-0.08351023495197296,0.37554219365119934,0.426206111907959,-0.05123796686530113,0.4514644742012024,0.4181442856788635,-0.11542392522096634,0.2766624987125397,0.6115811467170715,-0.09311801940202713,0.28633803129196167,0.5752980709075928,-0.10086755454540253,0.3079458177089691,0.5563831925392151,-0.09862017631530762,0.3304764926433563,0.518898069858551,-0.07867377251386642,0.34247976541519165,0.4884575605392456,-0.05822457745671272,0.3482837378978729,0.46458831429481506,-0.04385136440396309,0.36654767394065857,0.38876771926879883,-0.04168320447206497,0.32704415917396545,0.6212666630744934,-0.10847463458776474,0.2178608477115631,0.5414244532585144,-0.0862753763794899,0.499631404876709,0.3825846016407013,-0.10996001958847046,0.40331485867500305,0.444609671831131,-0.0686694085597992,0.20410603284835815,0.684702455997467,0.00850750133395195,0.35077252984046936,0.44424110651016235,-0.03227892890572548,0.44031578302383423,0.4674723446369171,-0.07467542588710785,0.2489599585533142,0.5294311046600342,-0.07324427366256714,0.4355166554450989,0.4217647314071655,-0.10598570108413696,0.3756101429462433,0.7284925580024719,-0.0077520208433270454,0.32256412506103516,0.4437124729156494,-0.016036901623010635,0.4356185495853424,0.39414477348327637,-0.11196700483560562,0.5441925525665283,0.6439720988273621,-0.08909716457128525,0.5677277445793152,0.6727856397628784,-0.0661759078502655,0.31569093465805054,0.67625492811203,-0.05889008566737175,0.49370700120925903,0.6709406971931458,-0.0865001305937767,0.17573311924934387,0.6081899404525757,-0.04516696557402611,0.6698317527770996,0.5594892501831055,-0.09188511967658997,0.5028022527694702,0.3939664363861084,-0.08362709730863571,0.4068984389305115,0.4676237404346466,-0.07662182301282883,0.23860709369182587,0.5772112607955933,-0.07263758033514023,0.2857236862182617,0.5016443133354187,-0.06796861439943314,0.2984376847743988,0.48680707812309265,-0.06047515943646431,0.5245437026023865,0.5178274512290955,-0.08613672107458115,0.3757804036140442,0.6371422410011292,-0.10653989762067795,0.7185552716255188,0.5327696800231934,-0.07448945939540863,0.656843900680542,0.6028225421905518,-0.07687044888734818,0.6197911500930786,0.6352872848510742,-0.07252320647239685,0.2469683736562729,0.34538549184799194,0.022157104685902596,0.7394857406616211,0.4960019588470459,-0.04668417200446129,0.3075043559074402,0.4725155532360077,-0.04719812050461769,0.31490424275398254,0.4580972492694855,-0.03314302861690521,0.3201959431171417,0.4486325681209564,-0.021577659994363785,0.20655255019664764,0.5523866415023804,-0.07754271477460861,0.2979019284248352,0.4522523880004883,-0.031784359365701675,0.28067833185195923,0.4651629328727722,-0.04504457488656044,0.26720401644706726,0.4798548221588135,-0.057771697640419006,0.25721463561058044,0.4964742064476013,-0.0674101859331131,0.2538772523403168,0.5087417364120483,-0.07031124830245972,0.1559416949748993,0.6500800251960754,-0.005978588946163654,0.2747955024242401,0.5113938450813293,-0.07061738520860672,0.523533821105957,0.4039278030395508,-0.06654275208711624,0.4934544861316681,0.47650155425071716,-0.09639643877744675,0.4686161279678345,0.430708646774292,-0.09393008053302765,0.5103626251220703,0.4290890693664551,-0.08536017686128616,0.34674450755119324,0.37400519847869873,-0.01008312776684761,0.5920783281326294,0.6172951459884644,-0.08634044229984283,0.6313713788986206,0.5911784172058105,-0.0876832827925682,0.7030448913574219,0.5223552584648132,-0.0855846107006073,0.5133370757102966,0.703117311000824,-0.04956614226102829,0.31379181146621704,0.44581136107444763,-0.02252037823200226,0.3940143287181854,0.4017896354198456,-0.06551851332187653,0.7254248857498169,0.4845397472381592,-0.05798473209142685,0.6903536319732666,0.5682652592658997,-0.0832778811454773,0.37287595868110657,0.6883339881896973,-0.06553028523921967,0.5800799131393433,0.489785760641098,-0.0778537318110466,0.5828801393508911,0.4966902434825897,-0.08343777060508728,0.5862693190574646,0.5046244263648987,-0.08925751596689224,0.5895155668258667,0.5114150643348694,-0.08971815556287766,0.6127495765686035,0.5101758241653442,-0.08525563031435013,0.5056244134902954,0.4977087676525116,-0.08655380457639694,0.5008751153945923,0.5014047026634216,-0.09143979102373123,0.4959406852722168,0.5046200156211853,-0.09547048062086105,0.5034990310668945,0.526156485080719,-0.10246521979570389,0.40605172514915466,0.5967263579368591,-0.12033533304929733,0.36991560459136963,0.4065198302268982,-0.044219885021448135,0.31960368156433105,0.4202616810798645,-0.0065435259602963924,0.3132752776145935,0.4333479702472687,-0.014944388531148434,0.5089221000671387,0.4947003424167633,-0.08325241506099701,0.4625765383243561,0.6315444111824036,-0.10430476814508438,0.3303984999656677,0.4030131995677948,-0.018238237127661705,0.6264586448669434,0.5292039513587952,-0.08543232083320618,0.4231487512588501,0.3622484505176544,-0.07565021514892578,0.39287474751472473,0.3830382227897644,-0.06296572834253311,0.3994205594062805,0.367303729057312,-0.052073996514081955,0.4182921051979065,0.42151767015457153,-0.08113224804401398,0.7019356489181519,0.47353899478912354,-0.06215827912092209,0.6764525175094604,0.46611252427101135,-0.05679917335510254,0.6571236848831177,0.49732595682144165,-0.07535186409950256,0.5543832778930664,0.564387321472168,-0.09344001114368439,0.4460185170173645,0.4891220033168793,-0.08545966446399689,0.5929696559906006,0.5514331459999084,-0.08924233168363571,0.4150999188423157,0.529854416847229,-0.11355847120285034,0.456498920917511,0.5118244886398315,-0.10018590092658997,0.4407939314842224,0.5647314190864563,-0.11715655028820038,0.6799413561820984,0.5093172192573547,-0.0870111882686615,0.4210527539253235,0.4436655640602112,-0.0796782597899437,0.5654784440994263,0.5917872786521912,-0.09448585659265518,0.6074481010437012,0.5703170299530029,-0.08945099264383316,0.5139167904853821,0.5689208507537842,-0.10578327625989914,0.41988837718963623,0.6493122577667236,-0.10112802684307098,0.5054712891578674,0.6040880084037781,-0.10649839788675308,0.4315139651298523,0.6896530389785767,-0.07519187033176422,0.47572803497314453,0.5395050644874573,-0.10824333131313324,0.3984265923500061,0.42325806617736816,-0.0668979361653328,0.4659643769264221,0.4137539565563202,-0.11740226298570633,0.46182161569595337,0.4378282129764557,-0.10374122858047485,0.45770567655563354,0.39251500368118286,-0.12259902060031891,0.29083529114723206,0.42336422204971313,-0.02184959501028061,0.2570570707321167,0.44364264607429504,-0.047489214688539505,0.23487868905067444,0.4658525884151459,-0.06957132369279861,0.22203737497329712,0.488906592130661,-0.08392856270074844,0.21979783475399017,0.5101627707481384,-0.08795099705457687,0.24755297601222992,0.5436264872550964,-0.07553498446941376,0.262495756149292,0.6608164310455322,-0.05593568831682205,0.2821371555328369,0.5466776490211487,-0.0844501480460167,0.30079954862594604,0.5311655402183533,-0.08068696409463882,0.3182819187641144,0.5062527060508728,-0.06897453963756561,0.3309205174446106,0.4810187816619873,-0.05104653537273407,0.33740073442459106,0.4609113335609436,-0.03311735391616821,0.3411473035812378,0.44528502225875854,-0.022756854072213173,0.2567201256752014,0.7052058577537537,0.011775472201406956,0.46624135971069336,0.4455563426017761,-0.09463837742805481,0.4155694842338562,0.3967097997665405,-0.08622857183218002,0.47610437870025635,0.391445517539978,-0.12053962796926498,0.4900193512439728,0.39455413818359375,-0.10598907619714737,0.4788932204246521,0.39903682470321655,-0.11231912672519684,0.4741702079772949,0.44805312156677246,-0.08354848623275757,0.4944313168525696,0.3889017701148987,-0.10928688198328018,0.4981640577316284,0.399275541305542,-0.08669760078191757,0.3279924988746643,0.43686458468437195,-0.01067719142884016,0.3391847312450409,0.42953747510910034,-0.012132721953094006,0.34652623534202576,0.4243292212486267,-0.02229578047990799,0.2533016502857208,0.5166661739349365,-0.07082182168960571,0.2366851270198822,0.5208195447921753,-0.07803353667259216,0.4334716200828552,0.35457730293273926,-0.053159408271312714,0.4195542633533478,0.3486623167991638,0.166416198015213,0.512437641620636,0.37735801935195923,-0.06478050351142883,0.36918991804122925,0.3277701139450073,0.34459513425827026,0.41431352496147156,0.37068676948547363,0.10228142887353897,0.4226391911506653,0.3660182058811188,0.11841905862092972,0.42791569232940674,0.36051756143569946,0.13723422586917877,0.4204011559486389,0.35384589433670044,0.1730138212442398,0.4059211313724518,0.37188488245010376,0.0886189416050911,0.393584281206131,0.3389716148376465,0.12415184080600739,0.38713932037353516,0.3455333113670349,0.10501758754253387,0.3998263478279114,0.3354091942310333,0.14360493421554565,0.40536826848983765,0.33662930130958557,0.15903951227664948,0.4295896291732788,0.35701507329940796,0.18854981660842896,0.703851580619812,0.4371044933795929,0.021162623539566994,0.4156942367553711,0.3466302156448364,0.1785803586244583,0.44672688841819763,0.3519406020641327,0.3269043266773224,0.41512542963027954,0.3499894142150879,0.22756585478782654,0.5116901397705078,0.3563936948776245,0.060727719217538834,0.5530619621276855,0.402046263217926,-0.0530853196978569,0.5594050288200378,0.41044723987579346,-0.048885758966207504,0.5679154396057129,0.38501131534576416,-0.019744237884879112,0.5808952450752258,0.3774811029434204,0.012825711630284786,0.569669246673584,0.39696580171585083,-0.02170477621257305,0.5794034004211426,0.3889859616756439,0.006368150003254414,0.6486640572547913,0.4006710350513458,0.05618264153599739,0.5027273893356323,0.3545798659324646,-0.09772536903619766,0.48425447940826416,0.34599918127059937,-0.09763731062412262,0.3946894705295563,0.32077497243881226,0.18952800333499908,0.442272812128067,0.36470359563827515,0.04376509413123131,0.5140532851219177,0.3531723618507385,-0.012219052761793137,0.501598596572876,0.3539317548274994,-0.002875661477446556,0.5305091738700867,0.34272369742393494,0.13569211959838867,0.45823419094085693,0.3482895791530609,-0.0772237554192543,0.38295841217041016,0.3159506320953369,0.11827398836612701,0.3892255425453186,0.3147876262664795,0.15631118416786194,0.33732548356056213,0.3081250786781311,0.29424339532852173,0.3702446520328522,0.3422303795814514,0.03439768776297569,0.38368144631385803,0.353694885969162,0.09588796645402908,0.6309040784835815,0.38773733377456665,0.07764580845832825,0.6340099573135376,0.4382235109806061,0.3235846161842346,0.5193431377410889,0.36786773800849915,-0.01941797323524952,0.5175299048423767,0.37950384616851807,-0.042726583778858185,0.6060622930526733,0.3778117001056671,0.06555800139904022,0.6030470132827759,0.38366836309432983,0.0516296848654747,0.37759050726890564,0.3073793649673462,0.17692843079566956,0.5215799808502197,0.36172837018966675,-0.004647322464734316,0.37537461519241333,0.3235795497894287,0.0768313854932785,0.36343738436698914,0.31376177072525024,0.07939022779464722,0.27448177337646484,0.2987228035926819,0.15849436819553375,0.34774377942085266,0.3008824586868286,0.22728917002677917,0.29641810059547424,0.30383560061454773,0.11870531737804413,0.38252025842666626,0.31655237078666687,0.21912388503551483,0.3768218755722046,0.3151348829269409,0.2756084203720093,0.5577203035354614,0.40548956394195557,-0.05237072706222534,0.5698831677436829,0.39049407839775085,-0.02123417519032955,0.5809451341629028,0.3823729455471039,0.007425116375088692,0.5198299288749695,0.3741351366043091,-0.023403191938996315,0.6048544645309448,0.38076961040496826,0.057241495698690414,0.6222217082977295,0.387127161026001,0.034336742013692856,0.6012154817581177,0.3860909640789032,0.04883413389325142,0.511488676071167,0.3599337935447693,-0.04720856249332428,0.5768270492553711,0.3946586549282074,0.005801492370665073,0.5678461194038391,0.4027321934700012,-0.017824776470661163,0.5590384006500244,0.4153977632522583,-0.04202160984277725,0.667167603969574,0.44004738330841064,-0.032646603882312775,0.6647878885269165,0.43657079339027405,-0.04227825254201889,0.6575606465339661,0.43486154079437256,-0.04212348535656929,0.645757794380188,0.43453067541122437,-0.03569134324789047,0.6340556144714355,0.43526867032051086,-0.031999826431274414,0.6245520710945129,0.40656691789627075,0.012797030620276928,0.6308209896087646,0.4022369384765625,0.008529809303581715,0.6385124921798706,0.3970261216163635,0.00692743668332696,0.6441585421562195,0.39331451058387756,0.013283595442771912,0.5824404358863831,0.37321197986602783,0.03062446042895317,0.5359329581260681,0.4136393368244171,0.3962477743625641,0.6145268082618713,0.39694786071777344,0.0347573459148407,0.618824303150177,0.3918378949165344,0.03219145908951759,0.522035539150238,0.38600027561187744,-0.04617871344089508,0.5294651389122009,0.3742048144340515,-0.003292803419753909,0.520077109336853,0.38276344537734985,-0.04526648297905922,0.46234092116355896,0.3602140545845032,0.06358039379119873,0.48895883560180664,0.3501589894294739,0.08883106708526611,0.5108838677406311,0.3595215082168579,0.007791272830218077,0.3057055175304413,0.29751455783843994,0.22905829548835754,0.32121655344963074,0.2977953553199768,0.1754695624113083,0.37064045667648315,0.305999755859375,0.13194555044174194,0.6580657958984375,0.41063201427459717,0.03136318549513817,0.35390976071357727,0.3271063268184662,0.03683393448591232,0.27391085028648376,0.319822758436203,0.06831709295511246,0.24562689661979675,0.31198859214782715,0.09353888034820557,0.42670077085494995,0.3569740056991577,0.15728843212127686,0.4385393261909485,0.3614298403263092,0.2109091430902481,0.3996449410915375,0.3714198172092438,0.08594051003456116,0.4062761962413788,0.3379964828491211,0.1906932294368744,0.4233766198158264,0.3652978241443634,0.029040614143013954,0.50309157371521,0.34866201877593994,-0.03862409666180611,0.49085837602615356,0.3398011028766632,0.24800513684749603,0.4569978415966034,0.3643926978111267,0.1813027709722519,0.4674070477485657,0.3677707314491272,0.14071640372276306,0.4578632116317749,0.3739851713180542,0.10423021763563156,0.442331999540329,0.37813910841941833,0.08086366206407547,0.4307490587234497,0.37856030464172363,0.06030409410595894,0.38673868775367737,0.3642147183418274,-0.0076029542833566666,0.535727858543396,0.34660208225250244,0.23222234845161438,0.40203073620796204,0.33413612842559814,0.213185116648674,0.5098931789398193,0.36995723843574524,-0.09284219145774841,0.4637133777141571,0.36410707235336304,0.02852361835539341,0.4420560300350189,0.38073235750198364,0.41039496660232544,0.4201010763645172,0.3769981861114502,0.049138329923152924,0.5115742683410645,0.36588263511657715,0.027082843706011772,0.41319799423217773,0.34751957654953003,0.18733148276805878,0.488006591796875,0.35033783316612244,-0.02806597203016281,0.585218608379364,0.4261917471885681,0.36717119812965393,0.39383989572525024,0.3690973222255707,0.09637830406427383,0.47120988368988037,0.34733590483665466,-0.05501469597220421,0.678624153137207,0.41763317584991455,0.16523388028144836,0.6965919733047485,0.44491374492645264,0.19955778121948242,0.5405260324478149,0.3740444779396057,0.3136870265007019,0.6574723124504089,0.41088709235191345,0.21332022547721863,0.40792739391326904,0.3338748514652252,0.3090316355228424,0.7265626192092896,0.44647496938705444,0.02964129112660885,0.5115259289741516,0.38355565071105957,-0.07333289086818695,0.48586612939834595,0.3624696731567383,0.04349710792303085,0.4111700654029846,0.35408633947372437,0.26153963804244995,0.42114078998565674,0.3545520305633545,0.14019478857517242,0.4161752462387085,0.3598235249519348,0.1237311139702797,0.624937891960144,0.38300973176956177,0.04135378077626228,0.5764293074607849,0.36042019724845886,0.2220398634672165,0.747212827205658,0.4718005061149597,-0.005047650076448917,0.7310483455657959,0.4534621834754944,0.09456618130207062,0.7170076370239258,0.4494650065898895,0.1431569904088974,0.40861669182777405,0.3641130328178406,0.10998930782079697,0.40018463134765625,0.3666185438632965,0.10204490274190903,0.39588505029678345,0.36832815408706665,0.09950214624404907,0.3914557695388794,0.3339005708694458,0.24574339389801025,0.3936108648777008,0.3594648241996765,0.10549571365118027,0.397701621055603,0.35317087173461914,0.11409762501716614,0.4031694829463959,0.34755536913871765,0.12759046256542206,0.4091930687427521,0.3438947796821594,0.14377982914447784,0.41334325075149536,0.3437880277633667,0.15614502131938934,0.401272177696228,0.3513808250427246,0.3861461579799652,0.42130744457244873,0.3508297801017761,0.15530578792095184,0.5619099736213684,0.3743329644203186,0.0034975872840732336,0.5176169276237488,0.3631203770637512,-0.027026858180761337,0.5386179089546204,0.38783523440361023,-0.04441947117447853,0.6984843015670776,0.4272747337818146,0.11945450305938721,0.7110717296600342,0.43839505314826965,0.07490409910678864,0.7341205477714539,0.46059930324554443,-0.019382886588573456,0.6710733771324158,0.443529337644577,0.2637949585914612,0.39347922801971436,0.36494630575180054,0.10050081461668015,0.42771559953689575,0.3589109778404236,-0.011336436495184898,0.7425390481948853,0.45929843187332153,0.043910373002290726,0.5851733684539795,0.3881782293319702,0.2916228473186493,0.6329108476638794,0.41904592514038086,-0.008859213441610336,0.6425423622131348,0.41565507650375366,-0.011718230322003365,0.6530209183692932,0.4126774072647095,-0.014197403565049171,0.6615185141563416,0.41155970096588135,-0.010860280133783817,0.6654552221298218,0.42321115732192993,0.0023197156842797995,0.5900437831878662,0.38483789563179016,0.03209030628204346,0.5921238660812378,0.3792458772659302,0.03842642158269882,0.5928499698638916,0.3743078112602234,0.04337964579463005,0.6068429350852966,0.37753617763519287,0.06061793491244316,0.5791058540344238,0.3582193851470947,0.15681561827659607,0.4035465121269226,0.3650197684764862,0.011803876608610153,0.3832201063632965,0.36381345987319946,0.06459998339414597,0.38621023297309875,0.36392223834991455,0.08866143226623535,0.5872514843940735,0.38912850618362427,0.030532242730259895,0.6291440725326538,0.3827398121356964,0.17755287885665894,0.3859575390815735,0.362646222114563,0.023854922503232956,0.6810239553451538,0.4326981008052826,0.011620713397860527,0.4115719497203827,0.3591957688331604,-0.0338265560567379,0.4666423201560974,0.35759809613227844,-0.009791920892894268,0.6849115490913391,0.4472566545009613,-0.02870386466383934,0.6567587852478027,0.4030092656612396,0.07505165040493011,0.5339267253875732,0.36578434705734253,0.04179814085364342,0.6723009347915649,0.41846007108688354,0.0445440374314785,0.5480682849884033,0.3528899550437927,0.08515194058418274,0.5621946454048157,0.36524152755737305,0.05823459103703499,0.586925745010376,0.36181557178497314,0.10993430763483047,0.7114232182502747,0.4513762593269348,-0.025306299328804016,0.4815136790275574,0.3611811101436615,0.010209494270384312,0.6751254796981812,0.40956777334213257,0.09941094368696213,0.6888805031776428,0.42597272992134094,0.06044720113277435,0.6359847784042358,0.38758009672164917,0.09747697412967682,0.6096490621566772,0.374920129776001,0.21407254040241241,0.6445716619491577,0.38934439420700073,0.12964758276939392,0.6244168877601624,0.401591420173645,0.26437056064605713,0.5957759618759155,0.3708517849445343,0.07862000912427902,0.44544288516044617,0.3618112802505493,0.010157670825719833,0.5107064843177795,0.35371243953704834,-0.04734086990356445,0.5191582441329956,0.3574181795120239,-0.02344641461968422,0.49330729246139526,0.3454551696777344,-0.06666824221611023,0.3772565424442291,0.3506942391395569,0.07634587585926056,0.38194483518600464,0.33751991391181946,0.0966317430138588,0.38937583565711975,0.32941415905952454,0.11938799917697906,0.3962421119213104,0.325606107711792,0.14605003595352173,0.4018196761608124,0.32891756296157837,0.1696651130914688,0.41421157121658325,0.3491833209991455,0.20227035880088806,0.4943472146987915,0.36205315589904785,0.3259762227535248,0.4396713078022003,0.3599599599838257,0.1690807193517685,0.4441249668598175,0.364143431186676,0.14029042422771454,0.4382990896701813,0.3700903058052063,0.11324164271354675,0.4263108968734741,0.3749084770679474,0.09240461140871048,0.41616570949554443,0.37613579630851746,0.07559273391962051,0.4086041748523712,0.37588608264923096,0.06575503945350647,0.4867411255836487,0.40115275979042053,0.41317063570022583,0.5226157307624817,0.36463356018066406,-0.015666291117668152,0.44881361722946167,0.35379987955093384,-0.030321763828396797,0.5061606168746948,0.3519013524055481,-0.07590316236019135,0.5106706619262695,0.36886876821517944,-0.08025429397821426,0.5095049738883972,0.3599279522895813,-0.06667102873325348,0.5249087810516357,0.37324458360671997,-0.017223142087459564,0.5112683176994324,0.36834174394607544,-0.08819150924682617,0.5132108926773071,0.3803895115852356,-0.06902424991130829,0.39333757758140564,0.37040185928344727,0.08305203169584274,0.39777472615242004,0.37351149320602417,0.05734171345829964,0.4052724540233612,0.3727799654006958,0.03491227328777313,0.41532036662101746,0.34487271308898926,0.16656062006950378,0.4087736904621124,0.34020179510116577,0.17513510584831238,0.27148574590682983,0.4848765730857849,-0.05140278860926628,0.28623008728027344,0.4653960168361664,-0.05140278860926628,0.2525874972343445,0.4790675938129425,-0.05140278860926628,0.25644421577453613,0.5043640732765198,-0.05140278860926628,0.28944554924964905,0.4905557632446289,-0.05140278860926628,0.3947691321372986,0.35256946086883545,0.1303945630788803,0.40411314368247986,0.34528058767318726,0.1303945630788803,0.3797731399536133,0.3450736999511719,0.1303945630788803,0.38509953022003174,0.3599407970905304,0.1303945630788803,0.4091535210609436,0.3601163625717163,0.1303945630788803,0,0,0,0,0,1,1,0,0,0,0,0,0.12246299535036087,0.06894232332706451,0.09286679327487946,0.05660105124115944,0.03104742430150509,0.05657519772648811,0.08391785621643066,0.0531567707657814,0.07416252791881561,0.09144577383995056,0.8436570167541504,0.20361238718032837,Sadness,-28.16532325744629,-38.532588958740234
152,5.066666666666666,29.144305363674416,-13.261779020343344,0.9960242718872786,0.5204415321350098,0.4431423842906952,-0.07366497814655304,0.45611244440078735,0.38269129395484924,-0.11122208088636398,0.47743457555770874,0.415101021528244,-0.06675659120082855,0.37894245982170105,0.4032001197338104,-0.08897551149129868,0.4340550899505615,0.3772946000099182,-0.11448311060667038,0.4065932631492615,0.3814288377761841,-0.10169782489538193,0.3314213156700134,0.40109366178512573,-0.03629419952630997,0.26135364174842834,0.5548466444015503,-0.0734318196773529,0.28222835063934326,0.40013420581817627,-0.011867694556713104,0.2555369436740875,0.39306640625,-0.008721668273210526,0.15391100943088531,0.3873893618583679,0.033696044236421585,0.527019739151001,0.44304344058036804,-0.07222819328308105,0.5323891639709473,0.44332197308540344,-0.06709997355937958,0.5357215404510498,0.4436776041984558,-0.05858917161822319,0.6243059635162354,0.4485090374946594,-0.050091180950403214,0.6363687515258789,0.4489295482635498,-0.053493432700634,0.6481748223304749,0.4496091902256012,-0.05885789170861244,0.6585391163825989,0.4496782124042511,-0.056510090827941895,0.6460835933685303,0.45144739747047424,-0.041896216571331024,0.468583345413208,0.393790602684021,-0.10298468917608261,0.4611784517765045,0.42125576734542847,-0.08893630653619766,0.1393536925315857,0.6643701195716858,-0.031604520976543427,0.30581289529800415,0.4985131025314331,-0.05366140604019165,0.3004867434501648,0.5171205997467041,-0.06824658811092377,0.2923486530780792,0.5370245575904846,-0.07747546583414078,0.2642895579338074,0.5665152668952942,-0.08031701296567917,0.30744469165802,0.48334890604019165,-0.03541560098528862,0.2272217869758606,0.5153422355651855,-0.07006315141916275,0.23970510065555573,0.494736909866333,-0.04972188547253609,0.22177870571613312,0.5372135043144226,-0.08054684102535248,0.22479285299777985,0.5540947914123535,-0.08335090428590775,0.2738209366798401,0.5859130024909973,-0.0837070420384407,0.6532703638076782,0.535957396030426,-0.07799513638019562,0.24982881546020508,0.5638672113418579,-0.07251620292663574,0.23845547437667847,0.6790931224822998,-0.04770854860544205,0.24514475464820862,0.6102381348609924,-0.07911121100187302,0.402052640914917,0.5125516653060913,-0.09314007312059402,0.5050586462020874,0.46606963872909546,-0.0897364541888237,0.522148847579956,0.46291854977607727,-0.08182070404291153,0.5001243352890015,0.4887939989566803,-0.09900624305009842,0.5024756193161011,0.5026477575302124,-0.0979323461651802,0.5159138441085815,0.48008039593696594,-0.08976287394762039,0.5142719149589539,0.4923567771911621,-0.08611424267292023,0.5707376599311829,0.5400933623313904,-0.08403091132640839,0.45040202140808105,0.3969634175300598,-0.11983134597539902,0.428525447845459,0.3935004472732544,-0.12458489835262299,0.19429318606853485,0.5790978670120239,-0.10006427019834518,0.3574085235595703,0.4704652726650238,-0.059261687099933624,0.4310140609741211,0.462163507938385,-0.10664407163858414,0.4170478582382202,0.4660671353340149,-0.10032734274864197,0.3784739375114441,0.5764519572257996,-0.12037672847509384,0.40297144651412964,0.397225558757782,-0.11181891709566116,0.19383077323436737,0.5197956562042236,-0.08724094182252884,0.18806852400302887,0.5520254373550415,-0.09841737151145935,0.11087024211883545,0.6155150532722473,-0.043964628130197525,0.25387752056121826,0.43722012639045715,-0.03804090619087219,0.2577727138996124,0.47915002703666687,-0.03071506880223751,0.5392611622810364,0.5491895079612732,-0.09352384507656097,0.4887884557247162,0.7307571768760681,-0.023417122662067413,0.44946861267089844,0.45385676622390747,-0.08831033110618591,0.4602574110031128,0.4421001672744751,-0.07617677748203278,0.5204980373382568,0.5152159333229065,-0.08303883671760559,0.5242013335227966,0.5093284249305725,-0.07863613963127136,0.1677844375371933,0.5623906254768372,-0.09351281076669693,0.4404732286930084,0.47205182909965515,-0.09686006605625153,0.21344034373760223,0.48222461342811584,-0.06591545045375824,0.19414018094539642,0.4817143976688385,-0.06858187168836594,0.10637503862380981,0.494255006313324,-0.038855936378240585,0.13721972703933716,0.5794667601585388,-0.07107165455818176,0.14759063720703125,0.4760804772377014,-0.0527331680059433,0.17641477286815643,0.5934548377990723,-0.09110892564058304,0.15811318159103394,0.6236985921859741,-0.06068497896194458,0.5145776867866516,0.46498847007751465,-0.08846429735422134,0.5085810422897339,0.4846760034561157,-0.09563007950782776,0.5083615183830261,0.49782177805900574,-0.09321115165948868,0.45522862672805786,0.45339295268058777,-0.07963448017835617,0.5227973461151123,0.512141227722168,-0.07985658943653107,0.543816328048706,0.509328305721283,-0.08040609955787659,0.5250282287597656,0.5070379972457886,-0.07759957760572433,0.4446476399898529,0.4308915138244629,-0.11179731041193008,0.5169431567192078,0.48830360174179077,-0.08094391226768494,0.5196089744567871,0.4761519134044647,-0.08051939308643341,0.5266320705413818,0.460884153842926,-0.0743221789598465,0.6365387439727783,0.47778910398483276,-0.05866870656609535,0.6376831531524658,0.4787847399711609,-0.07405843585729599,0.6288303136825562,0.476347416639328,-0.07627841830253601,0.6180222630500793,0.47245895862579346,-0.07060714066028595,0.608391284942627,0.46883007884025574,-0.0663260668516159,0.5661405920982361,0.4931597411632538,-0.07467827200889587,0.5671607255935669,0.49818795919418335,-0.07766208052635193,0.5680764317512512,0.5041393637657166,-0.08253464847803116,0.5694770812988281,0.5088420510292053,-0.08341539651155472,0.4960803985595703,0.5096274614334106,-0.09864441305398941,0.352914959192276,0.7454913258552551,0.00536888325586915,0.4733980894088745,0.4051778316497803,-0.07879725843667984,0.5474209189414978,0.5002087354660034,-0.07535143196582794,0.545771598815918,0.5047190189361572,-0.0780489519238472,0.4708971381187439,0.4383430778980255,-0.07878821343183517,0.4562983512878418,0.474611759185791,-0.07611115276813507,0.46598803997039795,0.43999335169792175,-0.07753391563892365,0.36297598481178284,0.4923766553401947,-0.07242344319820404,0.3670264482498169,0.522685706615448,-0.09416144341230392,0.4258851110935211,0.4760722815990448,-0.09262162446975708,0.09851869940757751,0.5587666034698486,-0.04861836135387421,0.13255302608013153,0.5308078527450562,-0.06753603368997574,0.17304767668247223,0.5244640111923218,-0.08504849672317505,0.5935245156288147,0.5249713659286499,-0.08177737891674042,0.22232796251773834,0.4361354112625122,-0.04318881779909134,0.16944922506809235,0.43133237957954407,-0.02677411399781704,0.12573477625846863,0.4394313395023346,-0.009623275138437748,0.2793372869491577,0.5558102130889893,-0.08120347559452057,0.28117287158966064,0.6115743517875671,-0.09125801175832748,0.3059694468975067,0.47353315353393555,-0.024916503578424454,0.22670289874076843,0.5792787075042725,-0.08798278868198395,0.3481665253639221,0.4527873396873474,-0.05415039509534836,0.4262048304080963,0.4396665096282959,-0.11561478674411774,0.2974236011505127,0.6444306969642639,-0.09443172812461853,0.3055371940135956,0.5958737730979919,-0.1027185320854187,0.3274390399456024,0.5668253898620605,-0.10058210790157318,0.33974987268447876,0.5263063907623291,-0.08092869073152542,0.34151917695999146,0.4976435899734497,-0.06075599044561386,0.34011852741241455,0.4762997031211853,-0.046739961951971054,0.3293873071670532,0.4184262752532959,-0.04631197452545166,0.3520401418209076,0.6468072533607483,-0.1081811785697937,0.2162744700908661,0.5970717072486877,-0.09089237451553345,0.4645059108734131,0.40160083770751953,-0.11010505259037018,0.38216525316238403,0.4677942097187042,-0.06980138272047043,0.23581081628799438,0.7263627052307129,0.006403683219105005,0.3359045386314392,0.458614706993103,-0.03563995286822319,0.42637258768081665,0.4858337640762329,-0.07353803515434265,0.24549776315689087,0.5731081366539001,-0.07667331397533417,0.410540372133255,0.4444599747657776,-0.10656674951314926,0.4180490970611572,0.7449032068252563,-0.005664348602294922,0.29706311225891113,0.47548359632492065,-0.019263409078121185,0.403857946395874,0.41866227984428406,-0.11341271549463272,0.5731720328330994,0.641697347164154,-0.07968544960021973,0.5996405482292175,0.6669276356697083,-0.05945778638124466,0.3504769504070282,0.7012367248535156,-0.056810807436704636,0.5274407863616943,0.6724181771278381,-0.07822073251008987,0.1926603764295578,0.6535460948944092,-0.04914309084415436,0.6800024509429932,0.549353301525116,-0.07722979038953781,0.4695204794406891,0.4119274914264679,-0.08266741782426834,0.3923603892326355,0.48924922943115234,-0.07678886502981186,0.23992334306240082,0.6324215531349182,-0.07537714391946793,0.27899450063705444,0.5317287445068359,-0.0708869993686676,0.2871082127094269,0.5146983861923218,-0.06345582753419876,0.541914165019989,0.5138183236122131,-0.08201994001865387,0.4045294523239136,0.655170202255249,-0.10391289740800858,0.7227287888526917,0.5213074684143066,-0.06062815710902214,0.6762036681175232,0.5939174890518188,-0.06632202118635178,0.6453710794448853,0.6274780035018921,-0.06418264657258987,0.19588059186935425,0.3881421685218811,0.011285919696092606,0.7351642847061157,0.48225849866867065,-0.03260581195354462,0.29151609539985657,0.5003613233566284,-0.050288110971450806,0.29437902569770813,0.48745542764663696,-0.03639230877161026,0.296458899974823,0.4792287349700928,-0.02479987032711506,0.2024293690919876,0.615628182888031,-0.08189716190099716,0.27394574880599976,0.48834019899368286,-0.03566460311412811,0.2594541907310486,0.5030189156532288,-0.04920875281095505,0.25069618225097656,0.5185641646385193,-0.06176196411252022,0.24632763862609863,0.5360490083694458,-0.07122477889060974,0.24675104022026062,0.548785388469696,-0.07406870275735855,0.17872488498687744,0.6992424726486206,-0.009645194746553898,0.2704158425331116,0.5446658134460449,-0.07347125560045242,0.4932732582092285,0.41620075702667236,-0.06446410715579987,0.4856284260749817,0.4876559376716614,-0.0938546434044838,0.4457503855228424,0.4489896893501282,-0.0931737869977951,0.48806798458099365,0.4416789710521698,-0.08285829424858093,0.3048701882362366,0.40554141998291016,-0.01595510169863701,0.6157255172729492,0.6124995946884155,-0.07521144300699234,0.6487369537353516,0.5833016037940979,-0.07457774877548218,0.7048947811126709,0.5098455548286438,-0.0698915347456932,0.5503560304641724,0.701392412185669,-0.0442391075193882,0.28895679116249084,0.47939223051071167,-0.026087449863553047,0.3618737459182739,0.4283543527126312,-0.0684913769364357,0.7181740999221802,0.47035831212997437,-0.04210032522678375,0.7024884819984436,0.5582622289657593,-0.07081396132707596,0.41012120246887207,0.7051759958267212,-0.061106618493795395,0.5880024433135986,0.4828627109527588,-0.07302619516849518,0.5929101705551147,0.4881066679954529,-0.07723217457532883,0.5986536741256714,0.4939952790737152,-0.0827602818608284,0.605573296546936,0.49829187989234924,-0.08264593780040741,0.6166664958000183,0.5045958757400513,-0.07654524594545364,0.5166666507720947,0.5023755431175232,-0.08336500078439713,0.5126592516899109,0.5072208642959595,-0.08841485530138016,0.5077259540557861,0.5116183161735535,-0.09224864840507507,0.5146400332450867,0.5305781960487366,-0.0994788110256195,0.42693984508514404,0.6114177107810974,-0.11748473346233368,0.3373327851295471,0.4348445534706116,-0.04798134043812752,0.2892224192619324,0.45190930366516113,-0.011074326001107693,0.2844965159893036,0.46748247742652893,-0.01904118061065674,0.5183126330375671,0.4985637366771698,-0.07981259375810623,0.49064284563064575,0.6378574371337891,-0.09829764068126678,0.29995763301849365,0.4288260340690613,-0.023413769900798798,0.6325402855873108,0.521957278251648,-0.07465697824954987,0.38168656826019287,0.3885536789894104,-0.07881835848093033,0.35566145181655884,0.41091740131378174,-0.06681166589260101,0.3577345907688141,0.3948597013950348,-0.05618660897016525,0.3923338055610657,0.4450668692588806,-0.08250553905963898,0.6921308040618896,0.46173399686813354,-0.04749434441328049,0.6654472947120667,0.45702001452445984,-0.04355829581618309,0.6547102928161621,0.48854029178619385,-0.06227404996752739,0.5720401406288147,0.5634976029396057,-0.08645343780517578,0.43894127011299133,0.5055761337280273,-0.08369999378919601,0.6057291030883789,0.5469985008239746,-0.08044420182704926,0.4204491376876831,0.5466282963752747,-0.1115560233592987,0.45817553997039795,0.5246449708938599,-0.09829553216695786,0.4557586908340454,0.5763275027275085,-0.11355899274349213,0.6793991327285767,0.49847716093063354,-0.07252977043390274,0.4005696177482605,0.46560138463974,-0.08005204051733017,0.5864438414573669,0.5901634693145752,-0.08551118522882462,0.6220917701721191,0.5648312568664551,-0.07836997509002686,0.5337700843811035,0.5716266632080078,-0.09992974251508713,0.4511164426803589,0.6608363389968872,-0.09632304310798645,0.5295293927192688,0.6070758104324341,-0.09993894398212433,0.4687821567058563,0.6984771490097046,-0.06863050907850266,0.4877092242240906,0.5473900437355042,-0.1048833355307579,0.37172791361808777,0.44822806119918823,-0.0690557211637497,0.43912094831466675,0.43425583839416504,-0.11747322976589203,0.4411669969558716,0.4564855098724365,-0.102725550532341,0.4260939359664917,0.4155667722225189,-0.12345516681671143,0.26025593280792236,0.4619516134262085,-0.027192771434783936,0.2305891215801239,0.48918113112449646,-0.053637709468603134,0.2148182988166809,0.5159898996353149,-0.0759877860546112,0.2088945508003235,0.5419713258743286,-0.0898934081196785,0.21233908832073212,0.5636255145072937,-0.09352190792560577,0.24680602550506592,0.5890235900878906,-0.07912471890449524,0.29321661591529846,0.6929435133934021,-0.05575985461473465,0.28955376148223877,0.5738537907600403,-0.08700226247310638,0.307073712348938,0.551074743270874,-0.08332831412553787,0.3177507817745209,0.5230488777160645,-0.07171192765235901,0.3223824203014374,0.49803292751312256,-0.0538579523563385,0.3230201303958893,0.47950178384780884,-0.03630616143345833,0.32212936878204346,0.46577492356300354,-0.026072688400745392,0.293658047914505,0.7391858696937561,0.011260009370744228,0.4472910463809967,0.46287938952445984,-0.09323166310787201,0.38323941826820374,0.4224346876144409,-0.08841785788536072,0.4436425268650055,0.4127967655658722,-0.12107870727777481,0.4572613835334778,0.4140511155128479,-0.10596424341201782,0.44761258363723755,0.4192834198474884,-0.11252743750810623,0.45551109313964844,0.46395477652549744,-0.08186028897762299,0.460663378238678,0.40834134817123413,-0.10939671099185944,0.4661095142364502,0.4175824522972107,-0.08578842878341675,0.30180370807647705,0.46632692217826843,-0.014072203077375889,0.31433308124542236,0.4535229802131653,-0.016006797552108765,0.32392245531082153,0.443719744682312,-0.026388758793473244,0.24832600355148315,0.5571322441101074,-0.07429350167512894,0.2319088876247406,0.5677505731582642,-0.08178306370973587,0.38938745856285095,0.3786410689353943,-0.05613009259104729,0.3729475140571594,0.3624127507209778,0.1624198704957962,0.4731377363204956,0.3930838108062744,-0.0641322061419487,0.29518067836761475,0.3502856492996216,0.343194842338562,0.3763713240623474,0.38245511054992676,0.09869369119405746,0.38191917538642883,0.3762262165546417,0.11487596482038498,0.3850780427455902,0.37020087242126465,0.13347133994102478,0.3800470530986786,0.366408109664917,0.1690264493227005,0.36894622445106506,0.38611549139022827,0.08497558534145355,0.34033656120300293,0.36215198040008545,0.11873356997966766,0.33764007687568665,0.3698722720146179,0.09962297976016998,0.34500426054000854,0.35696402192115784,0.13805150985717773,0.35208672285079956,0.35571277141571045,0.15372581779956818,0.39280959963798523,0.3659517765045166,0.1846555918455124,0.6816596984863281,0.42142847180366516,0.03282264620065689,0.37075868248939514,0.3615337610244751,0.1741889864206314,0.3821166455745697,0.3571249842643738,0.3232525885105133,0.38095778226852417,0.3634188175201416,0.2230784296989441,0.4624967873096466,0.3652915954589844,0.06103593856096268,0.5264395475387573,0.42153698205947876,-0.05064408481121063,0.5399097204208374,0.42565643787384033,-0.045708056539297104,0.5409420132637024,0.40269601345062256,-0.017792409285902977,0.5556119680404663,0.39155399799346924,0.013739117421209812,0.5487315654754639,0.41168609261512756,-0.019370118156075478,0.5586904883384705,0.4015684127807617,0.007825986482203007,0.620222806930542,0.39266008138656616,0.05847979336977005,0.4603269398212433,0.3736107349395752,-0.09858040511608124,0.44004562497138977,0.3667186498641968,-0.09934668987989426,0.33521777391433716,0.34501224756240845,0.18219837546348572,0.3949786126613617,0.38228100538253784,0.04125138372182846,0.4679480791091919,0.3660224378108978,-0.011980514042079449,0.4552246630191803,0.36752551794052124,-0.00282572815194726,0.4748920202255249,0.3462298512458801,0.13485798239707947,0.4137662351131439,0.3713699281215668,-0.07958120852708817,0.31313470005989075,0.34711748361587524,0.10947772860527039,0.3225698471069336,0.34300097823143005,0.14793553948402405,0.2613818943500519,0.3340524137020111,0.2906706929206848,0.3099564015865326,0.37430739402770996,0.026997439563274384,0.33858707547187805,0.3781191110610962,0.09092363715171814,0.599385142326355,0.3822888135910034,0.07931306213140488,0.591909646987915,0.4290122389793396,0.3316044807434082,0.47684767842292786,0.3809789717197418,-0.018782973289489746,0.47788143157958984,0.3933817446231842,-0.04163385555148125,0.5858338475227356,0.3817198872566223,0.06595183163881302,0.5842887759208679,0.38830918073654175,0.05169772729277611,0.31028565764427185,0.33973175287246704,0.16802677512168884,0.4770457148551941,0.373518705368042,-0.003867700695991516,0.30768337845802307,0.356403648853302,0.06839035451412201,0.2909218370914459,0.3516620695590973,0.07016509026288986,0.2018374800682068,0.3340078592300415,0.1522068828344345,0.2747509479522705,0.3250320553779602,0.21793347597122192,0.2304433137178421,0.3368605971336365,0.10768590122461319,0.32611316442489624,0.34396249055862427,0.21163327991962433,0.3043145537376404,0.3345763683319092,0.26808786392211914,0.534633994102478,0.42301854491233826,-0.049729298800230026,0.5459885597229004,0.4067876636981964,-0.019166231155395508,0.5576107501983643,0.3958412706851959,0.00850045494735241,0.47876524925231934,0.3873107433319092,-0.022420445457100868,0.585543692111969,0.3850069046020508,0.0574154332280159,0.6033895015716553,0.3865697383880615,0.03529546037316322,0.5832659006118774,0.39062219858169556,0.04898591339588165,0.46774834394454956,0.37493109703063965,-0.047545433044433594,0.5574714541435242,0.40594956278800964,0.007998093962669373,0.5490065813064575,0.4157596230506897,-0.014203876256942749,0.5422524213790894,0.42843490839004517,-0.037206266075372696,0.6496946811676025,0.43102356791496277,-0.022913090884685516,0.6637637615203857,0.42235082387924194,-0.03478530794382095,0.6535974740982056,0.42390286922454834,-0.03571039438247681,0.6404919624328613,0.4263824224472046,-0.029936734586954117,0.6281106472015381,0.42901861667633057,-0.02782040275633335,0.6107195615768433,0.40393298864364624,0.014602342620491982,0.615969181060791,0.39879173040390015,0.011244544759392738,0.6223492622375488,0.3923913240432739,0.010024531744420528,0.6278669834136963,0.387087345123291,0.016506066545844078,0.5441973209381104,0.3749741315841675,0.030780289322137833,0.48313990235328674,0.4134683310985565,0.40101057291030884,0.5983223915100098,0.3971058130264282,0.03527813404798508,0.6012318134307861,0.3917444050312042,0.03312741219997406,0.48439615964889526,0.3994550108909607,-0.044538870453834534,0.4879116117954254,0.3852693438529968,-0.00167814118321985,0.4812588691711426,0.39640846848487854,-0.043935537338256836,0.4129417836666107,0.3750746250152588,0.06180945411324501,0.4367440342903137,0.360389769077301,0.08748500049114227,0.46540606021881104,0.37158459424972534,0.008407382294535637,0.23017406463623047,0.3275458514690399,0.2237175554037094,0.25063005089759827,0.3262050151824951,0.16520065069198608,0.29716354608535767,0.3424464464187622,0.122622050344944,0.6314631700515747,0.40112704038619995,0.035463038831949234,0.28570619225502014,0.3662845492362976,0.027932818979024887,0.2140582650899887,0.3573261797428131,0.0571889653801918,0.17788827419281006,0.35299262404441833,0.08655069023370743,0.38480865955352783,0.36736229062080383,0.15344330668449402,0.407526433467865,0.3669929504394531,0.20757097005844116,0.36298808455467224,0.38844525814056396,0.082347072660923,0.3583410978317261,0.3564414978027344,0.1849413961172104,0.3771599233150482,0.38529372215270996,0.025873322039842606,0.4569648802280426,0.3638673424720764,-0.03924085199832916,0.42806723713874817,0.3419969081878662,0.24531224370002747,0.4198489785194397,0.3645574748516083,0.17850016057491302,0.42370516061782837,0.3654618263244629,0.13791485130786896,0.4138248562812805,0.3739595413208008,0.10166031122207642,0.4006359577178955,0.3821377754211426,0.07820386439561844,0.3883507549762726,0.3864486813545227,0.05726441740989685,0.3420356214046478,0.3905312120914459,-0.012235994450747967,0.4764677882194519,0.3454574942588806,0.2314452975988388,0.3556884527206421,0.353837788105011,0.20713871717453003,0.47067520022392273,0.38714808225631714,-0.09309021383523941,0.4176848232746124,0.380560964345932,0.02733004093170166,0.38002198934555054,0.39132654666900635,0.41227987408638,0.3759109675884247,0.38897788524627686,0.04561162367463112,0.4667457640171051,0.3779497742652893,0.028319694101810455,0.37082359194755554,0.36280590295791626,0.18263447284698486,0.44174250960350037,0.366868793964386,-0.02882605977356434,0.5370831489562988,0.4216356873512268,0.37352392077445984,0.3580208122730255,0.38792654871940613,0.09260125458240509,0.42536795139312744,0.3670256435871124,-0.05674504488706589,0.645332932472229,0.39952296018600464,0.17326147854328156,0.6669261455535889,0.4284413158893585,0.20848387479782104,0.4838285744190216,0.36853647232055664,0.31447550654411316,0.6177500486373901,0.3947134017944336,0.22033150494098663,0.3387198746204376,0.34696754813194275,0.30349045991897583,0.7068939208984375,0.4275096356868744,0.04326097294688225,0.474683552980423,0.4002680480480194,-0.07234816998243332,0.43865036964416504,0.37566882371902466,0.04328354820609093,0.3853011131286621,0.3671473264694214,0.2573721706867218,0.37436479330062866,0.3668479919433594,0.13651220500469208,0.3722245395183563,0.37224823236465454,0.11996963620185852,0.6053208112716675,0.3818438649177551,0.04236365854740143,0.5214138627052307,0.3555157482624054,0.2235671579837799,0.7364603877067566,0.45450323820114136,0.008777599781751633,0.7114297151565552,0.43418413400650024,0.1059614047408104,0.693665623664856,0.43066608905792236,0.15285900235176086,0.3677140176296234,0.37784695625305176,0.10622607171535492,0.3621829152107239,0.38260531425476074,0.09825387597084045,0.3595404326915741,0.3861067295074463,0.09570886194705963,0.35142645239830017,0.3553636074066162,0.23972691595554352,0.3540947735309601,0.3789636492729187,0.10109516233205795,0.3550865650177002,0.37223273515701294,0.10952571779489517,0.35741162300109863,0.36612647771835327,0.1228850781917572,0.3613966107368469,0.36135604977607727,0.13897454738616943,0.3656565546989441,0.3600861430168152,0.1515534669160843,0.3320656716823578,0.3689892888069153,0.38655662536621094,0.3738288879394531,0.3637491464614868,0.15149334073066711,0.5227457880973816,0.37990182638168335,0.004369859118014574,0.4740560054779053,0.37651559710502625,-0.026678642258048058,0.5035678148269653,0.39767521619796753,-0.04260645806789398,0.670813798904419,0.40741124749183655,0.1290156990289688,0.6880333423614502,0.418994277715683,0.08660969138145447,0.7197585701942444,0.4428705871105194,-0.004149006679654121,0.6351584196090698,0.43025463819503784,0.2721417248249054,0.35575979948043823,0.3842920958995819,0.09638307988643646,0.3824532628059387,0.380792498588562,-0.014528031460940838,0.7267377376556396,0.44038325548171997,0.05684177950024605,0.533251941204071,0.37855130434036255,0.2949552536010742,0.6225386261940002,0.41454148292541504,-0.005727842915803194,0.6319558620452881,0.40951043367385864,-0.007438258267939091,0.6421229243278503,0.4046037197113037,-0.009482367895543575,0.6519532203674316,0.40046173334121704,-0.005808721296489239,0.6423499584197998,0.41342422366142273,0.008557042106986046,0.570133626461029,0.3939099907875061,0.03240342438220978,0.5704283118247986,0.38862210512161255,0.038498956710100174,0.5693134665489197,0.38412874937057495,0.043396152555942535,0.5713545083999634,0.3756037950515747,0.060750462114810944,0.5266473293304443,0.3554516136646271,0.15821842849254608,0.35814419388771057,0.3883899450302124,0.007884522899985313,0.3397180140018463,0.3886803984642029,0.059777483344078064,0.34596359729766846,0.3866346478462219,0.0841214507818222,0.56829833984375,0.3977919816970825,0.03136139363050461,0.5838869214057922,0.3724992275238037,0.18203753232955933,0.3350377380847931,0.38854116201400757,0.01852162554860115,0.6588343977928162,0.4200565814971924,0.020769208669662476,0.36704015731811523,0.38425105810165405,-0.03782818093895912,0.421379417181015,0.3752266764640808,-0.011132107116281986,0.6677031517028809,0.43577438592910767,-0.01630530320107937,0.6268336772918701,0.3914528787136078,0.07926173508167267,0.4888196289539337,0.3740589916706085,0.04274356737732887,0.6462440490722656,0.4056302309036255,0.05107663944363594,0.4978248178958893,0.3560815751552582,0.08602330833673477,0.5180190205574036,0.3683009445667267,0.058546870946884155,0.5391300916671753,0.3597537577152252,0.11175380647182465,0.694564700126648,0.4364321231842041,-0.011435169726610184,0.43596190214157104,0.3766757845878601,0.009804016910493374,0.6446638107299805,0.39394816756248474,0.1061309352517128,0.6635287404060364,0.41006752848625183,0.0700090155005455,0.6010152101516724,0.3792053461074829,0.10042770206928253,0.55937260389328,0.36615073680877686,0.2176068127155304,0.6058667898178101,0.37787508964538574,0.13383692502975464,0.5781098008155823,0.3882244825363159,0.2698579728603363,0.5549525022506714,0.3692554235458374,0.07938439399003983,0.3998178541660309,0.38087227940559387,0.007987858727574348,0.4658087193965912,0.3688260614871979,-0.04793572053313255,0.4742855131626129,0.37018632888793945,-0.022998059168457985,0.4476429224014282,0.3637455999851227,-0.0681338906288147,0.3278675079345703,0.37882697582244873,0.07041382789611816,0.32613304257392883,0.365794837474823,0.08980986475944519,0.32911524176597595,0.356412410736084,0.11236953735351562,0.334808886051178,0.3504554033279419,0.1392238289117813,0.34447571635246277,0.35056614875793457,0.16318684816360474,0.3755841553211212,0.36371612548828125,0.1975494772195816,0.43336620926856995,0.36103788018226624,0.3242834210395813,0.39994895458221436,0.36581850051879883,0.16561883687973022,0.4018709659576416,0.36848676204681396,0.13692231476306915,0.39662766456604004,0.3754636347293854,0.10989555716514587,0.3873347043991089,0.383109986782074,0.08926822245121002,0.3779136538505554,0.3876538872718811,0.07232138514518738,0.3696582317352295,0.39036551117897034,0.062370333820581436,0.4300980269908905,0.40583208203315735,0.41633427143096924,0.47915494441986084,0.37683671712875366,-0.014880688861012459,0.4034951627254486,0.3748789429664612,-0.03257885202765465,0.46191054582595825,0.36899179220199585,-0.07678446173667908,0.46982529759407043,0.3848912715911865,-0.0804218277335167,0.46622464060783386,0.3757861852645874,-0.06724129617214203,0.4833487272262573,0.3854031264781952,-0.016023574396967888,0.4709439277648926,0.38480982184410095,-0.08841095119714737,0.4749971032142639,0.39644673466682434,-0.06818528473377228,0.3563481271266937,0.3900667428970337,0.07941178977489471,0.3577079176902771,0.3924602270126343,0.05339909344911575,0.35938674211502075,0.39059561491012573,0.030701113864779472,0.3683277666568756,0.3602904677391052,0.16213637590408325,0.3599626421928406,0.3577350378036499,0.1701936274766922,0.2544364929199219,0.5271322727203369,-0.05480097234249115,0.2625240683555603,0.5057840943336487,-0.05480097234249115,0.23400455713272095,0.5251573920249939,-0.05480097234249115,0.246036559343338,0.5484734177589417,-0.05480097234249115,0.2744215726852417,0.5293364524841309,-0.05480097234249115,0.3530486226081848,0.3780239224433899,0.12624546885490417,0.35781440138816833,0.36988261342048645,0.12624546885490417,0.3361380696296692,0.37475547194480896,0.12624546885490417,0.3479331135749817,0.38614383339881897,0.12624546885490417,0.369466632604599,0.38131529092788696,0.12624546885490417,0,0,0,0,0,1,1,0,0,0,0,0,0.15191228687763214,0.08708193153142929,0.1022980809211731,0.08537519723176956,0.02934965305030346,0.06146802753210068,0.15189537405967712,0.07377375662326813,0.11009510606527328,0.13038398325443268,0.918880820274353,0.31803104281425476,Sadness,8.009753227233887,-37.284149169921875
156,5.2,30.949104921724498,-13.569477850595927,0.8751823028359018,0.5389995574951172,0.43778032064437866,-0.08061324805021286,0.48708248138427734,0.37283918261528015,-0.11730968952178955,0.5070987343788147,0.40916013717651367,-0.0721145048737526,0.4124011993408203,0.394489049911499,-0.0925121158361435,0.4660910665988922,0.366668164730072,-0.12019173055887222,0.43999433517456055,0.3712282180786133,-0.10598175972700119,0.3691771328449249,0.3932787775993347,-0.03473886474967003,0.2791716754436493,0.5564337372779846,-0.07895929366350174,0.32313331961631775,0.39268240332603455,-0.007470308803021908,0.2970788776874542,0.3851239085197449,-0.003245545318350196,0.20626364648342133,0.3785354793071747,0.043225035071372986,0.544162929058075,0.4381846487522125,-0.07943269610404968,0.548463761806488,0.43913087248802185,-0.07426070421934128,0.5506523251533508,0.44017136096954346,-0.06584455817937851,0.641910195350647,0.4497354030609131,-0.05760767310857773,0.6528595089912415,0.4513073265552521,-0.06186138466000557,0.6637516617774963,0.45307111740112305,-0.06824064254760742,0.6730833649635315,0.45420825481414795,-0.06712589412927628,0.6629728674888611,0.4521189332008362,-0.05335758998990059,0.4991897940635681,0.38531890511512756,-0.10908567160367966,0.49019283056259155,0.4146503806114197,-0.09517837315797806,0.1702674776315689,0.6656904220581055,-0.034324388951063156,0.32851919531822205,0.49663057923316956,-0.05695724859833717,0.3221520185470581,0.5169209241867065,-0.07290692627429962,0.3123238980770111,0.5381178259849548,-0.08314614742994308,0.28043293952941895,0.5687019228935242,-0.08644625544548035,0.3306021988391876,0.4800281524658203,-0.03695569559931755,0.24939747154712677,0.516222357749939,-0.07386104762554169,0.26351863145828247,0.493935763835907,-0.05147603526711464,0.24209342896938324,0.5392649173736572,-0.08536367118358612,0.24318131804466248,0.5567179322242737,-0.08870355039834976,0.2886660099029541,0.5887441635131836,-0.09037990868091583,0.6680724620819092,0.5416034460067749,-0.09497496485710144,0.26632726192474365,0.565742015838623,-0.07801377773284912,0.2626062035560608,0.6844916939735413,-0.053859785199165344,0.25726163387298584,0.6134883761405945,-0.0854795053601265,0.42697674036026,0.5119596719741821,-0.10116107761859894,0.5196077823638916,0.4643227458000183,-0.09845439344644547,0.534651517868042,0.46241217851638794,-0.09061788022518158,0.5099321603775024,0.4910108745098114,-0.10896585136651993,0.5093235969543457,0.5076143741607666,-0.10834194719791412,0.5251706838607788,0.4831652045249939,-0.09940221160650253,0.5216267108917236,0.49790671467781067,-0.09580544382333755,0.5830016732215881,0.5463972687721252,-0.09634508192539215,0.48031526803970337,0.3876881003379822,-0.12683366239070892,0.45924633741378784,0.38375142216682434,-0.13131149113178253,0.21048301458358765,0.5819270014762878,-0.10585583001375198,0.39004701375961304,0.4671441316604614,-0.06226224824786186,0.4577077329158783,0.4590184986591339,-0.11473038792610168,0.44444140791893005,0.4631371796131134,-0.10775213688611984,0.3983887732028961,0.5783548355102539,-0.1307964324951172,0.4350520968437195,0.38765132427215576,-0.11731979995965958,0.2168252319097519,0.5203931331634521,-0.08998071402311325,0.20755691826343536,0.5540655255317688,-0.10291443765163422,0.14461426436901093,0.6142938733100891,-0.04593658819794655,0.28530800342559814,0.4333430230617523,-0.03638700768351555,0.2824486494064331,0.47675809264183044,-0.031110353767871857,0.5517032146453857,0.5562965869903564,-0.10593616217374802,0.5037149786949158,0.7477028369903564,-0.03265339136123657,0.4761431813240051,0.4507659077644348,-0.095369853079319,0.48747414350509644,0.43815165758132935,-0.0822015255689621,0.5270823836326599,0.5242730975151062,-0.09382244944572449,0.5316574573516846,0.5178046226501465,-0.08865663409233093,0.1853495091199875,0.5641888976097107,-0.09768407791852951,0.4663163423538208,0.4702145755290985,-0.1047702431678772,0.24087122082710266,0.48047909140586853,-0.06664577126502991,0.22117727994918823,0.4798859655857086,-0.06898627430200577,0.1485082507133484,0.48839619755744934,-0.037305910140275955,0.168467715382576,0.5775222182273865,-0.07390929013490677,0.18447360396385193,0.46997392177581787,-0.05109889432787895,0.1902381181716919,0.5961092114448547,-0.09660764783620834,0.18730686604976654,0.6240935921669006,-0.06447750329971313,0.5279480218887329,0.46390780806541443,-0.09734451770782471,0.5179645419120789,0.48757028579711914,-0.10550686717033386,0.5155969858169556,0.5032885074615479,-0.10335716605186462,0.48181766271591187,0.4505549371242523,-0.08600297570228577,0.5296800136566162,0.5210431814193726,-0.0901489108800888,0.5531991720199585,0.5200733542442322,-0.09111515432596207,0.5329972505569458,0.5150766372680664,-0.08751697838306427,0.4726901650428772,0.42502617835998535,-0.1194140613079071,0.5248666405677795,0.49379652738571167,-0.0905192419886589,0.5291555523872375,0.4791750907897949,-0.08993668109178543,0.5388308763504028,0.46086302399635315,-0.08309245854616165,0.6516197919845581,0.47965389490127563,-0.0718415230512619,0.6496614813804626,0.48742449283599854,-0.08644044399261475,0.6420271396636963,0.48377639055252075,-0.08764602988958359,0.6324827671051025,0.47842395305633545,-0.0807904601097107,0.6238552927970886,0.4734812378883362,-0.0755411684513092,0.5788575410842896,0.5018445253372192,-0.0846037045121193,0.5792813301086426,0.5079389214515686,-0.0884302631020546,0.5797299146652222,0.5153610110282898,-0.09415245056152344,0.5804983973503113,0.5211814045906067,-0.09560875594615936,0.5154492259025574,0.5125715136528015,-0.10871178656816483,0.37270426750183105,0.7572554349899292,-0.00013408809900283813,0.5036765336990356,0.39796680212020874,-0.08427929133176804,0.5578935742378235,0.5091363191604614,-0.08514862507581711,0.5556707978248596,0.5145201683044434,-0.08836475014686584,0.4983198940753937,0.4341837167739868,-0.0854627713561058,0.481509268283844,0.47332876920700073,-0.08318539708852768,0.49337291717529297,0.43587106466293335,-0.08382683992385864,0.393233984708786,0.4903593063354492,-0.07727237045764923,0.39306604862213135,0.5217709541320801,-0.10137248784303665,0.4523262679576874,0.4743548333644867,-0.10005312412977219,0.13590635359287262,0.555414617061615,-0.0491282194852829,0.16626369953155518,0.527032196521759,-0.06854204088449478,0.19492579996585846,0.5247464179992676,-0.08743548393249512,0.6062919497489929,0.5301225185394287,-0.09499555081129074,0.2532944083213806,0.43228617310523987,-0.04096535965800285,0.2098880410194397,0.42350339889526367,-0.02214687131345272,0.17262175679206848,0.4317910075187683,-0.004675800912082195,0.2972828149795532,0.5576053261756897,-0.08729492872953415,0.2944144010543823,0.6150630712509155,-0.09913503378629684,0.3296371102333069,0.4693770408630371,-0.02568369172513485,0.242031067609787,0.5820789337158203,-0.09386148303747177,0.3823479115962982,0.4483117461204529,-0.05616729333996773,0.4540702998638153,0.4341121315956116,-0.12339383363723755,0.3194613754749298,0.6477210521697998,-0.10354696959257126,0.3211383521556854,0.5996315479278564,-0.11134982854127884,0.3461601436138153,0.5703288912773132,-0.10842233151197433,0.36182647943496704,0.5280135273933411,-0.08675100654363632,0.36525604128837585,0.4976271390914917,-0.06449656188488007,0.36528629064559937,0.47515663504600525,-0.0487809032201767,0.365934282541275,0.4113042652606964,-0.04611610993742943,0.3707149028778076,0.6518331170082092,-0.11922052502632141,0.22999858856201172,0.6000983715057373,-0.09703138470649719,0.4943907856941223,0.39336591958999634,-0.11693081259727478,0.41290339827537537,0.46463149785995483,-0.07413075119256973,0.2608609199523926,0.7333242297172546,0.0032305438071489334,0.3626788556575775,0.45668846368789673,-0.036249689757823944,0.4525642395019531,0.4848877489566803,-0.07997579872608185,0.2606605887413025,0.5756404399871826,-0.08232123404741287,0.4394691288471222,0.4392133355140686,-0.11345429718494415,0.4352550804615021,0.7592614889144897,-0.012628342024981976,0.3203919231891632,0.47092801332473755,-0.019685955718159676,0.43457430601119995,0.4109242558479309,-0.11979760229587555,0.5864613056182861,0.6546746492385864,-0.09468264132738113,0.6121771931648254,0.6828973889350891,-0.07226437330245972,0.3696483075618744,0.7102325558662415,-0.06624467670917511,0.5416597127914429,0.6869152784347534,-0.09243173152208328,0.2194884717464447,0.6563316583633423,-0.05370565876364708,0.6948843002319336,0.5558228492736816,-0.09525243937969208,0.49912312626838684,0.4048762321472168,-0.08848542720079422,0.42057037353515625,0.4875767230987549,-0.0825214684009552,0.24937936663627625,0.6357215046882629,-0.08220630139112473,0.2994691729545593,0.5322405695915222,-0.07600396126508713,0.3088845908641815,0.5139509439468384,-0.0677943229675293,0.5505552887916565,0.5252225399017334,-0.09312351047992706,0.42120203375816345,0.6633679270744324,-0.1160506084561348,0.7372010350227356,0.5270379185676575,-0.07731356471776962,0.6892648935317993,0.6043993234634399,-0.08205855637788773,0.6578737497329712,0.6406763195991516,-0.07849395275115967,0.24102656543254852,0.37905627489089966,0.01955423317849636,0.7509704828262329,0.4868985116481781,-0.04648623242974281,0.3139079809188843,0.49803370237350464,-0.05340695381164551,0.3170051574707031,0.48351943492889404,-0.03827844560146332,0.3194373548030853,0.4746339023113251,-0.02570597641170025,0.2134670913219452,0.6181327700614929,-0.0879703089594841,0.29776662588119507,0.48600471019744873,-0.03706156089901924,0.2834077775478363,0.502465546131134,-0.051665302366018295,0.27386391162872314,0.5193690657615662,-0.0653352290391922,0.2677883505821228,0.5375974178314209,-0.07583320140838623,0.2663496732711792,0.5505630970001221,-0.07907357811927795,0.20667093992233276,0.7032309770584106,-0.012296057306230068,0.2894976735115051,0.5458326935768127,-0.07894706726074219,0.5233882665634155,0.41144829988479614,-0.07020401209592819,0.5081193447113037,0.4880719780921936,-0.10306696593761444,0.47271233797073364,0.44513529539108276,-0.09998881816864014,0.5153104066848755,0.43862810730934143,-0.09065323323011398,0.3448809087276459,0.39839524030685425,-0.012557964771986008,0.6290711164474487,0.6232596039772034,-0.09105373919010162,0.6629899740219116,0.5922763347625732,-0.09152798354625702,0.7201716899871826,0.514005184173584,-0.08770745992660522,0.5638149380683899,0.7189242839813232,-0.05499721318483353,0.3123999834060669,0.4756096601486206,-0.026807205751538277,0.395412415266037,0.42191794514656067,-0.07083260267972946,0.734764575958252,0.4730341136455536,-0.05732518061995506,0.7161652445793152,0.5660505890846252,-0.08794063329696655,0.42739471793174744,0.7167639136314392,-0.07210008800029755,0.6022980809211731,0.49006807804107666,-0.08289510756731033,0.6063002347946167,0.4966525435447693,-0.08814641833305359,0.6113572716712952,0.5041637420654297,-0.09473785758018494,0.6173686981201172,0.5098384618759155,-0.09542465209960938,0.6301816701889038,0.5082770586013794,-0.09043430536985397,0.5233413577079773,0.5098187327384949,-0.093299500644207,0.518895149230957,0.514801561832428,-0.0986437201499939,0.5136764645576477,0.5190368890762329,-0.10289172828197479,0.530243992805481,0.5360115766525269,-0.11050790548324585,0.443374365568161,0.6182301640510559,-0.1300324648618698,0.37279191613197327,0.42898833751678467,-0.048717666417360306,0.3156950771808624,0.44779568910598755,-0.009394445456564426,0.3091343641281128,0.463559627532959,-0.01863853447139263,0.5256316065788269,0.5056440830230713,-0.08960556983947754,0.5049517750740051,0.6492935419082642,-0.11205774545669556,0.32967954874038696,0.42493730783462524,-0.021720202639698982,0.646915078163147,0.5269224643707275,-0.09008655697107315,0.4163869023323059,0.37917378544807434,-0.08109196275472641,0.39042600989341736,0.40306350588798523,-0.06822682172060013,0.3937509059906006,0.3863009214401245,-0.05633489042520523,0.42303842306137085,0.43999043107032776,-0.0871129259467125,0.70936119556427,0.46363750100135803,-0.062399085611104965,0.6827280521392822,0.45835432410240173,-0.05717535316944122,0.6702902317047119,0.49136489629745483,-0.07779452949762344,0.5850946307182312,0.5707082748413086,-0.10025604814291,0.4625679552555084,0.505791425704956,-0.09167677164077759,0.6193511486053467,0.5532594323158264,-0.09510339796543121,0.4404110312461853,0.5488271117210388,-0.12230313569307327,0.47826820611953735,0.527041494846344,-0.10811596363782883,0.47215020656585693,0.5822450518608093,-0.12611152231693268,0.6949589252471924,0.5019400715827942,-0.08982454240322113,0.42975619435310364,0.46245360374450684,-0.08548417687416077,0.5993940830230713,0.598979115486145,-0.100654736161232,0.636283814907074,0.5723477602005005,-0.09441684931516647,0.5469908118247986,0.5792709589004517,-0.11356717348098755,0.4665185511112213,0.6718083024024963,-0.10934362560510635,0.542807936668396,0.6168859004974365,-0.11401689052581787,0.48458677530288696,0.712338924407959,-0.08129173517227173,0.5037403702735901,0.5528934597969055,-0.11644372344017029,0.4040190875530243,0.4433845281600952,-0.07234209775924683,0.4668603539466858,0.42840155959129333,-0.12539522349834442,0.4677141606807709,0.4530910849571228,-0.11053387820720673,0.45553693175315857,0.407562792301178,-0.13091212511062622,0.28731152415275574,0.45879215002059937,-0.026284193620085716,0.25579899549484253,0.48825564980506897,-0.05459165945649147,0.23750661313533783,0.5170818567276001,-0.07910569757223129,0.22910600900650024,0.5443099737167358,-0.09457827359437943,0.22984738647937775,0.5664339661598206,-0.09893683344125748,0.2605759799480438,0.5917478203773499,-0.08506277203559875,0.31463733315467834,0.699967086315155,-0.06398508697748184,0.3061924874782562,0.5765048265457153,-0.09384515136480331,0.3264405429363251,0.5529937744140625,-0.08951165527105331,0.33947837352752686,0.5235477685928345,-0.07659862190485,0.34545671939849854,0.4969441294670105,-0.0570225715637207,0.34704968333244324,0.477098286151886,-0.03760834038257599,0.34719693660736084,0.46261030435562134,-0.026452552527189255,0.31626346707344055,0.7484592199325562,0.007089895661920309,0.47342899441719055,0.4604146480560303,-0.10074589401483536,0.4154188930988312,0.4151628911495209,-0.09266144782304764,0.4728151559829712,0.40472280979156494,-0.1286046952009201,0.4866512417793274,0.4065248370170593,-0.11275768280029297,0.4764782786369324,0.4121459424495697,-0.11974748969078064,0.48144352436065674,0.46192094683647156,-0.08878395706415176,0.49014812707901,0.4003709554672241,-0.11627215147018433,0.495371550321579,0.41074639558792114,-0.09179162234067917,0.32600393891334534,0.4620705544948578,-0.013805491849780083,0.3404894173145294,0.44974637031555176,-0.015078403055667877,0.35208946466445923,0.4408341348171234,-0.0256901104003191,0.26639384031295776,0.5590035915374756,-0.07961302250623703,0.24823865294456482,0.5703909397125244,-0.0874476358294487,0.4253092408180237,0.3696601986885071,-0.056582629680633545,0.41721218824386597,0.35893380641937256,0.17939355969429016,0.5055323839187622,0.38623228669166565,-0.06809485703706741,0.3587794899940491,0.3504752516746521,0.3742597997188568,0.41599389910697937,0.38335996866226196,0.11006603389978409,0.4233718514442444,0.3772430419921875,0.1277552843093872,0.42722052335739136,0.370437353849411,0.14805667102336884,0.4195179045200348,0.36283940076828003,0.18670082092285156,0.407327264547348,0.3861471712589264,0.09501903504133224,0.37905439734458923,0.3515704870223999,0.13290274143218994,0.3746958374977112,0.36008283495903015,0.11210469156503677,0.3859400749206543,0.34635400772094727,0.15395839512348175,0.39439085125923157,0.34631890058517456,0.17095500230789185,0.4288966655731201,0.36414164304733276,0.20359191298484802,0.7042562961578369,0.4249098598957062,0.02694050781428814,0.4129323363304138,0.35648417472839355,0.19243186712265015,0.4378761947154999,0.36295872926712036,0.3522079586982727,0.4135647714138031,0.35674476623535156,0.24530759453773499,0.5031075477600098,0.3617417514324188,0.06782089173793793,0.5472862124443054,0.41158047318458557,-0.05544725060462952,0.5577313303947449,0.4172742962837219,-0.050813354551792145,0.5612583160400391,0.3896733224391937,-0.01969386450946331,0.5755763649940491,0.3768174350261688,0.01473301462829113,0.5669046640396118,0.40022096037864685,-0.021795280277729034,0.5771793723106384,0.3881682753562927,0.007804242894053459,0.647077202796936,0.393375039100647,0.061199724674224854,0.4927671551704407,0.3639150857925415,-0.10358050465583801,0.47358036041259766,0.3563493490219116,-0.10369759798049927,0.37635254859924316,0.3293444514274597,0.20305924117565155,0.43685469031333923,0.37778449058532715,0.04764241352677345,0.504836916923523,0.3587164282798767,-0.011228560470044613,0.4930185079574585,0.3605163097381592,-0.0012339408276602626,0.5188712477684021,0.3448336720466614,0.1488635092973709,0.4485121965408325,0.36138916015625,-0.0819987803697586,0.355107843875885,0.3287357985973358,0.12557707726955414,0.36478933691978455,0.32555633783340454,0.1669091433286667,0.3250407874584198,0.3320736289024353,0.3191332519054413,0.34880903363227844,0.3606155216693878,0.03497805818915367,0.3751564919948578,0.3697746992111206,0.10211564600467682,0.6293277740478516,0.38156813383102417,0.08474644273519516,0.633867621421814,0.43835771083831787,0.3541114330291748,0.511795699596405,0.3742591142654419,-0.019200053066015244,0.5111141204833984,0.38691678643226624,-0.04432585835456848,0.6080732941627502,0.36643749475479126,0.07088548690080643,0.6058290600776672,0.37343522906303406,0.05553467199206352,0.35223641991615295,0.31890127062797546,0.1887524127960205,0.5135570168495178,0.36688482761383057,-0.00302321370691061,0.3480610251426697,0.3388069272041321,0.08070386946201324,0.3338467478752136,0.3308032751083374,0.08314768970012665,0.2616758644580841,0.32706308364868164,0.17154154181480408,0.33293530344963074,0.3214323818683624,0.24246308207511902,0.28310075402259827,0.3290262222290039,0.12446566671133041,0.36550453305244446,0.32547634840011597,0.2346518188714981,0.3634507656097412,0.3337753415107727,0.2951774597167969,0.5538736581802368,0.41380250453948975,-0.05477550998330116,0.5652005672454834,0.3946394920349121,-0.021371634677052498,0.5771103501319885,0.38171452283859253,0.008866006508469582,0.5130135416984558,0.38076990842819214,-0.023324163630604744,0.6072900295257568,0.3699800372123718,0.06175032630562782,0.6273601055145264,0.3743174076080322,0.03697658330202103,0.6045248508453369,0.3761759400367737,0.052517618983983994,0.5021611452102661,0.3674244284629822,-0.04912231117486954,0.5758703351020813,0.3936188817024231,0.0076606315560638905,0.5667744278907776,0.40536022186279297,-0.016888247802853584,0.5590906143188477,0.4210927188396454,-0.04227975755929947,0.6685329675674438,0.43206578493118286,-0.03205351531505585,0.6823841333389282,0.4220889210700989,-0.0428505539894104,0.6730295419692993,0.4228367209434509,-0.042749494314193726,0.6604474782943726,0.4245184659957886,-0.03583952784538269,0.6485466957092285,0.4267684519290924,-0.032910991460084915,0.6335382461547852,0.3954479694366455,0.014146723784506321,0.6393227577209473,0.3901180624961853,0.009995569474995136,0.6468215584754944,0.38328731060028076,0.008281838148832321,0.6528023481369019,0.37794405221939087,0.015074005350470543,0.577975869178772,0.3714717626571655,0.03382127732038498,0.5354832410812378,0.4223375916481018,0.4315897226333618,0.6206507086753845,0.3859955966472626,0.03720168024301529,0.6243866682052612,0.3800572156906128,0.03466370329260826,0.5165440440177917,0.39318710565567017,-0.047929853200912476,0.5229920744895935,0.3795344829559326,-0.001534421811811626,0.5139362812042236,0.3900836110115051,-0.04695460945367813,0.4558095335960388,0.3709719777107239,0.0696168765425682,0.48014092445373535,0.3573954999446869,0.09762196242809296,0.5030587911605835,0.3652455806732178,0.010418660007417202,0.2924046814441681,0.3230959177017212,0.24806976318359375,0.30656105279922485,0.32019293308258057,0.18626107275485992,0.34115293622016907,0.32046273350715637,0.14004398882389069,0.6555981040000916,0.40233123302459717,0.03487453982234001,0.32742661237716675,0.347184956073761,0.036970105022192,0.2632097899913788,0.3486042618751526,0.06968052685260773,0.234770268201828,0.3444514572620392,0.10058867186307907,0.4258086383342743,0.3659508228302002,0.16973771154880524,0.43838009238243103,0.3666279911994934,0.22811056673526764,0.4003169536590576,0.387175977230072,0.09198568016290665,0.3981025218963623,0.34654486179351807,0.20501981675624847,0.4183407723903656,0.3802869915962219,0.031359653919935226,0.4930289685726166,0.3557322919368744,-0.03988583758473396,0.4798972010612488,0.3451823592185974,0.2684602439403534,0.45494982600212097,0.36878716945648193,0.19657002389431,0.4627455770969391,0.37284934520721436,0.1528029441833496,0.45427125692367554,0.38178038597106934,0.11325344443321228,0.4404730796813965,0.3885178864002228,0.08762036263942719,0.42852818965911865,0.39124932885169983,0.06498584151268005,0.38131287693977356,0.38338589668273926,-0.008834903128445148,0.5249125957489014,0.3478517532348633,0.25264880061149597,0.39316999912261963,0.3423234224319458,0.22901949286460876,0.5022244453430176,0.37901759147644043,-0.09835013747215271,0.4575101137161255,0.3751187324523926,0.0319129042327404,0.43843111395835876,0.3979346752166748,0.44637390971183777,0.41680657863616943,0.3916691541671753,0.05252334475517273,0.5044898986816406,0.3723413348197937,0.031297579407691956,0.4107063114643097,0.3565848469734192,0.20177894830703735,0.4787096381187439,0.3589519262313843,-0.02856750413775444,0.5851460695266724,0.4307307004928589,0.40050026774406433,0.39463526010513306,0.38539940118789673,0.10309510678052902,0.46139049530029297,0.358132541179657,-0.057841069996356964,0.6766824722290039,0.40601664781570435,0.1823837161064148,0.6968952417373657,0.43704187870025635,0.21985897421836853,0.5344195365905762,0.3758907914161682,0.34010761976242065,0.6544486284255981,0.40164583921432495,0.234303280711174,0.3966616690158844,0.34957215189933777,0.3319717347621918,0.7285546064376831,0.43207916617393494,0.03696615621447563,0.505725085735321,0.3930823802947998,-0.07725772261619568,0.4790363907814026,0.3710758090019226,0.04863284155726433,0.4116571545600891,0.3598993420600891,0.28198304772377014,0.4198765754699707,0.36579644680023193,0.1511402428150177,0.416260302066803,0.3721131682395935,0.133235901594162,0.6297935843467712,0.3692227900028229,0.04456670582294464,0.5672405958175659,0.3581487536430359,0.242451474070549,0.7540054321289062,0.4598177671432495,-0.0010470555862411857,0.7338343858718872,0.44141343235969543,0.10617321729660034,0.7188171744346619,0.43870362639427185,0.15845267474651337,0.4097020924091339,0.3776186406612396,0.1181463748216629,0.4017593562602997,0.38147619366645813,0.10939966142177582,0.39720144867897034,0.3841904103755951,0.10654405504465103,0.3846173882484436,0.3415963649749756,0.26402315497398376,0.39237046241760254,0.37492793798446655,0.11282587051391602,0.3944925367832184,0.3674445152282715,0.12219811230897903,0.398249089717865,0.3607829213142395,0.13684311509132385,0.40367966890335083,0.3557458519935608,0.15443037450313568,0.40852057933807373,0.354792058467865,0.16795219480991364,0.3936977982521057,0.3721277117729187,0.41989192366600037,0.4194251000881195,0.36150822043418884,0.16752086579799652,0.5566447973251343,0.37529438734054565,0.004999377764761448,0.5091822147369385,0.36951929330825806,-0.027295779436826706,0.5356765985488892,0.3924935460090637,-0.04635931923985481,0.6981371641159058,0.41375669836997986,0.13286514580249786,0.712146520614624,0.4246724843978882,0.08528883755207062,0.7385818958282471,0.4463807940483093,-0.015534577891230583,0.6707311868667603,0.4393894672393799,0.2893437147140503,0.39342206716537476,0.3812413215637207,0.10744275897741318,0.4208768606185913,0.3737607002258301,-0.011913473717868328,0.7466017007827759,0.44662579894065857,0.05190856382250786,0.5802720785140991,0.38620349764823914,0.3173334300518036,0.6448731422424316,0.4089726209640503,-0.008482953533530235,0.65430748462677,0.4039261043071747,-0.010911785997450352,0.6650923490524292,0.39907586574554443,-0.013616587966680527,0.6748178005218506,0.3955865204334259,-0.010168282315135002,0.6637641191482544,0.4145824611186981,0.0043010832741856575,0.5899326801300049,0.3790322542190552,0.03477025777101517,0.5910338163375854,0.3731234073638916,0.04150824248790741,0.5905340313911438,0.3680530786514282,0.04696490243077278,0.603690505027771,0.3731909394264221,0.06603799760341644,0.5692092180252075,0.35530248284339905,0.17229920625686646,0.39835861325263977,0.3823494613170624,0.01234251819550991,0.37727177143096924,0.3817093074321747,0.06809329241514206,0.3827231228351593,0.3810228109359741,0.09433139860630035,0.5878384709358215,0.38367897272109985,0.03335089236497879,0.6227046251296997,0.3753339350223541,0.19522565603256226,0.37570077180862427,0.38198769092559814,0.02422412484884262,0.6809374094009399,0.42267340421676636,0.015339415520429611,0.40446168184280396,0.3761548399925232,-0.03650147467851639,0.45918479561805725,0.36843419075012207,-0.00934823788702488,0.6870555877685547,0.43767863512039185,-0.027021685615181923,0.6549234390258789,0.393650084733963,0.08259546011686325,0.5263768434524536,0.36981821060180664,0.04688280448317528,0.6711399555206299,0.4086087942123413,0.05012590065598488,0.5382018089294434,0.3533027172088623,0.09457994252443314,0.5549877882003784,0.3651031255722046,0.06423516571521759,0.5781604051589966,0.3580617904663086,0.12146112322807312,0.7141646146774292,0.4390595853328705,-0.022641809657216072,0.47444233298301697,0.3704606890678406,0.012632233090698719,0.6729267835617065,0.3979696035385132,0.11009225249290466,0.6884564161300659,0.41423285007476807,0.06873055547475815,0.632817268371582,0.37981000542640686,0.10721655935049057,0.6023262143135071,0.3697357177734375,0.2344716191291809,0.639555811882019,0.3801496624946594,0.14287760853767395,0.6206710338592529,0.39595213532447815,0.288763165473938,0.5902678370475769,0.3669288158416748,0.08637745678424835,0.43897414207458496,0.37480804324150085,0.011710996739566326,0.5006415247917175,0.3608896732330322,-0.049308303743600845,0.5102754831314087,0.3630032539367676,-0.023260660469532013,0.48248857259750366,0.35438811779022217,-0.07033026218414307,0.36470773816108704,0.36784112453460693,0.08055070787668228,0.3639988601207733,0.35242825746536255,0.10247403383255005,0.3696631193161011,0.342333048582077,0.12729090452194214,0.3777148127555847,0.33690059185028076,0.15637408196926117,0.38709887862205505,0.3384307622909546,0.18212780356407166,0.41211849451065063,0.35713469982147217,0.2178826779127121,0.486853688955307,0.36804574728012085,0.352216899394989,0.4383775591850281,0.3668636679649353,0.1828453242778778,0.44208094477653503,0.37191736698150635,0.1518089920282364,0.43729111552238464,0.3796350061893463,0.12238385528326035,0.42677173018455505,0.3865770697593689,0.09974489361047745,0.41642796993255615,0.38972631096839905,0.08128339052200317,0.4079868495464325,0.39094772934913635,0.07039038091897964,0.48548424243927,0.4141267240047455,0.4493293762207031,0.5147972106933594,0.37011784315109253,-0.014918704517185688,0.4404057562351227,0.3668876588344574,-0.03173154219985008,0.4957001209259033,0.3601330518722534,-0.08006198704242706,0.5024608969688416,0.3774893879890442,-0.08477481454610825,0.5000044703483582,0.3679671287536621,-0.07016491144895554,0.5181285738945007,0.3791309595108032,-0.01665831357240677,0.5031623840332031,0.37702053785324097,-0.09336036443710327,0.5067567229270935,0.3894329071044922,-0.07262342423200607,0.3927939534187317,0.387170672416687,0.08864571154117584,0.39553573727607727,0.39023488759994507,0.060876183211803436,0.40032029151916504,0.389681875705719,0.03674451634287834,0.41125404834747314,0.3552778363227844,0.17940835654735565,0.40178751945495605,0.3493266701698303,0.1885036826133728,0.27842578291893005,0.5248389840126038,-0.05826155096292496,0.2891594171524048,0.5036835074424744,-0.05826155096292496,0.25978073477745056,0.5212399959564209,-0.05826155096292496,0.26746541261672974,0.5459685921669006,-0.05826155096292496,0.2965632677078247,0.5285688638687134,-0.05826155096292496,0.3899916112422943,0.3615387976169586,0.14012552797794342,0.3966338634490967,0.35375136137008667,0.14012552797794342,0.3733382821083069,0.3563244938850403,0.14012552797794342,0.38296133279800415,0.369755357503891,0.14012552797794342,0.4061853587627411,0.36690735816955566,0.14012552797794342,0,0,0,0,0,1,1,0,0,0,0,0,0.15589329600334167,0.09477140009403229,0.1097811758518219,0.10564423352479935,0.028704162687063217,0.07446277141571045,0.15438120067119598,0.07834971696138382,0.09427137672901154,0.1258830577135086,1.191470980644226,0.3895628750324249,Neutral,-6.380836486816406,-24.79779624938965
157,5.233333333333333,29.780092619791606,-11.663665931688637,0.8388240092384,0.5484768748283386,0.41405171155929565,-0.09078926593065262,0.4906320869922638,0.3707650601863861,-0.11811475455760956,0.5054294466972351,0.40757355093955994,-0.07787191867828369,0.41425493359565735,0.38588815927505493,-0.08388473093509674,0.4712984561920166,0.3631291389465332,-0.11869426816701889,0.4455578327178955,0.3655267357826233,-0.10160400718450546,0.37501436471939087,0.381292462348938,-0.021425588056445122,0.26244544982910156,0.5338202714920044,-0.05350630357861519,0.3287312984466553,0.37627673149108887,0.012781929224729538,0.30494824051856995,0.3669869601726532,0.021562771871685982,0.22472451627254486,0.3533508777618408,0.07833833992481232,0.5533455014228821,0.41694357991218567,-0.09086532890796661,0.5555874109268188,0.421469122171402,-0.0870213657617569,0.5549911856651306,0.42601636052131653,-0.08117225766181946,0.6365329027175903,0.4559076428413391,-0.0710417702794075,0.648515522480011,0.45860469341278076,-0.07783951610326767,0.6589244604110718,0.4626995325088501,-0.08501994609832764,0.665653645992279,0.46840178966522217,-0.08457639068365097,0.6663138270378113,0.471035361289978,-0.07356232404708862,0.5007388591766357,0.383706659078598,-0.11118678003549576,0.4858843684196472,0.4111955463886261,-0.09738188236951828,0.12586286664009094,0.6198281049728394,0.005536982789635658,0.31359946727752686,0.49012476205825806,-0.03727830573916435,0.3039805591106415,0.5070607662200928,-0.051868047565221786,0.29120951890945435,0.5240521430969238,-0.060482561588287354,0.2626113295555115,0.544762372970581,-0.06121122092008591,0.31922590732574463,0.4746440052986145,-0.01872742362320423,0.2461128830909729,0.48514169454574585,-0.04734253138303757,0.26358047127723694,0.4679396450519562,-0.02669094130396843,0.23407778143882751,0.5049788951873779,-0.05774923786520958,0.2310507744550705,0.5220016837120056,-0.06067800894379616,0.26383358240127563,0.563992440700531,-0.0655331164598465,0.6453549861907959,0.5594277381896973,-0.11291332542896271,0.251681923866272,0.5394226908683777,-0.05127456784248352,0.2096327841281891,0.6514838337898254,-0.0233247559517622,0.2386060506105423,0.5738321542739868,-0.0570124126970768,0.40086668729782104,0.5019848346710205,-0.09374790638685226,0.5213544964790344,0.4396294057369232,-0.1063970997929573,0.5350998640060425,0.4451656937599182,-0.10115764290094376,0.5035592913627625,0.47258031368255615,-0.1151113510131836,0.49479180574417114,0.496498703956604,-0.1126583069562912,0.518047034740448,0.4700450003147125,-0.10765198618173599,0.5070148706436157,0.4903881251811981,-0.10247202962636948,0.5479211211204529,0.5553590655326843,-0.10347431153059006,0.4804326891899109,0.38448506593704224,-0.12645244598388672,0.4604732394218445,0.379289835691452,-0.12835276126861572,0.1990290880203247,0.532522976398468,-0.07069606333971024,0.37680721282958984,0.45423468947410583,-0.05009724572300911,0.44140979647636414,0.452248215675354,-0.11114964634180069,0.42794251441955566,0.45513129234313965,-0.10315566509962082,0.35750308632850647,0.5644709467887878,-0.11741737276315689,0.43685948848724365,0.3809385299682617,-0.11132114380598068,0.21492458879947662,0.4749634861946106,-0.05619822070002556,0.20044349133968353,0.5047928094863892,-0.06722354143857956,0.1115712970495224,0.5685367584228516,-0.002158120507374406,0.2888532280921936,0.4136787950992584,-0.011955046094954014,0.28350991010665894,0.4561251997947693,-0.008646870031952858,0.5110949277877808,0.5602143406867981,-0.10954723507165909,0.4369150400161743,0.7388457655906677,-0.035709258168935776,0.4618317782878876,0.44579192996025085,-0.09485188126564026,0.4778316915035248,0.43422719836235046,-0.0849790945649147,0.49798738956451416,0.5311686992645264,-0.09839878976345062,0.5040761828422546,0.5256401300430298,-0.09392134845256805,0.1827753782272339,0.5072327256202698,-0.05933820456266403,0.44788557291030884,0.4640694856643677,-0.10282823443412781,0.24320663511753082,0.4450494647026062,-0.03677649423480034,0.2279568761587143,0.4376411437988281,-0.03625433146953583,0.14394059777259827,0.450335294008255,0.006772953551262617,0.1412670612335205,0.5368615984916687,-0.030843032523989677,0.18007318675518036,0.43712660670280457,-0.01035246904939413,0.1829969882965088,0.5400078892707825,-0.05913691222667694,0.15026390552520752,0.5827796459197998,-0.023391997441649437,0.5298321843147278,0.4426225423812866,-0.10630534589290619,0.5115767121315002,0.47118425369262695,-0.11259673535823822,0.5011035799980164,0.49359527230262756,-0.10891130566596985,0.46825218200683594,0.4461175799369812,-0.08678308874368668,0.5013644099235535,0.528319239616394,-0.09522695094347,0.5261417627334595,0.5284282565116882,-0.09750372916460037,0.5061500668525696,0.5232164859771729,-0.09295825660228729,0.46460476517677307,0.42014890909194946,-0.11704844236373901,0.509985089302063,0.4883698523044586,-0.09898626059293747,0.5210921764373779,0.4689100682735443,-0.1004527136683464,0.5372951030731201,0.4474427402019501,-0.09604663401842117,0.6453063488006592,0.49850353598594666,-0.08970116078853607,0.6354043483734131,0.49997419118881226,-0.10117166489362717,0.6301882266998291,0.4926341772079468,-0.10125802457332611,0.621850848197937,0.4853512644767761,-0.09367959201335907,0.6131296157836914,0.47923895716667175,-0.08632288128137589,0.5575413703918457,0.5096337795257568,-0.09133653342723846,0.5569332242012024,0.5159925818443298,-0.09651898592710495,0.555747926235199,0.5241029262542725,-0.10246272385120392,0.5547718405723572,0.5315359234809875,-0.10394223779439926,0.48476678133010864,0.5120567083358765,-0.11011970043182373,0.3037666082382202,0.7320201396942139,0.012081778608262539,0.5035910606384277,0.396209716796875,-0.08861801773309708,0.5329921841621399,0.5176259279251099,-0.09074360877275467,0.5298824906349182,0.5228118300437927,-0.09461267292499542,0.49008023738861084,0.4314115047454834,-0.08958064019680023,0.46279892325401306,0.4690481424331665,-0.08425697684288025,0.48453646898269653,0.4325190782546997,-0.08717691153287888,0.37413692474365234,0.47707948088645935,-0.06529031693935394,0.3656081557273865,0.5080966353416443,-0.08852575719356537,0.43355509638786316,0.46685174107551575,-0.09660695493221283,0.11614969372749329,0.5121052861213684,-0.003947861026972532,0.1498674899339676,0.48904675245285034,-0.025748390704393387,0.19768905639648438,0.4719471037387848,-0.050592172890901566,0.5796610116958618,0.5433596968650818,-0.10476966947317123,0.2651684880256653,0.4020795226097107,-0.012040193192660809,0.2159193605184555,0.3957398533821106,0.015190786682069302,0.18034379184246063,0.39981499314308167,0.035358212888240814,0.2764320373535156,0.5385685563087463,-0.06337606906890869,0.26408228278160095,0.5875890851020813,-0.0744902491569519,0.32161128520965576,0.46326377987861633,-0.007613387890160084,0.22793395817279816,0.5430577993392944,-0.06333758682012558,0.3740859031677246,0.43533855676651,-0.043569132685661316,0.44367337226867676,0.4274783730506897,-0.11915763467550278,0.26890724897384644,0.6224707961082458,-0.07949048280715942,0.2803225517272949,0.5855478644371033,-0.08952976763248444,0.30160975456237793,0.5666176676750183,-0.08945758640766144,0.3239835500717163,0.530032753944397,-0.07033749669790268,0.335834264755249,0.500762403011322,-0.04948082193732262,0.3419462740421295,0.4776841700077057,-0.03437557816505432,0.36743733286857605,0.3982549011707306,-0.03145375847816467,0.3162410855293274,0.6325798630714417,-0.10099892318248749,0.2156532257795334,0.554669201374054,-0.06438258290290833,0.49399465322494507,0.3911944031715393,-0.1181725263595581,0.3985457718372345,0.453966349363327,-0.06560323387384415,0.1996198296546936,0.6955910921096802,0.0293427761644125,0.34508270025253296,0.45786169171333313,-0.02167929895222187,0.4320175051689148,0.47714242339134216,-0.07691700756549835,0.2457023710012436,0.5453603267669678,-0.05508645996451378,0.4288138151168823,0.4311305582523346,-0.10788588970899582,0.36503562331199646,0.7419716119766235,-0.00790172629058361,0.31528082489967346,0.46239086985588074,-0.0005117335822433233,0.430955708026886,0.40344133973121643,-0.1137259379029274,0.5345614552497864,0.659295380115509,-0.10310576856136322,0.5600781440734863,0.6888453364372253,-0.08582279831171036,0.30581414699554443,0.6887537837028503,-0.04886868596076965,0.4827023148536682,0.6855438351631165,-0.09649067372083664,0.17452800273895264,0.6182424426078796,-0.01723475754261017,0.6715083122253418,0.5761820673942566,-0.11655545234680176,0.49746328592300415,0.40237557888031006,-0.09224218875169754,0.40061306953430176,0.4771149158477783,-0.07501821964979172,0.23302386701107025,0.5894621014595032,-0.052766039967536926,0.2823346257209778,0.5160261392593384,-0.05246976017951965,0.2942434549331665,0.5013418197631836,-0.04562382027506828,0.5221284627914429,0.5341679453849792,-0.09951414912939072,0.3633193373680115,0.6493887901306152,-0.10515421628952026,0.7286845445632935,0.5502750277519226,-0.10479648411273956,0.6565880179405212,0.6207707524299622,-0.10194958746433258,0.6154897212982178,0.652629017829895,-0.09515009820461273,0.2567565441131592,0.3566557765007019,0.05200629308819771,0.7545346617698669,0.5111411809921265,-0.07785335183143616,0.3021668493747711,0.48814600706100464,-0.0325176827609539,0.30822697281837463,0.4753871560096741,-0.0182717926800251,0.3128204047679901,0.4669646620750427,-0.00616539316251874,0.20399975776672363,0.5651710033416748,-0.05370984598994255,0.2941083312034607,0.4694938659667969,-0.015028904192149639,0.2791513204574585,0.4809332489967346,-0.02807733789086342,0.26691824197769165,0.49469396471977234,-0.040460288524627686,0.2569074034690857,0.5113814473152161,-0.04987432062625885,0.25276464223861694,0.5241264700889587,-0.05268661677837372,0.1532152146100998,0.6599670648574829,0.021265188232064247,0.27199530601501465,0.5262534618377686,-0.054372940212488174,0.519060492515564,0.41158750653266907,-0.07755326479673386,0.4842565357685089,0.48655879497528076,-0.10574068874120712,0.4595014452934265,0.44001924991607666,-0.09842704236507416,0.5034162402153015,0.4379948079586029,-0.09579692035913467,0.35053551197052,0.38395071029663086,0.004013133235275745,0.585242748260498,0.6334735751152039,-0.1041107177734375,0.6282938718795776,0.6075882315635681,-0.10899333655834198,0.7095072269439697,0.5380355715751648,-0.11329905688762665,0.5040295124053955,0.7181260585784912,-0.06447556614875793,0.3077515959739685,0.4641891121864319,-0.006281116511672735,0.39218688011169434,0.41100984811782837,-0.059879131615161896,0.737113893032074,0.49855661392211914,-0.08701658248901367,0.6951030492782593,0.5865869522094727,-0.11111556738615036,0.36128684878349304,0.7018551826477051,-0.06246861070394516,0.5862202644348145,0.49675577878952026,-0.09150367230176926,0.5893471240997314,0.5042599439620972,-0.09810842573642731,0.5929380059242249,0.5130335688591003,-0.10485919564962387,0.5965155959129333,0.5214633941650391,-0.10606929659843445,0.6130786538124084,0.5249457359313965,-0.10349493473768234,0.5012061595916748,0.509601354598999,-0.09866831451654434,0.4960685968399048,0.5133282542228699,-0.10315130650997162,0.49053579568862915,0.5165253281593323,-0.10668940842151642,0.49336594343185425,0.5374264121055603,-0.11161675304174423,0.39381542801856995,0.6081464886665344,-0.12230846285820007,0.36975863575935364,0.41575655341148376,-0.03508486598730087,0.316049188375473,0.436153382062912,0.009797402657568455,0.3082479238510132,0.4502612352371216,0.0019325236789882183,0.5042697191238403,0.5065261125564575,-0.09597732871770859,0.4504924416542053,0.6448222398757935,-0.11156976222991943,0.3288913667201996,0.41675040125846863,-0.003420676803216338,0.6258456110954285,0.5436729192733765,-0.10568468272686005,0.4218674600124359,0.3714370131492615,-0.07384311407804489,0.39198577404022217,0.39238327741622925,-0.056376971304416656,0.39942172169685364,0.3766159415245056,-0.0457988940179348,0.41364097595214844,0.43071791529655457,-0.07964253425598145,0.7113598585128784,0.4866521954536438,-0.08825159072875977,0.6847978830337524,0.4788223206996918,-0.0799172893166542,0.6614876985549927,0.5110401511192322,-0.0975685641169548,0.5461980104446411,0.5781156420707703,-0.10767558217048645,0.4371766448020935,0.49891772866249084,-0.08877520263195038,0.5879125595092773,0.5659084916114807,-0.10688525438308716,0.4052813947200775,0.540088951587677,-0.11568193137645721,0.44711533188819885,0.5220184922218323,-0.10541929304599762,0.42958423495292664,0.5758247375488281,-0.12200149893760681,0.6846084594726562,0.523568868637085,-0.11180593073368073,0.41486403346061707,0.4530777931213379,-0.0792277604341507,0.5575998425483704,0.6066657900810242,-0.11016882956027985,0.6032408475875854,0.5856063961982727,-0.10880255699157715,0.5035971403121948,0.581561267375946,-0.11666537821292877,0.4072674512863159,0.6625375151634216,-0.10458515584468842,0.4945393204689026,0.6178211569786072,-0.1169656440615654,0.41970324516296387,0.7038335800170898,-0.07898925989866257,0.46524274349212646,0.5505010485649109,-0.11524029821157455,0.3952619731426239,0.43244215846061707,-0.0625719353556633,0.4576127827167511,0.42296016216278076,-0.12207318097352982,0.45247960090637207,0.44738951325416565,-0.10865161567926407,0.45139145851135254,0.40173375606536865,-0.1269412785768509,0.2896212637424469,0.43914109468460083,-0.003186433110386133,0.2572833001613617,0.45852506160736084,-0.027555732056498528,0.23504361510276794,0.47993820905685425,-0.049361106008291245,0.22142374515533447,0.5028141140937805,-0.0634227991104126,0.21817223727703094,0.5245852470397949,-0.06714935600757599,0.24369262158870697,0.557836651802063,-0.057137295603752136,0.2554691433906555,0.6724047660827637,-0.03954990953207016,0.2767340838909149,0.5594770908355713,-0.07071913778781891,0.29513275623321533,0.5433366298675537,-0.0684337168931961,0.3123185634613037,0.5189629197120667,-0.05779556930065155,0.32453250885009766,0.4946821928024292,-0.039924606680870056,0.3307909369468689,0.47546857595443726,-0.02149617113173008,0.33489990234375,0.4603390097618103,-0.010684505105018616,0.2505977749824524,0.7164545655250549,0.026572057977318764,0.4569178521633148,0.4550638198852539,-0.09976338595151901,0.41247865557670593,0.40598660707473755,-0.08415287733078003,0.46917980909347534,0.4003852605819702,-0.1266382485628128,0.4838034510612488,0.40313154458999634,-0.11349792778491974,0.4718204140663147,0.4078406095504761,-0.11832615733146667,0.46525177359580994,0.4575881361961365,-0.08946898579597473,0.48850277066230774,0.39751291275024414,-0.11733198165893555,0.49233970046043396,0.4078092873096466,-0.09477373212575912,0.3216573894023895,0.4539168179035187,0.004248783923685551,0.3339328169822693,0.44496822357177734,0.0013731431681662798,0.34216898679733276,0.43828457593917847,-0.010322486981749535,0.25150302052497864,0.5326018333435059,-0.053107015788555145,0.23411983251571655,0.5362237095832825,-0.05936896800994873,0.4329914450645447,0.3633231520652771,-0.051765069365501404,0.42622727155685425,0.3565470576286316,0.17708930373191833,0.5081218481063843,0.38517552614212036,-0.07308568060398102,0.3862072229385376,0.3323361873626709,0.37276211380958557,0.41686955094337463,0.3808135390281677,0.1116512268781662,0.42632701992988586,0.37552207708358765,0.12722738087177277,0.43242380023002625,0.36939871311187744,0.14584463834762573,0.4243934750556946,0.3635947108268738,0.1824854612350464,0.40804290771484375,0.3820120096206665,0.09905792772769928,0.40317368507385254,0.3439449369907379,0.13714198768138885,0.3951534330844879,0.3514675498008728,0.11933586001396179,0.40992599725723267,0.34038853645324707,0.15588101744651794,0.4145582914352417,0.3425070643424988,0.17099080979824066,0.43138137459754944,0.3675815463066101,0.19657742977142334,0.7159731388092041,0.44452324509620667,-0.0036084051243960857,0.422242134809494,0.3549326956272125,0.1899198293685913,0.4631151556968689,0.3531450629234314,0.3392586410045624,0.4167149066925049,0.3614516258239746,0.2379816770553589,0.5159116983413696,0.3609123229980469,0.05681190267205238,0.5618966817855835,0.3903231620788574,-0.06775478273630142,0.5689243078231812,0.40333276987075806,-0.06542748957872391,0.5796390175819397,0.3760263919830322,-0.03502432629466057,0.5948064923286438,0.37221384048461914,-0.002004508161917329,0.58098304271698,0.39163824915885925,-0.038028791546821594,0.5920827388763428,0.3859838545322418,-0.00924314558506012,0.6560764908790588,0.40485918521881104,0.03868180140852928,0.49870240688323975,0.3627345561981201,-0.10561985522508621,0.4813217520713806,0.35435229539871216,-0.1036270409822464,0.40628260374069214,0.32464921474456787,0.20465975999832153,0.4456995129585266,0.37153226137161255,0.04763222858309746,0.5131598114967346,0.35875263810157776,-0.018708063289523125,0.5016828775405884,0.35957297682762146,-0.0079041114076972,0.5386872291564941,0.3447079062461853,0.13178189098834991,0.4565082788467407,0.35696545243263245,-0.07972250878810883,0.39861300587654114,0.31689453125,0.13597248494625092,0.40378814935684204,0.31655949354171753,0.17316246032714844,0.35417595505714417,0.3135630786418915,0.32611382007598877,0.3814922273159027,0.34637022018432617,0.05158035084605217,0.38960060477256775,0.3610125184059143,0.11032295972108841,0.6371099948883057,0.3909185528755188,0.0621645450592041,0.6508867740631104,0.4390369653701782,0.3120536804199219,0.5166324973106384,0.3738023340702057,-0.026539981365203857,0.5141318440437317,0.3864589333534241,-0.050962183624506,0.6223292350769043,0.3805352449417114,0.05028040334582329,0.6183643937110901,0.3866507411003113,0.03643842041492462,0.3925707936286926,0.3088113069534302,0.1962057650089264,0.5207427740097046,0.36709004640579224,-0.011887961998581886,0.3904939889907837,0.3251160979270935,0.09471342712640762,0.38034647703170776,0.3135877847671509,0.09959446638822556,0.2897907793521881,0.3081446886062622,0.19441162049770355,0.3629991114139557,0.3057901859283447,0.2515731453895569,0.308790922164917,0.31177639961242676,0.14654870331287384,0.3933951258659363,0.3208932876586914,0.23654235899448395,0.3928295075893402,0.3193287253379822,0.29749441146850586,0.5677688121795654,0.39602601528167725,-0.06807173043489456,0.5820770263671875,0.38326525688171387,-0.03709757328033447,0.5945605635643005,0.3780810534954071,-0.007975207641720772,0.5169816017150879,0.3803067207336426,-0.030594564974308014,0.620832085609436,0.3834877014160156,0.042082883417606354,0.6375982761383057,0.3888741731643677,0.018239779397845268,0.6159548759460449,0.38917261362075806,0.033586956560611725,0.5080999732017517,0.3668674826622009,-0.054138388484716415,0.5879203081130981,0.39281171560287476,-0.010409977287054062,0.5775063037872314,0.39889463782310486,-0.034747879952192307,0.5673041939735413,0.4102216362953186,-0.059380482882261276,0.6772598028182983,0.45033618807792664,-0.053697653114795685,0.6806322336196899,0.4385008215904236,-0.061712972819805145,0.672706127166748,0.43501409888267517,-0.06076822429895401,0.6603415608406067,0.43421676754951477,-0.05309882014989853,0.6470177173614502,0.4352378845214844,-0.04801131412386894,0.6384586095809937,0.40804046392440796,-0.002339559141546488,0.645397424697876,0.4032580256462097,-0.007527210749685764,0.6536865234375,0.39804762601852417,-0.010055547580122948,0.6600710153579712,0.3949921727180481,-0.004014706704765558,0.5855287313461304,0.3769424557685852,0.017989683896303177,0.5526207089424133,0.4151805341243744,0.4010315537452698,0.6287195682525635,0.3990612030029297,0.01977199874818325,0.6336794495582581,0.3936096727848053,0.016516713425517082,0.5188745260238647,0.39284002780914307,-0.05603447183966637,0.5283564329147339,0.37963542342185974,-0.011287341825664043,0.5167566537857056,0.38966435194015503,-0.05414293706417084,0.4665572941303253,0.3660416007041931,0.06536247581243515,0.4946679472923279,0.35435783863067627,0.08842763304710388,0.5112598538398743,0.3649812936782837,0.0020267008803784847,0.3218922019004822,0.3044714331626892,0.2632368803024292,0.3351005017757416,0.3038577139377594,0.20165422558784485,0.3878653049468994,0.3056899309158325,0.1523893177509308,0.6674124002456665,0.41632622480392456,0.012491651810705662,0.36846062541007996,0.32815229892730713,0.05749494209885597,0.28524139523506165,0.3295159935951233,0.0972403809428215,0.2599828839302063,0.3234032988548279,0.12993842363357544,0.431037962436676,0.36621081829071045,0.16604937613010406,0.43760645389556885,0.3738231658935547,0.21722795069217682,0.4017394185066223,0.3815048336982727,0.09736142307519913,0.41309475898742676,0.34553587436676025,0.20316599309444427,0.4264763295650482,0.37294861674308777,0.034384582191705704,0.5014570951461792,0.3553141951560974,-0.04456426203250885,0.5047403573989868,0.3407719135284424,0.2525126338005066,0.45786044001579285,0.3751450777053833,0.18498745560646057,0.47003936767578125,0.37689459323883057,0.1433064043521881,0.4606912136077881,0.3831314146518707,0.10767143219709396,0.4442542493343353,0.3878970146179199,0.08575868606567383,0.4325835704803467,0.3880842924118042,0.06679924577474594,0.3892335295677185,0.3732025623321533,0.0017789292614907026,0.5483851432800293,0.34690171480178833,0.23058800399303436,0.4083836078643799,0.3420095145702362,0.22642245888710022,0.505190372467041,0.37828147411346436,-0.10152926295995712,0.46586132049560547,0.37040209770202637,0.02890627272427082,0.4586244225502014,0.38333064317703247,0.4282959997653961,0.42217591404914856,0.38600507378578186,0.05747734010219574,0.5124557614326477,0.37130001187324524,0.022203980013728142,0.41853633522987366,0.35693472623825073,0.19851785898208618,0.48752009868621826,0.35705047845840454,-0.03224018216133118,0.6021686792373657,0.4269028306007385,0.3642030954360962,0.395984023809433,0.37935635447502136,0.10925785452127457,0.4703228175640106,0.3552706837654114,-0.058344122022390366,0.6928815245628357,0.4192788302898407,0.1447828710079193,0.7134367227554321,0.44662368297576904,0.17807817459106445,0.555995762348175,0.3740401864051819,0.3134934902191162,0.6721947193145752,0.4117435812950134,0.19542907178401947,0.42409396171569824,0.33701077103614807,0.3268183469772339,0.7414829730987549,0.4539696276187897,0.0018963647307828069,0.5068857669830322,0.39172661304473877,-0.08222749084234238,0.4887452721595764,0.3680216670036316,0.04181884601712227,0.40972578525543213,0.3677544891834259,0.2722557485103607,0.4276075065135956,0.36234307289123535,0.1501992791891098,0.42149439454078674,0.36816829442977905,0.13380061089992523,0.6408617496490479,0.38523513078689575,0.024845769628882408,0.5891283750534058,0.360211044549942,0.21457932889461517,0.7650946974754333,0.48275747895240784,-0.03566879406571388,0.7490131258964539,0.4581983685493469,0.0684484913945198,0.7344280481338501,0.45222026109695435,0.11922472715377808,0.4126971662044525,0.3731667995452881,0.120604008436203,0.40338045358657837,0.37617573142051697,0.11357183009386063,0.39850378036499023,0.37837016582489014,0.11203446984291077,0.3954533636569977,0.3433055579662323,0.26034945249557495,0.3983322083950043,0.36800718307495117,0.11883553862571716,0.4041411578655243,0.3608119785785675,0.12699824571609497,0.4110981822013855,0.354379802942276,0.1400412619113922,0.41784459352493286,0.3503307104110718,0.1556045562028885,0.4216126799583435,0.3506527245044708,0.16768145561218262,0.4180293381214142,0.3551355004310608,0.4099158048629761,0.42814916372299194,0.3584839403629303,0.16551613807678223,0.562812328338623,0.3788881003856659,-0.008574940264225006,0.5147991180419922,0.36910364031791687,-0.033459700644016266,0.5361375212669373,0.39385029673576355,-0.055997807532548904,0.7130298614501953,0.43025606870651245,0.09637904167175293,0.725666880607605,0.44320178031921387,0.04940016567707062,0.7479385137557983,0.47112837433815,-0.04865173250436783,0.6878215074539185,0.4448613226413727,0.2457331418991089,0.39669984579086304,0.3744306266307831,0.11369578540325165,0.42905354499816895,0.3671368360519409,-0.007256160955876112,0.7609663009643555,0.46673375368118286,0.015512768179178238,0.6006786823272705,0.3878335952758789,0.28489434719085693,0.6465190649032593,0.4196440875530243,-0.02447645738720894,0.6572245955467224,0.4158613085746765,-0.028319034725427628,0.6683653593063354,0.4131600260734558,-0.031809817999601364,0.6778498291969299,0.41323283314704895,-0.02905827760696411,0.6759964823722839,0.43088600039482117,-0.01782185398042202,0.603697657585144,0.38472887873649597,0.016864042729139328,0.6067538857460022,0.37829476594924927,0.02340785600244999,0.6078246831893921,0.3728853464126587,0.028695866465568542,0.6113827228546143,0.38076332211494446,0.04732499271631241,0.5890350937843323,0.3590129613876343,0.14756320416927338,0.4062793254852295,0.37343114614486694,0.019273340702056885,0.38706424832344055,0.3721882998943329,0.07897044718265533,0.389662504196167,0.3728734254837036,0.10284581780433655,0.5996169447898865,0.38973113894462585,0.014915539883077145,0.6414285898208618,0.38345950841903687,0.1631569117307663,0.391183078289032,0.36950480937957764,0.037535376846790314,0.6914749145507812,0.4399135708808899,-0.010803256183862686,0.4123528003692627,0.3680186867713928,-0.028035424649715424,0.46720635890960693,0.36473727226257324,-0.010458668693900108,0.6949126720428467,0.45734527707099915,-0.05201926827430725,0.6660004258155823,0.4064885675907135,0.0568113848567009,0.5361406803131104,0.37074708938598633,0.03513307869434357,0.6822191476821899,0.4234105944633484,0.02379860170185566,0.5543767213821411,0.355904757976532,0.07797335833311081,0.5663139820098877,0.36931517720222473,0.048914846032857895,0.594794750213623,0.3639099597930908,0.09949782490730286,0.7225507497787476,0.4616268277168274,-0.051553431898355484,0.48248767852783203,0.3673539459705353,0.00814398005604744,0.6872434020042419,0.4127272665500641,0.07903037220239639,0.701072096824646,0.4307887852191925,0.03748029097914696,0.6441681385040283,0.39020007848739624,0.08164187520742416,0.6230406761169434,0.37477898597717285,0.20235592126846313,0.6559092998504639,0.39090657234191895,0.1133386567234993,0.6397970914840698,0.40163812041282654,0.2511376142501831,0.6013067364692688,0.3740127682685852,0.06681003421545029,0.44716835021972656,0.3691924214363098,0.012327542528510094,0.5078940987586975,0.3604874610900879,-0.053970903158187866,0.5172131657600403,0.36313503980636597,-0.030629558488726616,0.49102210998535156,0.35307949781417847,-0.07266503572463989,0.38480010628700256,0.3570874333381653,0.09234215319156647,0.3926164507865906,0.3418227434158325,0.1128181591629982,0.40163469314575195,0.3326674699783325,0.13461387157440186,0.40868452191352844,0.3289111256599426,0.1602749228477478,0.41230860352516174,0.3336811065673828,0.1834115833044052,0.4177507162094116,0.35949456691741943,0.21303559839725494,0.510395884513855,0.3625132441520691,0.3319557011127472,0.44246941804885864,0.3697831630706787,0.17581689357757568,0.4474788010120392,0.37336188554763794,0.1465446650981903,0.44128018617630005,0.3796437382698059,0.11958587169647217,0.42827725410461426,0.38506558537483215,0.09974705427885056,0.4177555739879608,0.3863822817802429,0.08434237539768219,0.4100068509578705,0.3858807384967804,0.07551653683185577,0.5034531354904175,0.40298521518707275,0.4248937964439392,0.5207022428512573,0.3702789545059204,-0.023052077740430832,0.4489421546459198,0.36198192834854126,-0.0299120731651783,0.5027498602867126,0.3595568537712097,-0.08315349370241165,0.5064469575881958,0.3769160509109497,-0.08845632523298264,0.5058337450027466,0.36748701333999634,-0.07394398003816605,0.5228911638259888,0.3790595531463623,-0.025031084194779396,0.5068841576576233,0.37648236751556396,-0.09675583243370056,0.5087994337081909,0.3883054852485657,-0.07762223482131958,0.3954923748970032,0.3804570436477661,0.09574123471975327,0.3993733823299408,0.3831162452697754,0.06906496733427048,0.4079393744468689,0.3811274766921997,0.04534453898668289,0.4227772653102875,0.3523399531841278,0.17793935537338257,0.41632482409477234,0.3476008474826813,0.1868773251771927,0.2693670988082886,0.4961632788181305,-0.03501434996724129,0.2835726737976074,0.4780844748020172,-0.03501434996724129,0.25278329849243164,0.49099600315093994,-0.03501434996724129,0.255045086145401,0.5139432549476624,-0.03501434996724129,0.28531765937805176,0.5010532736778259,-0.03501434996724129,0.4016188085079193,0.3560442328453064,0.14204934239387512,0.41209524869918823,0.3474959135055542,0.14204934239387512,0.38793057203292847,0.3486167788505554,0.14204934239387512,0.3904232978820801,0.3646692633628845,0.14204934239387512,0.4143980145454407,0.36339735984802246,0.14204934239387512,0,0,0,0,0,1,1,0,0,0,0,0,0.14947989583015442,0.07943350076675415,0.12527470290660858,0.07270419597625732,0.028971878811717033,0.06623905897140503,0.09651587903499603,0.06532962620258331,0.09044685959815979,0.1290265917778015,0.8936320543289185,0.2940640151500702,Neutral,-15.628495216369629,-27.35031509399414
159,5.3,31.290189553599447,-16.60921213810584,0.742147536273477,0.5271847248077393,0.4403984248638153,-0.08969425410032272,0.45789891481399536,0.3769693374633789,-0.1172800287604332,0.48250555992126465,0.41357535123825073,-0.0772734209895134,0.38401874899864197,0.4041959047317505,-0.08525604009628296,0.4360194802284241,0.3721194863319397,-0.11770877987146378,0.4106135666370392,0.3790746033191681,-0.10048126429319382,0.3439262807369232,0.4068969488143921,-0.021177958697080612,0.25179535150527954,0.5650293827056885,-0.06910783797502518,0.30488070845603943,0.41010308265686035,0.013131663203239441,0.27936288714408875,0.40429526567459106,0.021988259628415108,0.17846553027629852,0.40032505989074707,0.08207554370164871,0.5327956080436707,0.44168633222579956,-0.08960165828466415,0.5379538536071777,0.44407758116722107,-0.08584610372781754,0.5407062768936157,0.4466785192489624,-0.07960382103919983,0.6226908564567566,0.461250901222229,-0.07179772853851318,0.6342816352844238,0.4631735384464264,-0.07839614152908325,0.6457120180130005,0.46566399931907654,-0.08660373091697693,0.6543620824813843,0.46813276410102844,-0.08822470903396606,0.6526543498039246,0.45367172360420227,-0.0795397087931633,0.4718835651874542,0.38924217224121094,-0.11041796952486038,0.46356984972953796,0.4185185432434082,-0.09842217713594437,0.14373017847537994,0.6812308430671692,-0.0167721975594759,0.30649662017822266,0.5080464482307434,-0.04634253680706024,0.29749754071235657,0.5287299156188965,-0.0635293498635292,0.28559598326683044,0.5495837926864624,-0.07481937855482101,0.2530931234359741,0.5778904557228088,-0.07859815657138824,0.31085890531539917,0.4901598393917084,-0.025747209787368774,0.2258014976978302,0.5245738625526428,-0.05874931067228317,0.24171243607997894,0.5019384026527405,-0.03504164516925812,0.21662987768650055,0.547936201095581,-0.07220017164945602,0.21659918129444122,0.5654336810112,-0.07684671878814697,0.2603606581687927,0.6002622246742249,-0.0846901535987854,0.6631675958633423,0.5445956587791443,-0.12789544463157654,0.23925404250621796,0.5736714005470276,-0.06815192848443985,0.2403477132320404,0.7019818425178528,-0.0506005622446537,0.22953388094902039,0.6243220567703247,-0.07924143224954605,0.40049490332603455,0.5219460725784302,-0.10478828847408295,0.5058022737503052,0.46779322624206543,-0.10867110639810562,0.5230458974838257,0.4679955542087555,-0.10307939350605011,0.4958566427230835,0.49680060148239136,-0.12103892862796783,0.49476975202560425,0.5157057046890259,-0.12166952341794968,0.5125424861907959,0.4896799325942993,-0.11261142045259476,0.507993757724762,0.5057082176208496,-0.10987149178981781,0.5632697343826294,0.5557144284248352,-0.11729609966278076,0.45110559463500977,0.3914400339126587,-0.12718982994556427,0.42912179231643677,0.38918477296829224,-0.129290372133255,0.18012765049934387,0.5942950248718262,-0.09223689138889313,0.363463431596756,0.47869735956192017,-0.05720146745443344,0.4296063184738159,0.46574538946151733,-0.11715525388717651,0.4165806174278259,0.4709160029888153,-0.10919211804866791,0.3723895251750946,0.5908721685409546,-0.13634926080703735,0.4056861996650696,0.3951541781425476,-0.1125677227973938,0.18646053969860077,0.5335177779197693,-0.07097133994102478,0.17686589062213898,0.566960871219635,-0.086497463285923,0.11557987332344055,0.6296197175979614,-0.021300213411450386,0.26028627157211304,0.44346073269844055,-0.015748891979455948,0.2625711262226105,0.48424845933914185,-0.014646550640463829,0.5287764668464661,0.5666295886039734,-0.12447205185890198,0.5006159543991089,0.7625530362129211,-0.06298156827688217,0.44883447885513306,0.45659714937210083,-0.09915672987699509,0.46132442355155945,0.44309109449386597,-0.08730140328407288,0.5088140964508057,0.5363937616348267,-0.11102765798568726,0.513819694519043,0.5296407341957092,-0.10503490269184113,0.15513598918914795,0.5777257680892944,-0.07959029823541641,0.43944859504699707,0.4773132801055908,-0.10881948471069336,0.2115335315465927,0.49294084310531616,-0.04628215730190277,0.1927243173122406,0.49275749921798706,-0.04600122570991516,0.11828438937664032,0.5048649907112122,-0.0017074330244213343,0.1410575956106186,0.5922400951385498,-0.05251287668943405,0.15695077180862427,0.4851650297641754,-0.021051282063126564,0.16160792112350464,0.6082884073257446,-0.08203692734241486,0.1615348607301712,0.6393657326698303,-0.047597579658031464,0.5150171518325806,0.46843162178993225,-0.10844352841377258,0.5044100284576416,0.4936296045780182,-0.11807925254106522,0.501352846622467,0.5112063884735107,-0.11703377962112427,0.4552345871925354,0.45639804005622864,-0.09041374176740646,0.5116496682167053,0.533011794090271,-0.10700516402721405,0.5332709550857544,0.5327150225639343,-0.108644038438797,0.5155659914016724,0.5267271399497986,-0.10396559536457062,0.4444406032562256,0.42987149953842163,-0.12084021419286728,0.5117595791816711,0.5015789866447449,-0.10580860078334808,0.5171849727630615,0.486177533864975,-0.10492812842130661,0.5277632474899292,0.4672994315624237,-0.09784549474716187,0.6395367980003357,0.4829438626766205,-0.09867879748344421,0.6303510069847107,0.5018814206123352,-0.10824334621429443,0.6233486533164978,0.49711230397224426,-0.10702858120203018,0.6131103038787842,0.4907461106777191,-0.09801483899354935,0.6039148569107056,0.48509371280670166,-0.09052640199661255,0.5578871965408325,0.5134128928184509,-0.10003162920475006,0.5584310293197632,0.5203385353088379,-0.10558174550533295,0.5585656762123108,0.5287548303604126,-0.11212069541215897,0.5586802959442139,0.5355864763259888,-0.11462481319904327,0.48960861563682556,0.5213862061500549,-0.12059865146875381,0.3598547875881195,0.7742959260940552,-0.015539001673460007,0.47797372937202454,0.4020065665245056,-0.08781547844409943,0.5382125377655029,0.5204127430915833,-0.10112237185239792,0.5360794067382812,0.5264419317245483,-0.10520578920841217,0.4731629490852356,0.43854475021362305,-0.09182809293270111,0.4558996558189392,0.4805176258087158,-0.08918849378824234,0.4678094685077667,0.4404435455799103,-0.0895170047879219,0.36665740609169006,0.5013973712921143,-0.07497073709964752,0.3658846616744995,0.5328599810600281,-0.10224130004644394,0.4253101944923401,0.48232904076576233,-0.10303399711847305,0.10596135258674622,0.5706062912940979,-0.018649376928806305,0.1385141760110855,0.541375458240509,-0.04258682578802109,0.1653999239206314,0.5383456945419312,-0.06581921130418777,0.5897490382194519,0.5378197431564331,-0.1179063469171524,0.22850525379180908,0.44275641441345215,-0.016285927966237068,0.18288876116275787,0.4405229389667511,0.010490670800209045,0.1431211680173874,0.450266569852829,0.033224765211343765,0.2694808840751648,0.5678851008415222,-0.0796792283654213,0.2650752365589142,0.6276944279670715,-0.09619525820016861,0.31100183725357056,0.47841542959213257,-0.013522974215447903,0.21411550045013428,0.5919081568717957,-0.08325649797916412,0.35573825240135193,0.4604272246360779,-0.04905707389116287,0.42495834827423096,0.44011184573173523,-0.1238546371459961,0.29505863785743713,0.6634469628334045,-0.10458832234144211,0.29020172357559204,0.6133703589439392,-0.10983672738075256,0.31586021184921265,0.5844170451164246,-0.10641871392726898,0.33475759625434875,0.5417025685310364,-0.08343437314033508,0.3413209021091461,0.510484516620636,-0.05895800516009331,0.3436058461666107,0.48669537901878357,-0.041578259319067,0.34007301926612854,0.42454349994659424,-0.03357939049601555,0.34780922532081604,0.6673283576965332,-0.12644799053668976,0.20170189440250397,0.6109219789505005,-0.08677154034376144,0.4666767120361328,0.39715075492858887,-0.11862188577651978,0.3859459161758423,0.4749985933303833,-0.07177525013685226,0.2414572536945343,0.7499719858169556,0.003771828720346093,0.34206879138946533,0.46723484992980957,-0.02661074697971344,0.42658233642578125,0.4932975769042969,-0.08318943530321121,0.23344606161117554,0.5838114619255066,-0.07308466732501984,0.4110058844089508,0.4464801549911499,-0.112490214407444,0.426716685295105,0.7757357954978943,-0.035890787839889526,0.3023534417152405,0.47848910093307495,-0.006167036481201649,0.40554362535476685,0.4183821976184845,-0.11678539216518402,0.5811256170272827,0.6653958559036255,-0.12570080161094666,0.6137135624885559,0.6917093992233276,-0.10941579937934875,0.3517308235168457,0.7279791831970215,-0.07724355161190033,0.5351408123970032,0.7007960081100464,-0.1217338815331459,0.19549599289894104,0.672338604927063,-0.04334445670247078,0.6947581171989441,0.5575003027915955,-0.13293032348155975,0.473074734210968,0.40856313705444336,-0.09222543984651566,0.3940850794315338,0.49758052825927734,-0.08300624042749405,0.22352714836597443,0.6456484198570251,-0.07730389386415482,0.273195743560791,0.5426812767982483,-0.06549566239118576,0.2849450409412384,0.5248440504074097,-0.056822001934051514,0.5300590395927429,0.5384562015533447,-0.11138488352298737,0.40184637904167175,0.6786119341850281,-0.13026225566864014,0.7419924139976501,0.5219948887825012,-0.11840151250362396,0.6917122602462769,0.6050904989242554,-0.12106119096279144,0.6597748398780823,0.6449230313301086,-0.1162896379828453,0.21598820388317108,0.3987060785293579,0.053490523248910904,0.7563720941543579,0.4805162847042084,-0.08719820529222488,0.29264897108078003,0.5083644986152649,-0.04175424948334694,0.2980083227157593,0.49293848872184753,-0.02582497149705887,0.3013491630554199,0.48312464356422424,-0.01276943925768137,0.18734009563922882,0.628929615020752,-0.07771952450275421,0.27874478697776794,0.4934011399745941,-0.02213016152381897,0.2626192271709442,0.5103606581687927,-0.03679339960217476,0.2512137293815613,0.527680516242981,-0.051316745579242706,0.24336345493793488,0.546065628528595,-0.06319867819547653,0.24075965583324432,0.5588366985321045,-0.0670958086848259,0.18321852385997772,0.7191798686981201,-0.0028589675202965736,0.26224052906036377,0.5553644299507141,-0.06893037259578705,0.49831146001815796,0.41614001989364624,-0.07699639350175858,0.48209500312805176,0.49544596672058105,-0.11358287185430527,0.4448501467704773,0.45072150230407715,-0.10225556045770645,0.4891950488090515,0.44350409507751465,-0.09894856065511703,0.3233952224254608,0.41390669345855713,0.004680566489696503,0.6253262758255005,0.6305542588233948,-0.12482240051031113,0.6610753536224365,0.5970046520233154,-0.12758062779903412,0.7209973335266113,0.5134252309799194,-0.12624745070934296,0.5642968416213989,0.7312333583831787,-0.09066947549581528,0.2941318154335022,0.48292186856269836,-0.012670665048062801,0.3679460287094116,0.43298470973968506,-0.06300930678844452,0.7367954850196838,0.470827579498291,-0.0953064039349556,0.7195789813995361,0.5635967254638672,-0.12792183458805084,0.41359174251556396,0.7340964078903198,-0.09043700993061066,0.5814985036849976,0.501747727394104,-0.0982389897108078,0.5858116149902344,0.5093374252319336,-0.10540512949228287,0.5908095836639404,0.5179562568664551,-0.11312341690063477,0.5962342023849487,0.5246810913085938,-0.11553905159235,0.6160174608230591,0.5137332677841187,-0.1154986321926117,0.5083926320075989,0.5190117359161377,-0.10872316360473633,0.5033658146858215,0.5244662165641785,-0.11405231803655624,0.49793171882629395,0.5290541648864746,-0.11807329207658768,0.5050053000450134,0.5461574196815491,-0.1248156726360321,0.4220266342163086,0.6318464279174805,-0.1438244879245758,0.3464672565460205,0.44162115454673767,-0.03873412311077118,0.29662394523620605,0.45609039068222046,0.006749128457158804,0.29079440236091614,0.4711152911186218,-0.0031538926996290684,0.511298656463623,0.5146313905715942,-0.10532260686159134,0.49077215790748596,0.662408173084259,-0.13447046279907227,0.3096114993095398,0.4347386360168457,-0.004981920123100281,0.6374111771583557,0.531599760055542,-0.1191091388463974,0.388197124004364,0.38921231031417847,-0.0727303996682167,0.36311525106430054,0.4144507646560669,-0.05787710100412369,0.3667658269405365,0.39820605516433716,-0.0450868234038353,0.3952629864215851,0.44912996888160706,-0.08377944678068161,0.7071573734283447,0.4625157117843628,-0.09660274535417557,0.676460862159729,0.4586162269115448,-0.087256520986557,0.6625485420227051,0.49362844228744507,-0.10836677998304367,0.5693972706794739,0.5791258215904236,-0.12399064749479294,0.43721696734428406,0.5142842531204224,-0.09825915098190308,0.607161819934845,0.5598667860031128,-0.12201299518346786,0.414887011051178,0.5598325133323669,-0.13071665167808533,0.4533053934574127,0.5364280939102173,-0.11796646565198898,0.4498601257801056,0.5937314629554749,-0.1393427699804306,0.6913645267486572,0.5027249455451965,-0.12438399344682693,0.4026181399822235,0.4714474380016327,-0.08471477776765823,0.589225172996521,0.606406569480896,-0.12905187904834747,0.6291224360466003,0.5777117609977722,-0.12577947974205017,0.5276159048080444,0.5891891717910767,-0.13425447046756744,0.4511180520057678,0.6865270733833313,-0.12949365377426147,0.5283349752426147,0.6274817585945129,-0.13712041079998016,0.4750268757343292,0.7285138964653015,-0.10656700283288956,0.47999387979507446,0.563332736492157,-0.13047946989536285,0.37670406699180603,0.45401543378829956,-0.06730590015649796,0.43810221552848816,0.43344926834106445,-0.12626469135284424,0.43960869312286377,0.4592120945453644,-0.11355555057525635,0.42588868737220764,0.4128561019897461,-0.13079555332660675,0.26527515053749084,0.4673064947128296,-0.008256921544671059,0.2307392656803131,0.49789026379585266,-0.03672520071268082,0.2109079211950302,0.5272947549819946,-0.06234706565737724,0.2014470398426056,0.5547221302986145,-0.08011501282453537,0.20165592432022095,0.5765257477760315,-0.08626725524663925,0.2329627275466919,0.6013796329498291,-0.07703015953302383,0.2940591275691986,0.7177427411079407,-0.06795025616884232,0.2772999405860901,0.5884159803390503,-0.08847737312316895,0.29833945631980896,0.5657593607902527,-0.0840558335185051,0.31384730339050293,0.5362906455993652,-0.07041288912296295,0.322833776473999,0.5088927149772644,-0.04872976988554001,0.3267468214035034,0.4876926839351654,-0.02820279821753502,0.3280450701713562,0.47222936153411865,-0.015425868332386017,0.3002745807170868,0.7652908563613892,-0.0003310740285087377,0.4463113248348236,0.46678394079208374,-0.10466653853654861,0.3874630033969879,0.4244745969772339,-0.08724556863307953,0.44387492537498474,0.4087834656238556,-0.12908129394054413,0.45930415391921997,0.41037651896476746,-0.1146073043346405,0.4485006332397461,0.4163447320461273,-0.12080896645784378,0.4552997946739197,0.4685179591178894,-0.09369315207004547,0.46260082721710205,0.4040020704269409,-0.11808796226978302,0.46919384598731995,0.41441330313682556,-0.09528756141662598,0.3078644573688507,0.470003217458725,-0.00022166321286931634,0.32192304730415344,0.4585062265396118,-0.0015976603608578444,0.3322601616382599,0.4506138265132904,-0.01350872591137886,0.23991382122039795,0.5670830607414246,-0.06866541504859924,0.22081083059310913,0.5790586471557617,-0.07689064741134644,0.397521436214447,0.3803049325942993,-0.048037175089120865,0.3981257975101471,0.38013243675231934,0.19723282754421234,0.4806196987628937,0.3916899561882019,-0.07030513137578964,0.3430810272693634,0.37192532420158386,0.39994877576828003,0.39527884125709534,0.40125772356987,0.12601438164710999,0.4020821750164032,0.39561229944229126,0.1434156745672226,0.40624451637268066,0.3898463845252991,0.16387467086315155,0.399164617061615,0.3877502381801605,0.20317529141902924,0.38846030831336975,0.40334081649780273,0.1102975606918335,0.37280958890914917,0.3724903464317322,0.1548844426870346,0.367920845746994,0.38014334440231323,0.13407272100448608,0.3780973255634308,0.36860090494155884,0.17526638507843018,0.38332971930503845,0.369872510433197,0.1914394199848175,0.4069274663925171,0.3904486894607544,0.21799616515636444,0.7030479907989502,0.4251735806465149,-0.0013176967622712255,0.3951351046562195,0.3797522187232971,0.21047817170619965,0.42674559354782104,0.3826063573360443,0.3677769899368286,0.39333322644233704,0.3882647156715393,0.26152709126472473,0.4824991822242737,0.3717588782310486,0.06962739676237106,0.5355450510978699,0.4142112731933594,-0.06342677772045135,0.5477771759033203,0.4238700866699219,-0.061206378042697906,0.551280677318573,0.3951510787010193,-0.027509381994605064,0.5663015246391296,0.3866991400718689,0.00735830282792449,0.5577508807182312,0.40934228897094727,-0.031078370288014412,0.567948043346405,0.4009295403957367,-0.0010071650613099337,0.6343278884887695,0.39833778142929077,0.04797141253948212,0.46433281898498535,0.36889520287513733,-0.10307464748620987,0.4442517161369324,0.3629303574562073,-0.10068795084953308,0.37065601348876953,0.3558186888694763,0.22598324716091156,0.41376009583473206,0.390597403049469,0.0563783124089241,0.47958093881607056,0.36708304286003113,-0.009876320138573647,0.468009352684021,0.3696324825286865,0.0012962768087163568,0.5019302368164062,0.35583630204200745,0.1514034867286682,0.4197664260864258,0.36980241537094116,-0.07604435831308365,0.3577510714530945,0.3498828113079071,0.1500309407711029,0.3642154932022095,0.3490563631057739,0.19062568247318268,0.30533093214035034,0.3578985631465912,0.3514011800289154,0.3487343490123749,0.3762596845626831,0.05681620538234711,0.3659707307815552,0.38907524943351746,0.12322530895471573,0.6141872406005859,0.387459933757782,0.0746932178735733,0.6432172060012817,0.4373675584793091,0.3315003216266632,0.48717018961906433,0.381328284740448,-0.01918831840157509,0.4872366189956665,0.3933245539665222,-0.047536518424749374,0.597097635269165,0.38419675827026367,0.06189199164509773,0.5944665670394897,0.39144378900527954,0.04676801338791847,0.3529924154281616,0.34446072578430176,0.2154322862625122,0.4896658658981323,0.3746325373649597,-0.003293869085609913,0.3517308235168457,0.3575689494609833,0.10509516298770905,0.33937254548072815,0.349292516708374,0.11057564616203308,0.2360677570104599,0.3565009534358978,0.2111467719078064,0.31515008211135864,0.3481989800930023,0.27396276593208313,0.2610880732536316,0.3566783666610718,0.16004398465156555,0.3592291474342346,0.35488414764404297,0.2596603333950043,0.3485654592514038,0.35739102959632874,0.32331472635269165,0.543135404586792,0.4182170033454895,-0.06366603076457977,0.555589497089386,0.4018162190914154,-0.02988789789378643,0.5677934885025024,0.3928748071193695,0.0008474540081806481,0.4889538884162903,0.3875267505645752,-0.025292428210377693,0.5961831212043762,0.3878215551376343,0.05284275487065315,0.6131315231323242,0.391294002532959,0.026444343850016594,0.5930396318435669,0.39434850215911865,0.04345109686255455,0.4763008952140808,0.3743451237678528,-0.04786739870905876,0.5664733648300171,0.4075467586517334,-0.0022998701315373182,0.5576432347297668,0.4160080552101135,-0.027938293293118477,0.5494720339775085,0.4293277859687805,-0.05468695983290672,0.6586188077926636,0.4343331456184387,-0.056620750576257706,0.6641479730606079,0.43599194288253784,-0.0619795136153698,0.6549427509307861,0.43594640493392944,-0.0592801570892334,0.6415202617645264,0.4369662404060364,-0.050425466150045395,0.6286749839782715,0.4388587772846222,-0.045522987842559814,0.6148608922958374,0.4110962450504303,0.004078371450304985,0.6218854784965515,0.40536871552467346,-0.0014115358935669065,0.6300785541534424,0.398499071598053,-0.004194367211312056,0.6362923383712769,0.39322078227996826,0.0017734186258167028,0.5582897663116455,0.37745431065559387,0.02837396040558815,0.5358171463012695,0.4303726255893707,0.4253060817718506,0.6044507026672363,0.4035516679286957,0.02793392539024353,0.6093569397926331,0.39731377363204956,0.024568766355514526,0.49310529232025146,0.3985806703567505,-0.052810173481702805,0.500458300113678,0.38615626096725464,-0.00465269573032856,0.49037688970565796,0.39595288038253784,-0.05090685561299324,0.4337507486343384,0.3833273649215698,0.07647322118282318,0.45927900075912476,0.3694736957550049,0.10250551253557205,0.4791108965873718,0.374096155166626,0.011416544206440449,0.269207626581192,0.3527016341686249,0.2849387228488922,0.28633081912994385,0.34939318895339966,0.22025103867053986,0.3455151617527008,0.3422248363494873,0.16812190413475037,0.6450344920158386,0.4063605070114136,0.018494851887226105,0.3314305543899536,0.362751305103302,0.06310415267944336,0.23940546810626984,0.37266695499420166,0.10498805344104767,0.2081627994775772,0.37059304118156433,0.14069333672523499,0.40492871403694153,0.3881303668022156,0.18574099242687225,0.41441109776496887,0.39571651816368103,0.24091269075870514,0.38313835859298706,0.403977632522583,0.10798390209674835,0.3839212954044342,0.37380799651145935,0.224655881524086,0.3943993151187897,0.39389538764953613,0.04149734601378441,0.4664490222930908,0.3640350103378296,-0.03724448010325432,0.4667889475822449,0.3617088198661804,0.2787511646747589,0.431393563747406,0.3923358917236328,0.2074214220046997,0.4407350420951843,0.3907701075077057,0.16268183290958405,0.43300798535346985,0.396781325340271,0.12221035361289978,0.4196719527244568,0.4032512903213501,0.09747659415006638,0.4089225232601166,0.4048495888710022,0.0758342370390892,0.35677751898765564,0.39755162596702576,0.004769865423440933,0.5135506391525269,0.3600829839706421,0.2564751207828522,0.3791317343711853,0.3718641698360443,0.24980409443378448,0.4751735329627991,0.3838135302066803,-0.09941376000642776,0.4340754449367523,0.3860355615615845,0.03791173920035362,0.4306163787841797,0.4136420488357544,0.4556571841239929,0.3984651267528534,0.404467910528183,0.06478408724069595,0.48211944103240967,0.3807889223098755,0.03137151524424553,0.3925091624259949,0.3829251825809479,0.21957118809223175,0.45250600576400757,0.36794954538345337,-0.024569954723119736,0.589860200881958,0.43395209312438965,0.38632693886756897,0.3786714971065521,0.4030144512653351,0.12071432173252106,0.4337387681007385,0.36739856004714966,-0.052515823394060135,0.6792554259300232,0.4088113009929657,0.16098029911518097,0.7065055966377258,0.4322774112224579,0.19065053761005402,0.5294784903526306,0.3886588215827942,0.3414004147052765,0.6579288244247437,0.40565353631973267,0.21583828330039978,0.38338518142700195,0.3710346519947052,0.3543664216995239,0.7317183613777161,0.4311588406562805,0.004113399889320135,0.4803807735443115,0.39752399921417236,-0.08057906478643417,0.45682859420776367,0.38169196248054504,0.05251534655690193,0.3897647559642792,0.3958582282066345,0.29817667603492737,0.39952465891838074,0.3840252757072449,0.1684933304786682,0.39562055468559265,0.3894513249397278,0.1505008488893509,0.6157761812210083,0.38607466220855713,0.033754248172044754,0.559476912021637,0.3669847249984741,0.23916910588741302,0.75946044921875,0.4541294574737549,-0.040078647434711456,0.7409089803695679,0.43626534938812256,0.07288980484008789,0.7268811464309692,0.43370378017425537,0.12776470184326172,0.3896220028400421,0.3947443962097168,0.13528956472873688,0.38321030139923096,0.39856600761413574,0.1265689730644226,0.38021889328956604,0.40154850482940674,0.12383872270584106,0.36875635385513306,0.3755265474319458,0.2854359447956085,0.377803236246109,0.3925374746322632,0.13312479853630066,0.38061657547950745,0.38563209772109985,0.14293938875198364,0.3844669461250305,0.37905335426330566,0.15773481130599976,0.38933348655700684,0.37459078431129456,0.17472654581069946,0.39300283789634705,0.3749493956565857,0.18771541118621826,0.3813990354537964,0.39069175720214844,0.4377962350845337,0.3995878994464874,0.38096362352371216,0.18504221737384796,0.5352841019630432,0.3810079097747803,-0.0005028637242503464,0.4839944839477539,0.37681716680526733,-0.026853585615754128,0.5113666653633118,0.3977392613887787,-0.05248546227812767,0.7005554437637329,0.41591012477874756,0.10744757205247879,0.7154098749160767,0.4247813820838928,0.055925190448760986,0.7407565116882324,0.4450739324092865,-0.05158392712473869,0.681388795375824,0.43596526980400085,0.26241058111190796,0.3779352903366089,0.39843839406967163,0.12624697387218475,0.39501506090164185,0.3863288164138794,-0.0020742500200867653,0.7528129816055298,0.4410676658153534,0.015737425535917282,0.5796268582344055,0.3951468765735626,0.3110130727291107,0.624961256980896,0.4225015640258789,-0.019676387310028076,0.63541579246521,0.41764265298843384,-0.023587822914123535,0.6467794179916382,0.4129071831703186,-0.027598341926932335,0.6568008661270142,0.4099653959274292,-0.02584744617342949,0.6541314125061035,0.4176335334777832,-0.015527450479567051,0.5798825025558472,0.39564085006713867,0.026449525728821754,0.5811415910720825,0.3886762261390686,0.03367249295115471,0.5808505415916443,0.38257157802581787,0.039581313729286194,0.5858691930770874,0.3792206943035126,0.059744320809841156,0.5582376718521118,0.36307045817375183,0.16843511164188385,0.37406519055366516,0.3964235782623291,0.024441491812467575,0.365197092294693,0.39893317222595215,0.08738871663808823,0.36960795521736145,0.3989906907081604,0.11366583406925201,0.577639102935791,0.40129145979881287,0.02418060041964054,0.6183789968490601,0.38112831115722656,0.183366596698761,0.36531195044517517,0.39518827199935913,0.042378563433885574,0.6756417751312256,0.42403483390808105,-0.008932053111493587,0.3779592514038086,0.3886169493198395,-0.025088604539632797,0.43362554907798767,0.37898558378219604,-0.0033759162761271,0.681459903717041,0.4382997155189514,-0.055535025894641876,0.646009087562561,0.39843952655792236,0.0668734610080719,0.5059223175048828,0.3778820037841797,0.04558178409934044,0.6645375490188599,0.4115214943885803,0.02974790707230568,0.5205059051513672,0.3623239994049072,0.09328024089336395,0.536371111869812,0.37288013100624084,0.06115059554576874,0.564568042755127,0.3654903173446655,0.11668018996715546,0.7123250365257263,0.4388718903064728,-0.05473325029015541,0.45036330819129944,0.38030028343200684,0.016765093430876732,0.6690524816513062,0.4020159840583801,0.09018909186124802,0.686542272567749,0.4158470034599304,0.043785613030195236,0.6217559576034546,0.38564860820770264,0.09569279849529266,0.5983617305755615,0.37648430466651917,0.22540183365345,0.6336033344268799,0.3853437900543213,0.12974493205547333,0.6232541799545288,0.4021512269973755,0.2753759026527405,0.574236273765564,0.3738005757331848,0.08096370846033096,0.4142957925796509,0.3866272568702698,0.019571412354707718,0.4743103086948395,0.36813104152679443,-0.04727787524461746,0.48504531383514404,0.37067365646362305,-0.022984545677900314,0.45444467663764954,0.36180663108825684,-0.06724109500646591,0.3584681749343872,0.386527955532074,0.10276985168457031,0.361270010471344,0.37257128953933716,0.1254410445690155,0.366869181394577,0.3635437488555908,0.14963600039482117,0.37258708477020264,0.35922378301620483,0.1779114305973053,0.37819525599479675,0.36294981837272644,0.20285314321517944,0.3932548761367798,0.38601335883140564,0.23486870527267456,0.4786149263381958,0.38458847999572754,0.3609631657600403,0.41651472449302673,0.3898627460002899,0.19643078744411469,0.42057251930236816,0.39121800661087036,0.1644851714372635,0.41596662998199463,0.3969804644584656,0.13457976281642914,0.405940443277359,0.40338635444641113,0.11270739138126373,0.397087961435318,0.40588802099227905,0.09407258033752441,0.38971203565597534,0.4065293073654175,0.0840885266661644,0.4816668927669525,0.4264863133430481,0.4512869119644165,0.4904972314834595,0.3774729371070862,-0.015601187944412231,0.41373497247695923,0.37773895263671875,-0.024163566529750824,0.4681629538536072,0.3664513826370239,-0.07870383560657501,0.47650861740112305,0.3831736147403717,-0.08555258810520172,0.4738416075706482,0.37453752756118774,-0.06937043368816376,0.4947372078895569,0.38580840826034546,-0.01882232166826725,0.4765899181365967,0.38228869438171387,-0.09440445154905319,0.4817897081375122,0.3943403363227844,-0.07547223567962646,0.3772479295730591,0.40422195196151733,0.10557949542999268,0.3791780173778534,0.4060409665107727,0.07646410167217255,0.3841794431209564,0.40251222252845764,0.050783198326826096,0.3945235013961792,0.3768131136894226,0.19831910729408264,0.3873355984687805,0.37463390827178955,0.20780514180660248,0.26209986209869385,0.5369226932525635,-0.04605589807033539,0.2737109065055847,0.5161547660827637,-0.04605589807033539,0.24309919774532318,0.5333665013313293,-0.04605589807033539,0.2500520944595337,0.5577600002288818,-0.04605589807033539,0.28052034974098206,0.5404778122901917,-0.04605589807033539,0.3725217878818512,0.37676581740379333,0.1586853712797165,0.3790014684200287,0.3688610792160034,0.1586853712797165,0.35837358236312866,0.37169280648231506,0.1586853712797165,0.3658328056335449,0.38488468527793884,0.1586853712797165,0.38638997077941895,0.38182610273361206,0.1586853712797165,0,0,0,0,0,1,1,0,0,0,0,0,0.16733330488204956,0.09687591344118118,0.10957005620002747,0.10385842621326447,0.034237369894981384,0.0702051967382431,0.160569965839386,0.08149151504039764,0.10647676885128021,0.14697076380252838,0.9154540300369263,0.31452563405036926,Sadness,-22.49087142944336,-19.87815284729004
160,5.333333333333333,32.13073584431569,-6.430547974509563,0.6240058349494215,0.5607094764709473,0.4309515058994293,-0.101038359105587,0.5335204601287842,0.38262730836868286,-0.12593096494674683,0.5388048887252808,0.421987384557724,-0.08443395793437958,0.45085054636001587,0.39043161273002625,-0.08626760542392731,0.5149667263031006,0.3726184666156769,-0.1256304681301117,0.487689346075058,0.3727197051048279,-0.10646998882293701,0.4133835732936859,0.38156041502952576,-0.01861586980521679,0.262494832277298,0.5130907893180847,-0.04880906641483307,0.37064558267593384,0.3720961809158325,0.01953090727329254,0.34986230731010437,0.360298752784729,0.029673798009753227,0.2694610357284546,0.33579355478286743,0.09618572145700455,0.56916344165802,0.4354833960533142,-0.10143387317657471,0.5764474868774414,0.4422265291213989,-0.09754166752099991,0.5801096558570862,0.4482465386390686,-0.09176884591579437,0.6099300384521484,0.46689942479133606,-0.0802491158246994,0.6232270002365112,0.47222423553466797,-0.0881015732884407,0.6374557018280029,0.47999903559684753,-0.09617399424314499,0.6475925445556641,0.48877352476119995,-0.09657694399356842,0.6800968050956726,0.5052862763404846,-0.08557897061109543,0.5409818887710571,0.39713943004608154,-0.11894387006759644,0.5193936228752136,0.42326807975769043,-0.10407451540231705,0.10696801543235779,0.5870940089225769,0.021217824891209602,0.3266803026199341,0.4785022735595703,-0.033529918640851974,0.3119752109050751,0.4937232732772827,-0.04881421476602554,0.29413655400276184,0.508834958076477,-0.05755845829844475,0.2582453489303589,0.5255691409111023,-0.05733776465058327,0.3361637592315674,0.4641062915325165,-0.014325921423733234,0.26219603419303894,0.46709221601486206,-0.041446637362241745,0.2838175296783447,0.452524870634079,-0.020127296447753906,0.24422591924667358,0.48472049832344055,-0.052260205149650574,0.2352745234966278,0.5006093382835388,-0.05537256971001625,0.2536134123802185,0.5480125546455383,-0.06266026198863983,0.6377667188644409,0.5930081605911255,-0.1293748915195465,0.24873530864715576,0.5177951455116272,-0.046134866774082184,0.18250073492527008,0.6315992474555969,-0.01665116660296917,0.22071048617362976,0.559324324131012,-0.052478961646556854,0.4083062708377838,0.5074867606163025,-0.09787548333406448,0.5336011648178101,0.45193377137184143,-0.11703740805387497,0.555881142616272,0.46286118030548096,-0.11228060722351074,0.5176308751106262,0.48300909996032715,-0.12611182034015656,0.5095552206039429,0.5054221749305725,-0.12397243082523346,0.5385335683822632,0.4847816824913025,-0.11894041299819946,0.5272667407989502,0.5027270913124084,-0.11379361152648926,0.5424332022666931,0.5788403749465942,-0.1163119226694107,0.5198405981063843,0.3953511118888855,-0.1343899965286255,0.4997939467430115,0.3879527449607849,-0.135610431432724,0.19557097554206848,0.5116654634475708,-0.06454979628324509,0.39618557691574097,0.4567636251449585,-0.04971173033118248,0.4629712998867035,0.4611769914627075,-0.11713684350252151,0.4482331871986389,0.4628778100013733,-0.10816062986850739,0.34859350323677063,0.5654180645942688,-0.1217835396528244,0.47490888833999634,0.38742226362228394,-0.11637267470359802,0.23201261460781097,0.45560792088508606,-0.050130996853113174,0.2072792500257492,0.4835754930973053,-0.0611838735640049,0.10455265641212463,0.5344246625900269,0.014839720912277699,0.32565292716026306,0.4031120538711548,-0.005595991387963295,0.30542585253715515,0.4436874985694885,-0.0016345243202522397,0.5042835474014282,0.5800765752792358,-0.12211549282073975,0.3830261528491974,0.7519097328186035,-0.04083017259836197,0.4856254458427429,0.4569317102432251,-0.10027828067541122,0.5046696662902832,0.4464104473590851,-0.09101331979036331,0.5105762481689453,0.5367012023925781,-0.10995416343212128,0.5168030261993408,0.531414806842804,-0.10515115410089493,0.1854359656572342,0.4861949682235718,-0.0518684983253479,0.46646246314048767,0.47419607639312744,-0.10880652815103531,0.2698856592178345,0.42922982573509216,-0.030485128983855247,0.255926251411438,0.4212963879108429,-0.029044687747955322,0.16460973024368286,0.42264482378959656,0.023469815030694008,0.14331448078155518,0.5078328251838684,-0.019946474581956863,0.20632581412792206,0.41453665494918823,0.0009614977752789855,0.17379769682884216,0.5200287699699402,-0.051473431289196014,0.1405561864376068,0.5547522902488708,-0.012747736647725105,0.5453168749809265,0.4574674665927887,-0.11736086010932922,0.5278732776641846,0.48385074734687805,-0.1239418089389801,0.5181940793991089,0.5041264295578003,-0.12039954960346222,0.4918971657752991,0.457939475774765,-0.09252394735813141,0.5139304995536804,0.5340356826782227,-0.10657171905040741,0.5317265391349792,0.5338522791862488,-0.10910873115062714,0.5193697810173035,0.5291612148284912,-0.1040402427315712,0.4953243136405945,0.43053850531578064,-0.12368153780698776,0.5335542559623718,0.5016191005706787,-0.1103488951921463,0.546141505241394,0.48517900705337524,-0.11188951134681702,0.5619510412216187,0.4667055010795593,-0.10730927437543869,0.6522800922393799,0.5302717089653015,-0.10256019979715347,0.6189437508583069,0.5128915309906006,-0.11406884342432022,0.6099519729614258,0.5031662583351135,-0.1131502091884613,0.5982387065887451,0.493277370929718,-0.10461408644914627,0.5891943573951721,0.4861031174659729,-0.09609168022871017,0.5505653619766235,0.5151488184928894,-0.10170987993478775,0.5516706109046936,0.521461546421051,-0.10781269520521164,0.5527573227882385,0.5301745533943176,-0.11462234705686569,0.5542841553688049,0.5387634038925171,-0.11664845794439316,0.48922544717788696,0.5272467732429504,-0.12007953226566315,0.2541050910949707,0.7255057692527771,0.01572631113231182,0.5404130220413208,0.41021156311035156,-0.09546946734189987,0.5359771251678467,0.5229929685592651,-0.10144214332103729,0.5341879725456238,0.5279853940010071,-0.10581137239933014,0.5172220468521118,0.444827675819397,-0.09653768688440323,0.47998547554016113,0.48085862398147583,-0.09021428972482681,0.5116177797317505,0.4453431963920593,-0.09359396249055862,0.38768500089645386,0.4796024560928345,-0.06626438349485397,0.3711283206939697,0.5097290873527527,-0.09106431901454926,0.45092126727104187,0.47561800479888916,-0.10166282206773758,0.12269124388694763,0.47962868213653564,0.012982641346752644,0.16428157687187195,0.46166345477104187,-0.014716763980686665,0.21369779109954834,0.452384889125824,-0.04303557798266411,0.5766072273254395,0.5695531368255615,-0.11811137199401855,0.3039775490760803,0.39063966274261475,-0.0048645357601344585,0.2513006031513214,0.3778330981731415,0.02703404426574707,0.21294650435447693,0.37696462869644165,0.052280355244874954,0.27492496371269226,0.5210578441619873,-0.059860069304704666,0.24616068601608276,0.5738548636436462,-0.07241809368133545,0.3410086929798126,0.4533122777938843,-0.0023314410354942083,0.22236378490924835,0.5237165093421936,-0.058129578828811646,0.39822185039520264,0.4372917115688324,-0.04253971204161644,0.47142067551612854,0.4357869625091553,-0.1254628449678421,0.24617493152618408,0.6114702820777893,-0.07816465944051743,0.27014341950416565,0.5694559216499329,-0.08928150683641434,0.3009398579597473,0.5507555603981018,-0.0900743305683136,0.3332121670246124,0.5166881084442139,-0.07082060724496841,0.35117587447166443,0.4899541735649109,-0.04876140505075455,0.3628857731819153,0.4685150980949402,-0.03247750177979469,0.40125471353530884,0.39826229214668274,-0.028968723490834236,0.2899366319179535,0.628511905670166,-0.10319306701421738,0.20424935221672058,0.5368552207946777,-0.058376189321279526,0.532293438911438,0.40382683277130127,-0.12613001465797424,0.4185372292995453,0.4585888981819153,-0.06693896651268005,0.16233797371387482,0.673322319984436,0.039951764047145844,0.37072283029556274,0.44977834820747375,-0.018636459484696388,0.4468536972999573,0.48600053787231445,-0.08132065087556839,0.24041226506233215,0.5245906710624695,-0.05020829662680626,0.4550250470638275,0.43821316957473755,-0.11284808069467545,0.3110845983028412,0.7449049949645996,-0.008220922201871872,0.3342062830924988,0.45122358202934265,0.005787599366158247,0.46348729729652405,0.41004863381385803,-0.11884106695652008,0.5010218024253845,0.6832460165023804,-0.11494758725166321,0.5191847085952759,0.7159887552261353,-0.0972830280661583,0.2657681405544281,0.6827888488769531,-0.048284947872161865,0.4421968162059784,0.703812837600708,-0.10577643662691116,0.15572072565555573,0.593769907951355,-0.007905729115009308,0.6593385934829712,0.6125019788742065,-0.13435684144496918,0.5328725576400757,0.4156770706176758,-0.09902643412351608,0.41466113924980164,0.48241519927978516,-0.07755449414253235,0.2059284746646881,0.5784242153167725,-0.04780365899205208,0.2880931794643402,0.49871355295181274,-0.04845143482089043,0.3037210702896118,0.486687034368515,-0.041542693972587585,0.5290787220001221,0.5399273633956909,-0.11149688065052032,0.332370400428772,0.651944100856781,-0.11003413051366806,0.7228804230690002,0.5918900370597839,-0.11987650394439697,0.6334607601165771,0.6561726927757263,-0.11616919189691544,0.584264874458313,0.6846176385879517,-0.10836134105920792,0.30177706480026245,0.34345752000808716,0.06461484730243683,0.7585565447807312,0.5556384921073914,-0.09204721450805664,0.3150399327278137,0.4753141701221466,-0.027983730658888817,0.32425469160079956,0.4635140597820282,-0.012996994890272617,0.3308938145637512,0.45547372102737427,-0.00017634477990213782,0.18477171659469604,0.5496606230735779,-0.04688829928636551,0.31131964921951294,0.45637980103492737,-0.008478336967527866,0.2934001684188843,0.4661417007446289,-0.021922113373875618,0.2773341238498688,0.47805145382881165,-0.03451117128133774,0.2626761198043823,0.49256089329719543,-0.044355280697345734,0.2549826502799988,0.5035533905029297,-0.04740609973669052,0.1248106062412262,0.6311924457550049,0.03500819951295853,0.2746836841106415,0.5070041418075562,-0.050042685121297836,0.5503009557723999,0.4277939200401306,-0.08501055091619492,0.49562975764274597,0.5007771253585815,-0.11465178430080414,0.48492395877838135,0.45058828592300415,-0.10403736680746078,0.5275254845619202,0.4529159963130951,-0.10422689467668533,0.38892775774002075,0.38191574811935425,0.009330332279205322,0.5586304068565369,0.6621182560920715,-0.11829107254743576,0.6081738471984863,0.6404934525489807,-0.12503159046173096,0.7072706818580627,0.5777852535247803,-0.13201063871383667,0.4554733633995056,0.7395119071006775,-0.07266255468130112,0.32629820704460144,0.45215192437171936,0.00025330393691547215,0.42249223589897156,0.4140811860561371,-0.06010924279689789,0.7450686097145081,0.5414860248565674,-0.10499747097492218,0.6802941560745239,0.6250182390213013,-0.126265287399292,0.31708207726478577,0.7040501832962036,-0.06495127826929092,0.5695632100105286,0.5026472806930542,-0.10161006450653076,0.5736466646194458,0.5101928114891052,-0.10931917279958725,0.580146074295044,0.5202063322067261,-0.11703267693519592,0.5870217084884644,0.5299568176269531,-0.11910678446292877,0.6140395998954773,0.553909182548523,-0.11709018796682358,0.5201979279518127,0.5180999636650085,-0.10977628082036972,0.513145387172699,0.5209428668022156,-0.11451175808906555,0.5063963532447815,0.5232694149017334,-0.11825232207775116,0.49189043045043945,0.5544333457946777,-0.12283965200185776,0.37376293540000916,0.6142599582672119,-0.12927746772766113,0.39891594648361206,0.4166882336139679,-0.033034298568964005,0.3430468440055847,0.42791450023651123,0.017065908759832382,0.33055561780929565,0.44038933515548706,0.008896766230463982,0.525618314743042,0.5155038237571716,-0.10722242295742035,0.42097076773643494,0.6584545969963074,-0.1205470860004425,0.3639616072177887,0.41030120849609375,0.0023238915018737316,0.6222888231277466,0.5752212405204773,-0.12035916745662689,0.46233323216438293,0.37653154134750366,-0.07594786584377289,0.42701223492622375,0.3947744369506836,-0.05616803467273712,0.43866145610809326,0.37942928075790405,-0.045301880687475204,0.4393579363822937,0.4364832043647766,-0.08208169788122177,0.7227660417556763,0.526439905166626,-0.10523910075426102,0.6979397535324097,0.5155572891235352,-0.09447735548019409,0.666146993637085,0.5455018281936646,-0.11285531520843506,0.5345737338066101,0.6016167998313904,-0.12142837792634964,0.446097195148468,0.5084553360939026,-0.09440610557794571,0.5791828036308289,0.5937837362289429,-0.12123104184865952,0.40277910232543945,0.5463932752609253,-0.12219872325658798,0.4493786692619324,0.5330834984779358,-0.11322561651468277,0.41807839274406433,0.5855986475944519,-0.13083802163600922,0.6863853931427002,0.5605367422103882,-0.12942977249622345,0.4352993965148926,0.4593999981880188,-0.08213004469871521,0.538263738155365,0.6316550970077515,-0.12420301139354706,0.589081883430481,0.6155825257301331,-0.12424955517053604,0.490878701210022,0.6004306674003601,-0.12941499054431915,0.3730180859565735,0.6709322333335876,-0.11141610890626907,0.47227492928504944,0.6362080574035645,-0.12850558757781982,0.374523788690567,0.7140619158744812,-0.08477555215358734,0.46025559306144714,0.5643083453178406,-0.12521275877952576,0.42036980390548706,0.4363611936569214,-0.06328392773866653,0.4871594309806824,0.4326179027557373,-0.12880398333072662,0.47563010454177856,0.4573480188846588,-0.11490622907876968,0.48548561334609985,0.4100630283355713,-0.1336285024881363,0.316768616437912,0.42821410298347473,0.004352231044322252,0.2800678312778473,0.4435140788555145,-0.020863860845565796,0.2520967423915863,0.46160200238227844,-0.04376392439007759,0.23086725175380707,0.48275479674339294,-0.05827390030026436,0.21970725059509277,0.5037589073181152,-0.06202702224254608,0.232467383146286,0.5402429103851318,-0.05243531987071037,0.22112393379211426,0.6588784456253052,-0.03598661720752716,0.2710736393928528,0.5427678227424622,-0.06853990256786346,0.2959800958633423,0.5283145308494568,-0.0669107660651207,0.32000643014907837,0.5059394836425781,-0.05629376694560051,0.3381845951080322,0.48383864760398865,-0.037557102739810944,0.34940364956855774,0.46586012840270996,-0.018087200820446014,0.35721156001091003,0.4518284201622009,-0.006417198106646538,0.20693182945251465,0.7017384171485901,0.03402620553970337,0.4780948758125305,0.46590620279312134,-0.10573866963386536,0.44407668709754944,0.4109324812889099,-0.08657491207122803,0.5046863555908203,0.41063421964645386,-0.13410690426826477,0.5192946195602417,0.4148975610733032,-0.12093687802553177,0.5059247612953186,0.418648362159729,-0.12533101439476013,0.48563769459724426,0.46943336725234985,-0.09537362307310104,0.525231659412384,0.40965765714645386,-0.12514938414096832,0.5265649557113647,0.42053112387657166,-0.10152221471071243,0.34306687116622925,0.44458597898483276,0.010478205047547817,0.35969796776771545,0.43728458881378174,0.006890629418194294,0.3718809187412262,0.4314402639865875,-0.006181095261126757,0.25130730867385864,0.5111753940582275,-0.04800083115696907,0.23279908299446106,0.5148884057998657,-0.05418388545513153,0.4760741889476776,0.36957740783691406,-0.053069502115249634,0.47309714555740356,0.34000471234321594,0.1903505027294159,0.5479692220687866,0.39996424317359924,-0.07907337695360184,0.444286584854126,0.3354929983615875,0.39934277534484863,0.4551575183868408,0.36991697549819946,0.12117031961679459,0.4681946039199829,0.36311981081962585,0.13728024065494537,0.478902667760849,0.35588234663009644,0.15664362907409668,0.4802960753440857,0.34136050939559937,0.19548960030078888,0.4421587884426117,0.373589426279068,0.10824967920780182,0.4337633550167084,0.3299102187156677,0.14942744374275208,0.42134222388267517,0.33949989080429077,0.13103289902210236,0.4474911391735077,0.3243227005004883,0.16867798566818237,0.45916110277175903,0.3241889774799347,0.1844145804643631,0.4998076260089874,0.34383243322372437,0.20977891981601715,0.7398455142974854,0.4854612648487091,-0.014826926402747631,0.4717821180820465,0.3345555067062378,0.20403143763542175,0.5137667655944824,0.3672499656677246,0.36004653573036194,0.49326038360595703,0.3324737548828125,0.25387927889823914,0.5624396204948425,0.3779492974281311,0.059099867939949036,0.5776447653770447,0.41081249713897705,-0.07670615613460541,0.593725860118866,0.426883339881897,-0.07501191645860672,0.6014301776885986,0.3999228775501251,-0.042517296969890594,0.619053065776825,0.3971279561519623,-0.007900120690464973,0.6077556610107422,0.4173249900341034,-0.046180833131074905,0.6188613772392273,0.41243672370910645,-0.01589105650782585,0.6891334056854248,0.44066664576530457,0.03389853239059448,0.5441128015518188,0.37557512521743774,-0.1129017174243927,0.5275444388389587,0.36515167355537415,-0.10993784666061401,0.4603067934513092,0.30762314796447754,0.22049637138843536,0.4896523356437683,0.3798564076423645,0.051410213112831116,0.5605953931808472,0.3745771050453186,-0.021584954112768173,0.5488387942314148,0.37389352917671204,-0.009731268510222435,0.5898075103759766,0.3656207323074341,0.13824714720249176,0.5013858079910278,0.3653881549835205,-0.08359057456254959,0.42807143926620483,0.30988603830337524,0.14923372864723206,0.4446547031402588,0.3048499524593353,0.1876899003982544,0.41464710235595703,0.3123062252998352,0.3524467647075653,0.39465993642807007,0.3483280837535858,0.060554005205631256,0.414856493473053,0.35101833939552307,0.1214788556098938,0.6737561821937561,0.4246678948402405,0.059274666011333466,0.6771875619888306,0.47724419832229614,0.31915774941444397,0.5597706437110901,0.39061596989631653,-0.030268557369709015,0.5533458590507507,0.4026719927787781,-0.056082550436258316,0.6416940689086914,0.40589258074760437,0.04736337065696716,0.6369255781173706,0.4106113314628601,0.032996732741594315,0.4368985891342163,0.2959953844547272,0.2126999944448471,0.5659125447273254,0.38429170846939087,-0.01478990912437439,0.4107349216938019,0.3227247893810272,0.10578196495771408,0.4006064534187317,0.31328970193862915,0.11154554784297943,0.3472844362258911,0.2990320324897766,0.21683090925216675,0.4246108829975128,0.30460989475250244,0.27222269773483276,0.3661169409751892,0.3046989440917969,0.16339240968227386,0.4551735520362854,0.30048811435699463,0.25455784797668457,0.4524524211883545,0.32219499349594116,0.3197489380836487,0.5873700380325317,0.41782182455062866,-0.07746604084968567,0.6059410572052002,0.4082537293434143,-0.045111022889614105,0.6198987364768982,0.4041089415550232,-0.014405000023543835,0.5581663250923157,0.39723560214042664,-0.03433815762400627,0.6394658088684082,0.40843337774276733,0.03888184204697609,0.6490579843521118,0.4164143204689026,0.013261373154819012,0.6343803405761719,0.41280055046081543,0.029943183064460754,0.553436279296875,0.38176101446151733,-0.05883054435253143,0.6164030432701111,0.41969501972198486,-0.01713745668530464,0.6072271466255188,0.42563992738723755,-0.04305141419172287,0.5953102707862854,0.4349595308303833,-0.06897179037332535,0.6969313025474548,0.48600658774375916,-0.06470165401697159,0.6665825843811035,0.4659661054611206,-0.07265669852495193,0.6550544500350952,0.4584209620952606,-0.07100508362054825,0.639057457447052,0.4531250596046448,-0.06226925924420357,0.6251076459884644,0.45118698477745056,-0.05626106634736061,0.6360464096069336,0.4303099513053894,-0.008001395501196384,0.6460268497467041,0.4280332326889038,-0.013955456204712391,0.6575998067855835,0.42613276839256287,-0.01706760562956333,0.6678975820541382,0.42615842819213867,-0.010860109701752663,0.6260806918144226,0.402479350566864,0.014261893928050995,0.5868139863014221,0.4406432509422302,0.41780808568000793,0.6355061531066895,0.4226497411727905,0.015429750084877014,0.6425470113754272,0.4194576144218445,0.011730832047760487,0.5558902621269226,0.4093802571296692,-0.06190333515405655,0.5695347189903259,0.3980668783187866,-0.014347609132528305,0.5548630952835083,0.4061100482940674,-0.059618283063173294,0.5123592615127563,0.37690743803977966,0.06971132755279541,0.5432162284851074,0.36918917298316956,0.0937153548002243,0.5570611953735352,0.3808123469352722,0.00038276275154203176,0.38219311833381653,0.29937079548835754,0.287710040807724,0.3954601287841797,0.29947787523269653,0.22055824100971222,0.4180951714515686,0.2998659610748291,0.16723833978176117,0.6972887516021729,0.45277875661849976,0.006009926553815603,0.3792622685432434,0.3325459063053131,0.06750047206878662,0.3374769389629364,0.3197380304336548,0.11179353296756744,0.31275537610054016,0.3103724718093872,0.14971397817134857,0.4831262230873108,0.34845173358917236,0.17775961756706238,0.5203880071640015,0.34544670581817627,0.23091468214988708,0.4325382709503174,0.37474673986434937,0.10685138404369354,0.47152620553970337,0.3234844207763672,0.21847300231456757,0.46938472986221313,0.3790699243545532,0.03805685415863991,0.5494475364685059,0.3690792918205261,-0.04842773824930191,0.5575361251831055,0.3591931164264679,0.2671857476234436,0.5320625305175781,0.35438472032546997,0.1963314265012741,0.5305390357971191,0.36517900228500366,0.1523120254278183,0.5080600380897522,0.3770826458930969,0.1148628443479538,0.4847561717033386,0.3829577565193176,0.09201769530773163,0.46696311235427856,0.38557666540145874,0.07234949618577957,0.43043383955955505,0.3748577833175659,0.005395678337663412,0.5991765260696411,0.37030866742134094,0.2418837696313858,0.4749121367931366,0.31860047578811646,0.24269434809684753,0.5469992160797119,0.3922479748725891,-0.10897735506296158,0.5099233388900757,0.38083577156066895,0.030807578936219215,0.5041576623916626,0.3971204161643982,0.4522424340248108,0.4518187642097473,0.38584578037261963,0.06338413059711456,0.5566213130950928,0.3875797390937805,0.02200249210000038,0.47428420186042786,0.3327636420726776,0.21313373744487762,0.5348784327507019,0.3691578507423401,-0.034865476191043854,0.6321758031845093,0.45863670110702515,0.37643328309059143,0.4255225360393524,0.3717404007911682,0.11996632069349289,0.5166438817977905,0.36533498764038086,-0.0615239292383194,0.723633885383606,0.46104058623313904,0.14386442303657532,0.7359117269515991,0.4916362166404724,0.17610833048820496,0.6002568006515503,0.39929890632629395,0.32844632863998413,0.7048308849334717,0.45153552293777466,0.19830524921417236,0.4794361889362335,0.34515583515167236,0.3488931953907013,0.7625861763954163,0.49829697608947754,-0.010861119255423546,0.5449284315109253,0.4061606526374817,-0.08871622383594513,0.5336449146270752,0.3814716935157776,0.04376187175512314,0.4990543723106384,0.3330952823162079,0.2897469997406006,0.4682871997356415,0.3504946231842041,0.16198928654193878,0.4591468572616577,0.3577479124069214,0.14488665759563446,0.6552506685256958,0.4140574038028717,0.019976994022727013,0.6357936859130859,0.38919633626937866,0.22280453145503998,0.7765605449676514,0.5289817452430725,-0.04860362783074379,0.7670583724975586,0.5048562288284302,0.060207683593034744,0.7545215487480164,0.49858954548835754,0.1138000562787056,0.4479239583015442,0.36359846591949463,0.13110850751399994,0.4359641373157501,0.36794596910476685,0.12410484254360199,0.4288433790206909,0.3705883026123047,0.12275101244449615,0.47286921739578247,0.314419686794281,0.2785423994064331,0.4247596859931946,0.35856136679649353,0.13016176223754883,0.4310780167579651,0.3489803373813629,0.13868087530136108,0.44136297702789307,0.3408462405204773,0.15211758017539978,0.4535757005214691,0.33553239703178406,0.16821888089179993,0.46265119314193726,0.3342738151550293,0.18106301128864288,0.47103697061538696,0.36302047967910767,0.43606626987457275,0.4720768332481384,0.34482046961784363,0.17813512682914734,0.6032688617706299,0.4009808301925659,-0.01303317490965128,0.5593699216842651,0.38544610142707825,-0.037024933844804764,0.5717493295669556,0.41236451268196106,-0.06282643228769302,0.7411391735076904,0.47343921661376953,0.09106817841529846,0.7502041459083557,0.48681923747062683,0.04014695808291435,0.7639662027359009,0.5153313875198364,-0.06475977599620819,0.711634635925293,0.48742029070854187,0.24774834513664246,0.4247421622276306,0.3669084906578064,0.12462910264730453,0.47223103046417236,0.37336617708206177,-0.005893724504858255,0.7766085863113403,0.513384997844696,0.004737340845167637,0.6402546167373657,0.4193602204322815,0.29593998193740845,0.6335908770561218,0.43947702646255493,-0.031323641538619995,0.6458472609519958,0.4389495849609375,-0.036238107830286026,0.6607391834259033,0.4404321312904358,-0.04021031782031059,0.6734381914138794,0.4450896382331848,-0.03769277036190033,0.7013683319091797,0.4673573672771454,-0.02634744718670845,0.6275681853294373,0.4106484651565552,0.011927634477615356,0.630614161491394,0.4047439694404602,0.018868587911128998,0.6322351694107056,0.39872419834136963,0.02448095753788948,0.6507507562637329,0.41035977005958557,0.04458032548427582,0.6359102129936218,0.38700002431869507,0.15231122076511383,0.44820189476013184,0.3770762085914612,0.022946512326598167,0.4112197160720825,0.3676959276199341,0.08804083615541458,0.41648852825164795,0.3654971420764923,0.11341638118028641,0.6238820552825928,0.41631829738616943,0.010030794888734818,0.6818361282348633,0.41877657175064087,0.16624681651592255,0.40975430607795715,0.37195032835006714,0.04463156685233116,0.7160708904266357,0.4782005250453949,-0.02035873755812645,0.45445680618286133,0.3722228705883026,-0.026982244104146957,0.512046754360199,0.37489616870880127,-0.010867890901863575,0.7144984006881714,0.4949764609336853,-0.06514950096607208,0.6995245218276978,0.44365864992141724,0.052228931337594986,0.5802323818206787,0.3901028037071228,0.03467482328414917,0.7116590738296509,0.46174880862236023,0.016828365623950958,0.6016167402267456,0.37832242250442505,0.08039100468158722,0.6100531816482544,0.39275211095809937,0.04837504029273987,0.6398919224739075,0.392020046710968,0.10148072242736816,0.7414218187332153,0.5025622844696045,-0.06648021191358566,0.5273982286453247,0.3793979585170746,0.00809582881629467,0.7197957038879395,0.45247429609298706,0.07441385835409164,0.7289308905601501,0.4713568389415741,0.029257632791996002,0.6817309856414795,0.4249514043331146,0.07950284332036972,0.665648341178894,0.40840256214141846,0.20826305449008942,0.6941788196563721,0.4274860620498657,0.11279679834842682,0.6751984357833862,0.4380817711353302,0.2583576440811157,0.6429022550582886,0.4027853012084961,0.06583249568939209,0.4908040463924408,0.37745869159698486,0.013958275318145752,0.5547325611114502,0.3752601444721222,-0.058527953922748566,0.5634243488311768,0.3796379566192627,-0.0343349426984787,0.5387663841247559,0.36523014307022095,-0.07802171260118484,0.4065445065498352,0.3515692353248596,0.10256244987249374,0.41722553968429565,0.33320289850234985,0.1243424341082573,0.4324071705341339,0.32169830799102783,0.1472949981689453,0.44760844111442566,0.31578466296195984,0.17369243502616882,0.46039795875549316,0.31659868359565735,0.197743222117424,0.4829135835170746,0.33320683240890503,0.22810295224189758,0.5582259893417358,0.3822445869445801,0.3501805365085602,0.5043606162071228,0.3508402705192566,0.18752853572368622,0.5011873841285706,0.36014461517333984,0.156578928232193,0.48641496896743774,0.3694395124912262,0.1280963271856308,0.46772485971450806,0.3762304186820984,0.10774095356464386,0.4523056745529175,0.3797633647918701,0.09180809557437897,0.4411442279815674,0.3813209533691406,0.0829559862613678,0.5423800945281982,0.4225721061229706,0.44566604495048523,0.5648903250694275,0.3875010013580322,-0.026435645297169685,0.4933095872402191,0.37003636360168457,-0.03064708411693573,0.549588680267334,0.37322163581848145,-0.08916355669498444,0.5487053990364075,0.39126235246658325,-0.09504055231809616,0.5508430600166321,0.38177451491355896,-0.07955591380596161,0.5643836855888367,0.39672136306762695,-0.02870888262987137,0.5492379665374756,0.39070457220077515,-0.1038757711648941,0.5478204488754272,0.40307366847991943,-0.0838933065533638,0.42401593923568726,0.374154269695282,0.10551819950342178,0.4272577464580536,0.37950170040130615,0.0769539624452591,0.4332302510738373,0.38230812549591064,0.05150292068719864,0.46834373474121094,0.3342576026916504,0.1917933076620102,0.4677474796772003,0.32648932933807373,0.20096638798713684,0.2853350043296814,0.4909869432449341,-0.029673172160983086,0.3020516037940979,0.4764707386493683,-0.029673172160983086,0.27072417736053467,0.48367029428482056,-0.029673172160983086,0.267978698015213,0.505885124206543,-0.029673172160983086,0.2992119789123535,0.4984067976474762,-0.029673172160983086,0.4423562288284302,0.3479782044887543,0.15399925410747528,0.4536724090576172,0.3408792018890381,0.15399925410747528,0.42770710587501526,0.338375985622406,0.15399925410747528,0.4306737780570984,0.35502827167510986,0.15399925410747528,0.45654234290122986,0.3572956323623657,0.15399925410747528,0,0,0,0,0,1,1,0,0,0,0,0,0.06133909896016121,0.06220340356230736,0.08078816533088684,0.08302503824234009,0.02746436558663845,0.054564960300922394,0.11746001243591309,0.06569863855838776,0.08000176399946213,0.11039496213197708,0.9600186347961426,0.23030205070972443,Neutral,2.261221170425415,-14.650904655456543
162,5.4,33.88746345828733,-16.158404994561405,1.055486406787723,0.5209161043167114,0.4591142535209656,-0.07060708105564117,0.46166762709617615,0.38136225938796997,-0.10889481753110886,0.48553943634033203,0.41511523723602295,-0.06397975981235504,0.3832923471927643,0.40855711698532104,-0.09113720804452896,0.4389914274215698,0.3771883249282837,-0.11267179250717163,0.41080358624458313,0.38387197256088257,-0.1007939875125885,0.33326756954193115,0.41121041774749756,-0.0385948047041893,0.2538054883480072,0.5690857768058777,-0.09168660640716553,0.2820952534675598,0.41428881883621216,-0.01647377945482731,0.25453421473503113,0.4088367521762848,-0.01448806468397379,0.15274018049240112,0.41099733114242554,0.025464065372943878,0.527847170829773,0.45775872468948364,-0.06889433413743973,0.533923327922821,0.45554596185684204,-0.06335507333278656,0.5379321575164795,0.4531661570072174,-0.053923748433589935,0.6392908096313477,0.4505334198474884,-0.0467100515961647,0.6503297090530396,0.4508053660392761,-0.049013420939445496,0.6612051129341125,0.45026499032974243,-0.053662050515413284,0.6717926263809204,0.4475647211074829,-0.0506119579076767,0.6579508781433105,0.4434225261211395,-0.03419201076030731,0.47487732768058777,0.3924732208251953,-0.10051321983337402,0.46833306550979614,0.4210261106491089,-0.08812098205089569,0.150698721408844,0.6870487928390503,-0.06294021755456924,0.30178889632225037,0.5046095252037048,-0.06579035520553589,0.29686832427978516,0.5256732702255249,-0.082255057990551,0.28924280405044556,0.5477245450019836,-0.09352219104766846,0.25772809982299805,0.5792375206947327,-0.09914210438728333,0.3023860454559326,0.48791220784187317,-0.04578736796975136,0.21811050176620483,0.5340174436569214,-0.08639617264270782,0.23096317052841187,0.5099787712097168,-0.06357736885547638,0.21263431012630463,0.5577670931816101,-0.09880943596363068,0.2159874588251114,0.5741909146308899,-0.10262409597635269,0.2722712755203247,0.5970948934555054,-0.1033722385764122,0.6702182292938232,0.5286843180656433,-0.07674182206392288,0.24070200324058533,0.5788010358810425,-0.09175176173448563,0.2523214519023895,0.6985306739807129,-0.07503194361925125,0.24221225082874298,0.6222612857818604,-0.10176098346710205,0.41416478157043457,0.517786979675293,-0.10115168988704681,0.5079748630523682,0.4803897440433502,-0.08893034607172012,0.525817334651947,0.4728427529335022,-0.08035889267921448,0.505142092704773,0.49736759066581726,-0.10083847492933273,0.5104954242706299,0.5057143568992615,-0.1023923009634018,0.521740734577179,0.4862382709980011,-0.09084822982549667,0.5227022171020508,0.4941355586051941,-0.08926814794540405,0.590527355670929,0.5358346104621887,-0.08988489955663681,0.45676520466804504,0.39592939615249634,-0.11892351508140564,0.4344310760498047,0.39383190870285034,-0.12435980886220932,0.1848914623260498,0.6050558090209961,-0.1227867528796196,0.36375534534454346,0.4798738658428192,-0.06660310924053192,0.4411497712135315,0.4650833010673523,-0.11074187606573105,0.42707687616348267,0.4704033434391022,-0.10498905181884766,0.39468175172805786,0.5831015110015869,-0.13501645624637604,0.40821170806884766,0.4000661373138428,-0.11288566887378693,0.1813524216413498,0.5505470037460327,-0.10484934598207474,0.17715801298618317,0.5818483233451843,-0.1191583126783371,0.11867345869541168,0.6396082639694214,-0.07355834543704987,0.2404550015926361,0.45758453011512756,-0.04653684422373772,0.2495032250881195,0.4904744625091553,-0.042691316455602646,0.560247540473938,0.5458841323852539,-0.10152950882911682,0.5118566751480103,0.7396764755249023,-0.04279167577624321,0.45860302448272705,0.4554465711116791,-0.09083844721317291,0.46902287006378174,0.4427626132965088,-0.07606551796197891,0.5352393388748169,0.5072180032730103,-0.09035306423902512,0.5384665131568909,0.501433253288269,-0.08494168519973755,0.1557992547750473,0.5939575433731079,-0.11597330123186111,0.4518652558326721,0.4746344983577728,-0.10060068219900131,0.19944451749324799,0.5103363394737244,-0.07958627492189407,0.1792648434638977,0.5138759613037109,-0.0831572636961937,0.10840952396392822,0.5185891389846802,-0.05916358903050423,0.14254824817180634,0.6018803119659424,-0.09670878201723099,0.14802037179470062,0.4973791539669037,-0.07067325711250305,0.1668216586112976,0.6198167204856873,-0.11561785638332367,0.16673745214939117,0.644976019859314,-0.08802400529384613,0.5178245306015015,0.4773671627044678,-0.08747642487287521,0.5139526128768921,0.49241286516189575,-0.09721376746892929,0.5164586305618286,0.5005479454994202,-0.0969935953617096,0.4645940959453583,0.4546419382095337,-0.08112426847219467,0.5372964143753052,0.5043132901191711,-0.08662738651037216,0.5599286556243896,0.5021983981132507,-0.08553537726402283,0.53901207447052,0.4989885687828064,-0.08370426297187805,0.45185476541519165,0.43174299597740173,-0.11382324993610382,0.5253663659095764,0.4889940321445465,-0.0832725465297699,0.5256670713424683,0.4805757999420166,-0.08063153922557831,0.5308228135108948,0.46844732761383057,-0.072087362408638,0.650626003742218,0.4703158438205719,-0.05355943739414215,0.6516753435134888,0.47512224316596985,-0.07099883258342743,0.6425473690032959,0.47509101033210754,-0.07403653115034103,0.6328514814376831,0.472657710313797,-0.06894726306200027,0.6239556074142456,0.4696630537509918,-0.06554210186004639,0.5828590989112854,0.4893363118171692,-0.07806993275880814,0.5837357044219971,0.49361544847488403,-0.08048510551452637,0.5847128629684448,0.49848729372024536,-0.08512020111083984,0.5863926410675049,0.5017973184585571,-0.08629602193832397,0.5127253532409668,0.5071149468421936,-0.10456401854753494,0.37212279438972473,0.7609062790870667,-0.021403910592198372,0.48018312454223633,0.40448325872421265,-0.07622374594211578,0.5634826421737671,0.49418890476226807,-0.08051865547895432,0.5617714524269104,0.4981846809387207,-0.0828990563750267,0.4806506037712097,0.4380561113357544,-0.07801871001720428,0.4685894250869751,0.47582918405532837,-0.0783541202545166,0.4753115177154541,0.4401669502258301,-0.07715325802564621,0.3713165819644928,0.5011786818504333,-0.08111026138067245,0.3785064220428467,0.5304356217384338,-0.10501117259263992,0.4369657635688782,0.48004963994026184,-0.09726420789957047,0.10323157906532288,0.5836107134819031,-0.0743323564529419,0.13501772284507751,0.5533947944641113,-0.09006098657846451,0.15969903767108917,0.5585926175117493,-0.10417771339416504,0.6113954186439514,0.519582211971283,-0.08497070521116257,0.2065858393907547,0.4626258909702301,-0.05304992198944092,0.16901148855686188,0.4514499306678772,-0.03993231803178787,0.12601715326309204,0.46309807896614075,-0.023867981508374214,0.27476903796195984,0.567531943321228,-0.09889733046293259,0.28291574120521545,0.6217139363288879,-0.1124899759888649,0.2997032403945923,0.4775313436985016,-0.03476489335298538,0.21893027424812317,0.5980751514434814,-0.10938194394111633,0.3528616428375244,0.4627169072628021,-0.06073431298136711,0.43421757221221924,0.4420269727706909,-0.11870677024126053,0.312628835439682,0.65916508436203,-0.1176302433013916,0.3104531466960907,0.605713427066803,-0.12196016311645508,0.33445650339126587,0.5761655569076538,-0.11648500710725784,0.34512898325920105,0.533385157585144,-0.09330511838197708,0.3441089391708374,0.5028967261314392,-0.07078833132982254,0.34095627069473267,0.48113059997558594,-0.05512663349509239,0.3320176601409912,0.4287315607070923,-0.05065083131194115,0.3702090084552765,0.6574673652648926,-0.12949827313423157,0.21003006398677826,0.6159443855285645,-0.11430367082357407,0.4710206985473633,0.4003683924674988,-0.10867190361022949,0.38972875475883484,0.4749956429004669,-0.07584396749734879,0.2517649531364441,0.7467523217201233,-0.0247139111161232,0.33514681458473206,0.46435704827308655,-0.0429757684469223,0.4379987120628357,0.4901379346847534,-0.07814621180295944,0.23680052161216736,0.5877533555030823,-0.0965089350938797,0.4186006784439087,0.4485088586807251,-0.11017800122499466,0.43912050127983093,0.7574601173400879,-0.029098547995090485,0.2897077798843384,0.4784368872642517,-0.029927870258688927,0.41024142503738403,0.42222708463668823,-0.1159401461482048,0.5952413082122803,0.6427836418151855,-0.08927491307258606,0.6223742961883545,0.6682893633842468,-0.06989961117506027,0.3691282570362091,0.714824914932251,-0.08031944185495377,0.5501978397369385,0.6766168475151062,-0.0914255678653717,0.20403644442558289,0.6737677454948425,-0.07688799500465393,0.6975172758102417,0.5411974787712097,-0.07529985904693604,0.4766356348991394,0.41121071577072144,-0.08074647933244705,0.4021356403827667,0.49596917629241943,-0.08350129425525665,0.23760995268821716,0.6430492401123047,-0.09995649755001068,0.2733304798603058,0.5438629388809204,-0.08688732981681824,0.28199049830436707,0.5244908332824707,-0.07792431861162186,0.5584045648574829,0.5058979988098145,-0.08761049807071686,0.4244253635406494,0.6626323461532593,-0.12254555523395538,0.7381342053413391,0.5095834136009216,-0.05479304865002632,0.6955065727233887,0.5879281759262085,-0.06951780617237091,0.6662073135375977,0.6248886585235596,-0.07090823352336884,0.19457438588142395,0.4074326753616333,0.003433613572269678,0.746740460395813,0.4694843888282776,-0.022349519655108452,0.28628528118133545,0.5075659155845642,-0.06314970552921295,0.28831833600997925,0.4924088418483734,-0.048043154180049896,0.28950923681259155,0.48285970091819763,-0.03582404553890228,0.19661805033683777,0.6335639953613281,-0.10696291923522949,0.26756536960601807,0.49441221356391907,-0.048406876623630524,0.25385206937789917,0.5120038390159607,-0.06354836374521255,0.24471190571784973,0.5310230255126953,-0.0776672214269638,0.2393869161605835,0.5509682893753052,-0.0887216329574585,0.23906749486923218,0.5642387866973877,-0.0922166034579277,0.19245336949825287,0.7209333181381226,-0.041490793228149414,0.2639349400997162,0.5581289529800415,-0.09085212647914886,0.5027728080749512,0.41503840684890747,-0.06136508285999298,0.500402569770813,0.48601827025413513,-0.09723389148712158,0.4542926549911499,0.45044124126434326,-0.09542614966630936,0.4995025396347046,0.4399145841598511,-0.08220075815916061,0.3056972324848175,0.41822198033332825,-0.019341161474585533,0.6363970637321472,0.6107392311096191,-0.0810469537973404,0.6680914759635925,0.5785243511199951,-0.07654319703578949,0.719649076461792,0.49924856424331665,-0.06347162276506424,0.5738650560379028,0.7066165208816528,-0.059316303580999374,0.2818256616592407,0.4835869371891022,-0.037618160247802734,0.3663583993911743,0.4362073540687561,-0.07285481691360474,0.7290958166122437,0.4583142399787903,-0.0315852053463459,0.7200958132743835,0.5490604639053345,-0.06988862156867981,0.4306904971599579,0.7155057191848755,-0.0814642459154129,0.6042107343673706,0.4816387891769409,-0.0745212733745575,0.6086766719818115,0.48581406474113464,-0.07820380479097366,0.6141232252120972,0.49029481410980225,-0.08341986685991287,0.6215276122093201,0.4927029311656952,-0.08312004804611206,0.6326362490653992,0.49797287583351135,-0.07640388607978821,0.5279672145843506,0.49891960620880127,-0.08867672085762024,0.5240387916564941,0.504173755645752,-0.09455972164869308,0.5190384387969971,0.5087817907333374,-0.09898565709590912,0.5337111353874207,0.5273771286010742,-0.10749512910842896,0.44591155648231506,0.6156531572341919,-0.13197259604930878,0.34080177545547485,0.44505375623703003,-0.05348852649331093,0.2805129885673523,0.46093592047691345,-0.019858049228787422,0.27634093165397644,0.4745592474937439,-0.02963593415915966,0.5292540788650513,0.4945394992828369,-0.084222711622715,0.5119075775146484,0.6409610509872437,-0.11155294626951218,0.29223406314849854,0.44110003113746643,-0.029499128460884094,0.649023711681366,0.5154117941856384,-0.07357034832239151,0.385102778673172,0.393646776676178,-0.07893949747085571,0.3592294752597809,0.41868284344673157,-0.06989730894565582,0.36032921075820923,0.40238937735557556,-0.0574856661260128,0.39926877617836,0.4508441388607025,-0.08673151582479477,0.7029063105583191,0.45102381706237793,-0.03814741224050522,0.6766656637191772,0.4480173885822296,-0.03507643938064575,0.6686253547668457,0.48035895824432373,-0.05677524581551552,0.5921720862388611,0.5609456896781921,-0.09262142330408096,0.4521714150905609,0.5086631178855896,-0.08972775191068649,0.6242784261703491,0.542554497718811,-0.08313009142875671,0.4357430934906006,0.5499073266983032,-0.12120267748832703,0.4732348322868347,0.5257580280303955,-0.1058572381734848,0.47392770648002625,0.578145444393158,-0.12425100058317184,0.6935789585113525,0.48901909589767456,-0.06698675453662872,0.40916916728019714,0.4714205861091614,-0.08498185873031616,0.6070311069488525,0.5884009003639221,-0.09204207360744476,0.6411293148994446,0.5604059100151062,-0.08065489679574966,0.5544693470001221,0.5703177452087402,-0.10880708694458008,0.4721303880214691,0.6664389371871948,-0.11258202791213989,0.5507203936576843,0.6074274778366089,-0.1101379320025444,0.4908900260925293,0.7062296271324158,-0.08579785376787186,0.5060680508613586,0.5467325448989868,-0.11384190618991852,0.37758535146713257,0.45589253306388855,-0.07435755431652069,0.4467262923717499,0.43546509742736816,-0.11998011916875839,0.45070943236351013,0.4584220349788666,-0.10566674172878265,0.4329271614551544,0.41685014963150024,-0.12550507485866547,0.24897488951683044,0.4765321612358093,-0.0382399745285511,0.21922807395458221,0.5096799731254578,-0.06768587231636047,0.20403438806533813,0.5403669476509094,-0.0925365760922432,0.19911272823810577,0.5675261616706848,-0.10893955081701279,0.20309951901435852,0.5869693756103516,-0.11418939381837845,0.24083572626113892,0.6025657653808594,-0.10023847222328186,0.30950385332107544,0.7097806334495544,-0.08183063566684723,0.28940144181251526,0.5845388770103455,-0.10515736043453217,0.30897364020347595,0.5608646869659424,-0.09921980649232864,0.318707674741745,0.5306394100189209,-0.08502267301082611,0.32153111696243286,0.5033340454101562,-0.06475597620010376,0.32074931263923645,0.4837357997894287,-0.04546056315302849,0.3189740777015686,0.47000861167907715,-0.03418191522359848,0.31132543087005615,0.7572282552719116,-0.018234383314847946,0.45769003033638,0.464731365442276,-0.09605036675930023,0.3887477517127991,0.4280503988265991,-0.0918985903263092,0.4504558742046356,0.4126339554786682,-0.12181010097265244,0.46399450302124023,0.41350257396698,-0.10525138676166534,0.45437341928482056,0.41937708854675293,-0.11329639703035355,0.4664345383644104,0.46520236134529114,-0.08370280265808105,0.46741604804992676,0.4073244333267212,-0.10823322832584381,0.47337570786476135,0.41700440645217896,-0.0843968614935875,0.2943960726261139,0.47057151794433594,-0.023398382589221,0.3092878758907318,0.4588688910007477,-0.023487981408834457,0.32067522406578064,0.4512951970100403,-0.032785337418317795,0.239963099360466,0.5725054144859314,-0.09299058467149734,0.2230493426322937,0.5856136083602905,-0.10167253017425537,0.3920193612575531,0.3837711215019226,-0.05425449460744858,0.3757646381855011,0.3785857558250427,0.1731516271829605,0.47847893834114075,0.393452525138855,-0.06017092242836952,0.28575965762138367,0.38167279958724976,0.35832351446151733,0.38099080324172974,0.3947101831436157,0.10537561029195786,0.38564932346343994,0.3892045021057129,0.12333934754133224,0.38846734166145325,0.3842644691467285,0.14354421198368073,0.3840358853340149,0.38380661606788635,0.18091976642608643,0.37420549988746643,0.39806854724884033,0.08930613845586777,0.34347695112228394,0.37970778346061707,0.12582629919052124,0.3415905833244324,0.38650184869766235,0.10429994016885757,0.3475542366504669,0.37540674209594727,0.1470668464899063,0.3545394241809845,0.3745269179344177,0.16397660970687866,0.39731112122535706,0.38342517614364624,0.1976252943277359,0.6868926882743835,0.4164402484893799,0.0471915528178215,0.3743366301059723,0.37882107496261597,0.18532371520996094,0.3733232617378235,0.3824591636657715,0.3410060405731201,0.38569480180740356,0.3844919204711914,0.2372739017009735,0.4633742868900299,0.37350767850875854,0.07135169208049774,0.5258125066757202,0.4366009831428528,-0.04507406800985336,0.5401121377944946,0.4359888434410095,-0.03993425890803337,0.539198637008667,0.41327881813049316,-0.00969921238720417,0.5534256100654602,0.3964774012565613,0.022782975807785988,0.5476520657539368,0.4188014566898346,-0.011979305185377598,0.5571562051773071,0.4044325649738312,0.015910625457763672,0.6270757913589478,0.39272230863571167,0.06991902738809586,0.46497678756713867,0.37257933616638184,-0.09503587335348129,0.4440228343009949,0.3666956424713135,-0.09601922333240509,0.3359518051147461,0.3671663999557495,0.19409768283367157,0.39541321992874146,0.39235472679138184,0.046253617852926254,0.47103649377822876,0.36886096000671387,-0.004401593003422022,0.458017498254776,0.37148651480674744,0.004576616454869509,0.472734272480011,0.35893714427948,0.15023499727249146,0.41716450452804565,0.37383660674095154,-0.07671763747930527,0.31368789076805115,0.36844781041145325,0.11536532640457153,0.3225937485694885,0.36512014269828796,0.15687520802021027,0.25247758626937866,0.365180104970932,0.30306604504585266,0.3131293058395386,0.3902306854724884,0.02586054615676403,0.34305340051651,0.39364761114120483,0.0941234678030014,0.605668306350708,0.3845844864845276,0.09179346263408661,0.5857263207435608,0.4431581199169159,0.35512644052505493,0.4806004464626312,0.3830786645412445,-0.012032986618578434,0.48338598012924194,0.39480000734329224,-0.03701665252447128,0.5872607827186584,0.37564361095428467,0.07640174776315689,0.5861152410507202,0.38187530636787415,0.060972582548856735,0.3097367286682129,0.3639518618583679,0.17749451100826263,0.4809045195579529,0.37675172090530396,0.003847006941214204,0.3092420697212219,0.3758072555065155,0.07102607935667038,0.2915177345275879,0.37249457836151123,0.07261539250612259,0.19708681106567383,0.36203432083129883,0.15588177740573883,0.26739031076431274,0.3509458303451538,0.2279808223247528,0.2264591008424759,0.3594341278076172,0.10961959511041641,0.32624804973602295,0.3676462173461914,0.22420737147331238,0.2962358295917511,0.36137843132019043,0.28113284707069397,0.5342118740081787,0.4361579418182373,-0.044049110263586044,0.5444974303245544,0.4160219132900238,-0.011547334492206573,0.5556513667106628,0.3999147117137909,0.016976067796349525,0.48324501514434814,0.38946110010147095,-0.01677478849887848,0.5871134996414185,0.37886327505111694,0.06719701737165451,0.6091904640197754,0.38162434101104736,0.044252485036849976,0.5852404832839966,0.38405728340148926,0.057995155453681946,0.4709962010383606,0.37602055072784424,-0.04151526838541031,0.556639552116394,0.4073568284511566,0.016432838514447212,0.5488749742507935,0.4208499789237976,-0.006345040164887905,0.5432472229003906,0.43617910146713257,-0.030537761747837067,0.6596829891204834,0.42472803592681885,-0.013455330394208431,0.6764602661132812,0.4199790060520172,-0.026898538693785667,0.666534423828125,0.42374128103256226,-0.028393082320690155,0.6544075012207031,0.42729586362838745,-0.023284118622541428,0.6428473591804504,0.43001991510391235,-0.022314785048365593,0.6203685998916626,0.4009031653404236,0.022071601822972298,0.6255339980125427,0.3960413932800293,0.019524099305272102,0.6318674087524414,0.38917410373687744,0.01865300163626671,0.6373509168624878,0.38295167684555054,0.02570425532758236,0.5496121048927307,0.37773239612579346,0.04067328944802284,0.47509628534317017,0.4367968440055847,0.42228934168815613,0.6043022274971008,0.39232730865478516,0.0434873104095459,0.607183575630188,0.38705697655677795,0.04183472320437431,0.49150359630584717,0.40030837059020996,-0.03951815143227577,0.493180513381958,0.38863325119018555,0.005210115108639002,0.48765045404434204,0.3975505828857422,-0.039188992232084274,0.41312167048454285,0.3854423463344574,0.06918825209140778,0.4363110363483429,0.37147533893585205,0.09805676341056824,0.46857115626335144,0.3758561313152313,0.016187092289328575,0.22296927869319916,0.35773324966430664,0.23232059180736542,0.2448929399251938,0.3510677218437195,0.17161770164966583,0.29697439074516296,0.36557188630104065,0.12871605157852173,0.6383689045906067,0.3993540406227112,0.046646688133478165,0.2871910333633423,0.3843683898448944,0.0263532605022192,0.2114284485578537,0.3781108558177948,0.05439473316073418,0.17505241930484772,0.37854549288749695,0.08441732823848724,0.38846009969711304,0.38312071561813354,0.1647905707359314,0.4123762249946594,0.3852960169315338,0.2226305454969406,0.3685102164745331,0.4005308151245117,0.08573697507381439,0.3612169623374939,0.3770771622657776,0.19708117842674255,0.37763819098472595,0.3954881429672241,0.029239648953080177,0.4596792161464691,0.36579540371894836,-0.03284493833780289,0.4212774932384491,0.36206403374671936,0.26314741373062134,0.4243227243423462,0.37909266352653503,0.19335304200649261,0.42756733298301697,0.3765733242034912,0.15069827437400818,0.4186233878135681,0.3833771049976349,0.11102283000946045,0.40603747963905334,0.39152830839157104,0.0848240926861763,0.393643319606781,0.395582914352417,0.06162828579545021,0.34314221143722534,0.40076538920402527,-0.012466530315577984,0.4706764221191406,0.36276674270629883,0.2509196698665619,0.3579462468624115,0.3759027123451233,0.22070159018039703,0.4762611985206604,0.38624781370162964,-0.08958307653665543,0.4190909266471863,0.38858506083488464,0.033117763698101044,0.37098929286003113,0.42060527205467224,0.43048131465911865,0.38087257742881775,0.3983360528945923,0.048095703125,0.4700109660625458,0.38322359323501587,0.03568920120596886,0.374695748090744,0.3817290663719177,0.19443514943122864,0.4442943334579468,0.3701869249343872,-0.022816818207502365,0.5297210216522217,0.44032716751098633,0.39615029096603394,0.36363521218299866,0.4008570909500122,0.09587657451629639,0.4281264543533325,0.3699257969856262,-0.052202071994543076,0.6433897018432617,0.4047914147377014,0.19362983107566833,0.6637963056564331,0.43302232027053833,0.23000980913639069,0.47616854310035706,0.38920873403549194,0.33585286140441895,0.6138480305671692,0.40451744198799133,0.24267615377902985,0.32986605167388916,0.37330588698387146,0.31890690326690674,0.7114382386207581,0.4211317002773285,0.05937575921416283,0.4811129570007324,0.3998682200908661,-0.06911525875329971,0.44007250666618347,0.38379502296447754,0.050949014723300934,0.3908957242965698,0.38997477293014526,0.27332741022109985,0.37663939595222473,0.38117021322250366,0.14583224058151245,0.3749077320098877,0.385560542345047,0.12805505096912384,0.6110695600509644,0.3763335347175598,0.052008699625730515,0.515906572341919,0.37082844972610474,0.2440638691186905,0.7437175512313843,0.4437447488307953,0.022759299725294113,0.7122847437858582,0.43029987812042236,0.12340957671403885,0.6923989653587341,0.43050074577331543,0.17204508185386658,0.3714121878147125,0.3906073272228241,0.1126168817281723,0.3668556213378906,0.39518946409225464,0.10317130386829376,0.36488622426986694,0.3988625407218933,0.09958739578723907,0.3535909056663513,0.37947940826416016,0.25422433018684387,0.35721132159233093,0.39264920353889465,0.10562464594841003,0.3573237657546997,0.3865526020526886,0.11500910669565201,0.3592830300331116,0.38092613220214844,0.12999649345874786,0.36345750093460083,0.37664806842803955,0.14770612120628357,0.3682096004486084,0.3759722113609314,0.16126590967178345,0.32248327136039734,0.39972421526908875,0.40321454405784607,0.37619921565055847,0.378976434469223,0.16178371012210846,0.5288399457931519,0.38193973898887634,0.013093245215713978,0.4773864150047302,0.3783845603466034,-0.020679475739598274,0.5118475556373596,0.39745476841926575,-0.036938756704330444,0.6709089279174805,0.4082582890987396,0.14755891263484955,0.6905069351196289,0.4163309931755066,0.1039271354675293,0.7272226810455322,0.4331189692020416,0.009858112782239914,0.6303979158401489,0.43960151076316833,0.2955609858036041,0.36023858189582825,0.3974115252494812,0.1001611202955246,0.3838564157485962,0.3884921967983246,-0.012235093861818314,0.730536699295044,0.43286651372909546,0.07287030667066574,0.5263556838035583,0.3962315618991852,0.3174452781677246,0.6355130672454834,0.4138619303703308,0.0010496078757569194,0.6444048881530762,0.4086771309375763,0.0003347219608258456,0.6543527841567993,0.4031336307525635,-0.0011822328669950366,0.6639129519462585,0.3973096013069153,0.002977408468723297,0.6503245830535889,0.40947481989860535,0.019243573769927025,0.5693745613098145,0.3913644552230835,0.04127296805381775,0.5694169998168945,0.38692915439605713,0.0478246696293354,0.5681664943695068,0.3830764889717102,0.05320156365633011,0.5770255327224731,0.37851235270500183,0.07191222161054611,0.5235044956207275,0.3676225543022156,0.17639625072479248,0.35897794365882874,0.39868515729904175,0.009266795590519905,0.344653457403183,0.402496337890625,0.060277801007032394,0.35102182626724243,0.40049636363983154,0.08626937866210938,0.5678171515464783,0.39440420269966125,0.04032649099826813,0.5806563496589661,0.38247090578079224,0.20207838714122772,0.33902764320373535,0.4008588194847107,0.01752229407429695,0.6654950380325317,0.4161966145038605,0.03333987295627594,0.36886680126190186,0.39177024364471436,-0.03733668103814125,0.42332923412323,0.38091355562210083,-0.006586092058569193,0.6765120029449463,0.42896196246147156,-0.005407135467976332,0.6308861970901489,0.3920322060585022,0.0927850529551506,0.49176234006881714,0.37932536005973816,0.052072372287511826,0.6513628959655762,0.40398848056793213,0.06423437595367432,0.497536838054657,0.36502113938331604,0.0995759516954422,0.5202571749687195,0.37345510721206665,0.06992371380329132,0.5383484363555908,0.3682710528373718,0.1273469775915146,0.7023857831954956,0.42811959981918335,0.0012069711228832603,0.43812212347984314,0.38263338804244995,0.015896541997790337,0.6459348201751709,0.3949947953224182,0.1225241869688034,0.6670384407043457,0.4081007242202759,0.0853043720126152,0.604319155216217,0.3824411630630493,0.11528158187866211,0.5542217493057251,0.37934815883636475,0.23877806961536407,0.6054123640060425,0.3835282325744629,0.15139275789260864,0.5722560286521912,0.40242475271224976,0.2932049036026001,0.5578259825706482,0.37413692474365234,0.09250817447900772,0.4011404514312744,0.38876742124557495,0.012089557014405727,0.46866321563720703,0.3699737787246704,-0.04169842600822449,0.47750502824783325,0.372356653213501,-0.016023721545934677,0.45069095492362976,0.36456790566444397,-0.06280770152807236,0.3320620656013489,0.39472532272338867,0.0719544067978859,0.3294564485549927,0.3837226629257202,0.0935477614402771,0.33115532994270325,0.3756031394004822,0.11855447292327881,0.33572646975517273,0.37038785219192505,0.1479886919260025,0.3456859588623047,0.37108710408210754,0.17393136024475098,0.3805750012397766,0.3836265206336975,0.21023547649383545,0.42492932081222534,0.38432881236076355,0.3442573547363281,0.4043249785900116,0.3810573220252991,0.17814165353775024,0.40597301721572876,0.38134461641311646,0.14774927496910095,0.40122783184051514,0.3869175314903259,0.11855223029851913,0.3925367593765259,0.39407771825790405,0.09576807171106339,0.3835691809654236,0.39845025539398193,0.07626339793205261,0.37514686584472656,0.4012824296951294,0.06493488699197769,0.4215194582939148,0.43291428685188293,0.4360221326351166,0.48306238651275635,0.3793509602546692,-0.007927936501801014,0.40557196736335754,0.3802720308303833,-0.02912655845284462,0.4653860628604889,0.36895179748535156,-0.07195679843425751,0.4745178818702698,0.38495999574661255,-0.07643585652112961,0.46980535984039307,0.37626922130584717,-0.06231135502457619,0.4882414937019348,0.3881705403327942,-0.009683075360953808,0.47607243061065674,0.3843470811843872,-0.08469702303409576,0.4809536337852478,0.39641308784484863,-0.06463509052991867,0.3620348274707794,0.40269142389297485,0.08164215832948685,0.3630400598049164,0.4042012095451355,0.05425393953919411,0.3637881278991699,0.40103089809417725,0.031224889680743217,0.3712305724620819,0.3768118917942047,0.1724889725446701,0.3630179762840271,0.3770335912704468,0.1814391016960144,0.2535938024520874,0.5219525694847107,-0.06982602179050446,0.26104533672332764,0.49985191226005554,-0.06982602179050446,0.2328566610813141,0.519187867641449,-0.06982602179050446,0.24547341465950012,0.5431447625160217,-0.06982602179050446,0.27354028820991516,0.5243966579437256,-0.06982602179050446,0.34530311822891235,0.3805711269378662,0.13360317051410675,0.3495156466960907,0.37330615520477295,0.13360317051410675,0.3289821147918701,0.3777937591075897,0.13360317051410675,0.34110310673713684,0.3881416618824005,0.13360317051410675,0.3614455759525299,0.3834354281425476,0.13360317051410675,0,0,0,0,0,1,1,0,0,0,0,0,0.11876729130744934,0.0747065395116806,0.0744287520647049,0.09002703428268433,0.024150477722287178,0.056373484432697296,0.13571082055568695,0.08674116432666779,0.10440316051244736,0.1562875658273697,1.1148030757904053,0.4381411075592041,Neutral,18.970380783081055,-18.35525894165039
163,5.433333333333334,30.411966685304247,-12.877935180189592,0.7443501699582669,0.546371579170227,0.42389506101608276,-0.0905759334564209,0.4856872856616974,0.36947834491729736,-0.11393319070339203,0.5048061013221741,0.4083871841430664,-0.07706421613693237,0.4131380021572113,0.38812440633773804,-0.08013366907835007,0.46592581272125244,0.3623765707015991,-0.11373013257980347,0.44183439016342163,0.36633598804473877,-0.09631045162677765,0.3773062527179718,0.38641759753227234,-0.016872888430953026,0.263429194688797,0.5424200892448425,-0.05852345749735832,0.33605435490608215,0.38354921340942383,0.01822543703019619,0.31285983324050903,0.37494611740112305,0.028127869591116905,0.2332245111465454,0.36418452858924866,0.08769162744283676,0.5511482357978821,0.42617544531822205,-0.09079873561859131,0.5537338852882385,0.4297369420528412,-0.08742476254701614,0.5535273551940918,0.43327295780181885,-0.0823504701256752,0.6333284378051758,0.45861488580703735,-0.07260677963495255,0.6452343463897705,0.46160686016082764,-0.07982546836137772,0.655614972114563,0.4656412899494171,-0.08753211796283722,0.6625998020172119,0.47060152888298035,-0.08851338177919388,0.666884183883667,0.4702928960323334,-0.08018408715724945,0.49764731526374817,0.3829544186592102,-0.10777948796749115,0.48499569296836853,0.4110259413719177,-0.09613220393657684,0.149837926030159,0.6280724406242371,-0.0015968441730365157,0.3220731019973755,0.490368515253067,-0.03879058361053467,0.311115026473999,0.5095244646072388,-0.05459912493824959,0.296822190284729,0.5285413861274719,-0.06452479958534241,0.2631346583366394,0.5529899001121521,-0.06718006730079651,0.3279610276222229,0.47405433654785156,-0.019621511921286583,0.24400365352630615,0.49956339597702026,-0.04888055846095085,0.2629431188106537,0.47907745838165283,-0.02669248729944229,0.23162178695201874,0.5211057662963867,-0.060858435928821564,0.22899916768074036,0.5379418134689331,-0.06483890116214752,0.265853613615036,0.5713962316513062,-0.07314341515302658,0.6543314456939697,0.5597251653671265,-0.12578825652599335,0.25071072578430176,0.549123227596283,-0.05699332058429718,0.232499897480011,0.6585596799850464,-0.03777272254228592,0.2348785698413849,0.588304877281189,-0.06634904444217682,0.40675222873687744,0.5056747198104858,-0.09828197211027145,0.5197749137878418,0.44956040382385254,-0.10788730531930923,0.5340802669525146,0.45328354835510254,-0.10318199545145035,0.5035613179206848,0.48063763976097107,-0.11855856329202652,0.4965168237686157,0.5023090839385986,-0.11791758239269257,0.5184988975524902,0.47684890031814575,-0.11118209362030029,0.5090436935424805,0.495399534702301,-0.10736677795648575,0.5536858439445496,0.5599851012229919,-0.11318995803594589,0.4763123393058777,0.38305777311325073,-0.12298812717199326,0.455949991941452,0.37848979234695435,-0.12423980236053467,0.1935988962650299,0.5555399060249329,-0.07667651027441025,0.38213402032852173,0.4592553377151489,-0.05106166750192642,0.44244349002838135,0.4541205167770386,-0.11202185600996017,0.4297559857368469,0.45761382579803467,-0.1039944589138031,0.36760541796684265,0.5688871145248413,-0.1262068748474121,0.43387502431869507,0.38165712356567383,-0.10730236023664474,0.2109297215938568,0.499725341796875,-0.05761940777301788,0.19516915082931519,0.5301001667976379,-0.07120152562856674,0.13183897733688354,0.576353132724762,-0.005318918265402317,0.29432228207588196,0.42394503951072693,-0.008623660542070866,0.2849012017250061,0.46405288577079773,-0.008059283718466759,0.5171543955802917,0.5661473274230957,-0.11980298161506653,0.46454137563705444,0.7473305463790894,-0.055859651416540146,0.46255528926849365,0.44768616557121277,-0.09548346698284149,0.47824737429618835,0.43546420335769653,-0.08525118231773376,0.5020569562911987,0.5319247245788574,-0.1070479303598404,0.5082575082778931,0.526252269744873,-0.10143562406301498,0.1743677407503128,0.5354728102684021,-0.0635731965303421,0.45005491375923157,0.46665072441101074,-0.10454673320055008,0.242616206407547,0.46473798155784607,-0.035576652735471725,0.22425970435142517,0.46140944957733154,-0.03439454734325409,0.15612606704235077,0.4580536484718323,0.011173639446496964,0.15782608091831207,0.5432722568511963,-0.03588724881410599,0.19013768434524536,0.4431735873222351,-0.007649274542927742,0.17496857047080994,0.5643865466117859,-0.06603594124317169,0.16994953155517578,0.5900590419769287,-0.03179845213890076,0.5283491611480713,0.45173564553260803,-0.10787653923034668,0.5114539861679077,0.47884902358055115,-0.1160183995962143,0.5027819275856018,0.49920958280563354,-0.11388719826936722,0.4692513942718506,0.44811922311782837,-0.08767039328813553,0.5054925084114075,0.5290306806564331,-0.10327531397342682,0.5283676385879517,0.5294424295425415,-0.10465774685144424,0.5104247331619263,0.5237014293670654,-0.10042722523212433,0.46325984597206116,0.42062056064605713,-0.11607667058706284,0.5123733282089233,0.4928223192691803,-0.10404547303915024,0.5219235420227051,0.4749773144721985,-0.10451045632362366,0.5367696285247803,0.45446866750717163,-0.09887970238924026,0.6470222473144531,0.49827679991722107,-0.09786294400691986,0.6328150629997253,0.502568781375885,-0.10683221369981766,0.6275539398193359,0.4957471787929535,-0.10583890229463577,0.6191995739936829,0.4883841276168823,-0.09748081862926483,0.6103332042694092,0.48203372955322266,-0.08963018655776978,0.5577807426452637,0.5110291838645935,-0.09687837958335876,0.5571056604385376,0.5176670551300049,-0.10246483981609344,0.5558505654335022,0.5258511304855347,-0.1087675616145134,0.5547398924827576,0.5331097841262817,-0.11101062595844269,0.48849156498908997,0.5164419412612915,-0.1157217025756836,0.3331533372402191,0.7404152154922485,-0.006294896360486746,0.5020363926887512,0.39624127745628357,-0.08679976314306259,0.5351133346557617,0.5182647109031677,-0.09738527238368988,0.5320410132408142,0.523732602596283,-0.10141123831272125,0.49058324098587036,0.4324526786804199,-0.09019813686609268,0.4656512439250946,0.4717614948749542,-0.08662664890289307,0.4850459694862366,0.4335637092590332,-0.08762749284505844,0.3804819583892822,0.48192107677459717,-0.0680837407708168,0.3729669153690338,0.512315034866333,-0.09380996972322464,0.43626534938812256,0.46981731057167053,-0.09840262681245804,0.1327475756406784,0.5192438364028931,-0.0032989387400448322,0.16365113854408264,0.49479663372039795,-0.02700137533247471,0.19035805761814117,0.5002608299255371,-0.051545895636081696,0.5843703746795654,0.5463662147521973,-0.11417742073535919,0.2653953433036804,0.4191454350948334,-0.007678138557821512,0.22321650385856628,0.40298551321029663,0.02114749141037464,0.1900569349527359,0.40870559215545654,0.042647834867239,0.27965205907821655,0.5450229644775391,-0.06850872188806534,0.26574382185935974,0.595755934715271,-0.08399733901023865,0.3296070694923401,0.4631307125091553,-0.008092890493571758,0.224124476313591,0.5599128007888794,-0.06974931061267853,0.37852561473846436,0.4404672384262085,-0.04328622296452522,0.4426610767841339,0.42825573682785034,-0.11834365129470825,0.286665678024292,0.6281229257583618,-0.09175002574920654,0.28963541984558105,0.5873353481292725,-0.09798058122396469,0.3162103593349457,0.5643347501754761,-0.09590660780668259,0.3403226137161255,0.5254756212234497,-0.07492369413375854,0.35157284140586853,0.49566450715065,-0.05210741609334946,0.3572564721107483,0.47290298342704773,-0.03542296960949898,0.37027305364608765,0.40321600437164307,-0.02826603502035141,0.33299750089645386,0.6385646462440491,-0.11441197991371155,0.21065925061702728,0.5735764503479004,-0.07187893241643906,0.49109262228012085,0.3902760148048401,-0.1153024360537529,0.40270310640335083,0.45815396308898926,-0.06650392711162567,0.228411003947258,0.7035238742828369,0.014429299160838127,0.3589605391025543,0.45425933599472046,-0.02143755927681923,0.43608778715133667,0.4807251989841461,-0.07971387356519699,0.2441398799419403,0.5570105910301208,-0.061456356197595596,0.42906278371810913,0.43278950452804565,-0.10696584731340408,0.3938429355621338,0.7503233551979065,-0.027345050126314163,0.32128503918647766,0.4632512927055359,-0.0008784454548731446,0.4293645918369293,0.4044930636882782,-0.11112392693758011,0.5533202886581421,0.6653546094894409,-0.12084483355283737,0.5820996165275574,0.694627046585083,-0.10355300456285477,0.32910892367362976,0.6964425444602966,-0.06693264842033386,0.5040560364723206,0.6934800148010254,-0.11568006128072739,0.19606603682041168,0.6254188418388367,-0.028902290388941765,0.6826893091201782,0.5752857327461243,-0.13138732314109802,0.49602067470550537,0.40224504470825195,-0.09072966128587723,0.40579378604888916,0.48125582933425903,-0.07754337042570114,0.22559571266174316,0.6061103940010071,-0.06389660388231277,0.2863917946815491,0.5225491523742676,-0.055956535041332245,0.29949837923049927,0.5059601068496704,-0.048180077224969864,0.5243256688117981,0.535060465335846,-0.10731149464845657,0.38082560896873474,0.6562715172767639,-0.12019985169172287,0.7357175350189209,0.5460718870162964,-0.11814572662115097,0.6710845232009888,0.6205697655677795,-0.11734583973884583,0.6334404945373535,0.6551457643508911,-0.11135978996753693,0.2631687521934509,0.3654606342315674,0.06056396663188934,0.7582168579101562,0.5071032643318176,-0.0899629220366478,0.3083682060241699,0.4907216429710388,-0.03419989347457886,0.3149314522743225,0.4764501452445984,-0.019345968961715698,0.31941238045692444,0.46754753589630127,-0.006923999637365341,0.1950039267539978,0.5864342451095581,-0.0628170296549797,0.2963716387748718,0.47413456439971924,-0.015308022499084473,0.2791672945022583,0.48791295289993286,-0.02903147041797638,0.2659822702407837,0.503602147102356,-0.04228068143129349,0.25625675916671753,0.5212470293045044,-0.05297642573714256,0.2524484395980835,0.5341384410858154,-0.05664083734154701,0.17999760806560516,0.6681312918663025,0.010046279989182949,0.27447310090065,0.5340576171875,-0.0587981753051281,0.5189448595046997,0.4132728576660156,-0.0772695541381836,0.4868941009044647,0.48978328704833984,-0.10985876619815826,0.4595520496368408,0.4414738118648529,-0.09843616932630539,0.5042213201522827,0.4396449327468872,-0.09730552136898041,0.3559269309043884,0.3904228210449219,0.008843249641358852,0.6015540361404419,0.6370705962181091,-0.121009461581707,0.642396092414856,0.6094011664390564,-0.1249464824795723,0.7170915603637695,0.5354369878768921,-0.12628255784511566,0.5293114185333252,0.7259083986282349,-0.08394363522529602,0.31234848499298096,0.46649372577667236,-0.006590554490685463,0.3937826454639435,0.4148312211036682,-0.057616572827100754,0.7417906522750854,0.4957342743873596,-0.09783865511417389,0.7057622671127319,0.5839351415634155,-0.12550729513168335,0.3849680423736572,0.7102271914482117,-0.08169765025377274,0.584601640701294,0.4989936947822571,-0.09604575484991074,0.5878043174743652,0.5067675113677979,-0.10318166017532349,0.5912660360336304,0.5156232714653015,-0.11044559627771378,0.5948485732078552,0.5238032341003418,-0.11265019327402115,0.616324782371521,0.5261619091033936,-0.11261501908302307,0.5050615072250366,0.5121167302131653,-0.1050601378083229,0.49971461296081543,0.5161569118499756,-0.10991068184375763,0.49422889947891235,0.519443154335022,-0.11368921399116516,0.4979885220527649,0.5429161787033081,-0.11944492906332016,0.4067417085170746,0.6141737699508667,-0.13453711569309235,0.3733193278312683,0.42088621854782104,-0.03328581526875496,0.3213731050491333,0.4397119879722595,0.011784336529672146,0.3125779330730438,0.45414984226226807,0.0024451222270727158,0.5082929134368896,0.5087669491767883,-0.10237018018960953,0.4668995141983032,0.6518871784210205,-0.12715104222297668,0.3367833197116852,0.4196344316005707,-0.00012451269140001386,0.632429838180542,0.5450591444969177,-0.11674492061138153,0.4201878011226654,0.3738199472427368,-0.06870641559362411,0.3927529454231262,0.3959159851074219,-0.05260297283530235,0.3995693624019623,0.38038545846939087,-0.04093019664287567,0.41518187522888184,0.43370795249938965,-0.07866749167442322,0.7149965763092041,0.48456066846847534,-0.0978592038154602,0.6873946189880371,0.4775814712047577,-0.08829663693904877,0.665688157081604,0.5106592774391174,-0.1076442077755928,0.5553582906723022,0.5823309421539307,-0.11965853720903397,0.44214335083961487,0.5024904608726501,-0.09336351603269577,0.5963837504386902,0.5686308145523071,-0.1185372918844223,0.41248607635498047,0.5441557765007019,-0.12312870472669601,0.45248883962631226,0.5261010527610779,-0.11184848099946976,0.4390503764152527,0.5809889435768127,-0.13211189210414886,0.6905897855758667,0.5221121907234192,-0.1235012635588646,0.41794854402542114,0.4564967751502991,-0.07983443140983582,0.5702210068702698,0.610282838344574,-0.1246252954006195,0.6145095825195312,0.5878770351409912,-0.12270882725715637,0.5127162933349609,0.5868874788284302,-0.12875667214393616,0.4257580041885376,0.66996830701828,-0.12109734117984772,0.507932186126709,0.6234460473060608,-0.13087975978851318,0.4430641531944275,0.712347686290741,-0.09918225556612015,0.4719143211841583,0.5557382106781006,-0.12413749098777771,0.39808669686317444,0.4365020990371704,-0.06187756732106209,0.45618683099746704,0.4234006404876709,-0.12099968641996384,0.4528619050979614,0.4490177035331726,-0.10918842256069183,0.4486292004585266,0.401386022567749,-0.12472619116306305,0.29240813851356506,0.4476203918457031,-0.0011446834541857243,0.255969762802124,0.47307151556015015,-0.026990044862031937,0.23155805468559265,0.49919310212135315,-0.050753429532051086,0.21728864312171936,0.5241466164588928,-0.06685682386159897,0.21403054893016815,0.5450524687767029,-0.07200963795185089,0.24101465940475464,0.5701571702957153,-0.06475547701120377,0.27857494354248047,0.6795256733894348,-0.05615599825978279,0.28270310163497925,0.5635101795196533,-0.07738522440195084,0.3048292100429535,0.5443798303604126,-0.07380533963441849,0.323569655418396,0.5179957151412964,-0.06158294156193733,0.3360525071620941,0.4923531413078308,-0.0418274886906147,0.342451274394989,0.4725112318992615,-0.022391021251678467,0.3458574712276459,0.4579660892486572,-0.010642058216035366,0.2801407277584076,0.724622905254364,0.009359628893435001,0.4582503139972687,0.45723846554756165,-0.10094381868839264,0.412501722574234,0.40848854184150696,-0.0818328857421875,0.46642884612083435,0.3995059132575989,-0.12423080205917358,0.48204749822616577,0.4025248885154724,-0.11118367314338684,0.46999189257621765,0.4075238108634949,-0.11639637500047684,0.46718311309814453,0.4599599838256836,-0.0908411294221878,0.4860398769378662,0.3966466188430786,-0.11468720436096191,0.4912785291671753,0.4075615406036377,-0.09338127076625824,0.32832029461860657,0.45494380593299866,0.004444603342562914,0.3429757356643677,0.4443475902080536,0.0026118347886949778,0.3532237410545349,0.43736714124679565,-0.008851183578372002,0.25126466155052185,0.5425422191619873,-0.05791880190372467,0.23203347623348236,0.5509818196296692,-0.06467963010072708,0.4312182664871216,0.3660042881965637,-0.04590429365634918,0.43743911385536194,0.36455613374710083,0.18682484328746796,0.5068997144699097,0.38614410161972046,-0.07026880979537964,0.402207612991333,0.35217005014419556,0.378828227519989,0.42376166582107544,0.3880418539047241,0.11985104531049728,0.4332845211029053,0.3826514482498169,0.13607269525527954,0.4401898980140686,0.3765963613986969,0.15514223277568817,0.4373209774494171,0.3692086338996887,0.19219477474689484,0.4148237705230713,0.3900040090084076,0.1058432012796402,0.40944498777389526,0.3532204329967499,0.14738859236240387,0.4015040099620819,0.3608272075653076,0.12865683436393738,0.4171714782714844,0.34894859790802,0.1664271354675293,0.42361465096473694,0.35010528564453125,0.1817285716533661,0.44452089071273804,0.37134724855422974,0.2059653252363205,0.7191307544708252,0.4454009532928467,-0.008250158280134201,0.4349735379219055,0.36235201358795166,0.19972454011440277,0.47486674785614014,0.3729608654975891,0.348059743642807,0.4340211749076843,0.3632184863090515,0.2476644068956375,0.517687201499939,0.366621732711792,0.06281306594610214,0.5585516095161438,0.39940011501312256,-0.0660218819975853,0.56611567735672,0.4108547270298004,-0.06430310755968094,0.5753140449523926,0.3837733864784241,-0.03204774484038353,0.5897814035415649,0.37779295444488525,0.0019719263073056936,0.5774154663085938,0.3980429470539093,-0.03556285798549652,0.5879561901092529,0.3909549415111542,-0.006126710679382086,0.6568213701248169,0.410471647977829,0.041150808334350586,0.4939882457256317,0.36203521490097046,-0.10085932910442352,0.4761907160282135,0.3541189432144165,-0.09795112907886505,0.41584664583206177,0.33155497908592224,0.21643823385238647,0.44927263259887695,0.3773442506790161,0.0530804879963398,0.5123994946479797,0.36091887950897217,-0.013548864051699638,0.5016129016876221,0.3622494041919708,-0.002651083981618285,0.5416099429130554,0.35351985692977905,0.14008939266204834,0.45286673307418823,0.3581039309501648,-0.07366599142551422,0.4019668698310852,0.3276331424713135,0.1470339149236679,0.4096531569957733,0.3256077170372009,0.18467317521572113,0.36756631731987,0.33326828479766846,0.33469194173812866,0.38193440437316895,0.35862430930137634,0.05901068076491356,0.3964320123195648,0.3703347146511078,0.11859337240457535,0.6380888223648071,0.39728420972824097,0.06624027341604233,0.6634906530380249,0.44955727458000183,0.30562135577201843,0.5165323615074158,0.37579774856567383,-0.022785037755966187,0.5141892433166504,0.3882910907268524,-0.048994675278663635,0.6179685592651367,0.38042116165161133,0.0545649416744709,0.6144353151321411,0.38701963424682617,0.040532827377319336,0.4001922905445099,0.31764936447143555,0.20849700272083282,0.5209485292434692,0.3696751594543457,-0.0075538852252066135,0.3924627900123596,0.33696651458740234,0.10433276742696762,0.38293424248695374,0.32655298709869385,0.11018136143684387,0.29779863357543945,0.32585734128952026,0.20571063458919525,0.37289494276046753,0.3230786919593811,0.2646856904029846,0.3147370517253876,0.326147198677063,0.15924860537052155,0.40633559226989746,0.3269132971763611,0.24852916598320007,0.4048782289028168,0.3373905420303345,0.3098430931568146,0.5645174980163574,0.4044734537601471,-0.06649801880121231,0.5778080224990845,0.3904852867126465,-0.0343066044151783,0.589873194694519,0.3834437131881714,-0.0043029990047216415,0.5171923637390137,0.3823401927947998,-0.02783498913049698,0.6166244745254517,0.38363659381866455,0.04621519893407822,0.6336951851844788,0.38894781470298767,0.021472251042723656,0.6124492287635803,0.3895980715751648,0.03749553859233856,0.5063536763191223,0.36785221099853516,-0.04917563125491142,0.5848473310470581,0.39730894565582275,-0.007674976717680693,0.5748652219772339,0.4046582281589508,-0.03301897272467613,0.5651229619979858,0.4169301986694336,-0.058875106275081635,0.6768637895584106,0.45048853754997253,-0.058481331914663315,0.6772056221961975,0.44006621837615967,-0.0636335238814354,0.669161319732666,0.4373014569282532,-0.0615127831697464,0.6567610502243042,0.43657803535461426,-0.053162019699811935,0.6434556245803833,0.43749648332595825,-0.04777747020125389,0.6344552636146545,0.4090607166290283,0.00016240686818491668,0.641411542892456,0.4040408134460449,-0.005378018133342266,0.6497743725776672,0.3985198736190796,-0.007940844632685184,0.6560962796211243,0.39496809244155884,-0.0020866687409579754,0.5856780409812927,0.38130712509155273,0.022428875789046288,0.5677440762519836,0.43112775683403015,0.39749106764793396,0.6247109174728394,0.39983314275741577,0.023095520213246346,0.629801869392395,0.39404284954071045,0.01969374157488346,0.5186511278152466,0.39458656311035156,-0.054384391754865646,0.5292956829071045,0.382368803024292,-0.008641966618597507,0.5166970491409302,0.39149487018585205,-0.05235932767391205,0.47035521268844604,0.3722169101238251,0.07139325141906738,0.4976319968700409,0.3618397116661072,0.09538230299949646,0.511695146560669,0.3679959774017334,0.006722755264490843,0.3321545720100403,0.3242812156677246,0.27363672852516174,0.34286999702453613,0.3202851414680481,0.21503108739852905,0.3922812342643738,0.31712809205055237,0.16447918117046356,0.6672608852386475,0.4202220141887665,0.013371219858527184,0.36940574645996094,0.3421001434326172,0.06623411178588867,0.29074376821517944,0.3413376212120056,0.10823515057563782,0.26776567101478577,0.3379610776901245,0.14080482721328735,0.44135820865631104,0.3725886344909668,0.1755574494600296,0.45275962352752686,0.3750944137573242,0.22667402029037476,0.4085729718208313,0.3901611566543579,0.10376404225826263,0.4254758656024933,0.35092490911483765,0.21394377946853638,0.4295657277107239,0.37874501943588257,0.039720289409160614,0.49937447905540466,0.35661303997039795,-0.03891958296298981,0.5120645761489868,0.3561522364616394,0.26173514127731323,0.4676477015018463,0.37839174270629883,0.19440340995788574,0.4740048348903656,0.38221949338912964,0.1523084044456482,0.46199941635131836,0.38990217447280884,0.11498866230249405,0.44553154706954956,0.3953547477722168,0.09217074513435364,0.4333120584487915,0.39662909507751465,0.07235893607139587,0.3915117681026459,0.37858158349990845,0.007080444600433111,0.5547617673873901,0.35935673117637634,0.2389138787984848,0.42297330498695374,0.3463789224624634,0.23751364648342133,0.5019957423210144,0.37803158164024353,-0.09763216972351074,0.4683718681335449,0.3747844696044922,0.034111928194761276,0.47602972388267517,0.4037702977657318,0.42823174595832825,0.422522634267807,0.3955325782299042,0.06275209039449692,0.5140594840049744,0.3748133182525635,0.02620426006615162,0.43252697587013245,0.36245986819267273,0.20844565331935883,0.4863269627094269,0.3590022921562195,-0.026534292846918106,0.6158074140548706,0.43999558687210083,0.35908713936805725,0.40347427129745483,0.3884013891220093,0.1159677729010582,0.4675118029117584,0.35696691274642944,-0.052135780453681946,0.6991634368896484,0.42674124240875244,0.1443033367395401,0.7207013964653015,0.45282813906669617,0.1712891310453415,0.5670442581176758,0.3897772431373596,0.31898465752601624,0.6804278492927551,0.4211770296096802,0.19597885012626648,0.436185359954834,0.3563763499259949,0.3371962010860443,0.7455505132675171,0.45461177825927734,-0.004491870291531086,0.505338191986084,0.39206454157829285,-0.08006682246923447,0.49126213788986206,0.37302908301353455,0.04710368439555168,0.4311862587928772,0.3666929006576538,0.2820775806903839,0.4357636570930481,0.3708839416503906,0.1596631109714508,0.42885178327560425,0.3765120804309845,0.1428508758544922,0.636803150177002,0.3848303556442261,0.028189027681946754,0.5955868363380432,0.37111109495162964,0.2209935039281845,0.7667169570922852,0.48101910948753357,-0.046100351959466934,0.752151608467102,0.4606712758541107,0.06030479818582535,0.7391734719276428,0.45659828186035156,0.1121138259768486,0.4200487732887268,0.38133126497268677,0.1288570612668991,0.4110810160636902,0.38472282886505127,0.12102963775396347,0.40609920024871826,0.3872053027153015,0.11883276700973511,0.4148159325122833,0.3456037640571594,0.2714531421661377,0.4071328938007355,0.37796321511268616,0.12702569365501404,0.41359496116638184,0.37096938490867615,0.13590660691261292,0.4208356440067291,0.36498647928237915,0.14963257312774658,0.4279589056968689,0.3608825206756592,0.16562797129154205,0.4323177933692932,0.3602737784385681,0.17785516381263733,0.4350592792034149,0.37567371129989624,0.41286778450012207,0.43782103061676025,0.3669930398464203,0.1752071976661682,0.5628089308738708,0.3820173442363739,-0.005202348809689283,0.5141018629074097,0.3708796203136444,-0.029343297705054283,0.5356477499008179,0.39621949195861816,-0.05442158877849579,0.7181766033172607,0.43578916788101196,0.09373027086257935,0.7307605147361755,0.44630134105682373,0.04469763860106468,0.7513359785079956,0.4697771668434143,-0.05707723647356033,0.6978932619094849,0.4531184434890747,0.23896494507789612,0.40458840131759644,0.3841392397880554,0.1210082471370697,0.4296683073043823,0.371432900428772,-0.0017517233500257134,0.7627290487289429,0.46695297956466675,0.006299540400505066,0.6114650964736938,0.401559442281723,0.2883346676826477,0.6427286863327026,0.4212722182273865,-0.022965315729379654,0.6535186767578125,0.4173451066017151,-0.02707435004413128,0.6645885705947876,0.4144167900085449,-0.0306615699082613,0.6741926074028015,0.4139785170555115,-0.028568891808390617,0.6752579212188721,0.43278494477272034,-0.01900373212993145,0.5996293425559998,0.3876349925994873,0.02065366879105568,0.6021401882171631,0.3811931014060974,0.027630150318145752,0.6029338240623474,0.3758803606033325,0.03317277878522873,0.6118422746658325,0.3861789405345917,0.052429135888814926,0.5931551456451416,0.367256760597229,0.15430600941181183,0.4090356230735779,0.3791024088859558,0.024546954780817032,0.39226093888282776,0.3819931745529175,0.08519504219293594,0.39671820402145386,0.38218820095062256,0.10991330444812775,0.59650057554245,0.39262279868125916,0.018486585468053818,0.64655601978302,0.3922615647315979,0.166805237531662,0.39201638102531433,0.3810444176197052,0.04350702837109566,0.6934927701950073,0.44135916233062744,-0.013973777182400227,0.4123547077178955,0.37204229831695557,-0.02252773940563202,0.4674108326435089,0.3679535388946533,-0.005165770184248686,0.6967616081237793,0.4568013548851013,-0.05847446247935295,0.6679112911224365,0.4122740924358368,0.05835707113146782,0.5374978184700012,0.37512341141700745,0.03941129893064499,0.6843158602714539,0.42734619975090027,0.023065781220793724,0.5557361841201782,0.36223357915878296,0.0845608189702034,0.5673187971115112,0.37437739968299866,0.0540570393204689,0.5969390869140625,0.37067335844039917,0.10579124093055725,0.7252669930458069,0.4606015682220459,-0.05879703164100647,0.48394131660461426,0.3707590103149414,0.013099906034767628,0.6900891661643982,0.41850772500038147,0.07884349673986435,0.7045685052871704,0.43435415625572205,0.03471190482378006,0.646320104598999,0.39687544107437134,0.08543167263269424,0.6297163963317871,0.38505688309669495,0.20679880678653717,0.6591524481773376,0.39820799231529236,0.11658933013677597,0.6499211192131042,0.4134613275527954,0.25296247005462646,0.6028268337249756,0.37991100549697876,0.07227100431919098,0.44876983761787415,0.37351202964782715,0.017658334225416183,0.5056772232055664,0.3614512085914612,-0.04852785915136337,0.5164754390716553,0.3649534285068512,-0.026090728119015694,0.4871935546398163,0.35363495349884033,-0.06702806055545807,0.38989928364753723,0.3674251437187195,0.10023478418588638,0.3971937894821167,0.3519267439842224,0.12215713411569595,0.40658828616142273,0.342428594827652,0.1449529081583023,0.4151851534843445,0.33794498443603516,0.17116093635559082,0.4213159680366516,0.3410682678222656,0.19448958337306976,0.4326503872871399,0.3631833791732788,0.22277434170246124,0.521651029586792,0.38053110241889954,0.33949634432792664,0.45253467559814453,0.37466374039649963,0.1851806491613388,0.45385050773620605,0.37942081689834595,0.15525613725185394,0.44597601890563965,0.3863174319267273,0.12746518850326538,0.4328097403049469,0.392124205827713,0.10696840286254883,0.4221002161502838,0.3943330943584442,0.09029889106750488,0.4140549600124359,0.39451125264167786,0.08108458667993546,0.5197672843933105,0.42176690697669983,0.4231022298336029,0.5206981897354126,0.3724792003631592,-0.019120533019304276,0.447873055934906,0.3649512529373169,-0.024127138778567314,0.498948872089386,0.35976654291152954,-0.07792606204748154,0.5040701031684875,0.377437949180603,-0.08453579246997833,0.5033062100410461,0.3682580590248108,-0.06918957084417343,0.5234508514404297,0.38133811950683594,-0.02207237295806408,0.5039811730384827,0.3766278326511383,-0.09287762641906738,0.5074042081832886,0.38899779319763184,-0.0752025693655014,0.402357280254364,0.3895289897918701,0.10180270671844482,0.4036121964454651,0.3923605680465698,0.07455561310052872,0.40886861085891724,0.39148572087287903,0.050408944487571716,0.4344095289707184,0.3609215021133423,0.18793755769729614,0.4278210997581482,0.35401031374931335,0.19726777076721191,0.2844035029411316,0.5106483697891235,-0.037534166127443314,0.29704904556274414,0.4937503933906555,-0.037534166127443314,0.26833781599998474,0.5055822730064392,-0.037534166127443314,0.27169299125671387,0.527279794216156,-0.037534166127443314,0.2999916076660156,0.5155001282691956,-0.037534166127443314,0.41434812545776367,0.3654412031173706,0.15087197721004486,0.42503657937049866,0.35792484879493713,0.15087197721004486,0.4025101959705353,0.3576411008834839,0.15087197721004486,0.403135746717453,0.3730837106704712,0.15087197721004486,0.42535245418548584,0.37316587567329407,0.15087197721004486,0,0,0,0,0,1,1,0,0,0,0,0,0.11927802860736847,0.07223448157310486,0.14172005653381348,0.07675625383853912,0.028885314241051674,0.06235978752374649,0.08678052574396133,0.06058914586901665,0.0776766985654831,0.10332080721855164,0.7463897466659546,0.20142367482185364,Neutral,-14.163641929626465,-32.01362609863281
166,5.533333333333333,31.193580916556954,-7.75422073585723,0.6490760509822273,0.5624239444732666,0.44663479924201965,-0.08434847742319107,0.530380129814148,0.38175952434539795,-0.11648314446210861,0.5392901301383972,0.4196445643901825,-0.07468871772289276,0.4521116316318512,0.39652159810066223,-0.08834245800971985,0.5117199420928955,0.3737655282020569,-0.11806243658065796,0.48553162813186646,0.3763720393180847,-0.10269543528556824,0.4125385582447052,0.39233118295669556,-0.029062550514936447,0.2634087800979614,0.5455928444862366,-0.07155267894268036,0.37112951278686523,0.38806283473968506,0.000835760438349098,0.3489398956298828,0.37836217880249023,0.007390371989458799,0.2609439492225647,0.36086535453796387,0.05519212409853935,0.5699945688247681,0.4497401714324951,-0.08396647870540619,0.5772936940193176,0.4540437161922455,-0.07987838983535767,0.5822855234146118,0.4576776921749115,-0.07381507009267807,0.5963801741600037,0.46120062470436096,-0.06204039230942726,0.6088570356369019,0.46590662002563477,-0.06825178116559982,0.6226097345352173,0.4722597599029541,-0.07488928735256195,0.6341966986656189,0.47905245423316956,-0.07383430004119873,0.6913604736328125,0.48593005537986755,-0.06189064681529999,0.5388310551643372,0.39537811279296875,-0.10912390798330307,0.5204920172691345,0.42254406213760376,-0.09636607021093369,0.13491088151931763,0.6262614727020264,-0.02881682850420475,0.33225536346435547,0.493967741727829,-0.05012974888086319,0.3195737600326538,0.5124338865280151,-0.066178098320961,0.3029569983482361,0.5311596989631653,-0.07633333653211594,0.2613567113876343,0.5557217001914978,-0.07950732111930847,0.33913370966911316,0.478260338306427,-0.03076871484518051,0.2530863285064697,0.5005747079849243,-0.06460626423358917,0.2748705744743347,0.4812004268169403,-0.04210715368390083,0.23670288920402527,0.5218586921691895,-0.07625894248485565,0.23033379018306732,0.5389441847801208,-0.07972873002290726,0.26401859521865845,0.5741562843322754,-0.084485724568367,0.6678901314735413,0.5753412246704102,-0.10551425814628601,0.24737869203090668,0.5526178479194641,-0.07029982656240463,0.21804887056350708,0.6591173410415649,-0.04854988679289818,0.22786472737789154,0.5907341837882996,-0.07897035032510757,0.42651641368865967,0.5123260617256165,-0.10023976862430573,0.5382633805274963,0.46930307149887085,-0.10211624205112457,0.5590969324111938,0.4759594202041626,-0.0958731546998024,0.5228207111358643,0.4963051378726959,-0.11247774958610535,0.5135486125946045,0.5142630338668823,-0.1109543964266777,0.5427132844924927,0.4957432150840759,-0.10383331775665283,0.5301966667175293,0.5110208988189697,-0.09930542856454849,0.566486120223999,0.5685611367225647,-0.1005779281258583,0.5189298987388611,0.39506733417510986,-0.12585332989692688,0.49966633319854736,0.38938623666763306,-0.12900234758853912,0.1902635395526886,0.5569111704826355,-0.09554531425237656,0.40679600834846497,0.46421492099761963,-0.05805479735136032,0.47272270917892456,0.4625927209854126,-0.1146087720990181,0.4588119685649872,0.46534615755081177,-0.10715404897928238,0.37678006291389465,0.5744596719741821,-0.12965042889118195,0.4756559431552887,0.3913813531398773,-0.11396831274032593,0.21941134333610535,0.49862560629844666,-0.07861695438623428,0.1976296752691269,0.5299859046936035,-0.09180294722318649,0.12570330500602722,0.5739161372184753,-0.03723101317882538,0.31755462288856506,0.4239528477191925,-0.027152638882398605,0.29834938049316406,0.46742355823516846,-0.022494114935398102,0.5286896228790283,0.5731973648071289,-0.10977384448051453,0.4399269223213196,0.7552910447120667,-0.046148721128702164,0.4932553768157959,0.45677071809768677,-0.09642714262008667,0.5098451375961304,0.44553616642951965,-0.0843258798122406,0.5089949369430542,0.537613034248352,-0.09698062390089035,0.5150750875473022,0.5326871871948242,-0.09136530011892319,0.17387638986110687,0.5356675982475281,-0.08575967699289322,0.47735852003097534,0.4747851490974426,-0.10563062876462936,0.25790271162986755,0.46365290880203247,-0.055878836661577225,0.24054676294326782,0.4595668911933899,-0.05686349421739578,0.17009800672531128,0.4551575481891632,-0.02451222576200962,0.16064688563346863,0.5421361923217773,-0.060213565826416016,0.2105727642774582,0.4420410096645355,-0.03518786281347275,0.16803252696990967,0.566667914390564,-0.08606328815221786,0.16450147330760956,0.5893293023109436,-0.05272306501865387,0.5488376021385193,0.47294488549232483,-0.10151301324367523,0.5326783657073975,0.496195912361145,-0.10929039865732193,0.5217203497886658,0.5128266215324402,-0.10632353276014328,0.4992690086364746,0.45733627676963806,-0.0877721905708313,0.5121339559555054,0.5351696610450745,-0.09315990656614304,0.5306475162506104,0.5320369005203247,-0.09351212531328201,0.5178728699684143,0.5304437279701233,-0.09030251204967499,0.4991534948348999,0.4310089945793152,-0.11889269202947617,0.5370607376098633,0.5093587636947632,-0.09537799656391144,0.5507262945175171,0.49504753947257996,-0.09624220430850983,0.5662608742713928,0.47757354378700256,-0.0906381607055664,0.6686468720436096,0.5128685235977173,-0.07991936802864075,0.6114116311073303,0.5040174126625061,-0.09265381842851639,0.6007574200630188,0.4961915910243988,-0.0933697298169136,0.5880802869796753,0.4879855811595917,-0.08638592809438705,0.5784342885017395,0.4816458225250244,-0.07935531437397003,0.545777440071106,0.5127317309379578,-0.08678670227527618,0.5482767820358276,0.5184645056724548,-0.09155531227588654,0.5509345531463623,0.526143491268158,-0.09705371409654617,0.5539400577545166,0.533322811126709,-0.0986175462603569,0.5076929330825806,0.524186909198761,-0.1104171946644783,0.30613213777542114,0.7430605888366699,-0.008353685960173607,0.5397295951843262,0.40831753611564636,-0.08611854910850525,0.5328955054283142,0.5221306681632996,-0.08712363243103027,0.5319617390632629,0.5266945958137512,-0.09063597023487091,0.522232174873352,0.44280922412872314,-0.0879439264535904,0.49112582206726074,0.4802319407463074,-0.08525179326534271,0.5166882872581482,0.4438821077346802,-0.08621674031019211,0.40178754925727844,0.4868065416812897,-0.07397118210792542,0.3902122974395752,0.5176060795783997,-0.09906875342130661,0.46267834305763245,0.47740599513053894,-0.10023252665996552,0.13605163991451263,0.5168134570121765,-0.03781602159142494,0.17490577697753906,0.49350568652153015,-0.05350037291646004,0.19830124080181122,0.4989362359046936,-0.0745922103524208,0.5997277498245239,0.5571851134300232,-0.09976810216903687,0.2897951006889343,0.41772517561912537,-0.029516011476516724,0.24984335899353027,0.4020119905471802,-0.006244378630071878,0.21157939732074738,0.4056209921836853,0.008259152062237263,0.2814697027206421,0.5476654767990112,-0.08048106729984283,0.2620950937271118,0.5982301831245422,-0.09396402537822723,0.34131765365600586,0.4678337275981903,-0.019480857998132706,0.22109507024288177,0.5612417459487915,-0.08497565239667892,0.40606310963630676,0.44545871019363403,-0.051592953503131866,0.47779199481010437,0.43774300813674927,-0.12214408069849014,0.28181883692741394,0.6307893395423889,-0.09975758194923401,0.29078879952430725,0.5893750786781311,-0.10658068209886551,0.3237186074256897,0.5659429430961609,-0.10371829569339752,0.3527224361896515,0.5275410413742065,-0.08244366943836212,0.3662501275539398,0.498639851808548,-0.05987900495529175,0.37426939606666565,0.47664791345596313,-0.04383479803800583,0.40340080857276917,0.40876060724258423,-0.0403120331466198,0.3288317918777466,0.6426743268966675,-0.11801861226558685,0.20532912015914917,0.5750468373298645,-0.08795302361249924,0.5312446355819702,0.402466744184494,-0.11690878123044968,0.4291020333766937,0.4642725884914398,-0.0713740885257721,0.20280911028385162,0.7033106088638306,0.0007795512210577726,0.3786259591579437,0.4582791328430176,-0.03098815493285656,0.45970702171325684,0.48800426721572876,-0.0802462175488472,0.2397681325674057,0.5592651963233948,-0.0749460980296135,0.46252256631851196,0.4413520395755768,-0.11160800606012344,0.36725661158561707,0.7556605339050293,-0.023519260808825493,0.3320242762565613,0.4680270850658417,-0.013177605345845222,0.467551052570343,0.4137853980064392,-0.11703343689441681,0.5475715398788452,0.6764888763427734,-0.10462680459022522,0.5702662467956543,0.7078026533126831,-0.08694546669721603,0.31305810809135437,0.7000582218170166,-0.06732387840747833,0.4926612973213196,0.7030892968177795,-0.10197535157203674,0.1853012889623642,0.6254075765609741,-0.044843558222055435,0.6935106515884399,0.5927098393440247,-0.10814989358186722,0.5328772068023682,0.4142172336578369,-0.09019263833761215,0.42853671312332153,0.48749062418937683,-0.08091606944799423,0.21414165198802948,0.6093847751617432,-0.0760112777352333,0.2924593687057495,0.5251554846763611,-0.06873595714569092,0.3082272410392761,0.5086879730224609,-0.06077762320637703,0.5290846824645996,0.5372214317321777,-0.09586242586374283,0.3748466670513153,0.6619952321052551,-0.11833437532186508,0.7505052089691162,0.5677952766418457,-0.09238258749246597,0.6739202737808228,0.6384692788124084,-0.09652918577194214,0.6297955513000488,0.6708338260650635,-0.09269654005765915,0.2945684492588043,0.3647836446762085,0.034334633499383926,0.777445912361145,0.5294451713562012,-0.06177729740738869,0.3182734549045563,0.4939718246459961,-0.04672243073582649,0.32524216175079346,0.4803851544857025,-0.03175128623843193,0.32991352677345276,0.4719347059726715,-0.019296789541840553,0.18541266024112701,0.5887941122055054,-0.07913418114185333,0.30806928873062134,0.4779302775859833,-0.029120512306690216,0.2901324927806854,0.49136728048324585,-0.04356594383716583,0.2749881148338318,0.5067816376686096,-0.05696990713477135,0.26139718294143677,0.524429202079773,-0.06743812561035156,0.25414857268333435,0.5371628403663635,-0.07075098156929016,0.15857811272144318,0.6672465801239014,-0.0108964703977108,0.27760007977485657,0.5369023680686951,-0.07174872606992722,0.5518872737884521,0.42356395721435547,-0.0730358138680458,0.5102890729904175,0.49791306257247925,-0.10551589727401733,0.49178045988082886,0.45084717869758606,-0.10028614103794098,0.5342497229576111,0.44927066564559937,-0.09322141110897064,0.38912466168403625,0.39530014991760254,-0.0057697296142578125,0.6011916399002075,0.6501164436340332,-0.10180098563432693,0.6473764181137085,0.6244468688964844,-0.103521429002285,0.7339193820953369,0.5543714165687561,-0.10140030831098557,0.5100268125534058,0.7364731431007385,-0.0699603334069252,0.32370632886886597,0.4709364175796509,-0.019547808915376663,0.42723578214645386,0.42150813341140747,-0.06616275757551193,0.7632239460945129,0.5156542658805847,-0.07169617712497711,0.7150462865829468,0.6040178537368774,-0.10247495770454407,0.36809617280960083,0.7157293558120728,-0.07663214206695557,0.5615270137786865,0.49913105368614197,-0.08596183359622955,0.5674964189529419,0.5058620572090149,-0.0922880470752716,0.5755888223648071,0.5144174098968506,-0.09849470853805542,0.5839892625808716,0.5224498510360718,-0.09938168525695801,0.6348158121109009,0.5390053391456604,-0.09649241715669632,0.5212235450744629,0.5227368474006653,-0.09610534459352493,0.5145898461341858,0.5257196426391602,-0.10127482563257217,0.5081601738929749,0.5280059576034546,-0.10552340000867844,0.5131884217262268,0.5500178933143616,-0.11257053166627884,0.4094100892543793,0.6206724643707275,-0.1323135793209076,0.4037991464138031,0.42609748244285583,-0.043501827865839005,0.338929682970047,0.4434469938278198,-0.0017529733013361692,0.3262036144733429,0.45861148834228516,-0.010877935215830803,0.5272457599639893,0.5197842121124268,-0.09304382652044296,0.4632091820240021,0.6601639986038208,-0.11830012500286102,0.3616592288017273,0.4220699667930603,-0.01441460382193327,0.648178219795227,0.5589969158172607,-0.09840410947799683,0.46086618304252625,0.3824853301048279,-0.07690884172916412,0.4288453459739685,0.40297532081604004,-0.06284195184707642,0.4374814033508301,0.3876855969429016,-0.05111164227128029,0.4469790458679199,0.44129258394241333,-0.08429268002510071,0.7385788559913635,0.5030443072319031,-0.07461719959974289,0.7112928032875061,0.49449291825294495,-0.06769414991140366,0.6860252618789673,0.526404082775116,-0.0876392126083374,0.5645613670349121,0.5920009613037109,-0.10587803274393082,0.46260619163513184,0.5099114775657654,-0.09228762239217758,0.6082426309585571,0.5804539322853088,-0.10195691138505936,0.42725786566734314,0.5511555075645447,-0.12270372360944748,0.4700239896774292,0.5336771607398987,-0.10875605046749115,0.448066383600235,0.5884373188018799,-0.1282007247209549,0.709801435470581,0.5394479036331177,-0.10134898126125336,0.44571635127067566,0.46357080340385437,-0.08378681540489197,0.5748645067214966,0.6216049194335938,-0.10871877521276474,0.6233621835708618,0.6011892557144165,-0.10385799407958984,0.520885705947876,0.595005989074707,-0.11832485347986221,0.41803351044654846,0.6771526336669922,-0.11466105282306671,0.5098546147346497,0.6323999762535095,-0.11988717317581177,0.4270472228527069,0.719978928565979,-0.08897716552019119,0.4847908020019531,0.5632214546203613,-0.11862524598836899,0.4280939996242523,0.44287046790122986,-0.06855213642120361,0.4921223223209381,0.4335640072822571,-0.12442931532859802,0.48418253660202026,0.4579944610595703,-0.11100413650274277,0.48837602138519287,0.41189634799957275,-0.129187673330307,0.30921316146850586,0.450192928314209,-0.01689908467233181,0.26965779066085815,0.4737493395805359,-0.04440141096711159,0.24113254249095917,0.49884289503097534,-0.06865634769201279,0.2222413569688797,0.5239201188087463,-0.08430712670087814,0.21420636773109436,0.545424222946167,-0.08884649723768234,0.23601393401622772,0.5725890398025513,-0.07801233232021332,0.2632203698158264,0.6814752817153931,-0.06176646053791046,0.28382545709609985,0.5661228895187378,-0.08784263581037521,0.3112189471721649,0.5467653274536133,-0.08364564925432205,0.33360278606414795,0.520453691482544,-0.07097333669662476,0.3482110798358917,0.49562397599220276,-0.0511784590780735,0.35613277554512024,0.47666364908218384,-0.0320037417113781,0.36154699325561523,0.46246713399887085,-0.02060820162296295,0.25327497720718384,0.7253472805023193,0.0017219728324562311,0.4874280095100403,0.4659154713153839,-0.10182133316993713,0.44843024015426636,0.41659262776374817,-0.0889379158616066,0.506171703338623,0.41088801622390747,-0.12748250365257263,0.5196923017501831,0.41424939036369324,-0.11279194056987762,0.5076339244842529,0.4186888337135315,-0.11908657848834991,0.495038241147995,0.4687916934490204,-0.09046267718076706,0.5249901413917542,0.40866991877555847,-0.11623852699995041,0.5272682905197144,0.419353187084198,-0.09323394298553467,0.3407552242279053,0.4600825309753418,-0.007425819989293814,0.3604816496372223,0.4488474130630493,-0.00882904976606369,0.37526074051856995,0.4412207305431366,-0.020122112706303596,0.2503204643726349,0.5456777215003967,-0.07175561040639877,0.2300035059452057,0.5523386001586914,-0.07887286692857742,0.47236576676368713,0.3748534917831421,-0.05301478132605553,0.4643874764442444,0.34861597418785095,0.18199647963047028,0.54517662525177,0.39782625436782837,-0.06968072056770325,0.4185850918292999,0.35035401582717896,0.37648680806159973,0.4504578411579132,0.3792063593864441,0.11404910683631897,0.46212130784988403,0.3714555501937866,0.13116417825222015,0.47094112634658813,0.36331692337989807,0.15093564987182617,0.4699711203575134,0.34942516684532166,0.1886037290096283,0.4385562837123871,0.38372910022735596,0.09913203865289688,0.42678189277648926,0.34249967336654663,0.13785460591316223,0.4162854552268982,0.3529013991355896,0.11803640425205231,0.43872207403182983,0.33586782217025757,0.1582375317811966,0.44923675060272217,0.33477094769477844,0.1746869832277298,0.4864881932735443,0.3500824570655823,0.20415574312210083,0.7430852651596069,0.46330785751342773,0.015410808846354485,0.46192121505737305,0.34350892901420593,0.19482648372650146,0.4932931065559387,0.3743630051612854,0.3499751091003418,0.47867608070373535,0.34040337800979614,0.24547412991523743,0.5514047145843506,0.3757309913635254,0.06597631424665451,0.5744022130966187,0.42107152938842773,-0.059450648725032806,0.5908092260360718,0.4332848787307739,-0.05642521008849144,0.5907273292541504,0.40150755643844604,-0.02402374893426895,0.6031829714775085,0.3904995918273926,0.011509465985000134,0.6005713939666748,0.4163639545440674,-0.026893092319369316,0.6080834865570068,0.4042802155017853,0.003939844202250242,0.683082103729248,0.42248666286468506,0.05713127553462982,0.5391029715538025,0.37431997060775757,-0.10301494598388672,0.5221918821334839,0.3656364679336548,-0.10176700353622437,0.44833770394325256,0.31913185119628906,0.20661504566669464,0.4815351366996765,0.38484668731689453,0.049620937556028366,0.5507134795188904,0.37213605642318726,-0.012857216410338879,0.538879930973053,0.3728142976760864,-0.0024078823626041412,0.5739924907684326,0.36154842376708984,0.1450977325439453,0.49682801961898804,0.36838117241859436,-0.07922947406768799,0.4204164147377014,0.3239583373069763,0.1320868283510208,0.43459394574165344,0.3176712095737457,0.17180868983268738,0.38987720012664795,0.33044618368148804,0.32494473457336426,0.39352408051490784,0.36376357078552246,0.04234378784894943,0.4112876057624817,0.36461132764816284,0.1080869510769844,0.6653875112533569,0.40786588191986084,0.08058033883571625,0.6695900559425354,0.4643540382385254,0.3379501402378082,0.5529725551605225,0.3873501420021057,-0.02126915007829666,0.5492768287658691,0.39957308769226074,-0.04694679379463196,0.6241703033447266,0.3835468888282776,0.06798379868268967,0.6216585636138916,0.38871508836746216,0.05332878232002258,0.4261336922645569,0.31020593643188477,0.19446110725402832,0.5564353466033936,0.3808850049972534,-0.005534746218472719,0.40597259998321533,0.3379665017127991,0.0881718173623085,0.3953564167022705,0.3297732472419739,0.0919564887881279,0.3286190330982208,0.32174980640411377,0.18238838016986847,0.40336114168167114,0.3215004503726959,0.24950741231441498,0.3502016067504883,0.3251747488975525,0.1367732584476471,0.44195690751075745,0.31333303451538086,0.23838835954666138,0.43076711893081665,0.3361971080303192,0.29947030544281006,0.5835342407226562,0.426533579826355,-0.05927221477031708,0.5964221954345703,0.4088591933250427,-0.02592509426176548,0.606031060218811,0.3970783054828644,0.005394193343818188,0.5523029565811157,0.3937849998474121,-0.025836560875177383,0.6229244470596313,0.3862483501434326,0.05927087739109993,0.6314947605133057,0.3967019319534302,0.034921206533908844,0.6202542781829834,0.39137548208236694,0.050212107598781586,0.5470299124717712,0.3797789216041565,-0.04975160211324692,0.6091998815536499,0.4107777178287506,0.0026640009600669146,0.6029931306838989,0.42344409227371216,-0.0235548485070467,0.5946135520935059,0.4391888976097107,-0.050042685121297836,0.7031393051147461,0.46601542830467224,-0.04001922905445099,0.6491222977638245,0.45450475811958313,-0.04898165166378021,0.6367485523223877,0.4485277533531189,-0.04864298179745674,0.6215692758560181,0.4440349340438843,-0.041553348302841187,0.6091132760047913,0.4421800673007965,-0.03700857236981392,0.6207554340362549,0.41344761848449707,0.011919752694666386,0.6290088295936584,0.4113699197769165,0.007123951334506273,0.6388426423072815,0.40952274203300476,0.005404218565672636,0.6480432748794556,0.4091813266277313,0.0123324329033494,0.6175791025161743,0.39138472080230713,0.03129281476140022,0.5718517303466797,0.44058308005332947,0.4211256802082062,0.6213154792785645,0.40317216515541077,0.035543978214263916,0.6264346837997437,0.3998873233795166,0.03272653743624687,0.5530365705490112,0.4059467315673828,-0.05105579271912575,0.5618969202041626,0.3936583995819092,-0.004720900673419237,0.5514222383499146,0.4028092324733734,-0.049846258014440536,0.501998245716095,0.380099892616272,0.0701838806271553,0.5303216576576233,0.36960017681121826,0.09642569720745087,0.5470481514930725,0.3785991072654724,0.008390258997678757,0.35970890522003174,0.32035642862319946,0.2569020390510559,0.3763939440250397,0.3189283609390259,0.19586510956287384,0.4096503257751465,0.3153913617134094,0.14783672988414764,0.6944978833198547,0.43350234627723694,0.0304392259567976,0.3776147663593292,0.3501228094100952,0.04663531854748726,0.32513684034347534,0.34042978286743164,0.083573117852211,0.2982715964317322,0.3339756727218628,0.1123732477426529,0.473838210105896,0.3559156656265259,0.17187221348285675,0.5043395757675171,0.34981483221054077,0.22722947597503662,0.4297904670238495,0.3856027126312256,0.09626541286706924,0.45967376232147217,0.3332234025001526,0.20798039436340332,0.4629354774951935,0.38576483726501465,0.034249771386384964,0.540847897529602,0.368099570274353,-0.04014790803194046,0.5380762219429016,0.360803484916687,0.2655392587184906,0.5160952806472778,0.3566533029079437,0.1957845836877823,0.5162535309791565,0.3665114939212799,0.15283431112766266,0.4976825416088104,0.37983179092407227,0.11399117112159729,0.4772509038448334,0.3877539336681366,0.08935178816318512,0.46114039421081543,0.3918815851211548,0.06772404164075851,0.4271915853023529,0.3847334682941437,-0.003769740927964449,0.5815417766571045,0.366486132144928,0.24706591665744781,0.46145689487457275,0.32862478494644165,0.23145563900470734,0.5437799692153931,0.3902311325073242,-0.09864378720521927,0.5019591450691223,0.38361287117004395,0.032584503293037415,0.4813491702079773,0.4064165949821472,0.44116276502609253,0.4474429786205292,0.39345836639404297,0.05616993457078934,0.5469400882720947,0.38520675897598267,0.02901858277618885,0.46357953548431396,0.3418140113353729,0.2039007693529129,0.5261767506599426,0.3697659373283386,-0.02846802957355976,0.6209756731987,0.4523899555206299,0.38736042380332947,0.4235020577907562,0.38340866565704346,0.10776703804731369,0.5101492404937744,0.367297887802124,-0.0561017282307148,0.7192186117172241,0.44106200337409973,0.16859877109527588,0.7333842515945435,0.4706445038318634,0.20435473322868347,0.5849841833114624,0.3966726064682007,0.3311772644519806,0.699315071105957,0.43396878242492676,0.21935845911502838,0.45776334404945374,0.35591191053390503,0.3330014944076538,0.7675260305404663,0.473909854888916,0.02238587476313114,0.5433770418167114,0.40408945083618164,-0.07916980236768723,0.5240117907524109,0.3820004463195801,0.0478706918656826,0.48282885551452637,0.34080708026885986,0.28134649991989136,0.46195125579833984,0.35928216576576233,0.15431088209152222,0.45407941937446594,0.36722373962402344,0.1369551122188568,0.6363636255264282,0.39411497116088867,0.04218587651848793,0.6216368675231934,0.3800061345100403,0.23367643356323242,0.787551999092102,0.5026321411132812,-0.016254594549536705,0.7690913081169128,0.48089295625686646,0.0915914848446846,0.754127025604248,0.4757470488548279,0.14405187964439392,0.4438043236732483,0.37385526299476624,0.12212974578142166,0.43282797932624817,0.3789830505847931,0.11370332539081573,0.42643246054649353,0.3820578455924988,0.1109791249036789,0.45817166566848755,0.3254416584968567,0.26581794023513794,0.4211447834968567,0.3704988360404968,0.11809626966714859,0.4258398413658142,0.3605911135673523,0.12687942385673523,0.4343510866165161,0.3517943024635315,0.14122779667377472,0.44501590728759766,0.3456053137779236,0.1582118719816208,0.4533327519893646,0.34372201561927795,0.17136259377002716,0.4460350275039673,0.3751464784145355,0.41824162006378174,0.46451622247695923,0.35334649682044983,0.17028014361858368,0.5955104231834412,0.39273011684417725,0.0018943650647997856,0.5521968603134155,0.38252419233322144,-0.028881438076496124,0.5695217847824097,0.40681058168411255,-0.04935116693377495,0.7385022640228271,0.4517720341682434,0.11933693289756775,0.7512109279632568,0.4641188979148865,0.07116561383008957,0.7742599844932556,0.4896963834762573,-0.030221199616789818,0.7070895433425903,0.4694567322731018,0.2724629342556,0.422073096036911,0.37868088483810425,0.11240450292825699,0.4672255516052246,0.3793734908103943,-0.008459504693746567,0.782160222530365,0.48808908462524414,0.03709496557712555,0.6289463043212891,0.41078394651412964,0.3052072823047638,0.617207407951355,0.42630183696746826,-0.011702824383974075,0.6281728744506836,0.42594990134239197,-0.015143785625696182,0.6415838003158569,0.42713984847068787,-0.017666488885879517,0.6541134119033813,0.430749773979187,-0.014046956785023212,0.7024931907653809,0.44745302200317383,-0.0012174180010333657,0.6144466400146484,0.395250141620636,0.03200511261820793,0.6147947311401367,0.3896711468696594,0.03903946653008461,0.61432945728302,0.38411417603492737,0.04456476494669914,0.641922116279602,0.39607536792755127,0.063430055975914,0.6229796409606934,0.3767915964126587,0.16522978246212006,0.44349950551986694,0.38575100898742676,0.016255170106887817,0.4090942144393921,0.3807331919670105,0.07401207834482193,0.4139954745769501,0.3783324360847473,0.0998968780040741,0.6137990951538086,0.4012676477432251,0.030017949640750885,0.6722640991210938,0.40307557582855225,0.18465550243854523,0.4079459309577942,0.38421356678009033,0.030385494232177734,0.7184741497039795,0.45757171511650085,0.006887943483889103,0.4508465826511383,0.37967437505722046,-0.031856127083301544,0.505048394203186,0.377411425113678,-0.008273708634078503,0.7218536734580994,0.47381848096847534,-0.037264544516801834,0.6937242746353149,0.4251043200492859,0.07645592838525772,0.5698846578598022,0.38539648056030273,0.04445662349462509,0.70930016040802,0.4420481026172638,0.043050821870565414,0.5898204445838928,0.37155961990356445,0.09124656766653061,0.6000832915306091,0.38429397344589233,0.06190405413508415,0.6287168264389038,0.3805723190307617,0.11651740968227386,0.7500507831573486,0.4791752099990845,-0.03488811105489731,0.5190099477767944,0.3805367052555084,0.012289606034755707,0.7143775820732117,0.4327027499675751,0.10050836205482483,0.7279157638549805,0.4505578279495239,0.05793553963303566,0.673566460609436,0.4081793427467346,0.10130846500396729,0.6542750597000122,0.39511144161224365,0.2234058380126953,0.6855471134185791,0.41008779406547546,0.1345369815826416,0.6673633456230164,0.42456886172294617,0.2739468514919281,0.6336305141448975,0.38968759775161743,0.08280736207962036,0.4843086004257202,0.3819733262062073,0.013679350726306438,0.5472690463066101,0.3733986020088196,-0.049593474715948105,0.554783821105957,0.3765435814857483,-0.025208644568920135,0.5315077304840088,0.36515912413597107,-0.0695328563451767,0.4039674997329712,0.3660097122192383,0.08757851272821426,0.412245512008667,0.3473205864429474,0.10942304134368896,0.4250298738479614,0.33482903242111206,0.13326600193977356,0.43818652629852295,0.3277871012687683,0.1613112837076187,0.4496476948261261,0.32747912406921387,0.1863248348236084,0.47039636969566345,0.341686874628067,0.21918748319149017,0.5398716926574707,0.38475579023361206,0.3468162715435028,0.49178022146224976,0.35612112283706665,0.18358537554740906,0.49011102318763733,0.36506861448287964,0.15322493016719818,0.47801560163497925,0.3752933442592621,0.12454988807439804,0.4616563320159912,0.3836135268211365,0.10281312465667725,0.4477463960647583,0.3883656859397888,0.08461251854896545,0.437590628862381,0.39073148369789124,0.07427620887756348,0.5233345627784729,0.4278935194015503,0.4415532350540161,0.5567526817321777,0.3839443624019623,-0.01736845262348652,0.4878702461719513,0.37407398223876953,-0.02930305525660515,0.5430878400802612,0.3717152178287506,-0.07968853414058685,0.544893205165863,0.3892539143562317,-0.08525855839252472,0.5452237725257874,0.3799855411052704,-0.07029931247234344,0.5574630498886108,0.3927927613258362,-0.01950882375240326,0.5455089211463928,0.3886258006095886,-0.0936676636338234,0.5455699563026428,0.40085411071777344,-0.07443943619728088,0.42200106382369995,0.3858591318130493,0.09328659623861313,0.42482098937034607,0.3902769088745117,0.06543362140655518,0.43024352192878723,0.3917996883392334,0.04118098318576813,0.4586048126220703,0.3433622121810913,0.18230105936527252,0.4572105407714844,0.3362947702407837,0.19159510731697083,0.279642254114151,0.5268738865852356,-0.05082573741674423,0.29492780566215515,0.5096129179000854,-0.05082573741674423,0.26410359144210815,0.5206962823867798,-0.05082573741674423,0.2646888494491577,0.5437248349189758,-0.05082573741674423,0.2951323986053467,0.5325798392295837,-0.05082573741674423,0.4366021454334259,0.3615095913410187,0.143964484333992,0.4472444951534271,0.3526148200035095,0.143964484333992,0.4220745265483856,0.35387885570526123,0.143964484333992,0.42556923627853394,0.37046384811401367,0.143964484333992,0.45066025853157043,0.36894547939300537,0.143964484333992,0,0,0,0,0,1,1,0,0,0,0,0,0.07358517497777939,0.05920911207795143,0.093072809278965,0.05933324992656708,0.03241822496056557,0.05990291386842728,0.11266638338565826,0.06751513481140137,0.09734192490577698,0.10572168231010437,1.45591139793396,0.2934941053390503,Neutral,6.770069122314453,-10.354174613952637
168,5.6,27.577565947708653,-11.276346674811872,0.6358966853471988,0.5318052172660828,0.4532606303691864,-0.08256909996271133,0.4836699962615967,0.38152438402175903,-0.11297591030597687,0.501678466796875,0.4161224961280823,-0.07175938785076141,0.4105014204978943,0.3975844383239746,-0.08377408981323242,0.46394941210746765,0.3745075762271881,-0.11465492099523544,0.4390024244785309,0.377128541469574,-0.09953705221414566,0.37167593836784363,0.39305615425109863,-0.026927562430500984,0.2639988958835602,0.5479457974433899,-0.057286251336336136,0.3280681073665619,0.38906222581863403,0.002573746955022216,0.3040125370025635,0.3804534673690796,0.008769351989030838,0.22040477395057678,0.364859402179718,0.05846674367785454,0.5373108386993408,0.45374202728271484,-0.08213870972394943,0.5414884090423584,0.4543042480945587,-0.07775455713272095,0.5436129570007324,0.45459863543510437,-0.07087862491607666,0.624639093875885,0.4671446979045868,-0.06158953160047531,0.6348844766616821,0.4694255292415619,-0.06684615463018417,0.6449579000473022,0.47164803743362427,-0.07344350963830948,0.6540983319282532,0.4728389382362366,-0.07304525375366211,0.6532924771308899,0.4684538245201111,-0.061370547860860825,0.49504682421684265,0.39373210072517395,-0.10566303133964539,0.4840412735939026,0.4209951162338257,-0.09177842736244202,0.15237727761268616,0.6342001557350159,0.0008439574739895761,0.3239973783493042,0.49329084157943726,-0.040974490344524384,0.3134690523147583,0.5129473805427551,-0.05502360314130783,0.2995259165763855,0.532701849937439,-0.06349106878042221,0.2639923691749573,0.5589197874069214,-0.06449505686759949,0.3292348384857178,0.47696366906166077,-0.023235270753502846,0.23926088213920593,0.5060829520225525,-0.0526975654065609,0.25781452655792236,0.4851159453392029,-0.033188510686159134,0.22792018949985504,0.5282444953918457,-0.06276050955057144,0.226755753159523,0.5452991724014282,-0.06545604765415192,0.2690565586090088,0.5775988101959229,-0.06795687973499298,0.6470321416854858,0.5559453964233398,-0.09916424006223679,0.2502652406692505,0.5551823377609253,-0.055533282458782196,0.23632824420928955,0.6640292406082153,-0.027295347303152084,0.23609253764152527,0.5973522663116455,-0.060718145221471786,0.4117082953453064,0.5118363499641418,-0.08982664346694946,0.5097720623016357,0.47544237971305847,-0.09793736785650253,0.5260310173034668,0.47382694482803345,-0.09182541072368622,0.4985596537590027,0.49790525436401367,-0.10652068257331848,0.4970492124557495,0.5122007131576538,-0.10489825159311295,0.5152415037155151,0.49086326360702515,-0.09876969456672668,0.5107797384262085,0.503321647644043,-0.09437891095876694,0.5597221255302429,0.5562572479248047,-0.09434673190116882,0.4754285514354706,0.39521703124046326,-0.12108250707387924,0.4552347660064697,0.3907528519630432,-0.12400256842374802,0.19006508588790894,0.5659934878349304,-0.0781254693865776,0.3823865056037903,0.4652063846588135,-0.05157378315925598,0.4468395709991455,0.4623064398765564,-0.10607033222913742,0.43380215764045715,0.46540310978889465,-0.09882339835166931,0.3765026032924652,0.5748692750930786,-0.11313892155885696,0.43222883343696594,0.39256852865219116,-0.10882685333490372,0.20296235382556915,0.5096561908721924,-0.06564626842737198,0.18915356695652008,0.5406308174133301,-0.07604891806840897,0.13261234760284424,0.583714485168457,-0.0104720713570714,0.2867698073387146,0.4294593632221222,-0.021477270871400833,0.2804795503616333,0.4693591296672821,-0.015444670803844929,0.5272623896598816,0.5638549327850342,-0.100957490503788,0.4694010615348816,0.7431676387786865,-0.018690353259444237,0.46630895137786865,0.45511409640312195,-0.08959144353866577,0.4791582226753235,0.4433819651603699,-0.07946396619081497,0.5113418698310852,0.5258646607398987,-0.09053196012973785,0.5168861150741577,0.5200541615486145,-0.08644037693738937,0.16680562496185303,0.547534167766571,-0.0694359540939331,0.45462822914123535,0.47351643443107605,-0.0973825678229332,0.233754962682724,0.47304975986480713,-0.04644877463579178,0.21346907317638397,0.47122901678085327,-0.047232069075107574,0.15090757608413696,0.4652925133705139,-0.0077790915966033936,0.15610748529434204,0.5529451966285706,-0.043502628803253174,0.18441082537174225,0.4527263343334198,-0.025510229170322418,0.17022350430488586,0.5762305855751038,-0.06755445897579193,0.1697787493467331,0.5985329151153564,-0.03396381065249443,0.5186572074890137,0.4753558039665222,-0.0974087119102478,0.5072053670883179,0.49500828981399536,-0.10391082614660263,0.503706157207489,0.5083861351013184,-0.10099301487207413,0.47220519185066223,0.45525088906288147,-0.08151259273290634,0.5145022869110107,0.5229641795158386,-0.08763796091079712,0.534828782081604,0.523066520690918,-0.08972571045160294,0.5184793472290039,0.5175853967666626,-0.08549553900957108,0.46533069014549255,0.4304371476173401,-0.1118725910782814,0.5144655704498291,0.4991444945335388,-0.09030137211084366,0.5198823809623718,0.4869024157524109,-0.09088782966136932,0.5306175351142883,0.4718010127544403,-0.08582045137882233,0.6376230716705322,0.49515199661254883,-0.07748863101005554,0.6280072927474976,0.5007261037826538,-0.08985079824924469,0.6205909252166748,0.4972996115684509,-0.09027832746505737,0.612435519695282,0.49200448393821716,-0.08315165340900421,0.6047157645225525,0.48691707849502563,-0.07712146639823914,0.559879720211029,0.5085262060165405,-0.08354940265417099,0.5592383742332458,0.5139724016189575,-0.0880865827202797,0.5586517453193665,0.5205897092819214,-0.09367352724075317,0.5587567687034607,0.5257419943809509,-0.09499084949493408,0.49643731117248535,0.5188537240028381,-0.10318005830049515,0.3392760455608368,0.7406232953071594,0.022539718076586723,0.49905186891555786,0.4055749475955963,-0.08287303149700165,0.5407856106758118,0.5135248303413391,-0.08349982649087906,0.5379362106323242,0.5182149410247803,-0.08698872476816177,0.49006640911102295,0.4400174915790558,-0.08311132341623306,0.4696161448955536,0.4776221811771393,-0.07846053689718246,0.485107958316803,0.4413605332374573,-0.08133631199598312,0.3826606869697571,0.48792895674705505,-0.06518149375915527,0.37788915634155273,0.5189425945281982,-0.08683404326438904,0.4406540095806122,0.4766174554824829,-0.09186036139726639,0.1307734251022339,0.5274349451065063,-0.015566596761345863,0.15976601839065552,0.5050545930862427,-0.03967464342713356,0.18051744997501373,0.5118727087974548,-0.06136966496706009,0.5854793787002563,0.5420670509338379,-0.0948541909456253,0.2542474865913391,0.4266609847545624,-0.023605521768331528,0.21516898274421692,0.4104395806789398,-0.001003105309791863,0.1811799705028534,0.41336649656295776,0.01806079037487507,0.2818114757537842,0.5500351786613464,-0.06638026237487793,0.27072638273239136,0.6027383804321289,-0.07576549053192139,0.3300861120223999,0.46626174449920654,-0.012729059904813766,0.22293245792388916,0.5685190558433533,-0.06871069222688675,0.37710854411125183,0.44665810465812683,-0.045902568846940994,0.4455936551094055,0.4383421540260315,-0.1145247370004654,0.2935158610343933,0.6349220275878906,-0.07929375767707825,0.2973608374595642,0.591552734375,-0.08944212645292282,0.325200617313385,0.5664011836051941,-0.08914007246494293,0.3480013608932495,0.5266672372817993,-0.07082206010818481,0.3573836386203766,0.496770441532135,-0.05108470842242241,0.3616285026073456,0.474091112613678,-0.037309370934963226,0.3659859299659729,0.4101303815841675,-0.036315757781267166,0.3424854874610901,0.6437657475471497,-0.09745081514120102,0.20936711132526398,0.5835340619087219,-0.07031062245368958,0.489324688911438,0.40141046047210693,-0.11242692917585373,0.4041060209274292,0.4645238220691681,-0.06461935490369797,0.23317676782608032,0.706599235534668,0.03300854191184044,0.36173105239868164,0.455807626247406,-0.025585807859897614,0.4403991997241974,0.4864739179611206,-0.0726044774055481,0.24390260875225067,0.5637914538383484,-0.05924087390303612,0.43133699893951416,0.4420603811740875,-0.10423174500465393,0.4004201292991638,0.7484707236289978,0.005769260693341494,0.32107314467430115,0.46651995182037354,-0.006170602515339851,0.42930272221565247,0.41489776968955994,-0.11059114336967468,0.5559974908828735,0.6609030961990356,-0.09047741442918777,0.5812976956367493,0.6886571049690247,-0.06696240603923798,0.3370571732521057,0.6990474462509155,-0.04588361456990242,0.5091707706451416,0.6894805431365967,-0.08474205434322357,0.1978151500225067,0.6323954463005066,-0.025028258562088013,0.6728506088256836,0.5711623430252075,-0.10116921365261078,0.49369925260543823,0.4119182229042053,-0.08638636767864227,0.40898600220680237,0.4871904253959656,-0.07262187451124191,0.22608987987041473,0.6168038845062256,-0.056263864040374756,0.2877034544944763,0.5269472599029541,-0.05598157271742821,0.30074626207351685,0.509760856628418,-0.04930296540260315,0.5318171977996826,0.52756667137146,-0.09147937595844269,0.3909759521484375,0.6586596965789795,-0.09860881417989731,0.7198185920715332,0.5425398349761963,-0.08773510158061981,0.6633737087249756,0.6155592203140259,-0.08412397652864456,0.6291855573654175,0.6495294570922852,-0.07686398178339005,0.251431941986084,0.3698049485683441,0.03472338616847992,0.739190936088562,0.504005491733551,-0.062417175620794296,0.30942362546920776,0.49407196044921875,-0.03674968332052231,0.3155531585216522,0.47970348596572876,-0.023081263527274132,0.3195367753505707,0.4708300828933716,-0.011635971255600452,0.1924673169851303,0.598048746585846,-0.06008952111005783,0.2941211462020874,0.4783037304878235,-0.02078462578356266,0.2758585214614868,0.49248114228248596,-0.033331964164972305,0.2625424265861511,0.5085881948471069,-0.045308493077754974,0.25347667932510376,0.5267576575279236,-0.05439373478293419,0.25069013237953186,0.5399724841117859,-0.05684462562203407,0.18385745584964752,0.6729180216789246,0.020639261230826378,0.2755604386329651,0.5390731692314148,-0.05789646878838539,0.5163247585296631,0.420081228017807,-0.07080600410699844,0.49250826239585876,0.4942367374897003,-0.09862840175628662,0.46328410506248474,0.4496869146823883,-0.09352236986160278,0.5048365592956543,0.44603389501571655,-0.08875943720340729,0.34857451915740967,0.39583516120910645,-0.003965278156101704,0.6006519794464111,0.6324049234390259,-0.09096379578113556,0.6372209787368774,0.6046797037124634,-0.09475598484277725,0.7031522989273071,0.5324075222015381,-0.09725645184516907,0.5312886834144592,0.720201849937439,-0.04575805366039276,0.31151968240737915,0.47015875577926636,-0.012113955803215504,0.39182090759277344,0.42259329557418823,-0.06142384186387062,0.7237154245376587,0.49322226643562317,-0.07163073867559433,0.6939706206321716,0.5795690417289734,-0.09349017590284348,0.39329585433006287,0.7101935148239136,-0.05612191557884216,0.5825539827346802,0.49979275465011597,-0.08287902176380157,0.5855022668838501,0.5060204267501831,-0.08872897922992706,0.5892812013626099,0.5129377245903015,-0.09515143930912018,0.5947156548500061,0.5183571577072144,-0.09621972590684891,0.612267255783081,0.5221394896507263,-0.09252603352069855,0.5111789703369141,0.513069748878479,-0.09135495871305466,0.5060129165649414,0.517690122127533,-0.09581641107797623,0.500323474407196,0.5213674306869507,-0.0992402657866478,0.5080596208572388,0.5428513884544373,-0.10439573228359222,0.4166108965873718,0.6170775890350342,-0.11511276662349701,0.37029585242271423,0.42747652530670166,-0.03876589611172676,0.317979097366333,0.4438467025756836,0.0024579258169978857,0.30999818444252014,0.458451509475708,-0.004882162902504206,0.513829231262207,0.5091583728790283,-0.08820975571870804,0.4749498665332794,0.6506268382072449,-0.10165213793516159,0.33323732018470764,0.4232846200466156,-0.010745950974524021,0.6272183656692505,0.5409170389175415,-0.09326598793268204,0.41639992594718933,0.38304269313812256,-0.07422047853469849,0.38936784863471985,0.4042034149169922,-0.059074766933918,0.3949446380138397,0.3883082866668701,-0.04896842688322067,0.41593486070632935,0.44168129563331604,-0.07819075137376785,0.6985024213790894,0.4828065037727356,-0.07445119321346283,0.6724015474319458,0.4757840633392334,-0.06716426461935043,0.6550302505493164,0.5076042413711548,-0.08464055508375168,0.5600102543830872,0.5794888734817505,-0.09770649671554565,0.4474591910839081,0.507689356803894,-0.08381621539592743,0.5963013768196106,0.5647527575492859,-0.09558892995119095,0.42024552822113037,0.5493513345718384,-0.10972097516059875,0.45961663126945496,0.530116856098175,-0.09943060576915741,0.4480432868003845,0.5837665796279907,-0.11425872892141342,0.6785080432891846,0.5194674134254456,-0.09751720726490021,0.4203331470489502,0.4634091854095459,-0.07676473259925842,0.5723822712898254,0.6071315407752991,-0.09852505475282669,0.6118143796920776,0.5839153528213501,-0.09601332247257233,0.52121901512146,0.5856196284294128,-0.10735203325748444,0.4349983334541321,0.6698247194290161,-0.09587296843528748,0.5147143006324768,0.6216579079627991,-0.10682470351457596,0.45034563541412354,0.7100340127944946,-0.06954063475131989,0.4812833070755005,0.5573001503944397,-0.10796437412500381,0.397772878408432,0.4435480833053589,-0.06281031668186188,0.45886868238449097,0.4334602355957031,-0.11705981940031052,0.4572102725505829,0.45721620321273804,-0.10327564179897308,0.44946256279945374,0.4129771590232849,-0.12258100509643555,0.28659963607788086,0.4530608355998993,-0.01151167880743742,0.24920381605625153,0.4799765646457672,-0.03581931069493294,0.22545185685157776,0.5071111917495728,-0.05680416151881218,0.21264970302581787,0.5329489707946777,-0.07025587558746338,0.21113820374011993,0.5539531111717224,-0.07356011867523193,0.2416694462299347,0.577995777130127,-0.06114044412970543,0.28470832109451294,0.6840648055076599,-0.039877332746982574,0.28726670145988464,0.5682039856910706,-0.07251282036304474,0.31028738617897034,0.5476666688919067,-0.07031988352537155,0.328427791595459,0.5204077363014221,-0.05986570566892624,0.33974161744117737,0.49443382024765015,-0.04258379340171814,0.34511175751686096,0.47458750009536743,-0.02535722590982914,0.3474668562412262,0.46022263169288635,-0.015140880830585957,0.2853979766368866,0.7263220548629761,0.033506665378808975,0.4624965488910675,0.46445581316947937,-0.09430814534425735,0.41121920943260193,0.4174390137195587,-0.0834055170416832,0.4667838215827942,0.4112001061439514,-0.12145037204027176,0.48097434639930725,0.413464218378067,-0.1079513281583786,0.4703972339630127,0.4183852970600128,-0.11314810812473297,0.4706402122974396,0.466469943523407,-0.08386730402708054,0.48469269275665283,0.40781405568122864,-0.1115768551826477,0.4895581305027008,0.41744858026504517,-0.08903782069683075,0.3276662230491638,0.45837855339050293,-0.0015528124058619142,0.3426882028579712,0.447154700756073,-0.004210718907415867,0.35357311367988586,0.4397328197956085,-0.015536850318312645,0.2502872347831726,0.5485043525695801,-0.057188890874385834,0.23088079690933228,0.558455228805542,-0.06400693953037262,0.4265754818916321,0.3745690584182739,-0.0526084303855896,0.435214638710022,0.3606227934360504,0.1664619743824005,0.5035296678543091,0.39455467462539673,-0.06817712634801865,0.3824789226055145,0.3346966505050659,0.34853434562683105,0.4271667003631592,0.385780394077301,0.10352131724357605,0.43620967864990234,0.37992650270462036,0.11864785104990005,0.44181007146835327,0.37318140268325806,0.1367674618959427,0.43620312213897705,0.36535900831222534,0.17204980552196503,0.41788867115974426,0.3880421817302704,0.09087403118610382,0.40435171127319336,0.35352957248687744,0.12638303637504578,0.3980349600315094,0.3613595962524414,0.10851425677537918,0.4113193154335022,0.3488980531692505,0.144746795296669,0.4180820882320404,0.3493010103702545,0.15960058569908142,0.44426390528678894,0.3666987419128418,0.1863778829574585,0.7012653350830078,0.4436325132846832,0.00688974978402257,0.43152499198913574,0.3580273985862732,0.17852769792079926,0.4571862816810608,0.3570028841495514,0.32444825768470764,0.43197953701019287,0.3589039444923401,0.22554826736450195,0.5090427994728088,0.3684520423412323,0.05631532520055771,0.5416317582130432,0.4291997253894806,-0.060081303119659424,0.5522797107696533,0.4350026249885559,-0.056817568838596344,0.5577288866043091,0.40910953283309937,-0.028325308114290237,0.5725739002227783,0.3970765471458435,0.0029648931231349707,0.5627769231796265,0.4192604720592499,-0.03066917322576046,0.5733739733695984,0.40815338492393494,-0.0035567507147789,0.645533561706543,0.40977180004119873,0.043385084718465805,0.4910318851470947,0.37337207794189453,-0.100867360830307,0.4730774164199829,0.3654089570045471,-0.10002391785383224,0.4077989459037781,0.3324166536331177,0.1894993633031845,0.4414421021938324,0.3805563449859619,0.0435761995613575,0.506711483001709,0.36859023571014404,-0.016010357066988945,0.4954215884208679,0.36927881836891174,-0.006131129804998636,0.5303746461868286,0.35092782974243164,0.12848229706287384,0.44897162914276123,0.36816293001174927,-0.07819170504808426,0.3916446268558502,0.3321811258792877,0.12073349207639694,0.3996887505054474,0.32900941371917725,0.1573803722858429,0.3479992151260376,0.318850040435791,0.30039504170417786,0.3776049017906189,0.363003671169281,0.0400121733546257,0.39499130845069885,0.3708310127258301,0.10014044493436813,0.6288034915924072,0.3969731330871582,0.06537605822086334,0.648423433303833,0.43232643604278564,0.31068140268325806,0.5120638608932495,0.3833833336830139,-0.02283141203224659,0.5100045204162598,0.39532041549682617,-0.04624484106898308,0.6021369099617004,0.38639020919799805,0.05365096032619476,0.5995609760284424,0.3933352828025818,0.04004514589905739,0.38871434330940247,0.3214108943939209,0.17886550724506378,0.5151515007019043,0.376346617937088,-0.008714127354323864,0.3833692669868469,0.34218376874923706,0.08112788945436478,0.37135210633277893,0.3332666754722595,0.08468619734048843,0.2815017104148865,0.31724220514297485,0.1696980744600296,0.35361507534980774,0.3143317699432373,0.2310163527727127,0.2999410033226013,0.3234478235244751,0.12677092850208282,0.3966638445854187,0.3277108371257782,0.21983009576797485,0.385103702545166,0.32545584440231323,0.2777932584285736,0.5485115051269531,0.4317479133605957,-0.06004873290657997,0.5612655282020569,0.41412436962127686,-0.030122162774205208,0.5736554861068726,0.4019721746444702,-0.002544236136600375,0.5128209590911865,0.3894824683666229,-0.02682441659271717,0.6011614799499512,0.38993942737579346,0.045500289648771286,0.6193896532058716,0.3951517939567566,0.022668352350592613,0.598345935344696,0.3956003189086914,0.037320416420698166,0.5025027990341187,0.3770762085914612,-0.05068279057741165,0.5716480016708374,0.4125490188598633,-0.004027040209621191,0.5622174739837646,0.4236181080341339,-0.02667056955397129,0.5532998442649841,0.43798741698265076,-0.04984411969780922,0.6615791320800781,0.4497067332267761,-0.04247695952653885,0.6665753126144409,0.444192111492157,-0.05127741023898125,0.6570486426353455,0.4444439113140106,-0.05058128014206886,0.645080029964447,0.44530391693115234,-0.04340590164065361,0.6335186958312988,0.44655516743659973,-0.03947027027606964,0.6232963800430298,0.4158087372779846,0.0031791822984814644,0.6289992332458496,0.41092634201049805,-0.0014731615083292127,0.6365630626678467,0.40511882305145264,-0.0037349341437220573,0.6431714296340942,0.4004066586494446,0.0020169191993772984,0.5779970288276672,0.38447433710098267,0.021334178745746613,0.5528984665870667,0.4099127948284149,0.39033937454223633,0.6124299764633179,0.4059452414512634,0.02389749139547348,0.6162100434303284,0.40055209398269653,0.020946325734257698,0.5140528082847595,0.4014725685119629,-0.050447843968868256,0.523611307144165,0.3882335424423218,-0.007438904605805874,0.5122568011283875,0.3984243869781494,-0.04908130317926407,0.46177440881729126,0.3743411600589752,0.06172197312116623,0.48812592029571533,0.362146258354187,0.08484908938407898,0.5054078698158264,0.37410175800323486,0.0041889613494277,0.313955694437027,0.3122140169143677,0.2374228835105896,0.3254544734954834,0.31414902210235596,0.1812431961297989,0.37948721647262573,0.32295525074005127,0.13561269640922546,0.6536245346069336,0.4195452928543091,0.01876181550323963,0.3610624670982361,0.3493584990501404,0.043680861592292786,0.2774888575077057,0.3419351577758789,0.07854747772216797,0.2527100145816803,0.3335728645324707,0.10765156149864197,0.4417526125907898,0.36875247955322266,0.15637251734733582,0.45362886786460876,0.36881664395332336,0.20741552114486694,0.4112904965877533,0.3883094787597656,0.08905661851167679,0.42086586356163025,0.34926241636276245,0.19002270698547363,0.4223148822784424,0.3826182186603546,0.02993633970618248,0.49453118443489075,0.3655358850955963,-0.041892584413290024,0.4968206286430359,0.3454006016254425,0.24270537495613098,0.4690448045730591,0.3717103898525238,0.17699600756168365,0.4761601686477661,0.3762132227420807,0.13680937886238098,0.4657425582408905,0.38508832454681396,0.10186164826154709,0.45036429166793823,0.3916214406490326,0.08021312952041626,0.4380418658256531,0.39372116327285767,0.061059627681970596,0.38503673672676086,0.3843209743499756,-0.004145576618611813,0.5408169627189636,0.3502204418182373,0.22426344454288483,0.41703560948371887,0.3445051312446594,0.21225105226039886,0.4991576075553894,0.38823097944259644,-0.09625816345214844,0.46109578013420105,0.37950074672698975,0.027278350666165352,0.4588768184185028,0.3823200464248657,0.41016989946365356,0.4270652234554291,0.3935185670852661,0.05123104527592659,0.5073431730270386,0.37979429960250854,0.02374768629670143,0.42908698320388794,0.35900092124938965,0.18675655126571655,0.4807465076446533,0.3671407699584961,-0.03057054802775383,0.6015270352363586,0.42058175802230835,0.3580738306045532,0.40603578090667725,0.38626983761787415,0.10015129297971725,0.4627843201160431,0.365935742855072,-0.05677126348018646,0.6832034587860107,0.41825976967811584,0.1498742252588272,0.7041220664978027,0.4423903822898865,0.1827501356601715,0.5516849160194397,0.37399810552597046,0.30591005086898804,0.6648032665252686,0.409756064414978,0.19853422045707703,0.4175161123275757,0.3417596220970154,0.3091389238834381,0.7259847521781921,0.4516887068748474,0.013813788071274757,0.501980185508728,0.4010252356529236,-0.07662677764892578,0.4834675192832947,0.37641414999961853,0.04094075784087181,0.4302176833152771,0.36212170124053955,0.25910693407058716,0.4361264109611511,0.36784297227859497,0.1405213475227356,0.4303203821182251,0.37417080998420715,0.12465615570545197,0.6222817897796631,0.39032304286956787,0.02927996963262558,0.5818667411804199,0.36226338148117065,0.211704283952713,0.746922492980957,0.47800010442733765,-0.022441649809479713,0.7338734865188599,0.4555663466453552,0.0769820287823677,0.7217658758163452,0.44937586784362793,0.1259179711341858,0.4220687747001648,0.37943780422210693,0.11170166730880737,0.41302475333213806,0.3828197717666626,0.10464603453874588,0.40831926465034485,0.3851930797100067,0.1028541699051857,0.4080885052680969,0.34370601177215576,0.24505522847175598,0.4058462679386139,0.37601393461227417,0.10908357053995132,0.4099922478199005,0.3688318133354187,0.11710954457521439,0.4155345857143402,0.3622596263885498,0.12984390556812286,0.4222400486469269,0.3572619557380676,0.14508789777755737,0.427321195602417,0.35621368885040283,0.15693336725234985,0.4164159297943115,0.35580986738204956,0.38839152455329895,0.4367498755455017,0.36338573694229126,0.1553974598646164,0.5562124848365784,0.38678932189941406,-0.004000349435955286,0.5097771883010864,0.3790697455406189,-0.03019750863313675,0.5311606526374817,0.40258580446243286,-0.049906175583601,0.7010477781295776,0.42952364683151245,0.10357365012168884,0.7122907042503357,0.4419724941253662,0.058966293931007385,0.7320773601531982,0.46749529242515564,-0.03454453498125076,0.6820046305656433,0.43907931447029114,0.2483324408531189,0.4055403470993042,0.3820558190345764,0.10417641699314117,0.42357727885246277,0.3776746392250061,-0.010304379276931286,0.7434741258621216,0.46350204944610596,0.026078829541802406,0.5963187217712402,0.3862453103065491,0.28122979402542114,0.6321526169776917,0.42958778142929077,-0.017404705286026,0.641667902469635,0.4253212511539459,-0.0205666646361351,0.6521090269088745,0.4215104281902313,-0.023869790136814117,0.6623698472976685,0.4188801348209381,-0.021255601197481155,0.660068929195404,0.43227851390838623,-0.0093998983502388,0.585506021976471,0.3991004228591919,0.021202055737376213,0.586877703666687,0.39346933364868164,0.027247946709394455,0.5868070125579834,0.3884488046169281,0.03222087770700455,0.6035007834434509,0.38775062561035156,0.0497826412320137,0.5808628797531128,0.36262047290802,0.14676271378993988,0.402135968208313,0.3838237524032593,0.014119407162070274,0.393483430147171,0.38290825486183167,0.06978143006563187,0.3977718651294708,0.38181889057159424,0.09307531267404556,0.5833631753921509,0.40309014916419983,0.019648263230919838,0.6324847936630249,0.38504475355148315,0.16486401855945587,0.39283791184425354,0.3827119469642639,0.029093021526932716,0.6772902011871338,0.44030043482780457,-0.0013056860771030188,0.4069308340549469,0.379245400428772,-0.03160640597343445,0.46138209104537964,0.37462466955184937,-0.010792959481477737,0.680260181427002,0.4559529721736908,-0.04036003723740578,0.6552018523216248,0.40988415479660034,0.0616607591509819,0.5299184918403625,0.3781871199607849,0.036640461534261703,0.6696322560310364,0.42552149295806885,0.03100740537047386,0.5459458827972412,0.3619998097419739,0.07799255102872849,0.5589020252227783,0.3758136034011841,0.050351422280073166,0.5861399173736572,0.3685826063156128,0.100328728556633,0.7074759006500244,0.45931094884872437,-0.03901568800210953,0.4772104322910309,0.37663376331329346,0.008309220895171165,0.6751256585121155,0.41426563262939453,0.08478549122810364,0.6878696084022522,0.4313395619392395,0.045788366347551346,0.6351692080497742,0.3945317268371582,0.08483147621154785,0.6153380870819092,0.37584954500198364,0.20207495987415314,0.6456238031387329,0.3934338092803955,0.11655314266681671,0.6345711946487427,0.3992522358894348,0.2512606680393219,0.5936850309371948,0.37976253032684326,0.06866328418254852,0.4420621991157532,0.3789195418357849,0.010025770403444767,0.5014976263046265,0.37072670459747314,-0.050806328654289246,0.5114109516143799,0.37297022342681885,-0.027204081416130066,0.48317277431488037,0.3637423515319824,-0.06967777758836746,0.38753974437713623,0.36951926350593567,0.08142311871051788,0.39169129729270935,0.3545041084289551,0.10038101673126221,0.3991067707538605,0.34478092193603516,0.12152304500341415,0.40695539116859436,0.33953458070755005,0.1468767523765564,0.4143219292163849,0.3415221869945526,0.16957667469978333,0.4309564530849457,0.3595311641693115,0.20100612938404083,0.5052423477172852,0.36444371938705444,0.32063359022140503,0.45315021276474,0.3698703646659851,0.1668172925710678,0.45576977729797363,0.3749150037765503,0.13840457797050476,0.4493812322616577,0.38262778520584106,0.11225713789463043,0.4370694160461426,0.38936710357666016,0.0928087830543518,0.426329106092453,0.39193296432495117,0.07729395478963852,0.4182233214378357,0.3926750421524048,0.06843017041683197,0.5040886998176575,0.3999607563018799,0.41028040647506714,0.5156498551368713,0.3796343207359314,-0.019515877589583397,0.4424365162849426,0.37254980206489563,-0.03062215819954872,0.49544841051101685,0.370023250579834,-0.07918063551187515,0.5008549094200134,0.3866123557090759,-0.0835934653878212,0.49979376792907715,0.3776717782020569,-0.06994575262069702,0.5183649063110352,0.38790905475616455,-0.021067366003990173,0.5008363723754883,0.3863588571548462,-0.09166665375232697,0.5039753913879395,0.3976391851902008,-0.07237335294485092,0.40495020151138306,0.3879690170288086,0.08715371787548065,0.40738052129745483,0.3915596902370453,0.06139715388417244,0.4122694432735443,0.39083462953567505,0.03843333199620247,0.4300215542316437,0.3567744493484497,0.16694919764995575,0.4231698513031006,0.35210585594177246,0.17506763339042664,0.28847700357437134,0.5037774443626404,-0.039600271731615067,0.3008056581020355,0.4859883189201355,-0.039600271731615067,0.27166035771369934,0.4991559088230133,-0.039600271731615067,0.2755979299545288,0.5218363404273987,-0.039600271731615067,0.3048621118068695,0.5086622834205627,-0.039600271731615067,0.4092167317867279,0.3630874752998352,0.13213135302066803,0.41708600521087646,0.3555302619934082,0.13213135302066803,0.39499160647392273,0.3571964204311371,0.13213135302066803,0.4007234275341034,0.3709515333175659,0.13213135302066803,0.42282748222351074,0.36902230978012085,0.13213135302066803,0,0,0,0,0,1,1,0,0,0,0,0,0.11716537177562714,0.0754624530673027,0.14697633683681488,0.08039580285549164,0.02936716005206108,0.06886491179466248,0.1065436601638794,0.06516798585653305,0.08425682783126831,0.10742706060409546,0.8824636936187744,0.23975469172000885,Neutral,-10.236237525939941,-24.05484962463379
173,5.766666666666667,27.89307694784601,-12.01030964842701,0.9288961083858628,0.5297228693962097,0.4514877200126648,-0.07783696800470352,0.46943730115890503,0.3832393288612366,-0.1176644116640091,0.4896141290664673,0.4165477752685547,-0.07010560482740402,0.3936070501804352,0.4029284715652466,-0.09435132145881653,0.4483042061328888,0.3773249387741089,-0.12135379016399384,0.4215376079082489,0.38087305426597595,-0.10810691863298416,0.34888115525245667,0.39913660287857056,-0.03965897858142853,0.26730862259864807,0.5621339678764343,-0.0752599909901619,0.30091166496276855,0.39713266491889954,-0.015187717042863369,0.27490606904029846,0.38970160484313965,-0.012617332860827446,0.17994707822799683,0.3819617033004761,0.02879125252366066,0.5356448888778687,0.45186784863471985,-0.07646577060222626,0.5404148101806641,0.4522935152053833,-0.07084865123033524,0.5429989099502563,0.45254167914390564,-0.06120139732956886,0.6307054758071899,0.4605294466018677,-0.051193367689847946,0.640964150428772,0.4615722596645355,-0.05410034582018852,0.6509994268417358,0.4626816511154175,-0.05935082957148552,0.660341739654541,0.4631410241127014,-0.05626397207379341,0.6518445611000061,0.45852094888687134,-0.03943531960248947,0.4812765419483185,0.3946351110935211,-0.10886111110448837,0.4730006456375122,0.42286860942840576,-0.09362903982400894,0.15172746777534485,0.6654094457626343,-0.031307317316532135,0.31388506293296814,0.5033717751502991,-0.05594136193394661,0.307402104139328,0.5234498977661133,-0.07070312649011612,0.2980162501335144,0.5442820191383362,-0.07993662357330322,0.26968809962272644,0.5742356181144714,-0.08182722330093384,0.3163096606731415,0.4866292178630829,-0.037080131471157074,0.23597592115402222,0.5196985602378845,-0.07409340143203735,0.2501888871192932,0.4978058338165283,-0.05325499176979065,0.2288200557231903,0.5428512096405029,-0.0842171162366867,0.23068472743034363,0.5604596138000488,-0.08642234653234482,0.27792036533355713,0.5934851169586182,-0.08426274359226227,0.6518503427505493,0.5450627207756042,-0.07717166841030121,0.25622981786727905,0.5709841251373291,-0.07390184700489044,0.2451208233833313,0.6835275292396545,-0.04318920522928238,0.25008153915405273,0.6163844466209412,-0.07860194891691208,0.4105145037174225,0.5171447992324829,-0.09526588767766953,0.5123199820518494,0.4748245179653168,-0.09421606361865997,0.5282998085021973,0.47263747453689575,-0.08602161705493927,0.5048536062240601,0.4978177547454834,-0.1034887433052063,0.5051376819610596,0.5124346017837524,-0.10234754532575607,0.5200687050819397,0.490298867225647,-0.09425671398639679,0.5167584419250488,0.503206729888916,-0.09035251289606094,0.5709222555160522,0.548886239528656,-0.08660462498664856,0.4631001651287079,0.39799678325653076,-0.12649473547935486,0.44188982248306274,0.3942410349845886,-0.1315946727991104,0.19843706488609314,0.5839124917984009,-0.10234187543392181,0.37048059701919556,0.4729737937450409,-0.06149614602327347,0.44067931175231934,0.46609190106391907,-0.11134251207113266,0.4272363781929016,0.4698428511619568,-0.10478893667459488,0.3836129605770111,0.5820173025131226,-0.12154834717512131,0.41693779826164246,0.3973279893398285,-0.11820550262928009,0.19991010427474976,0.5231226086616516,-0.09109071642160416,0.19299249351024628,0.5563169717788696,-0.10164652019739151,0.12498125433921814,0.6167476773262024,-0.046466704457998276,0.2654474377632141,0.4386597275733948,-0.04169946908950806,0.26923084259033203,0.4812346398830414,-0.03349340334534645,0.5399335026741028,0.5576024055480957,-0.09632972627878189,0.4844496250152588,0.7378511428833008,-0.014055573381483555,0.45907264947891235,0.45735064148902893,-0.09261706471443176,0.4707382321357727,0.44469860196113586,-0.07984396815299988,0.519438624382019,0.5265448093414307,-0.08626290410757065,0.5237745642662048,0.5207608938217163,-0.08211381733417511,0.1727875918149948,0.5655490159988403,-0.09628552198410034,0.44959530234336853,0.47622984647750854,-0.100796177983284,0.22224460542201996,0.4842742383480072,-0.0702727735042572,0.20266377925872803,0.4834871292114258,-0.07323738932609558,0.12599749863147736,0.49347901344299316,-0.04511716216802597,0.14969131350517273,0.5821506977081299,-0.07236598432064056,0.16467347741127014,0.4762771427631378,-0.056769102811813354,0.18121029436588287,0.5974344611167908,-0.09233393520116806,0.16919094324111938,0.6263282299041748,-0.0598439984023571,0.5211225152015686,0.47441011667251587,-0.09307257831096649,0.512873649597168,0.494511216878891,-0.10025583207607269,0.5109057426452637,0.5082514882087708,-0.09775040298700333,0.4648774564266205,0.4566898047924042,-0.0830971971154213,0.5219154357910156,0.5236201882362366,-0.08326628059148788,0.544264018535614,0.5215666890144348,-0.08362774550914764,0.5251873135566711,0.518268346786499,-0.0809536725282669,0.45552513003349304,0.43347060680389404,-0.11734678596258163,0.5198527574539185,0.49913325905799866,-0.08459576964378357,0.5239582061767578,0.48640257120132446,-0.08400241285562515,0.5325055718421936,0.4704914093017578,-0.07746772468090057,0.6405363082885742,0.48569849133491516,-0.057130150496959686,0.6386343240737915,0.4919430911540985,-0.07477171719074249,0.630807638168335,0.48941025137901306,-0.07754377275705338,0.6218065023422241,0.4853542149066925,-0.07188982516527176,0.6136581897735596,0.4815235733985901,-0.06797666847705841,0.5691299438476562,0.5059685707092285,-0.07732714712619781,0.569218635559082,0.510817289352417,-0.08021949976682663,0.5694770812988281,0.5168502926826477,-0.08517161756753922,0.5705481767654419,0.5215420722961426,-0.08602483570575714,0.5012850761413574,0.5159730911254883,-0.10257226228713989,0.35365650057792664,0.7483600378036499,0.01475613098591566,0.4858449101448059,0.4061029851436615,-0.0832107737660408,0.5491325259208679,0.5123681426048279,-0.0784779042005539,0.5467332601547241,0.5169061422348022,-0.08110851049423218,0.48158398270606995,0.4408585727214813,-0.0821758508682251,0.4650527238845825,0.478623628616333,-0.07870912551879883,0.47660306096076965,0.44254156947135925,-0.08116061985492706,0.37461376190185547,0.49586519598960876,-0.07435651123523712,0.37616947293281555,0.5271511077880859,-0.09567514806985855,0.4354945421218872,0.48025059700012207,-0.09629866480827332,0.11499686539173126,0.5597490072250366,-0.053328048437833786,0.14674989879131317,0.5330857038497925,-0.0705171674489975,0.17920701205730438,0.5270941853523254,-0.0889575332403183,0.5944585800170898,0.5336983799934387,-0.08365090191364288,0.23329326510429382,0.4370269775390625,-0.04752298817038536,0.18959473073482513,0.4292433261871338,-0.03104308247566223,0.14842887222766876,0.4364662766456604,-0.016085665673017502,0.2845706343650818,0.5633586645126343,-0.08325468003749847,0.28412267565727234,0.6196191310882568,-0.0911497175693512,0.31562793254852295,0.4754866361618042,-0.026430869475007057,0.2313656508922577,0.5856937170028687,-0.08938942104578018,0.36234158277511597,0.4543812870979309,-0.056753192096948624,0.43695536255836487,0.44249993562698364,-0.12131460756063461,0.3025544285774231,0.6497039794921875,-0.09293614327907562,0.30709704756736755,0.6057015061378479,-0.10358300805091858,0.328934907913208,0.5775421857833862,-0.10208330303430557,0.343999445438385,0.5356341600418091,-0.08246750384569168,0.34798523783683777,0.5047410726547241,-0.06237652897834778,0.3478918671607971,0.4815107583999634,-0.04858393222093582,0.345829576253891,0.4174143970012665,-0.049655817449092865,0.35483434796333313,0.6525110006332397,-0.10683294385671616,0.22104527056217194,0.6026663780212402,-0.09200679510831833,0.4768555760383606,0.4027806222438812,-0.11619491130113602,0.3941754102706909,0.4705173075199127,-0.0725453644990921,0.24242542684078217,0.7279782295227051,0.013111744076013565,0.3444991111755371,0.4626582860946655,-0.03748747706413269,0.4357842803001404,0.4899497330188751,-0.07564356178045273,0.2510741949081421,0.5804061889648438,-0.07754690945148468,0.4218350052833557,0.44706401228904724,-0.11183377355337143,0.41586148738861084,0.7495611906051636,0.004141146782785654,0.30728185176849365,0.47682827711105347,-0.02084251306951046,0.4167236387729645,0.4199477732181549,-0.11955519765615463,0.5680009722709656,0.6518873572349548,-0.07653313875198364,0.5933719873428345,0.6776648759841919,-0.05242947116494179,0.35159677267074585,0.7065032124519348,-0.05121918395161629,0.5228025317192078,0.6815612316131592,-0.07386212050914764,0.20209543406963348,0.6567360162734985,-0.046216338872909546,0.6770139336585999,0.5588850975036621,-0.07558188587427139,0.48167335987091064,0.4130345284938812,-0.08707597851753235,0.40283486247062683,0.49305692315101624,-0.07912162691354752,0.24501317739486694,0.6379443407058716,-0.07379883527755737,0.2848689556121826,0.5386703610420227,-0.07332319766283035,0.2939014434814453,0.5206233263015747,-0.06605787575244904,0.5421500205993652,0.5259392857551575,-0.08534492552280426,0.40497830510139465,0.6616510152816772,-0.10199543833732605,0.7210789918899536,0.5302781462669373,-0.05465931445360184,0.6707617044448853,0.6046499013900757,-0.06115612015128136,0.6389867067337036,0.6386618614196777,-0.05842790752649307,0.21905969083309174,0.38354384899139404,0.007736144587397575,0.7357704639434814,0.4901466965675354,-0.025417158380150795,0.2993164658546448,0.5049222707748413,-0.0526684895157814,0.3031599223613739,0.49039769172668457,-0.03825797513127327,0.3060816824436188,0.4811873733997345,-0.02632640302181244,0.20800933241844177,0.6197956204414368,-0.08173326402902603,0.2867867350578308,0.4916345775127411,-0.0385679230093956,0.27345138788223267,0.5073130130767822,-0.05263629928231239,0.26410162448883057,0.5233803987503052,-0.06534604728221893,0.25775763392448425,0.5417124629020691,-0.07456108927726746,0.25616177916526794,0.5551992058753967,-0.07670082896947861,0.18874867260456085,0.7003348469734192,-0.005858503747731447,0.2760896384716034,0.551861047744751,-0.0756104364991188,0.5052563548088074,0.4190397262573242,-0.06759825348854065,0.4928724765777588,0.4927859604358673,-0.09749303758144379,0.45557406544685364,0.45233428478240967,-0.0975319892168045,0.4981018900871277,0.44539764523506165,-0.08645448833703995,0.32338953018188477,0.4030361771583557,-0.01888195239007473,0.6105201244354248,0.6230900287628174,-0.07284671068191528,0.6443406343460083,0.5933772325515747,-0.07259276509284973,0.7037070393562317,0.5187869071960449,-0.06822662055492401,0.5448351502418518,0.7108346819877625,-0.03612256050109863,0.29990673065185547,0.4815329611301422,-0.028169648721814156,0.37607625126838684,0.4290190041065216,-0.07240954786539078,0.7192312479019165,0.47807541489601135,-0.03978676721453667,0.6986429691314697,0.5682481527328491,-0.06565912812948227,0.40882644057273865,0.7113007307052612,-0.055420566350221634,0.5922349691390991,0.49583354592323303,-0.07527538388967514,0.5958770513534546,0.5010330080986023,-0.07924969494342804,0.6004701256752014,0.506948709487915,-0.08483802527189255,0.6066962480545044,0.5113270282745361,-0.08457355201244354,0.6188873648643494,0.5130569934844971,-0.0772569552063942,0.5177402496337891,0.513496994972229,-0.08758699893951416,0.5135402083396912,0.5181082487106323,-0.09273318201303482,0.5086954236030579,0.522060215473175,-0.09660402685403824,0.517589271068573,0.5380525588989258,-0.10328429937362671,0.4284901022911072,0.6181023716926575,-0.11780213564634323,0.352672815322876,0.43513691425323486,-0.050970178097486496,0.30039551854133606,0.4531835615634918,-0.013471478596329689,0.2956179678440094,0.46857190132141113,-0.021102869883179665,0.519950270652771,0.5096092224121094,-0.08342088013887405,0.4885972738265991,0.6464428901672363,-0.0965651348233223,0.31114378571510315,0.43065381050109863,-0.02640109695494175,0.6327676773071289,0.530672550201416,-0.07434442639350891,0.397273451089859,0.38754063844680786,-0.08414915204048157,0.3710187077522278,0.41033703088760376,-0.07121677696704865,0.374091774225235,0.3934340476989746,-0.0605289526283741,0.40458446741104126,0.4472004175186157,-0.08661697059869766,0.6944093704223633,0.4691705107688904,-0.04568234831094742,0.6695814728736877,0.4641959071159363,-0.041424863040447235,0.6568337678909302,0.496515691280365,-0.06087055057287216,0.5709440112113953,0.5730447769165039,-0.08785846084356308,0.4466480016708374,0.510538637638092,-0.08596565574407578,0.6046585440635681,0.5563640594482422,-0.0810428187251091,0.42571112513542175,0.5523420572280884,-0.11338814347982407,0.4635414183139801,0.5308135151863098,-0.10102248936891556,0.4580461382865906,0.5835527777671814,-0.1149592250585556,0.6795505285263062,0.5069931745529175,-0.07143788784742355,0.4117046892642975,0.46863213181495667,-0.08346787840127945,0.5833374857902527,0.6004449129104614,-0.08521423488855362,0.6195794939994812,0.5745794177055359,-0.07755592465400696,0.5334057211875916,0.5806752443313599,-0.1016986295580864,0.44952458143234253,0.6684874296188354,-0.09373117238283157,0.5275189280509949,0.6164677143096924,-0.09997592121362686,0.4653981924057007,0.7060662508010864,-0.0631338506937027,0.4904075860977173,0.5549734234809875,-0.1077769473195076,0.38483351469039917,0.4499475359916687,-0.07228162884712219,0.44982969760894775,0.4369662404060364,-0.12335681170225143,0.45074042677879333,0.4602413475513458,-0.10743992775678635,0.4382888376712799,0.4171786308288574,-0.1301371306180954,0.2715243697166443,0.46351033449172974,-0.03046395070850849,0.23995427787303925,0.49207785725593567,-0.057344790548086166,0.22199222445487976,0.5205294489860535,-0.07956661283969879,0.21456928551197052,0.5475763082504272,-0.09316146373748779,0.21684087812900543,0.5698001384735107,-0.09595362097024918,0.2517024278640747,0.5956213474273682,-0.07950159162282944,0.2968861758708954,0.6978692412376404,-0.05072690173983574,0.29333195090293884,0.5822284817695618,-0.0880647674202919,0.3112758994102478,0.5595802068710327,-0.08491367846727371,0.32371068000793457,0.5306714177131653,-0.07348741590976715,0.3300199508666992,0.503885805606842,-0.055654674768447876,0.3318052887916565,0.4835044741630554,-0.03775439411401749,0.33157962560653687,0.46858012676239014,-0.027534421533346176,0.2975339889526367,0.7411088347434998,0.019439252093434334,0.4565596282482147,0.4667596220970154,-0.0972646102309227,0.39679667353630066,0.42321401834487915,-0.0932692289352417,0.4557216763496399,0.4145317077636719,-0.12750251591205597,0.4694158434867859,0.41563665866851807,-0.11169438809156418,0.4593240022659302,0.4213952422142029,-0.11837918311357498,0.4647216796875,0.46768951416015625,-0.08522345870733261,0.4729068875312805,0.40970078110694885,-0.11535479873418808,0.4780946373939514,0.41896671056747437,-0.09032078832387924,0.31200551986694336,0.46751102805137634,-0.015457572415471077,0.3245295584201813,0.4553498923778534,-0.017687084153294563,0.3335174024105072,0.44659075140953064,-0.028507204726338387,0.25620537996292114,0.5639776587486267,-0.07637479901313782,0.2371552735567093,0.5746304988861084,-0.08386808633804321,0.4058402478694916,0.3775298595428467,-0.060668718069791794,0.3953320384025574,0.3567383289337158,0.16618500649929047,0.486709326505661,0.3938612937927246,-0.06813190132379532,0.32713577151298523,0.3439229130744934,0.3553372025489807,0.39646074175834656,0.3801847994327545,0.09987075626850128,0.4028494358062744,0.3732496500015259,0.11657851934432983,0.40637725591659546,0.36631131172180176,0.13612514734268188,0.4008272886276245,0.3605915904045105,0.1735055148601532,0.3882751166820526,0.3841381371021271,0.08578895777463913,0.3587062656879425,0.3550562560558319,0.11955707520246506,0.35528990626335144,0.3640868663787842,0.09986253827810287,0.3646683692932129,0.34902623295783997,0.14009088277816772,0.3728679418563843,0.3477227985858917,0.1567937284708023,0.4128360450267792,0.3604575991630554,0.19003818929195404,0.6876317262649536,0.4280027449131012,0.036372553557157516,0.39237144589424133,0.35514700412750244,0.178758904337883,0.41061919927597046,0.35544875264167786,0.3357366621494293,0.4006493091583252,0.3566199243068695,0.23042798042297363,0.481566458940506,0.3654356300830841,0.06240522861480713,0.5369679927825928,0.4284927248954773,-0.05393529683351517,0.5487588047981262,0.4331126809120178,-0.04884148761630058,0.5515368580818176,0.4090607762336731,-0.020002570003271103,0.5651041269302368,0.3971089720726013,0.012497005052864552,0.557701826095581,0.4178711771965027,-0.02172110415995121,0.5672122240066528,0.4067971706390381,0.006331122480332851,0.6298823952674866,0.39949166774749756,0.06032491847872734,0.4745096266269684,0.3738113045692444,-0.10473112761974335,0.4553118944168091,0.36634117364883423,-0.10575668513774872,0.3557097315788269,0.3345998525619507,0.18702784180641174,0.4145840108394623,0.3814641833305359,0.04134420305490494,0.4846622347831726,0.36611229181289673,-0.014347917400300503,0.47259366512298584,0.36747708916664124,-0.0047986372373998165,0.49583864212036133,0.3460710346698761,0.13879169523715973,0.4296245574951172,0.3705451488494873,-0.08517421782016754,0.33210498094558716,0.33700698614120483,0.11037944257259369,0.3425253927707672,0.3323783874511719,0.15080198645591736,0.29304081201553345,0.32732874155044556,0.29944276809692383,0.3259545564651489,0.3683241605758667,0.024744393303990364,0.3561836779117584,0.3736552298069,0.09115840494632721,0.6108124852180481,0.3882913589477539,0.08150280267000198,0.6090171933174133,0.42912182211875916,0.35104283690452576,0.49198785424232483,0.3814452290534973,-0.020578159019351006,0.4922897517681122,0.39408692717552185,-0.044049397110939026,0.5926699042320251,0.38493722677230835,0.06722293794155121,0.5913020968437195,0.3913843035697937,0.05231514945626259,0.33052554726600647,0.3280523419380188,0.172027587890625,0.4935724139213562,0.3739010691642761,-0.005518159829080105,0.3253251612186432,0.3477253019809723,0.06770376116037369,0.3096901774406433,0.34207868576049805,0.0693586990237236,0.2318349927663803,0.32682687044143677,0.15248265862464905,0.30530789494514465,0.3188375234603882,0.22419530153274536,0.2583938241004944,0.3300361633300781,0.10798562318086624,0.34677889943122864,0.3327578902244568,0.2179664522409439,0.3352554738521576,0.3296065330505371,0.27692943811416626,0.5442749261856079,0.43038398027420044,-0.05318469926714897,0.5555552840232849,0.4131987988948822,-0.021631933748722076,0.5666312575340271,0.40129879117012024,0.0069344257935881615,0.4936685562133789,0.3877919316291809,-0.024300487712025642,0.5923051834106445,0.3881661891937256,0.05835236236453056,0.6106376647949219,0.39217397570610046,0.03567884862422943,0.590542733669281,0.39384713768959045,0.049590662121772766,0.48252785205841064,0.3753715753555298,-0.0513426810503006,0.566213846206665,0.4111352264881134,0.007031938526779413,0.5577711462974548,0.4218803346157074,-0.015747906640172005,0.5504794120788574,0.43584004044532776,-0.03929548338055611,0.6563948392868042,0.43829670548439026,-0.02019641362130642,0.6672208309173584,0.4346902370452881,-0.03432835265994072,0.6579235792160034,0.43583405017852783,-0.03574589267373085,0.6465068459510803,0.43754151463508606,-0.030044177547097206,0.6355748176574707,0.43949535489082336,-0.028363419696688652,0.6186254024505615,0.410977303981781,0.014710275456309319,0.6231633424758911,0.4060949683189392,0.011573617346584797,0.6292264461517334,0.4001750349998474,0.01001794170588255,0.6347094774246216,0.39541661739349365,0.016724685207009315,0.5584796667098999,0.3791208863258362,0.03047509863972664,0.5067662000656128,0.4115807116031647,0.42152124643325806,0.6059719324111938,0.40265676379203796,0.03563204035162926,0.6085580587387085,0.3972979187965393,0.033581338822841644,0.49825912714004517,0.4003503918647766,-0.0469343364238739,0.5036196708679199,0.38603729009628296,-0.0024941901210695505,0.4954279661178589,0.39723438024520874,-0.046360813081264496,0.4332655370235443,0.3742523193359375,0.06272236257791519,0.45754674077033997,0.35967153310775757,0.089547298848629,0.4827335476875305,0.3719569146633148,0.007151694502681494,0.26120230555534363,0.3203810751438141,0.22837214171886444,0.2801618278026581,0.3191795349121094,0.1685359627008438,0.31709304451942444,0.3313451409339905,0.12402894347906113,0.6402441263198853,0.40809446573257446,0.03715701401233673,0.3027310371398926,0.35863548517227173,0.025240231305360794,0.2400035262107849,0.35132795572280884,0.055201414972543716,0.20657449960708618,0.34620118141174316,0.08352143317461014,0.4059913754463196,0.36247825622558594,0.15716323256492615,0.42666035890579224,0.36173099279403687,0.21417759358882904,0.38170328736305237,0.3864816427230835,0.08310408145189285,0.3790263831615448,0.34815743565559387,0.19010862708091736,0.3963658809661865,0.3843768537044525,0.025251682847738266,0.4731471538543701,0.3637692332267761,-0.04288892447948456,0.4535540044307709,0.34130963683128357,0.2539619505405426,0.4395045340061188,0.36033713817596436,0.1837022453546524,0.44344863295555115,0.36253851652145386,0.14142510294914246,0.432902067899704,0.37231218814849854,0.1037498190999031,0.4189775288105011,0.38105282187461853,0.07934270799160004,0.40619489550590515,0.38560909032821655,0.05781509727239609,0.36052218079566956,0.3885641098022461,-0.014780131168663502,0.4994613528251648,0.3454497456550598,0.23974134027957916,0.3761458694934845,0.3451475203037262,0.21353431046009064,0.48388436436653137,0.3880438804626465,-0.09874650090932846,0.436072438955307,0.38006556034088135,0.026865003630518913,0.4091106951236725,0.3871477544307709,0.43047037720680237,0.3935098648071289,0.38795244693756104,0.0455230213701725,0.4840528964996338,0.37848523259162903,0.028016751632094383,0.3917718529701233,0.3558931052684784,0.18779394030570984,0.45858234167099,0.3664996027946472,-0.03207575902342796,0.5576909780502319,0.4201657474040985,0.3940684199333191,0.37650370597839355,0.38582247495651245,0.09350854158401489,0.44187870621681213,0.36651700735092163,-0.06136681139469147,0.65635085105896,0.40452122688293457,0.18208076059818268,0.6774075031280518,0.43134987354278564,0.22297115623950958,0.5071683526039124,0.3694499433040619,0.32781699299812317,0.6316497921943665,0.39890509843826294,0.23116090893745422,0.36885786056518555,0.34344786405563354,0.3146096467971802,0.7118780016899109,0.4339591860771179,0.047762561589479446,0.4876173138618469,0.4010372757911682,-0.07648970186710358,0.4574684500694275,0.3755912780761719,0.043586455285549164,0.4036531150341034,0.360493540763855,0.2664911448955536,0.3972652852535248,0.3625600337982178,0.13875769078731537,0.3945721983909607,0.36891764402389526,0.12156844139099121,0.6126137971878052,0.38770240545272827,0.04301873594522476,0.5420324802398682,0.3565901219844818,0.2322622835636139,0.7388267517089844,0.4616650938987732,0.017193598672747612,0.716840386390686,0.4395698308944702,0.11655780673027039,0.7008966207504272,0.4349725842475891,0.16501368582248688,0.3891088664531708,0.375182569026947,0.10730618983507156,0.3824367821216583,0.3802754878997803,0.09916193783283234,0.37878474593162537,0.38394707441329956,0.09676423668861389,0.37131571769714355,0.34613025188446045,0.2476331740617752,0.3725835978984833,0.3757176399230957,0.10178584605455399,0.3735469877719879,0.3680835962295532,0.11009149998426437,0.3763686418533325,0.3610285222530365,0.12408450990915298,0.38129085302352905,0.3554608225822449,0.14110635221004486,0.38631153106689453,0.353930801153183,0.15440306067466736,0.36323782801628113,0.3634256422519684,0.4019836485385895,0.396721214056015,0.3587222397327423,0.15458127856254578,0.5375720858573914,0.3828410804271698,0.0035678264684975147,0.4892197847366333,0.3769572377204895,-0.029281435534358025,0.5168138742446899,0.40009284019470215,-0.04486600309610367,0.6793514490127563,0.413174569606781,0.13625024259090424,0.6948052644729614,0.42478734254837036,0.09248524159193039,0.7226846218109131,0.4501248300075531,-0.0010121415834873915,0.6489551067352295,0.4319579005241394,0.2896060347557068,0.3744964897632599,0.3818497657775879,0.09719909727573395,0.40012362599372864,0.3798455595970154,-0.01707250252366066,0.7306836247444153,0.4466274678707123,0.06625775247812271,0.5538245439529419,0.38039088249206543,0.30819642543792725,0.6304197311401367,0.4232916235923767,-0.005926862359046936,0.6386926174163818,0.41876423358917236,-0.0072940741665661335,0.6478734016418457,0.414497435092926,-0.009587554261088371,0.6571825742721558,0.41113972663879395,-0.005631760228425264,0.6502477526664734,0.4204585552215576,0.010582100600004196,0.578131377696991,0.3979616165161133,0.03214109688997269,0.578513503074646,0.39293068647384644,0.038342975080013275,0.577792227268219,0.38861536979675293,0.04339311644434929,0.5842596888542175,0.38087740540504456,0.06157979369163513,0.5456340909004211,0.35668516159057617,0.16405266523361206,0.376992404460907,0.38686081767082214,0.006323883775621653,0.35696595907211304,0.38546866178512573,0.05956192687153816,0.36382153630256653,0.3836444020271301,0.08439666032791138,0.5767422318458557,0.40198814868927,0.031194603070616722,0.5995783805847168,0.3759288191795349,0.19008730351924896,0.3516881465911865,0.3856136202812195,0.016681049019098282,0.6657370328903198,0.42675063014030457,0.023713938891887665,0.38434842228889465,0.3827408254146576,-0.04150695353746414,0.43851569294929504,0.3750181198120117,-0.013517417944967747,0.673127293586731,0.4429193139076233,-0.013687319122254848,0.6368541121482849,0.39741671085357666,0.08255155384540558,0.5060029029846191,0.37516045570373535,0.0435774065554142,0.6544612646102905,0.4119817912578583,0.054130617529153824,0.5162887573242188,0.35683417320251465,0.08872584253549576,0.5342666506767273,0.3704419732093811,0.059987545013427734,0.5560711026191711,0.3618123531341553,0.11562003940343857,0.6985052227973938,0.44376128911972046,-0.008821316063404083,0.4534699022769928,0.3765234351158142,0.008513737469911575,0.6543558239936829,0.39952266216278076,0.11145785450935364,0.671267032623291,0.41586148738861084,0.07448321580886841,0.6133784055709839,0.38411569595336914,0.10415832698345184,0.5775679349899292,0.3685646653175354,0.22693519294261932,0.6191471219062805,0.3820660710334778,0.13973833620548248,0.595516562461853,0.39118534326553345,0.2825878858566284,0.5695477724075317,0.3727569878101349,0.0817280039191246,0.4178191125392914,0.3802787661552429,0.006535991560667753,0.4810342490673065,0.3689579963684082,-0.05190569907426834,0.4901839792728424,0.37048494815826416,-0.02558930777013302,0.46335160732269287,0.3633582293987274,-0.07282743602991104,0.34468358755111694,0.37374579906463623,0.07019728422164917,0.3435153365135193,0.358692467212677,0.08999039977788925,0.34785544872283936,0.34791260957717896,0.11318191140890121,0.3551064431667328,0.3413451313972473,0.1414421796798706,0.365474134683609,0.34152019023895264,0.1669510006904602,0.3957275450229645,0.35678088665008545,0.2035312056541443,0.45934054255485535,0.3610135316848755,0.337368369102478,0.4202839434146881,0.36126717925071716,0.17008255422115326,0.4222732186317444,0.3651587963104248,0.1401652842760086,0.4165107309818268,0.3731631636619568,0.11205434799194336,0.40646499395370483,0.38151097297668457,0.0905744880437851,0.39628878235816956,0.386275976896286,0.07303973287343979,0.3874935209751129,0.3888915777206421,0.06265714019536972,0.4565918743610382,0.4030594229698181,0.43617314100265503,0.49496161937713623,0.37727615237236023,-0.016853079199790955,0.4203963875770569,0.37416404485702515,-0.036035455763339996,0.476676881313324,0.36922311782836914,-0.08198991417884827,0.48352065682411194,0.3858253061771393,-0.08541720360517502,0.4806652069091797,0.3764411211013794,-0.07181555777788162,0.49875408411026,0.38595840334892273,-0.017670361325144768,0.4845238924026489,0.38568103313446045,-0.09381772577762604,0.48831117153167725,0.3972071409225464,-0.07224787771701813,0.3744707405567169,0.387964129447937,0.07992491126060486,0.37510645389556885,0.3905966281890869,0.05315054580569267,0.37677472829818726,0.3889680802822113,0.029916971921920776,0.3895381689071655,0.35401400923728943,0.1656990647315979,0.3811122477054596,0.34997308254241943,0.17445768415927887,0.26560455560684204,0.5298843383789062,-0.05716283619403839,0.27626338601112366,0.506586492061615,-0.05716283619403839,0.24587273597717285,0.5273190140724182,-0.05716283619403839,0.25463321805000305,0.5527944564819336,-0.05716283619403839,0.28441378474235535,0.5323634743690491,-0.05716283619403839,0.36652064323425293,0.36784255504608154,0.12818510830402374,0.37175923585891724,0.36030513048171997,0.12818510830402374,0.35159751772880554,0.36391448974609375,0.12818510830402374,0.36077749729156494,0.37560367584228516,0.12818510830402374,0.38093534111976624,0.37188971042633057,0.12818510830402374,0,0,0,0,0,1,1,0,0,0,0,0,0.11048384755849838,0.06537724286317825,0.0819733589887619,0.07418698817491531,0.027720138430595398,0.060462694615125656,0.11657485365867615,0.08343380689620972,0.09328088164329529,0.14170604944229126,1.2127032279968262,0.3663089871406555,Sadness,-1.920668363571167,-29.55803108215332
174,5.8,32.60175815226197,-8.593955014001065,0.7989046552656364,0.5403772592544556,0.42956793308258057,-0.08141458034515381,0.5136938095092773,0.36806023120880127,-0.11186307668685913,0.5236672163009644,0.40900734066963196,-0.0714811310172081,0.4368476867675781,0.38346317410469055,-0.0857464149594307,0.49522364139556885,0.3597899079322815,-0.1134859248995781,0.46927255392074585,0.3627292513847351,-0.098552405834198,0.39682504534721375,0.38017570972442627,-0.02688700519502163,0.26102709770202637,0.5401798486709595,-0.07684054225683212,0.3532462418079376,0.3748519718647003,0.0021308339200913906,0.33044514060020447,0.36448243260383606,0.008323839865624905,0.2434481680393219,0.3474488854408264,0.056273527443408966,0.5441954135894775,0.43098121881484985,-0.08102179318666458,0.5469090938568115,0.4342806935310364,-0.07687906175851822,0.5472277998924255,0.43789854645729065,-0.07055853307247162,0.6242667436599731,0.46898508071899414,-0.06221261993050575,0.6364809274673462,0.47266432642936707,-0.0679226666688919,0.6486368775367737,0.47733932733535767,-0.07449839264154434,0.6576873064041138,0.4828594923019409,-0.07397419959306717,0.6685308218002319,0.47471150755882263,-0.06260399520397186,0.5223186016082764,0.38222408294677734,-0.10470180958509445,0.5059990882873535,0.4100503921508789,-0.09330885112285614,0.12837155163288116,0.6186919808387756,-0.037345390766859055,0.32413581013679504,0.4912090599536896,-0.053333550691604614,0.31048959493637085,0.5106064081192017,-0.06977587193250656,0.2942337095737457,0.5291763544082642,-0.08046075701713562,0.26163148880004883,0.5504338145256042,-0.084793820977211,0.3323541581630707,0.473865807056427,-0.03317859396338463,0.24925783276557922,0.4908284842967987,-0.06897249817848206,0.2711552381515503,0.47092509269714355,-0.04599408432841301,0.23390641808509827,0.5122935771942139,-0.08104407042264938,0.22898811101913452,0.5299503803253174,-0.08501999080181122,0.2631058096885681,0.5700975656509399,-0.08963671326637268,0.6487500667572021,0.5627893209457397,-0.10885046422481537,0.24851533770561218,0.545771598815918,-0.07591444253921509,0.21264587342739105,0.6528427600860596,-0.058031968772411346,0.2365332394838333,0.5806077718734741,-0.08545461297035217,0.41679662466049194,0.5021951198577881,-0.10179173946380615,0.5116063356399536,0.454617440700531,-0.10004034638404846,0.5252047777175903,0.4579876959323883,-0.09372647106647491,0.49526166915893555,0.4840250015258789,-0.11179116368293762,0.48863887786865234,0.5047280192375183,-0.11214861273765564,0.5091735124588013,0.4809999465942383,-0.10310458391904831,0.5009421110153198,0.4990583062171936,-0.10020893067121506,0.5547491312026978,0.5586540102958679,-0.10485385358333588,0.5033450722694397,0.3812468349933624,-0.12171009182929993,0.4841061234474182,0.3754497766494751,-0.12489200383424759,0.19415850937366486,0.5421172976493835,-0.10120610892772675,0.39490169286727905,0.45422637462615967,-0.058902960270643234,0.461208313703537,0.45057326555252075,-0.11327118426561356,0.4473898708820343,0.4537993371486664,-0.10626841336488724,0.3695254325866699,0.5654634237289429,-0.13298390805721283,0.46022680401802063,0.37762659788131714,-0.11052864044904709,0.21502675116062164,0.48422232270240784,-0.08184914290904999,0.19686822593212128,0.5150821208953857,-0.0961708351969719,0.11745524406433105,0.5646136999130249,-0.044258229434490204,0.3064088225364685,0.4149107336997986,-0.027473781257867813,0.2948487401008606,0.4569688141345978,-0.02590923197567463,0.5195343494415283,0.5640075206756592,-0.11410440504550934,0.4331878423690796,0.7493395209312439,-0.05451992154121399,0.4812639653682709,0.4448643922805786,-0.09507353603839874,0.4969996213912964,0.433726966381073,-0.08193942904472351,0.4975906014442444,0.5335729122161865,-0.10112899541854858,0.5038335919380188,0.5286884307861328,-0.09519150853157043,0.1779971569776535,0.5171874165534973,-0.09090389311313629,0.4665374755859375,0.46330776810646057,-0.10447840392589569,0.2508433759212494,0.451194703578949,-0.05786854401230812,0.23434916138648987,0.4444313943386078,-0.05897655338048935,0.15765847265720367,0.44271647930145264,-0.027285130694508553,0.15197539329528809,0.5319576263427734,-0.06735801696777344,0.19806019961833954,0.42967814207077026,-0.039022427052259445,0.17828288674354553,0.5483582019805908,-0.0925503745675087,0.15744276344776154,0.5805510878562927,-0.06136392429471016,0.5191458463668823,0.45647916197776794,-0.09940271824598312,0.5019935965538025,0.4826907515525818,-0.10864625871181488,0.4945300221443176,0.502235472202301,-0.1073620542883873,0.4873100519180298,0.4455723166465759,-0.08591610938310623,0.5009413361549377,0.5311256647109985,-0.09710270911455154,0.5255494713783264,0.5345344543457031,-0.0973171591758728,0.5062466859817505,0.5264773964881897,-0.09399572759866714,0.48568281531333923,0.4180487394332886,-0.11644745618104935,0.5052783489227295,0.4970477521419525,-0.09601347148418427,0.5141370296478271,0.4793436825275421,-0.09526054561138153,0.5289765000343323,0.45936498045921326,-0.08828234672546387,0.648145318031311,0.5010543465614319,-0.08138589560985565,0.6286314725875854,0.5127530097961426,-0.09359246492385864,0.6208966970443726,0.5059862732887268,-0.09404920786619186,0.610403299331665,0.4984574317932129,-0.08708008378744125,0.6009987592697144,0.4918316602706909,-0.08040934056043625,0.5524536371231079,0.5191587209701538,-0.08974586427211761,0.5528586506843567,0.5252670049667358,-0.09446645528078079,0.5531120300292969,0.533085823059082,-0.1000886857509613,0.5538738965988159,0.5398679971694946,-0.10195977985858917,0.49862417578697205,0.5140899419784546,-0.11199771612882614,0.3008110821247101,0.7387917041778564,-0.018476037308573723,0.523418128490448,0.39613133668899536,-0.0824432298541069,0.5315299034118652,0.5246459245681763,-0.09080412983894348,0.5286696553230286,0.5295213460922241,-0.09431793540716171,0.5088249444961548,0.43152183294296265,-0.08556006848812103,0.48052704334259033,0.4691803753376007,-0.08422920107841492,0.5035536289215088,0.4322548806667328,-0.08370187133550644,0.3911646604537964,0.47720950841903687,-0.0752931609749794,0.38107025623321533,0.5081208348274231,-0.1007421538233757,0.4518941044807434,0.46623286604881287,-0.09963788092136383,0.12603957951068878,0.5057970285415649,-0.04286062344908714,0.1642770767211914,0.4821830093860626,-0.05909764766693115,0.19682469964027405,0.4812869131565094,-0.0785357877612114,0.5849882364273071,0.5459693670272827,-0.10353056341409683,0.2803614139556885,0.4049696922302246,-0.029951727017760277,0.23554395139217377,0.38908249139785767,-0.008406255394220352,0.19672168791294098,0.39241862297058105,0.007349270861595869,0.2770557999610901,0.5443137884140015,-0.08534131944179535,0.262551486492157,0.5943805575370789,-0.09981431066989899,0.3359473645687103,0.46161895990371704,-0.02188763953745365,0.2246910035610199,0.5508865118026733,-0.09080188721418381,0.39309364557266235,0.43500328063964844,-0.05179914832115173,0.4648880660533905,0.42487233877182007,-0.12002577632665634,0.2761125862598419,0.6233117580413818,-0.10665994137525558,0.280629426240921,0.5922313928604126,-0.11167968809604645,0.30487048625946045,0.5730592608451843,-0.10757146030664444,0.3324163854122162,0.5341084599494934,-0.08483888953924179,0.3479384183883667,0.5024849772453308,-0.061778172850608826,0.3567717969417572,0.4779316484928131,-0.045144300907850266,0.38854071497917175,0.3969079554080963,-0.03902989998459816,0.32337796688079834,0.6350270509719849,-0.12431270629167557,0.2124396115541458,0.5624505877494812,-0.09453126043081284,0.5155786871910095,0.3892517387866974,-0.1128789484500885,0.41719362139701843,0.45373380184173584,-0.07185059040784836,0.1976885348558426,0.6988428235054016,-0.009650476276874542,0.3613385260105133,0.4574090242385864,-0.03191017359495163,0.44947466254234314,0.47725576162338257,-0.0804811343550682,0.24324578046798706,0.5518031716346741,-0.08056145906448364,0.4496791958808899,0.42897695302963257,-0.10991901904344559,0.3617858290672302,0.750571072101593,-0.032851800322532654,0.32887929677963257,0.460208922624588,-0.016101298853754997,0.45318931341171265,0.40055051445961,-0.11440685391426086,0.537055253982544,0.6665306687355042,-0.11088460683822632,0.558763861656189,0.6984696388244629,-0.09318682551383972,0.3081599771976471,0.6933339834213257,-0.07605254650115967,0.48437604308128357,0.6942804455757141,-0.10871723294258118,0.1793425977230072,0.6178902983665466,-0.0543021596968174,0.673061192035675,0.5793327689170837,-0.11154193431138992,0.5172768831253052,0.40185973048210144,-0.08678232133388519,0.4179156422615051,0.4772309362888336,-0.08181045949459076,0.22999128699302673,0.596179723739624,-0.08362328261137009,0.2846747040748596,0.5218289494514465,-0.07316132634878159,0.29966187477111816,0.5056136250495911,-0.06459654867649078,0.5221248865127563,0.5391619205474854,-0.09984790533781052,0.3694576323032379,0.6539478302001953,-0.12448013573884964,0.7263901233673096,0.5537756681442261,-0.09537138044834137,0.6558878421783447,0.625402569770813,-0.10156264156103134,0.6149357557296753,0.659386932849884,-0.09840815514326096,0.27809908986091614,0.35167258977890015,0.03408491984009743,0.7511395215988159,0.516748309135437,-0.063689224421978,0.31085026264190674,0.49016231298446655,-0.04993915930390358,0.31979161500930786,0.4750117361545563,-0.03463764861226082,0.32590654492378235,0.465248167514801,-0.02215358056128025,0.2005719244480133,0.5721821784973145,-0.08651743084192276,0.3029952049255371,0.4695783853530884,-0.03282085433602333,0.2840728163719177,0.48286914825439453,-0.04741986095905304,0.2684164047241211,0.4984314441680908,-0.061441779136657715,0.25589096546173096,0.5166085958480835,-0.07234413176774979,0.25060680508613586,0.5301066040992737,-0.07597366720438004,0.15331844985485077,0.6610983610153198,-0.020508302375674248,0.2722393870353699,0.5325420498847961,-0.07662833482027054,0.5371880531311035,0.41392600536346436,-0.0702204704284668,0.5001053810119629,0.48772433400154114,-0.10548065602779388,0.4794507324695587,0.4386519491672516,-0.09849263727664948,0.5216811895370483,0.4390552341938019,-0.09129287302494049,0.3725828528404236,0.38293054699897766,-0.004372731316834688,0.58783358335495,0.6388114094734192,-0.10737436264753342,0.630497932434082,0.6119279265403748,-0.10806141048669815,0.7102526426315308,0.5413504838943481,-0.10341153293848038,0.501068651676178,0.729084312915802,-0.07715380936861038,0.31952401995658875,0.4628273844718933,-0.02286265604197979,0.41297662258148193,0.4096229672431946,-0.06509602069854736,0.736839771270752,0.5034704804420471,-0.07261371612548828,0.6937651634216309,0.5898938179016113,-0.10665463656187057,0.36300501227378845,0.7085498571395874,-0.0848717987537384,0.5772098302841187,0.5080634951591492,-0.0879560336470604,0.5812944173812866,0.5158075094223022,-0.09419074654579163,0.5868738889694214,0.5246357321739197,-0.10067051649093628,0.5931612253189087,0.5322290062904358,-0.1019003689289093,0.6170356273651123,0.5270807147026062,-0.09933867305517197,0.49893778562545776,0.51531982421875,-0.09861454367637634,0.49355947971343994,0.5185713768005371,-0.10407815873622894,0.4885250926017761,0.5212850570678711,-0.10840388387441635,0.5045593976974487,0.5405821800231934,-0.11589118838310242,0.4025985896587372,0.6119974851608276,-0.13688167929649353,0.38979318737983704,0.4149147868156433,-0.043077364563941956,0.33262237906455994,0.43430107831954956,-0.0038663558661937714,0.32258424162864685,0.44887644052505493,-0.013793878257274628,0.5029312372207642,0.5125882625579834,-0.09531614929437637,0.45585203170776367,0.6512099504470825,-0.12402117252349854,0.3476105332374573,0.41559863090515137,-0.01467316783964634,0.6299300193786621,0.5470526814460754,-0.10153186321258545,0.44492775201797485,0.3694217801094055,-0.07351861149072647,0.41382911801338196,0.3905383348464966,-0.060896724462509155,0.42179882526397705,0.37514322996139526,-0.04851718246936798,0.43384093046188354,0.4295288920402527,-0.08327775448560715,0.7132176160812378,0.49125656485557556,-0.07561264932155609,0.6872599124908447,0.48319530487060547,-0.06867387890815735,0.6645529270172119,0.5145359039306641,-0.08955586701631546,0.55290287733078,0.5820815563201904,-0.11060366034507751,0.4529406726360321,0.4995816946029663,-0.09343192726373672,0.5933616161346436,0.5694001317024231,-0.106050044298172,0.4185241162776947,0.5413966774940491,-0.1253099888563156,0.4608095586299896,0.5237408876419067,-0.11104210466146469,0.4399808943271637,0.5792092084884644,-0.1322089582681656,0.6872189044952393,0.52707839012146,-0.10343042761087418,0.4339437186717987,0.45247405767440796,-0.08351853489875793,0.5625266432762146,0.6109944581985474,-0.11391833424568176,0.6074650287628174,0.5894048810005188,-0.1082368716597557,0.511674165725708,0.585899293422699,-0.12311726063489914,0.4121357798576355,0.6688241362571716,-0.12086593359708786,0.500760555267334,0.6230059862136841,-0.12534630298614502,0.42087915539741516,0.7122814655303955,-0.09671402722597122,0.47642022371292114,0.5539376139640808,-0.12210503965616226,0.4149555563926697,0.43171432614326477,-0.0682954266667366,0.4789227545261383,0.42050909996032715,-0.12196685373783112,0.47237348556518555,0.4458118677139282,-0.10926017165184021,0.4740251898765564,0.39822685718536377,-0.12608516216278076,0.3039851188659668,0.4393986463546753,-0.019756637513637543,0.2647453844547272,0.4626256823539734,-0.047730665653944016,0.23672324419021606,0.4875223934650421,-0.07235842943191528,0.21937976777553558,0.5123856663703918,-0.08874791860580444,0.21414506435394287,0.534339189529419,-0.09408893436193466,0.24151888489723206,0.5640590786933899,-0.08380736410617828,0.258119136095047,0.6752217411994934,-0.07102878391742706,0.27726370096206665,0.5655307769775391,-0.09263578802347183,0.2986997663974762,0.5486404299736023,-0.08752390742301941,0.319754958152771,0.522438645362854,-0.07400735467672348,0.3358469009399414,0.49577057361602783,-0.05383923277258873,0.34513673186302185,0.47467362880706787,-0.03387017175555229,0.3509867787361145,0.4586317837238312,-0.022288881242275238,0.24786120653152466,0.7214788198471069,-0.009041111916303635,0.4760318398475647,0.4541897475719452,-0.10030228644609451,0.4339882731437683,0.4039624035358429,-0.08718446642160416,0.49151933193206787,0.3972148299217224,-0.12407077103853226,0.5048865675926208,0.40120139718055725,-0.10919579118490219,0.49329590797424316,0.40544408559799194,-0.11596787720918655,0.4837002754211426,0.45733991265296936,-0.08890460431575775,0.509773313999176,0.39549192786216736,-0.11235376447439194,0.512291431427002,0.4069594144821167,-0.09002718329429626,0.33682000637054443,0.45188283920288086,-0.00981810875236988,0.35116082429885864,0.44271278381347656,-0.010282390750944614,0.35943734645843506,0.43746402859687805,-0.020445195958018303,0.2489103376865387,0.5389542579650879,-0.0770566463470459,0.23141014575958252,0.5437164902687073,-0.08460913598537445,0.45574572682380676,0.3624764680862427,-0.049308184534311295,0.4501607418060303,0.35809126496315,0.18447846174240112,0.5275176763534546,0.3865102231502533,-0.06571094691753387,0.3981195092201233,0.34629130363464355,0.37672337889671326,0.43997669219970703,0.3816482424736023,0.11531772464513779,0.4492380917072296,0.37568432092666626,0.13301779329776764,0.45592260360717773,0.36940446496009827,0.1533351093530655,0.4541133642196655,0.3603590130805969,0.19143910706043243,0.4301437735557556,0.38459229469299316,0.10006210952997208,0.4173201024532318,0.34960007667541504,0.14023327827453613,0.40971702337265015,0.35738423466682434,0.11957304179668427,0.4260298013687134,0.34494805335998535,0.16120199859142303,0.43426641821861267,0.34510740637779236,0.17772561311721802,0.46567052602767944,0.3607511520385742,0.20722439885139465,0.7179452180862427,0.4561634659767151,0.015591069124639034,0.4478761553764343,0.3550662100315094,0.19747915863990784,0.4726704955101013,0.3713718056678772,0.35283997654914856,0.4567106068134308,0.35236436128616333,0.2488325983285904,0.5329523682594299,0.36953282356262207,0.0690443366765976,0.5532135963439941,0.4025796055793762,-0.055977582931518555,0.5613094568252563,0.4123246669769287,-0.05295587703585625,0.5710170269012451,0.3835911154747009,-0.020496828481554985,0.5862930417060852,0.37547406554222107,0.014269382692873478,0.5735307931900024,0.39675459265708923,-0.02359539084136486,0.5849484205245972,0.38800567388534546,0.00640054140239954,0.6622031927108765,0.417583167552948,0.05805766209959984,0.521393895149231,0.3611406087875366,-0.09814176708459854,0.5046908259391785,0.3525228500366211,-0.0969216451048851,0.4262543022632599,0.32938793301582336,0.21135534346103668,0.46471837162971497,0.3763190507888794,0.05189361423254013,0.5324686169624329,0.3630993962287903,-0.00846165418624878,0.520901083946228,0.36419862508773804,0.001610677340067923,0.5541367530822754,0.35703498125076294,0.14936335384845734,0.4798516035079956,0.3554856479167938,-0.07473728060722351,0.40602967143058777,0.329629123210907,0.13630329072475433,0.41587141156196594,0.3259247839450836,0.1767730563879013,0.369310200214386,0.32376042008399963,0.3260623812675476,0.388979971408844,0.3612196445465088,0.04460633173584938,0.4060976207256317,0.36674872040748596,0.10890262573957443,0.6455535888671875,0.4041908383369446,0.08242975175380707,0.6507609486579895,0.46431097388267517,0.3375297784805298,0.5351517796516418,0.3778367042541504,-0.017324822023510933,0.5323182344436646,0.38990265130996704,-0.04322259500622749,0.6148076057434082,0.377834677696228,0.0693218931555748,0.611750602722168,0.384080708026886,0.05437062680721283,0.4059736728668213,0.31873416900634766,0.1994115114212036,0.5390372276306152,0.3724995255470276,-0.0014479921665042639,0.39658379554748535,0.3400070071220398,0.0915425717830658,0.3850460350513458,0.3313795328140259,0.09542745351791382,0.30851659178733826,0.31004762649536133,0.18438079953193665,0.38138774037361145,0.3144148290157318,0.25339245796203613,0.32993295788764954,0.31395816802978516,0.13929501175880432,0.4180532693862915,0.3241320252418518,0.24294237792491913,0.4086010456085205,0.3310173749923706,0.30283111333847046,0.5589735507965088,0.40641745924949646,-0.05578334629535675,0.5735011100769043,0.38952940702438354,-0.022553209215402603,0.5865422487258911,0.3806697726249695,0.007985414005815983,0.5350285768508911,0.3845699429512024,-0.022178880870342255,0.6135953068733215,0.3810201585292816,0.060465745627880096,0.6334306001663208,0.39073482155799866,0.03544032946228981,0.609982430934906,0.386585533618927,0.05128958076238632,0.5284171104431152,0.36838096380233765,-0.04511040821671486,0.5825256109237671,0.3945251405239105,0.005328143946826458,0.5719265937805176,0.4040195345878601,-0.02016298845410347,0.5610124468803406,0.4187449812889099,-0.04638926312327385,0.6791770458221436,0.4566884934902191,-0.04019072651863098,0.674467921257019,0.4524204432964325,-0.04858531802892685,0.6643949747085571,0.44865095615386963,-0.047824662178754807,0.6503570079803467,0.4465430974960327,-0.04078865796327591,0.6369118690490723,0.4460821747779846,-0.0366845466196537,0.63343346118927,0.412334680557251,0.012161022052168846,0.6410731077194214,0.40859830379486084,0.007485019974410534,0.6505062580108643,0.4041750133037567,0.005600709933787584,0.6580460667610168,0.4016924202442169,0.012405273504555225,0.5989817976951599,0.38695859909057617,0.03423881530761719,0.5539025664329529,0.4405961334705353,0.4195486009120941,0.6242804527282715,0.40041112899780273,0.03591898828744888,0.6294930577278137,0.39539676904678345,0.033148668706417084,0.536620557308197,0.39647746086120605,-0.04745132848620415,0.5454977750778198,0.38587456941604614,-0.001482881954871118,0.534737765789032,0.3932153582572937,-0.04608965292572975,0.4848778545856476,0.3725144565105438,0.07274902611970901,0.512139618396759,0.3631781041622162,0.09981093555688858,0.529549241065979,0.3705916106700897,0.012094779871404171,0.33924829959869385,0.3109976053237915,0.2586685121059418,0.35512804985046387,0.309685617685318,0.19937287271022797,0.39437761902809143,0.32069993019104004,0.15195778012275696,0.671633243560791,0.42754969000816345,0.030763037502765656,0.37295523285865784,0.347434937953949,0.04889736324548721,0.3065761625766754,0.3280438184738159,0.08488118648529053,0.27907875180244446,0.321117639541626,0.1140761598944664,0.4578384459018707,0.3645915389060974,0.17470155656337738,0.4796328544616699,0.36162376403808594,0.23061388731002808,0.42297428846359253,0.38549676537513733,0.0969322919845581,0.4404394030570984,0.3444892168045044,0.21138514578342438,0.4461885392665863,0.37632879614830017,0.036538057029247284,0.5222489237785339,0.3575182557106018,-0.03539469093084335,0.5169997811317444,0.3572731614112854,0.2693088948726654,0.4911956787109375,0.366096556186676,0.19926230609416962,0.4937254786491394,0.3719542622566223,0.15603891015052795,0.4797964096069336,0.38128966093063354,0.1166343167424202,0.46285784244537354,0.38752731680870056,0.0913802832365036,0.44927605986595154,0.3899702727794647,0.06953021138906479,0.41070955991744995,0.3733915090560913,-0.0013111839070916176,0.560463011264801,0.3639209270477295,0.25122499465942383,0.439575731754303,0.339734822511673,0.23534321784973145,0.5265584588050842,0.3774680197238922,-0.09400329738855362,0.48483186960220337,0.37521791458129883,0.03521360829472542,0.46340593695640564,0.40486377477645874,0.4396364986896515,0.43725794553756714,0.39024868607521057,0.05767332389950752,0.529813289642334,0.37785542011260986,0.0316481813788414,0.4479701519012451,0.3540739417076111,0.2068319320678711,0.5081076622009277,0.3596653342247009,-0.024142902344465256,0.6024923920631409,0.45288485288619995,0.3861086964607239,0.41717728972435,0.38399797677993774,0.10813600569963455,0.4924927353858948,0.35572177171707153,-0.0515984445810318,0.6961800456047058,0.43852725625038147,0.17058302462100983,0.7127255201339722,0.4683728516101837,0.2038881629705429,0.5635963082313538,0.3954131603240967,0.33466893434524536,0.676630973815918,0.43224453926086426,0.22241635620594025,0.43652617931365967,0.35182517766952515,0.3359539806842804,0.7411544322967529,0.46634799242019653,0.02302388846874237,0.5265284180641174,0.3921964168548584,-0.07540792226791382,0.506662130355835,0.3747195303440094,0.05062272399663925,0.4590303301811218,0.3533627390861511,0.28472259640693665,0.44853484630584717,0.3653969168663025,0.1563802808523178,0.44222694635391235,0.3712567389011383,0.1386069506406784,0.6367247104644775,0.3869922459125519,0.04287254065275192,0.5998497605323792,0.3783084750175476,0.23780323565006256,0.7608765959739685,0.4920835793018341,-0.017302144318819046,0.7460542917251587,0.47468090057373047,0.09059280902147293,0.7324596643447876,0.4715591371059418,0.1431611329317093,0.4338494539260864,0.3763996660709381,0.12340473383665085,0.4247090816497803,0.38035061955451965,0.11452996730804443,0.41965678334236145,0.3828809857368469,0.1115635484457016,0.43460729718208313,0.33710777759552,0.26957011222839355,0.41662082076072693,0.3731258511543274,0.11890767514705658,0.4212341606616974,0.3656032085418701,0.12838368117809296,0.4278993010520935,0.35924017429351807,0.14322815835475922,0.43569105863571167,0.3549959063529968,0.16066254675388336,0.4417959749698639,0.35400593280792236,0.17384763062000275,0.42652496695518494,0.37260687351226807,0.4173201024532318,0.45039838552474976,0.361195832490921,0.1726163774728775,0.5778965950012207,0.3869211673736572,0.005306697450578213,0.5339395403862,0.3724737763404846,-0.02488320879638195,0.5534114241600037,0.398566335439682,-0.045944053679704666,0.7149667739868164,0.44786015152931213,0.12046691030263901,0.7265876531600952,0.4586624503135681,0.07197826355695724,0.7471500635147095,0.47983497381210327,-0.030053753405809402,0.6875190734863281,0.4684146046638489,0.27266377210617065,0.4164525270462036,0.37975984811782837,0.11297479271888733,0.4502873122692108,0.3685436546802521,-0.005523016210645437,0.7571267485618591,0.47976619005203247,0.03623805567622185,0.6071072816848755,0.40994516015052795,0.3088429570198059,0.6392116546630859,0.42755746841430664,-0.011392339132726192,0.6504793763160706,0.42526036500930786,-0.01452564261853695,0.6632543802261353,0.4236832559108734,-0.017298901453614235,0.6745592355728149,0.42490866780281067,-0.013960577547550201,0.6784831285476685,0.44000935554504395,-0.001196961384266615,0.5970112085342407,0.38405320048332214,0.033937111496925354,0.5993131399154663,0.3781754970550537,0.04103141650557518,0.600199818611145,0.37275561690330505,0.046687785536050797,0.6226851940155029,0.3923846185207367,0.06590642035007477,0.6014978885650635,0.3742184638977051,0.16948485374450684,0.426887571811676,0.37522441148757935,0.01862010732293129,0.4046632945537567,0.3792896866798401,0.07470264285802841,0.4090363383293152,0.378413587808609,0.10043438524007797,0.59419846534729,0.38901013135910034,0.031860459595918655,0.6497500538825989,0.4011554419994354,0.18783313035964966,0.403058797121048,0.38008254766464233,0.03184202313423157,0.6942628026008606,0.4507874548435211,0.006833058316260576,0.43440210819244385,0.3678135275840759,-0.02884524315595627,0.4876768887042999,0.36754822731018066,-0.004893238190561533,0.6971008777618408,0.46478328108787537,-0.03771236911416054,0.6719954013824463,0.4210871160030365,0.0775134339928627,0.552199125289917,0.3792545199394226,0.04732460156083107,0.6864413022994995,0.4367908537387848,0.04327569529414177,0.5697596073150635,0.36686068773269653,0.09465377032756805,0.5809205770492554,0.37945467233657837,0.06480466574430466,0.6076954007148743,0.3771166503429413,0.11966891586780548,0.7240935564041138,0.4697361886501312,-0.03494427353143692,0.5016071796417236,0.37189266085624695,0.015438760630786419,0.6915528774261475,0.4288178086280823,0.10168024152517319,0.7040517330169678,0.4452691078186035,0.05840368941426277,0.6526689529418945,0.40496253967285156,0.10342787951231003,0.6319894790649414,0.3936721086502075,0.22721509635448456,0.6631104350090027,0.4075084924697876,0.13683754205703735,0.6451338529586792,0.4234941601753235,0.2777496576309204,0.6137633919715881,0.38611894845962524,0.08580712974071503,0.46725672483444214,0.37232017517089844,0.0164483729749918,0.5284996628761292,0.3622228503227234,-0.04474237933754921,0.536461353302002,0.36707693338394165,-0.020802786573767662,0.5131953358650208,0.3531312942504883,-0.064308300614357,0.39938583970069885,0.36622172594070435,0.0887756198644638,0.4044960141181946,0.35093188285827637,0.11165794730186462,0.413387656211853,0.34119683504104614,0.13626454770565033,0.42288535833358765,0.3360874056816101,0.16488394141197205,0.43187063932418823,0.3375225067138672,0.19003258645534515,0.4515291452407837,0.3536744713783264,0.2223539501428604,0.5188507437705994,0.38257676362991333,0.35004785656929016,0.47183942794799805,0.3649016320705414,0.18652600049972534,0.47170156240463257,0.3706744611263275,0.15597592294216156,0.46296176314353943,0.3783026933670044,0.12685641646385193,0.44972074031829834,0.38474005460739136,0.10427020490169525,0.438054621219635,0.38797152042388916,0.08586615324020386,0.42919665575027466,0.38903042674064636,0.07513106614351273,0.5058503150939941,0.4270673096179962,0.43992388248443604,0.5391814112663269,0.37503206729888916,-0.0133390873670578,0.47078076004981995,0.362765371799469,-0.025682657957077026,0.5245440006256104,0.35938334465026855,-0.0747746005654335,0.5269030332565308,0.37730976939201355,-0.08080746978521347,0.5267124772071838,0.36801111698150635,-0.0656522586941719,0.5406057238578796,0.3842647075653076,-0.015860334038734436,0.5278549194335938,0.3762575387954712,-0.08908473700284958,0.5283042788505554,0.3893139362335205,-0.07057630270719528,0.41641002893447876,0.3853881359100342,0.09362776577472687,0.4181923568248749,0.3880583643913269,0.0662258192896843,0.4223645329475403,0.38787969946861267,0.04266967624425888,0.445597767829895,0.35422369837760925,0.1848793476819992,0.44088634848594666,0.347678005695343,0.19458867609500885,0.2836397886276245,0.5123453140258789,-0.05499328300356865,0.2996598482131958,0.4941917359828949,-0.05499328300356865,0.26801517605781555,0.505988597869873,-0.05499328300356865,0.2679225206375122,0.5301350355148315,-0.05499328300356865,0.2989998459815979,0.5184727907180786,-0.05499328300356865,0.4267617166042328,0.3586581349372864,0.14562995731830597,0.43548884987831116,0.3517283797264099,0.14562995731830597,0.41277340054512024,0.3514249920845032,0.14562995731830597,0.41782864928245544,0.3655586242675781,0.14562995731830597,0.4402444660663605,0.36564481258392334,0.14562995731830597,0,0,0,0,0,1,1,0,0,0,0,0,0.11084118485450745,0.08439653366804123,0.1370091587305069,0.08420766890048981,0.03299440070986748,0.069680355489254,0.17488476634025574,0.06938408315181732,0.09116486459970474,0.1108989492058754,1.1183505058288574,0.27253246307373047,Neutral,-0.5205209851264954,-12.5722074508667
175,5.833333333333333,29.698937511788653,-12.296476160222882,0.9027583630295785,0.5189641714096069,0.44276881217956543,-0.08625669777393341,0.4552532136440277,0.3707656264305115,-0.12046317011117935,0.4774378836154938,0.40746986865997314,-0.07527892291545868,0.37929803133010864,0.3913080096244812,-0.09167985618114471,0.43389594554901123,0.36411723494529724,-0.1227312982082367,0.4075767695903778,0.3680812120437622,-0.10710624605417252,0.3369608521461487,0.387914776802063,-0.03103410080075264,0.2535080909729004,0.5396696925163269,-0.07057761400938034,0.2919466197490692,0.38641631603240967,-0.0007697721011936665,0.26585888862609863,0.37872132658958435,0.004808541387319565,0.16640885174274445,0.3687185049057007,0.05929737538099289,0.5240959525108337,0.44338637590408325,-0.0854036808013916,0.5288375020027161,0.4446660280227661,-0.08031418174505234,0.5313422083854675,0.44610628485679626,-0.07175160199403763,0.6261323094367981,0.4682343006134033,-0.06494670361280441,0.6358576416969299,0.46978405117988586,-0.06943431496620178,0.6454553604125977,0.47139430046081543,-0.07636197656393051,0.6526505947113037,0.47250425815582275,-0.07574359327554703,0.6413875818252563,0.4550500214099884,-0.06232880428433418,0.4679965078830719,0.3834341764450073,-0.11230850219726562,0.4585209786891937,0.41249600052833557,-0.09775722026824951,0.12488158047199249,0.6569594144821167,-0.013787162490189075,0.30162984132766724,0.48980119824409485,-0.0507076121866703,0.2948642075061798,0.5071418285369873,-0.06650535762310028,0.2847713232040405,0.5260608792304993,-0.07628241926431656,0.25483933091163635,0.5541473627090454,-0.07843168079853058,0.30437517166137695,0.47502854466438293,-0.030691536143422127,0.22508329153060913,0.49892204999923706,-0.06553608179092407,0.23895426094532013,0.47993162274360657,-0.043419137597084045,0.217533141374588,0.5201774835586548,-0.07700908184051514,0.21822041273117065,0.5374931693077087,-0.08019839972257614,0.2611408829689026,0.5770519971847534,-0.08238087594509125,0.6448228359222412,0.5469367504119873,-0.10404790192842484,0.2415890097618103,0.5486187934875488,-0.06908989697694778,0.21996675431728363,0.680949330329895,-0.04193193092942238,0.2295534610748291,0.6036943793296814,-0.07585473358631134,0.39234188199043274,0.5111907720565796,-0.09988557547330856,0.49886322021484375,0.46885767579078674,-0.1035003736615181,0.5141969323158264,0.4671981632709503,-0.09626685827970505,0.4883459210395813,0.49502474069595337,-0.11399198323488235,0.48683130741119385,0.5122166872024536,-0.11375415325164795,0.5044221878051758,0.4871416687965393,-0.10491714626550674,0.5006116628646851,0.5021045207977295,-0.10165569931268692,0.5543644428253174,0.5496988296508789,-0.10375665128231049,0.4477103352546692,0.3856338858604431,-0.12976406514644623,0.42643555998802185,0.3816736936569214,-0.13355512917041779,0.18324588239192963,0.5649783611297607,-0.09523529559373856,0.3552817106246948,0.46445873379707336,-0.05909843370318413,0.4241427779197693,0.45673006772994995,-0.11531530320644379,0.4108373820781708,0.4606078267097473,-0.10782977193593979,0.3618963062763214,0.5793889760971069,-0.12784476578235626,0.40196162462234497,0.38501137495040894,-0.11801217496395111,0.1906423717737198,0.49966588616371155,-0.08031968027353287,0.18072791397571564,0.5339655876159668,-0.09259573370218277,0.09890225529670715,0.605467677116394,-0.02489197626709938,0.2612450122833252,0.4223392903804779,-0.02855583280324936,0.2575358748435974,0.4663953185081482,-0.02334906905889511,0.521775484085083,0.5586763024330139,-0.11152498424053192,0.4708443880081177,0.7467242479324341,-0.030431203544139862,0.44342362880706787,0.44827938079833984,-0.09686359018087387,0.4561119079589844,0.43575868010520935,-0.0845985859632492,0.5018276572227478,0.530774712562561,-0.10025837272405624,0.5071698427200317,0.5246302485466003,-0.09551826119422913,0.15827473998069763,0.545627236366272,-0.08614926040172577,0.4335351586341858,0.4676785469055176,-0.10560455918312073,0.21631649136543274,0.46244001388549805,-0.058050669729709625,0.1973174810409546,0.46040019392967224,-0.05937965586781502,0.10428646206855774,0.4794398546218872,-0.017753425985574722,0.1258535236120224,0.5708720684051514,-0.059756889939308167,0.14541202783584595,0.4629844129085541,-0.03813251852989197,0.16298171877861023,0.5820765495300293,-0.08459406346082687,0.14399926364421844,0.6181338429450989,-0.04996179789304733,0.5067542791366577,0.46849972009658813,-0.10279158502817154,0.4962886869907379,0.4915802478790283,-0.11083467304706573,0.4934665262699127,0.5076662302017212,-0.10911184549331665,0.4497988522052765,0.4480598568916321,-0.0875958576798439,0.504901111125946,0.5277148485183716,-0.09688679128885269,0.5273568630218506,0.5291963219642639,-0.09870488196611404,0.508959949016571,0.5220528841018677,-0.09440108388662338,0.4394117593765259,0.4229799211025238,-0.12089286744594574,0.5048805475234985,0.4974375367164612,-0.09645693749189377,0.5093475580215454,0.48304131627082825,-0.09547726064920425,0.5188192129135132,0.4655495882034302,-0.08870160579681396,0.6282157897949219,0.4831708073616028,-0.08054018020629883,0.6263439059257507,0.5044262409210205,-0.09468206018209457,0.6211363077163696,0.5014010667800903,-0.09539257735013962,0.6130220890045166,0.49629339575767517,-0.08789603412151337,0.6054279804229736,0.49139103293418884,-0.08236151188611984,0.55433589220047,0.5139129161834717,-0.0914078801870346,0.5539720058441162,0.5197949409484863,-0.09564369171857834,0.5531797409057617,0.5273229479789734,-0.10168393701314926,0.5523951053619385,0.5329917669296265,-0.10336434841156006,0.48464709520339966,0.5127629041671753,-0.11298812925815582,0.3327639698982239,0.7530162334442139,0.010143671184778214,0.4730713665485382,0.39614930748939514,-0.08732227236032486,0.5329751968383789,0.5183902382850647,-0.09230415523052216,0.5305387377738953,0.5236868858337402,-0.09571699798107147,0.4676264822483063,0.43197232484817505,-0.08836428076028824,0.4498632252216339,0.47108444571495056,-0.08455425500869751,0.462322473526001,0.4335281252861023,-0.08649658411741257,0.358053058385849,0.48815545439720154,-0.07414205372333527,0.3570456802845001,0.521165668964386,-0.09822667390108109,0.4191283881664276,0.4717482328414917,-0.10021332651376724,0.09060502052307129,0.5463337898254395,-0.028619570657610893,0.1251591593027115,0.5198834538459778,-0.054857030510902405,0.16917097568511963,0.5037844777107239,-0.07650291919708252,0.579704761505127,0.5336291193962097,-0.1031879261136055,0.23145100474357605,0.41804713010787964,-0.032081395387649536,0.17270871996879578,0.4162141680717468,-0.010026972740888596,0.13015584647655487,0.42251431941986084,0.013069386593997478,0.2703278362751007,0.5440220236778259,-0.08004079759120941,0.2649233937263489,0.6055412292480469,-0.0912020355463028,0.30386584997177124,0.46477392315864563,-0.019099172204732895,0.21614351868629456,0.5665993690490723,-0.08436205983161926,0.3478739857673645,0.4452574551105499,-0.05287476256489754,0.4203700125217438,0.43222710490226746,-0.12429353594779968,0.27849453687667847,0.6471017599105835,-0.09572049975395203,0.2916963994503021,0.5877050161361694,-0.1049777939915657,0.3167894780635834,0.5571542382240295,-0.10331985354423523,0.3327241837978363,0.517372190952301,-0.08216919749975204,0.33659833669662476,0.48970943689346313,-0.0601063147187233,0.3369009494781494,0.46844303607940674,-0.04454383626580238,0.33272209763526917,0.40671610832214355,-0.04210105538368225,0.3317357301712036,0.6524166464805603,-0.113869309425354,0.20296478271484375,0.5871238708496094,-0.08685063570737839,0.46268153190612793,0.3915426433086395,-0.12003382295370102,0.37876439094543457,0.46194520592689514,-0.07214438170194626,0.21748580038547516,0.725963830947876,0.0197976753115654,0.33440330624580383,0.45020654797554016,-0.03166245296597481,0.41967958211898804,0.4820411801338196,-0.07952260971069336,0.23562121391296387,0.5598251223564148,-0.07329654693603516,0.40571022033691406,0.43692028522491455,-0.11359623074531555,0.3983325958251953,0.7564557194709778,-0.0062344809994101524,0.29481247067451477,0.4660375714302063,-0.012478078715503216,0.4010479152202606,0.4086868166923523,-0.12032165378332138,0.557548999786377,0.6584545969963074,-0.0993686243891716,0.5863651633262634,0.6861480474472046,-0.07718703895807266,0.3292940557003021,0.7093777656555176,-0.05923427268862724,0.5097235441207886,0.6892239451408386,-0.09458784759044647,0.1765640676021576,0.6511735320091248,-0.04011217877268791,0.6727439165115356,0.561946451663971,-0.10510697960853577,0.4680519104003906,0.4028818607330322,-0.09141708165407181,0.3864137828350067,0.48535364866256714,-0.08086655288934708,0.22085610032081604,0.629984438419342,-0.07186833024024963,0.27261993288993835,0.5181267857551575,-0.06843244284391403,0.28226274251937866,0.5027387738227844,-0.0606563463807106,0.5236291885375977,0.5339849591255188,-0.10080435127019882,0.3840952515602112,0.6642422676086426,-0.1131763905286789,0.7197492122650146,0.5320046544075012,-0.0900631695985794,0.667479932308197,0.6095684766769409,-0.09115797281265259,0.6344046592712402,0.6451979875564575,-0.08562842011451721,0.20641754567623138,0.37079674005508423,0.030899619683623314,0.735880970954895,0.49056774377822876,-0.060812585055828094,0.28767016530036926,0.4899221658706665,-0.04648294672369957,0.29127612709999084,0.47794950008392334,-0.03123140148818493,0.2939625680446625,0.4699510931968689,-0.018542151898145676,0.18621733784675598,0.6091885566711426,-0.07650285959243774,0.2722506523132324,0.47691914439201355,-0.029447654262185097,0.2577575445175171,0.4902031123638153,-0.0436912439763546,0.2484172284603119,0.5045000910758972,-0.05723092705011368,0.2425956428050995,0.5208941102027893,-0.06758476793766022,0.24117596447467804,0.5331109762191772,-0.07045752555131912,0.16218358278274536,0.6947345733642578,0.006825973279774189,0.26311805844306946,0.5299966335296631,-0.07094098627567291,0.49431318044662476,0.41041454672813416,-0.07423147559165955,0.4775410294532776,0.4874785244464874,-0.10678856819868088,0.4395275115966797,0.44290363788604736,-0.10101473331451416,0.48518288135528564,0.437386691570282,-0.09444091469049454,0.31303486227989197,0.3921428322792053,-0.0071662417612969875,0.6025776863098145,0.6282402276992798,-0.09816768765449524,0.638629138469696,0.5980348587036133,-0.10021649301052094,0.7008118629455566,0.5198824405670166,-0.09874968975782394,0.5349098443984985,0.7202028632164001,-0.057187989354133606,0.28698498010635376,0.46907931566238403,-0.019430233165621758,0.3616548180580139,0.4188774824142456,-0.06862574070692062,0.7181001901626587,0.4777393639087677,-0.06924565881490707,0.6962577104568481,0.5714787244796753,-0.09876033663749695,0.38919270038604736,0.7167445421218872,-0.06798350065946579,0.5805031061172485,0.5055816769599915,-0.08960986882448196,0.5833969116210938,0.5121456980705261,-0.09517195075750351,0.5868226289749146,0.5195956230163574,-0.10213979333639145,0.5904812812805176,0.524802565574646,-0.10327298939228058,0.6051127910614014,0.5118436217308044,-0.09905116260051727,0.5014140605926514,0.5146888494491577,-0.09984450787305832,0.4960693418979645,0.5199018716812134,-0.10514029115438461,0.49052298069000244,0.5242109298706055,-0.10906267166137695,0.4997132122516632,0.5371957421302795,-0.11540044844150543,0.40823033452033997,0.6195924282073975,-0.1291823536157608,0.3388977646827698,0.4251776933670044,-0.04504077509045601,0.29025959968566895,0.44219186902046204,-0.002515865722671151,0.2837359607219696,0.4573255479335785,-0.011125955730676651,0.5046473145484924,0.5102694630622864,-0.09590396285057068,0.47203946113586426,0.651024580001831,-0.1135219857096672,0.3037550449371338,0.4187639355659485,-0.015507835894823074,0.6229050159454346,0.5313966870307922,-0.09880957752466202,0.38390421867370605,0.3754118084907532,-0.08052023500204086,0.3571706712245941,0.3992881774902344,-0.06577976793050766,0.36130934953689575,0.3818361461162567,-0.05419571325182915,0.3893378674983978,0.43753916025161743,-0.08606602996587753,0.6910871863365173,0.46774065494537354,-0.0732121542096138,0.6628380417823792,0.4616977274417877,-0.06667686253786087,0.6483873128890991,0.4956444501876831,-0.08696766942739487,0.557011604309082,0.5745620131492615,-0.10706887394189835,0.4297861158847809,0.5043261051177979,-0.09227341413497925,0.593170166015625,0.5576611757278442,-0.10330335050821304,0.4059752821922302,0.5496888160705566,-0.12185486406087875,0.4459380805492401,0.5271174907684326,-0.11013683676719666,0.4390900433063507,0.5839186906814575,-0.12690618634223938,0.6742976903915405,0.5070907473564148,-0.09994824230670929,0.3961277902126312,0.4596848487854004,-0.08449471741914749,0.5719269514083862,0.6033942699432373,-0.10747093707323074,0.6108741760253906,0.5774163007736206,-0.10253880172967911,0.516974687576294,0.5822395086288452,-0.11841282248497009,0.43116122484207153,0.67288738489151,-0.10864601284265518,0.5124053955078125,0.6199169158935547,-0.11805865913629532,0.4489552080631256,0.713196873664856,-0.08032964915037155,0.4726540148258209,0.5541107058525085,-0.11960054934024811,0.3698978126049042,0.4406322240829468,-0.07019799947738647,0.43329066038131714,0.426443874835968,-0.12671969830989838,0.43438172340393066,0.45088833570480347,-0.11170738190412521,0.42199015617370605,0.40554720163345337,-0.13278140127658844,0.26269736886024475,0.4489101469516754,-0.018745582550764084,0.2316240817308426,0.4725683331489563,-0.046569280326366425,0.21310192346572876,0.49740123748779297,-0.07041013240814209,0.20423610508441925,0.523526132106781,-0.08562573045492172,0.20430485904216766,0.5472661852836609,-0.08966777473688126,0.2346169352531433,0.579454243183136,-0.07585258781909943,0.27277839183807373,0.6979803442955017,-0.05445978790521622,0.2783338129520416,0.5640039443969727,-0.08663564175367355,0.2978403568267822,0.5416057705879211,-0.08341103792190552,0.31110307574272156,0.5143041610717773,-0.07119519263505936,0.3177986443042755,0.49020811915397644,-0.05174741894006729,0.3198472857475281,0.4719022512435913,-0.032332807779312134,0.3200927972793579,0.4580253064632416,-0.020869173109531403,0.2742779552936554,0.7425606846809387,0.020675446838140488,0.4407653212547302,0.45795807242393494,-0.10188828408718109,0.3819485306739807,0.4125000536441803,-0.091645747423172,0.439540296792984,0.40280216932296753,-0.13082604110240936,0.4545447826385498,0.40457358956336975,-0.1155109703540802,0.4435591995716095,0.4101312458515167,-0.12179423123598099,0.449612021446228,0.45951956510543823,-0.09024237841367722,0.4582209289073944,0.3985159993171692,-0.11926087737083435,0.4640156030654907,0.40869688987731934,-0.09452245384454727,0.30041107535362244,0.45716702938079834,-0.006801219191402197,0.31366002559661865,0.4452807605266571,-0.008912894874811172,0.32429108023643494,0.4347570240497589,-0.020585516467690468,0.24135206639766693,0.5413241386413574,-0.07085232436656952,0.223133385181427,0.5527703762054443,-0.07866339385509491,0.39368492364883423,0.36566221714019775,-0.05627501383423805,0.3859752416610718,0.3537467122077942,0.183829203248024,0.47612878680229187,0.3845006823539734,-0.07101067155599594,0.3295508623123169,0.33697301149368286,0.38212209939956665,0.3860785663127899,0.3748907744884491,0.11361555010080338,0.3927600085735321,0.36883363127708435,0.1308687925338745,0.39723488688468933,0.36287856101989746,0.15128302574157715,0.39245814085006714,0.3580511212348938,0.19051344692707062,0.3785233795642853,0.37834376096725464,0.09902689605951309,0.35231369733810425,0.35033756494522095,0.13820341229438782,0.3484019637107849,0.3584347367286682,0.11756498366594315,0.35830581188201904,0.3452953100204468,0.15907448530197144,0.3662211000919342,0.3447182774543762,0.17577271163463593,0.4055488705635071,0.35871410369873047,0.20672039687633514,0.6881135702133179,0.42574137449264526,0.015764310956001282,0.3835759460926056,0.3524639308452606,0.19703321158885956,0.4136800467967987,0.35251399874687195,0.35764047503471375,0.3936612904071808,0.35495853424072266,0.24962055683135986,0.47759565711021423,0.3574002683162689,0.06566738337278366,0.5297564268112183,0.4170829653739929,-0.06125066056847572,0.5404680371284485,0.4239429533481598,-0.05729082226753235,0.5463205575942993,0.3964185118675232,-0.026294665411114693,0.5618568658828735,0.3863908052444458,0.0072060273960232735,0.5519999861717224,0.4089643955230713,-0.028843434527516365,0.5634714961051941,0.4000154733657837,4.254679515725002e-05,0.6283320188522339,0.3932482600212097,0.0513894259929657,0.4618457555770874,0.36173000931739807,-0.10683511197566986,0.4424903690814972,0.3537614941596985,-0.10632843524217606,0.35160815715789795,0.33290040493011475,0.20910011231899261,0.4075476825237274,0.3722391724586487,0.04886807128787041,0.47641605138778687,0.3567805290222168,-0.01353789959102869,0.4644293189048767,0.3581622838973999,-0.0030395195353776217,0.4966656565666199,0.3386821746826172,0.14648056030273438,0.4169662296772003,0.3579033613204956,-0.08324985951185226,0.32879313826560974,0.3325181007385254,0.1317002773284912,0.3392816185951233,0.3293704688549042,0.1730395257472992,0.293547660112381,0.3196755647659302,0.3292640447616577,0.3202351927757263,0.3607165813446045,0.04132133722305298,0.3486194908618927,0.3674067258834839,0.10785147547721863,0.6102203130722046,0.3810458183288574,0.0761113315820694,0.6169583201408386,0.42962127923965454,0.3430267572402954,0.48338377475738525,0.37250345945358276,-0.02119571715593338,0.48293566703796387,0.38537946343421936,-0.04698988050222397,0.5931193232536316,0.3834255635738373,0.06208175793290138,0.5907705426216125,0.39056211709976196,0.04652782157063484,0.3278018832206726,0.32500261068344116,0.19630496203899384,0.48593670129776,0.3652263581752777,-0.005549725145101547,0.3212215006351471,0.34166544675827026,0.08721943944692612,0.3058520257472992,0.33556848764419556,0.09062971919775009,0.22585764527320862,0.317859411239624,0.18457016348838806,0.3042437434196472,0.31047821044921875,0.25242504477500916,0.25173258781433105,0.32124048471450806,0.13503393530845642,0.34277600049972534,0.3309485912322998,0.24203702807426453,0.3363403081893921,0.32171493768692017,0.30434390902519226,0.5360659956932068,0.41970956325531006,-0.06096453219652176,0.5500344038009644,0.40222835540771484,-0.028335031121969223,0.5632026791572571,0.39226773381233215,0.0010772444074973464,0.48496532440185547,0.3792147636413574,-0.025814546272158623,0.5923461318016052,0.3870946168899536,0.05278519168496132,0.6111842393875122,0.39203858375549316,0.027380887418985367,0.5893368124961853,0.39336100220680237,0.04354580119252205,0.47260504961013794,0.3654647171497345,-0.051644466817379,0.5616519451141357,0.405882865190506,3.797555109485984e-05,0.5515860915184021,0.41474416851997375,-0.023768873885273933,0.5416527986526489,0.42837345600128174,-0.048655685037374496,0.6481462717056274,0.43475526571273804,-0.04149968549609184,0.6635311841964722,0.43961822986602783,-0.05203317105770111,0.6558746695518494,0.4407191276550293,-0.05139055848121643,0.6442112922668457,0.44229838252067566,-0.043856486678123474,0.6332619190216064,0.4438396692276001,-0.04077131301164627,0.6162450313568115,0.41276729106903076,0.00548123475164175,0.6219103932380676,0.40754586458206177,0.0011423194082453847,0.6291670203208923,0.4006911814212799,-0.0013266617897897959,0.6344690918922424,0.39507266879081726,0.005182669963687658,0.5550798177719116,0.3707977533340454,0.02714475803077221,0.5129503011703491,0.4118885099887848,0.4277481436729431,0.6038631796836853,0.40378230810165405,0.028166506439447403,0.6079967021942139,0.39795470237731934,0.025350483134388924,0.4884122312068939,0.39162856340408325,-0.05141368508338928,0.49614667892456055,0.3780651092529297,-0.004536484368145466,0.4858796000480652,0.388506680727005,-0.049992214888334274,0.42780035734176636,0.36553484201431274,0.06987667083740234,0.4544251263141632,0.35161465406417847,0.09680143743753433,0.475204735994339,0.3632675111293793,0.008289318531751633,0.25884026288986206,0.3127056956291199,0.2597738206386566,0.27642688155174255,0.31104791164398193,0.19651073217391968,0.3142750859260559,0.32647645473480225,0.1475364863872528,0.637032687664032,0.4031829833984375,0.02455170452594757,0.2975243330001831,0.35050123929977417,0.04455837234854698,0.23038658499717712,0.3409908413887024,0.08050046861171722,0.197048157453537,0.33517295122146606,0.11511972546577454,0.39723867177963257,0.35968899726867676,0.17324399948120117,0.4202195107936859,0.3605545163154602,0.23064649105072021,0.3724749684333801,0.38043323159217834,0.09662225097417831,0.37266382575035095,0.3462168872356415,0.2098347693681717,0.38813039660453796,0.3747565746307373,0.03331448510289192,0.4636923670768738,0.3534698486328125,-0.04208877310156822,0.45687335729599,0.3363015055656433,0.27021872997283936,0.4335601329803467,0.3590695858001709,0.19772681593894958,0.4381503462791443,0.36049795150756836,0.15323299169540405,0.4268304705619812,0.36886441707611084,0.11394315212965012,0.41199806332588196,0.37662598490715027,0.08899734914302826,0.39912235736846924,0.38030439615249634,0.06730170547962189,0.35000503063201904,0.37776118516921997,-0.005386895965784788,0.5037727355957031,0.3401104211807251,0.2515172064304352,0.3703173100948334,0.3432672619819641,0.2345178723335266,0.4716556668281555,0.3773126006126404,-0.10172027349472046,0.42853397130966187,0.37080127000808716,0.03191571682691574,0.41240906715393066,0.385804146528244,0.4484396278858185,0.38632938265800476,0.3821861147880554,0.05563501641154289,0.4772505462169647,0.36995750665664673,0.029052605852484703,0.38362783193588257,0.35349607467651367,0.20627586543560028,0.4492354393005371,0.35605084896087646,-0.030154051259160042,0.5651557445526123,0.42115887999534607,0.39336666464805603,0.3673093616962433,0.37949737906455994,0.10839912295341492,0.4308550953865051,0.3548901677131653,-0.059254202991724014,0.6614503860473633,0.40277260541915894,0.17298343777656555,0.6833838224411011,0.4311714470386505,0.20535384118556976,0.5131008625030518,0.3672305941581726,0.3403376042842865,0.6382178664207458,0.3971520960330963,0.2265324741601944,0.37106284499168396,0.3379307985305786,0.3397514820098877,0.7139299511909485,0.43301594257354736,0.024931803345680237,0.47563454508781433,0.3912612795829773,-0.08030655980110168,0.4513910114765167,0.3671264052391052,0.047734178602695465,0.3970676064491272,0.35883069038391113,0.28652533888816833,0.3867453336715698,0.35870808362960815,0.15504738688468933,0.38345271348953247,0.36407387256622314,0.1371874064207077,0.6131629943847656,0.38664475083351135,0.034943487495183945,0.5474811792373657,0.35177215933799744,0.23881058394908905,0.7405279874801636,0.4617511034011841,-0.016421468928456306,0.7208656072616577,0.4392862617969513,0.09087461978197098,0.7058318257331848,0.4348035454750061,0.14357636868953705,0.3779514729976654,0.3694910407066345,0.12248049676418304,0.37194427847862244,0.3741198182106018,0.11416743695735931,0.36899954080581665,0.3776181936264038,0.11172991991043091,0.3655966818332672,0.34424063563346863,0.27020108699798584,0.36439424753189087,0.3694721460342407,0.11841685324907303,0.3656962215900421,0.3622368574142456,0.12770414352416992,0.36858293414115906,0.35590991377830505,0.14221790432929993,0.37330877780914307,0.3512806296348572,0.15949656069278717,0.37813544273376465,0.3503915071487427,0.17279791831970215,0.3661237359046936,0.3589640259742737,0.4250486493110657,0.3868028223514557,0.35540828108787537,0.171662375330925,0.5322736501693726,0.37446263432502747,-0.00038332119584083557,0.4804161787033081,0.36771392822265625,-0.029461054131388664,0.5082181096076965,0.3915219306945801,-0.050821028649806976,0.68342125415802,0.4119133949279785,0.12224403023719788,0.6976343393325806,0.4237922430038452,0.0738738626241684,0.7234799861907959,0.449307918548584,-0.027801986783742905,0.6560446619987488,0.43196409940719604,0.27612560987472534,0.3657884895801544,0.3754602372646332,0.112936832010746,0.3899838626384735,0.36920568346977234,-0.010541106574237347,0.7334674596786499,0.4465012550354004,0.0363348163664341,0.560729444026947,0.37880563735961914,0.31481313705444336,0.62835693359375,0.42573803663253784,-0.016678612679243088,0.6372259855270386,0.42126306891441345,-0.01933286152780056,0.6470717191696167,0.41632896661758423,-0.022888269275426865,0.6556228399276733,0.4125896096229553,-0.01996336132287979,0.6446651816368103,0.41649937629699707,-0.00596617441624403,0.5760910511016846,0.3942432999610901,0.02647753246128559,0.5772140026092529,0.3875543475151062,0.03318634256720543,0.5768524408340454,0.3815898895263672,0.03885818272829056,0.5826789736747742,0.37278521060943604,0.05844032019376755,0.5492198467254639,0.3504357635974884,0.16773654520511627,0.36754125356674194,0.37671995162963867,0.01522355992347002,0.3488410711288452,0.3787742853164673,0.07408236712217331,0.355363130569458,0.37716206908226013,0.09998837113380432,0.573584794998169,0.39936649799346924,0.024988148361444473,0.6048126220703125,0.3716040849685669,0.18840835988521576,0.34422823786735535,0.3784531354904175,0.029542958363890648,0.6633780598640442,0.4236026406288147,0.0048303729854524136,0.3729448914527893,0.37144243717193604,-0.03455726429820061,0.4294057786464691,0.3647533655166626,-0.009609370492398739,0.6685987114906311,0.44004130363464355,-0.037028975784778595,0.6374853849411011,0.39263850450515747,0.07275108247995377,0.5011709928512573,0.3670227527618408,0.043721139430999756,0.65379798412323,0.40828683972358704,0.03948244825005531,0.5154659748077393,0.3491472601890564,0.09086031466722488,0.5319955348968506,0.36245596408843994,0.05917102470993996,0.5579050183296204,0.35466623306274414,0.11594270914793015,0.6974049210548401,0.4417950510978699,-0.03386152908205986,0.44554901123046875,0.36707550287246704,0.01176694966852665,0.6568876504898071,0.39652061462402344,0.10005781054496765,0.6725125312805176,0.4135437607765198,0.057879578322172165,0.6147384643554688,0.3780757188796997,0.0986669734120369,0.5838730335235596,0.3644803464412689,0.2290189117193222,0.6225244998931885,0.3776596486568451,0.13464096188545227,0.6027634739875793,0.3897637128829956,0.2834426760673523,0.5697793364524841,0.3649706244468689,0.08001256734132767,0.4089902341365814,0.37021341919898987,0.012349857948720455,0.4711865186691284,0.35871797800064087,-0.05171104148030281,0.48174548149108887,0.3611874580383301,-0.025770800188183784,0.4521225690841675,0.3517465591430664,-0.07249176502227783,0.3377629816532135,0.3671112060546875,0.08678179234266281,0.33771389722824097,0.35300472378730774,0.10835503786802292,0.3426518738269806,0.3433142900466919,0.13260485231876373,0.3500681519508362,0.33780351281166077,0.1613355576992035,0.35996174812316895,0.338997483253479,0.18691663444042206,0.3882639706134796,0.35491716861724854,0.2223045527935028,0.4640544056892395,0.3583540916442871,0.3550231456756592,0.4129396677017212,0.35919129848480225,0.18528833985328674,0.41495779156684875,0.36233872175216675,0.15373176336288452,0.4083545207977295,0.3692316710948944,0.12431912124156952,0.3977069556713104,0.37653064727783203,0.10211750119924545,0.3877577781677246,0.3807196617126465,0.08435297012329102,0.3792320787906647,0.38299471139907837,0.0740843266248703,0.46099406480789185,0.4028877019882202,0.4488068222999573,0.48682230710983276,0.3684806525707245,-0.017487723380327225,0.4097643196582794,0.36282119154930115,-0.031649477779865265,0.4654112756252289,0.3580009937286377,-0.08299560844898224,0.4726378619670868,0.37577974796295166,-0.08788665384054184,0.47021129727363586,0.36608773469924927,-0.0729503482580185,0.4906022250652313,0.3776581883430481,-0.019364308565855026,0.4730120301246643,0.3753383755683899,-0.09666640311479568,0.4771053194999695,0.3876314163208008,-0.07559984177350998,0.3655271530151367,0.38171905279159546,0.09390854835510254,0.36689063906669617,0.38429737091064453,0.06554527580738068,0.36936742067337036,0.38267579674720764,0.04086685925722122,0.38111597299575806,0.35087478160858154,0.18411776423454285,0.37376537919044495,0.3475590944290161,0.19324158132076263,0.2587849795818329,0.5041255354881287,-0.05044540762901306,0.26824864745140076,0.4851824939250946,-0.05044540762901306,0.24033161997795105,0.501906156539917,-0.05044540762901306,0.24881133437156677,0.5234425067901611,-0.05044540762901306,0.2774910628795624,0.5065327882766724,-0.05044540762901306,0.3644039034843445,0.3552689254283905,0.14495152235031128,0.3708728551864624,0.3476618528366089,0.14495152235031128,0.34814584255218506,0.3500184118747711,0.14495152235031128,0.35760918259620667,0.3630647659301758,0.14495152235031128,0.3801470398902893,0.36055243015289307,0.14495152235031128,0,0,0,0,0,1,1,0,0,0,0,0,0.15168622136116028,0.0876300185918808,0.10793426632881165,0.10466691851615906,0.026318950578570366,0.06911641359329224,0.13950397074222565,0.07674969732761383,0.09704279899597168,0.1369762122631073,0.8408873081207275,0.26208990812301636,Sadness,-31.076658248901367,-23.36309051513672
178,5.933333333333334,25.855612082523557,-16.272445379608364,0.881196158999402,0.5137424468994141,0.46094223856925964,-0.07321285456418991,0.4448060095310211,0.3985437750816345,-0.11385615915060043,0.4705582559108734,0.42693060636520386,-0.06585066765546799,0.37111544609069824,0.427976131439209,-0.09178923815488815,0.4226023256778717,0.39571917057037354,-0.11807943135499954,0.3955589234828949,0.40279847383499146,-0.10580900311470032,0.3218241035938263,0.43012064695358276,-0.041179999709129333,0.2625732421875,0.5858005285263062,-0.06640581041574478,0.2732942998409271,0.43537768721580505,-0.018602615222334862,0.24649986624717712,0.43196672201156616,-0.017054276540875435,0.1441267430782318,0.43601930141448975,0.025497328490018845,0.5245485305786133,0.46072977781295776,-0.07140153646469116,0.5348061323165894,0.460027813911438,-0.06539806723594666,0.5414391756057739,0.4590029716491699,-0.0551857091486454,0.6308448314666748,0.45552271604537964,-0.050613414496183395,0.6455042362213135,0.4563547372817993,-0.05296465754508972,0.6602188348770142,0.4568653106689453,-0.05766148120164871,0.6736117005348206,0.4557797312736511,-0.054306577891111374,0.6393916606903076,0.4453990161418915,-0.035768061876297,0.4582095742225647,0.4077388048171997,-0.10479549318552017,0.45567965507507324,0.43606919050216675,-0.08833810687065125,0.1748083084821701,0.7111336588859558,-0.018154462799429893,0.3017142415046692,0.5273065567016602,-0.04985761642456055,0.29902008175849915,0.5477589964866638,-0.06337205320596695,0.29347869753837585,0.5690332651138306,-0.07169176638126373,0.2667664885520935,0.5991594791412354,-0.07275104522705078,0.30029991269111633,0.5095363259315491,-0.03294023498892784,0.22250042855739594,0.5526176691055298,-0.06688930094242096,0.23247188329696655,0.5296106934547424,-0.04822009429335594,0.2198616862297058,0.5763318538665771,-0.07628617435693741,0.22534529864788055,0.5925463438034058,-0.07796315103769302,0.282230019569397,0.6198049783706665,-0.07461042702198029,0.6596357822418213,0.5299445390701294,-0.06647038459777832,0.2511337697505951,0.5951929092407227,-0.06518606096506119,0.2745249271392822,0.716033935546875,-0.03170346841216087,0.25692018866539,0.6459088325500488,-0.06870343536138535,0.4134863615036011,0.5335532426834106,-0.08636027574539185,0.5032609105110168,0.48406368494033813,-0.088035449385643,0.5300658941268921,0.4790785610675812,-0.07927529513835907,0.5066371560096741,0.5052049160003662,-0.09609198570251465,0.5171148180961609,0.5160722732543945,-0.09498582035303116,0.5286694169044495,0.49424049258232117,-0.08685999363660812,0.5315288305282593,0.5036799907684326,-0.08333629369735718,0.5874958038330078,0.542220413684845,-0.07904856652021408,0.44189006090164185,0.41361376643180847,-0.12169148027896881,0.4202899932861328,0.4131696820259094,-0.12724247574806213,0.1948663741350174,0.6233195662498474,-0.0940556526184082,0.3588919937610626,0.4976464807987213,-0.05744946375489235,0.43360161781311035,0.4814586639404297,-0.10354941338300705,0.4202256202697754,0.48675650358200073,-0.09727995097637177,0.4023796021938324,0.5987653732299805,-0.10957758128643036,0.39490845799446106,0.4195730686187744,-0.11453568190336227,0.18123945593833923,0.5689561367034912,-0.08646144717931747,0.18247950077056885,0.5997838973999023,-0.09528958797454834,0.13996879756450653,0.6671330332756042,-0.0351383239030838,0.23073206841945648,0.4776695668697357,-0.041622187942266464,0.24872051179409027,0.5102454423904419,-0.029681893065571785,0.5605781674385071,0.5541391968727112,-0.08718946576118469,0.5229600667953491,0.7377049326896667,0.0033494133967906237,0.4496597945690155,0.47054338455200195,-0.08558228611946106,0.45826205611228943,0.4568648934364319,-0.07448520511388779,0.5463284254074097,0.5196398496627808,-0.07898814976215363,0.5481348037719727,0.5130636096000671,-0.07580594718456268,0.163914293050766,0.6117075681686401,-0.09003552794456482,0.44473350048065186,0.4895712733268738,-0.09308003634214401,0.1950855702161789,0.5293231010437012,-0.06768608093261719,0.17621023952960968,0.5328127145767212,-0.07111258059740067,0.11673198640346527,0.5493389964103699,-0.03902153670787811,0.1607399880886078,0.6302832365036011,-0.06642460823059082,0.15476499497890472,0.5274637937545776,-0.0555892288684845,0.18121135234832764,0.6387468576431274,-0.08396463841199875,0.1877390742301941,0.6703974604606628,-0.05180114135146141,0.5179654955863953,0.48253148794174194,-0.08660812675952911,0.5187667012214661,0.5005472898483276,-0.09293830394744873,0.5246102809906006,0.5105181932449341,-0.09054689109325409,0.4552166759967804,0.4690437316894531,-0.07695138454437256,0.5477326512336731,0.5163329243659973,-0.07659154385328293,0.5686496496200562,0.5144607424736023,-0.07857637852430344,0.5481526851654053,0.5104177594184875,-0.07503769546747208,0.4409462511539459,0.448708713054657,-0.11074098944664001,0.5347188115119934,0.4980608820915222,-0.07732272148132324,0.5341817140579224,0.48865294456481934,-0.07644109427928925,0.5371683835983276,0.47539448738098145,-0.07030797004699707,0.635568380355835,0.47281694412231445,-0.05206320807337761,0.6599327325820923,0.4842798411846161,-0.07145233452320099,0.6475489735603333,0.4828048646450043,-0.07478264719247818,0.6332361698150635,0.4792560636997223,-0.06964541971683502,0.6204712986946106,0.4756022095680237,-0.0662829652428627,0.5843261480331421,0.49849733710289,-0.0740080401301384,0.5880700349807739,0.5038397312164307,-0.07642929255962372,0.5923217535018921,0.5101564526557922,-0.0808364748954773,0.596523106098175,0.5149385333061218,-0.08096010237932205,0.5092777609825134,0.5190853476524353,-0.09489204734563828,0.392183393239975,0.7674040794372559,0.03126629441976547,0.4646647572517395,0.4177609980106354,-0.07885333895683289,0.5676921606063843,0.5041550993919373,-0.07405388355255127,0.5683927536010742,0.5092260241508484,-0.07647749036550522,0.46843627095222473,0.4512251615524292,-0.07661233842372894,0.4610563814640045,0.4895293414592743,-0.07192430645227432,0.46372124552726746,0.4538188874721527,-0.07571219652891159,0.3689209222793579,0.5184367895126343,-0.06823743879795074,0.3803377151489258,0.5478290915489197,-0.08739705383777618,0.4308229982852936,0.495205819606781,-0.08868544548749924,0.11935397982597351,0.6136135458946228,-0.0444830097258091,0.14848943054676056,0.5834141969680786,-0.06664060801267624,0.16217990219593048,0.5765472054481506,-0.08442465960979462,0.6045687198638916,0.524407684803009,-0.07667846977710724,0.19883057475090027,0.4816078245639801,-0.048277344554662704,0.16888855397701263,0.47990721464157104,-0.03319118916988373,0.12623102962970734,0.49188682436943054,-0.01396093051880598,0.2815183401107788,0.58744215965271,-0.07436297833919525,0.29487156867980957,0.6470597982406616,-0.08012260496616364,0.29613274335861206,0.4980838894844055,-0.02278190664947033,0.23070213198661804,0.6179509162902832,-0.08076131343841553,0.34654414653778076,0.48124438524246216,-0.053940244019031525,0.42505693435668945,0.45991966128349304,-0.11437637358903885,0.32945796847343445,0.6767033338546753,-0.0802803784608841,0.3177953064441681,0.6303917765617371,-0.09240419417619705,0.33705413341522217,0.5998312830924988,-0.09234464913606644,0.34349092841148376,0.557422935962677,-0.07508283108472824,0.3398008942604065,0.5267223119735718,-0.05689612030982971,0.3345041275024414,0.5036376714706421,-0.044998008757829666,0.322639524936676,0.4481479823589325,-0.049420587718486786,0.3850712478160858,0.6716296076774597,-0.09259399026632309,0.22408391535282135,0.637106716632843,-0.08271389454603195,0.4557662010192871,0.41637706756591797,-0.11126323789358139,0.38388678431510925,0.4920222759246826,-0.06708289682865143,0.27682754397392273,0.7615854144096375,0.028270745649933815,0.3270482122898102,0.4860478341579437,-0.03507319092750549,0.43255454301834106,0.5042828917503357,-0.0685214027762413,0.24800772964954376,0.6069200038909912,-0.06870122253894806,0.4100895822048187,0.4663730263710022,-0.10541858524084091,0.4555273652076721,0.7595210671424866,0.021062517538666725,0.28692421317100525,0.4967963397502899,-0.016982708126306534,0.39929264783859253,0.44145667552948,-0.11443892121315002,0.5977427363395691,0.6436957120895386,-0.061384931206703186,0.6240185499191284,0.6647756099700928,-0.03778358921408653,0.38736435770988464,0.7251480221748352,-0.03638186678290367,0.556509256362915,0.6775844693183899,-0.0572696253657341,0.22608420252799988,0.6955253481864929,-0.03663582354784012,0.6864926815032959,0.5404913425445557,-0.06313707679510117,0.46218764781951904,0.4251221716403961,-0.08232830464839935,0.39857232570648193,0.5116816759109497,-0.07210835069417953,0.25573980808258057,0.6689674854278564,-0.06284760683774948,0.27854663133621216,0.5633050203323364,-0.06501156091690063,0.2854977548122406,0.5452954769134521,-0.05863448977470398,0.5688179135322571,0.5191716551780701,-0.07954264432191849,0.4370618462562561,0.6724920272827148,-0.08665452152490616,0.7223857641220093,0.5053151249885559,-0.04658883064985275,0.6889939308166504,0.5850595235824585,-0.04935789108276367,0.6636866331100464,0.6217722296714783,-0.0453823059797287,0.18687297403812408,0.4332203269004822,0.00141039805021137,0.7267841100692749,0.46346065402030945,-0.021121663972735405,0.28809991478919983,0.5288257598876953,-0.04657725989818573,0.2881864905357361,0.5127050280570984,-0.03331514820456505,0.28784042596817017,0.5021922588348389,-0.022175239399075508,0.21513547003269196,0.6567311882972717,-0.07208050787448883,0.26727187633514404,0.5138028860092163,-0.0334283746778965,0.25635677576065063,0.5317342877388,-0.04649023711681366,0.249649778008461,0.5504389405250549,-0.0580243244767189,0.2469581663608551,0.5693801641464233,-0.06644800305366516,0.24828003346920013,0.5816957354545593,-0.0682012066245079,0.2180096060037613,0.7409734725952148,0.008173150010406971,0.27102363109588623,0.5758874416351318,-0.06690403819084167,0.48763102293014526,0.4269717335700989,-0.06327550858259201,0.4941951036453247,0.49839261174201965,-0.08999554067850113,0.4450992941856384,0.46636250615119934,-0.09098144620656967,0.48757845163345337,0.4528307616710663,-0.08066069334745407,0.2959546148777008,0.4376431703567505,-0.021207822486758232,0.6349025964736938,0.6112798452377319,-0.059257082641124725,0.662186861038208,0.5786083340644836,-0.05958285927772522,0.7038771510124207,0.497690886259079,-0.05745391175150871,0.5796695351600647,0.7029529809951782,-0.01983609050512314,0.2798587679862976,0.5020549297332764,-0.02395642362535,0.3573440611362457,0.45529329776763916,-0.06996244937181473,0.708977222442627,0.4553629159927368,-0.031994763761758804,0.7090107202529907,0.5457748174667358,-0.055076777935028076,0.44577091932296753,0.7216562628746033,-0.03924671187996864,0.6036858558654785,0.48928916454315186,-0.07260512560606003,0.6117517948150635,0.4945846199989319,-0.07619374245405197,0.6211154460906982,0.500373363494873,-0.08116896450519562,0.6317809224128723,0.5042827129364014,-0.08007173240184784,0.6217391490936279,0.5015348792076111,-0.07109646499156952,0.5379775762557983,0.5097319483757019,-0.08085201680660248,0.5344381332397461,0.515619695186615,-0.08584412187337875,0.5292191505432129,0.5207411050796509,-0.08921307325363159,0.5326926112174988,0.5377395749092102,-0.0949898362159729,0.4541381597518921,0.6265498995780945,-0.10367816686630249,0.33293431997299194,0.46419477462768555,-0.049556486308574677,0.2743722200393677,0.4819587171077728,-0.01203127671033144,0.27282068133354187,0.49445846676826477,-0.018195435404777527,0.5389282703399658,0.5048112273216248,-0.07658249139785767,0.5185765027999878,0.6462053656578064,-0.08148069679737091,0.28245294094085693,0.46309906244277954,-0.02603030391037464,0.638630747795105,0.5178297758102417,-0.06573573499917984,0.3710854947566986,0.41250813007354736,-0.08324562013149261,0.34838810563087463,0.4381244480609894,-0.07024775445461273,0.3475028872489929,0.4212452173233032,-0.06099637597799301,0.39114588499069214,0.46871888637542725,-0.08175387978553772,0.6831216812133789,0.45007413625717163,-0.03933662921190262,0.6576312780380249,0.44849327206611633,-0.036192331463098526,0.6534942388534546,0.4817938804626465,-0.05349032208323479,0.5904785394668579,0.5667286515235901,-0.07842522114515305,0.44902604818344116,0.5224716067314148,-0.07795268297195435,0.6184760928153992,0.5463400483131409,-0.07205146551132202,0.4385875463485718,0.5644007325172424,-0.10228528827428818,0.47245126962661743,0.5390191674232483,-0.09200184792280197,0.4783843159675598,0.5894877910614014,-0.10235849022865295,0.6780768632888794,0.4893130362033844,-0.062089819461107254,0.4025656580924988,0.48780736327171326,-0.07740136235952377,0.6060731410980225,0.5920758843421936,-0.07340802252292633,0.6353747844696045,0.5628953576087952,-0.06641461700201035,0.556033730506897,0.5780683755874634,-0.09077799320220947,0.4825189709663391,0.672823965549469,-0.07782060652971268,0.55399090051651,0.6131292581558228,-0.08706618845462799,0.5020223259925842,0.7089241743087769,-0.04610663279891014,0.507393479347229,0.5580266118049622,-0.09775089472532272,0.3701835572719574,0.47402459383010864,-0.06841199100017548,0.4364340901374817,0.4528641700744629,-0.11655116826295853,0.4423244893550873,0.4745806157588959,-0.10004106909036636,0.4212305545806885,0.43581852316856384,-0.12450769543647766,0.24437278509140015,0.49676164984703064,-0.0283247958868742,0.21872860193252563,0.5289088487625122,-0.05374214053153992,0.20725512504577637,0.558773398399353,-0.07411391288042068,0.206208273768425,0.5853986740112305,-0.08619923889636993,0.21282774209976196,0.6049728989601135,-0.08831939846277237,0.2535429000854492,0.6242949962615967,-0.07039376348257065,0.33010172843933105,0.7238950729370117,-0.03730408102273941,0.2967228293418884,0.6066427230834961,-0.07861532270908356,0.3126600980758667,0.5838800668716431,-0.07660999894142151,0.3194933235645294,0.553978443145752,-0.06660104542970657,0.31973615288734436,0.526436984539032,-0.05002899467945099,0.3167218863964081,0.5058770775794983,-0.03422017768025398,0.3131805956363678,0.4911949932575226,-0.02475886605679989,0.3341456949710846,0.767676591873169,0.03530459478497505,0.44952458143234253,0.4797622561454773,-0.09004253149032593,0.37849748134613037,0.4471140503883362,-0.08942078799009323,0.43782418966293335,0.4307743310928345,-0.12177379429340363,0.4508315324783325,0.4298206567764282,-0.10650111734867096,0.44227513670921326,0.43667954206466675,-0.11263970285654068,0.4579775333404541,0.4793388247489929,-0.07863913476467133,0.4532873332500458,0.42358890175819397,-0.11029539257287979,0.45980116724967957,0.43156397342681885,-0.0853552296757698,0.28963759541511536,0.49044522643089294,-0.012518812902271748,0.3020753860473633,0.4798540472984314,-0.01591118797659874,0.3114345669746399,0.47262564301490784,-0.027397293597459793,0.24998655915260315,0.5892744064331055,-0.06765251606702805,0.23360097408294678,0.6044943928718567,-0.07506312429904938,0.37643569707870483,0.4014185667037964,-0.06131485849618912,0.35193172097206116,0.3829004168510437,0.15220052003860474,0.46177926659584045,0.40491414070129395,-0.06522894650697708,0.26647016406059265,0.38004863262176514,0.33103030920028687,0.3601524829864502,0.4005979597568512,0.09152686595916748,0.3638838231563568,0.39380860328674316,0.106522336602211,0.3663357198238373,0.3880002498626709,0.12429822981357574,0.3618617653846741,0.3865865468978882,0.1586982160806656,0.35434994101524353,0.4056028127670288,0.07855737954378128,0.32316920161247253,0.3894725441932678,0.10787450522184372,0.3223734498023987,0.397297203540802,0.0900292694568634,0.32669493556022644,0.38400527834892273,0.12641561031341553,0.33326470851898193,0.38181814551353455,0.14188694953918457,0.3774997591972351,0.38373374938964844,0.17426130175590515,0.663738489151001,0.4108307361602783,0.0366496779024601,0.3505637049674988,0.38287121057510376,0.16350916028022766,0.3525501489639282,0.3790512681007385,0.311500608921051,0.36771318316459656,0.3854117691516876,0.21143636107444763,0.44307437539100647,0.3802034854888916,0.056985799223184586,0.5131350159645081,0.43778321146965027,-0.051002081483602524,0.5377546548843384,0.4412282407283783,-0.04498489201068878,0.5258094072341919,0.41622382402420044,-0.019172295928001404,0.5401608943939209,0.40297457575798035,0.010420112870633602,0.5432133674621582,0.42533349990844727,-0.020011024549603462,0.5507556200027466,0.41374996304512024,0.00576562387868762,0.6047190427780151,0.39419859647750854,0.054941777139902115,0.4467499554157257,0.3885648846626282,-0.10189048200845718,0.4260881543159485,0.38382911682128906,-0.10367191582918167,0.31887581944465637,0.37612032890319824,0.16751663386821747,0.37879905104637146,0.40380018949508667,0.03619878739118576,0.45089977979660034,0.37983667850494385,-0.015091811306774616,0.438439279794693,0.38284704089164734,-0.00608912343159318,0.44958990812301636,0.36080074310302734,0.1273331344127655,0.4002990424633026,0.3913940489292145,-0.0844777300953865,0.29682642221450806,0.3820100724697113,0.09475917369127274,0.30539068579673767,0.3765975534915924,0.1323985755443573,0.2321954071521759,0.37054330110549927,0.27694857120513916,0.299485445022583,0.40700581669807434,0.017755232751369476,0.32500582933425903,0.40505504608154297,0.08294649422168732,0.5837224125862122,0.3867468535900116,0.0744953453540802,0.5634227395057678,0.4233769178390503,0.33281686902046204,0.46215564012527466,0.39300110936164856,-0.019949616864323616,0.46636244654655457,0.4045608639717102,-0.041865091770887375,0.5720032453536987,0.3882484436035156,0.06103559210896492,0.5721727013587952,0.3951857089996338,0.04705343768000603,0.29380810260772705,0.37644609808921814,0.15201091766357422,0.46120157837867737,0.3862369656562805,-0.006052578333765268,0.29367226362228394,0.391435444355011,0.05599336698651314,0.27698254585266113,0.3901684880256653,0.05686748027801514,0.17886954545974731,0.3785533905029297,0.13840804994106293,0.24779227375984192,0.36130762100219727,0.20136138796806335,0.21080273389816284,0.3784058690071106,0.09247603267431259,0.31048622727394104,0.3771359920501709,0.19666221737861633,0.2764390707015991,0.36594158411026,0.25287434458732605,0.5268318057060242,0.43933218717575073,-0.049887485802173615,0.5356063842773438,0.42084500193595886,-0.02048000879585743,0.5457825660705566,0.40787941217422485,0.005711711477488279,0.46553218364715576,0.3987516164779663,-0.023510674014687538,0.5724971294403076,0.39172640442848206,0.05265088751912117,0.5931620597839355,0.39360111951828003,0.03093399479985237,0.5718886852264404,0.3975825309753418,0.04434462636709213,0.45264720916748047,0.38823428750038147,-0.050682246685028076,0.5528374910354614,0.4178906977176666,0.0070215268060564995,0.5474872589111328,0.42893779277801514,-0.013301307335495949,0.5439828634262085,0.4429084360599518,-0.03486834466457367,0.638860821723938,0.4259379506111145,-0.018185393884778023,0.6713955998420715,0.42832687497138977,-0.03373834118247032,0.6587228178977966,0.43096503615379333,-0.03561675176024437,0.643450140953064,0.4334509074687958,-0.030480213463306427,0.6295264959335327,0.4357033371925354,-0.029300063848495483,0.6037184596061707,0.41068387031555176,0.01089171040803194,0.6089572310447693,0.40560227632522583,0.008331132121384144,0.6155366897583008,0.39920181035995483,0.007156689651310444,0.6214663982391357,0.3935128152370453,0.01368669793009758,0.5286535620689392,0.38402825593948364,0.026878930628299713,0.45468756556510925,0.4181794822216034,0.39791303873062134,0.5887778997421265,0.4043503403663635,0.030692607164382935,0.5913453102111816,0.3991672396659851,0.028911985456943512,0.47428327798843384,0.4103127121925354,-0.04440923407673836,0.4743413031101227,0.39649975299835205,-0.0023135608062148094,0.470481812953949,0.4073444604873657,-0.044035617262125015,0.395180344581604,0.3948884904384613,0.05648099631071091,0.4161614179611206,0.3781701326370239,0.08123309165239334,0.4490969181060791,0.3859913647174835,0.005786174908280373,0.2028934210538864,0.36891937255859375,0.20946104824543,0.22658511996269226,0.36578282713890076,0.14882542192935944,0.28109458088874817,0.38100630044937134,0.10729119926691055,0.6158337593078613,0.4005078673362732,0.0337686650454998,0.27463826537132263,0.40464669466018677,0.016792645677924156,0.19887764751911163,0.4005379378795624,0.044038090854883194,0.16034388542175293,0.3996182382106781,0.07508470118045807,0.36608317494392395,0.38604241609573364,0.14363931119441986,0.394327849149704,0.3822822570800781,0.19704516232013702,0.3494332730770111,0.4091240167617798,0.07649039477109909,0.34190309047698975,0.38259178400039673,0.17213091254234314,0.3622398376464844,0.4087841808795929,0.020711161196231842,0.4402221441268921,0.37872767448425293,-0.04305541142821312,0.39759790897369385,0.36000317335128784,0.2345346212387085,0.40411096811294556,0.375740647315979,0.16860494017601013,0.4061940014362335,0.3747519254684448,0.12916935980319977,0.3977104127407074,0.38457000255584717,0.09426996111869812,0.38634955883026123,0.3952135443687439,0.07201217114925385,0.37492528557777405,0.4015572965145111,0.05184303969144821,0.3299630582332611,0.4181523025035858,-0.01795746572315693,0.44603633880615234,0.3584614098072052,0.22213666141033173,0.3403674066066742,0.3811519742012024,0.1938866674900055,0.45888447761535645,0.4007091522216797,-0.0953899547457695,0.4018838405609131,0.3997480869293213,0.02333441749215126,0.35338082909584045,0.4082724452018738,0.4046900272369385,0.3632466197013855,0.406448632478714,0.040314316749572754,0.45098692178726196,0.39211606979370117,0.026338938623666763,0.35221174359321594,0.38538163900375366,0.17141301929950714,0.4253649115562439,0.38341593742370605,-0.03278797119855881,0.5083379149436951,0.4206268787384033,0.37278634309768677,0.3440960645675659,0.41013848781585693,0.08640420436859131,0.4100715219974518,0.3855603337287903,-0.06147855520248413,0.618816614151001,0.3936007618904114,0.1727149337530136,0.6418529152870178,0.416259765625,0.2107217162847519,0.45215529203414917,0.37880614399909973,0.3072676360607147,0.5882760286331177,0.39204126596450806,0.21922065317630768,0.31001216173171997,0.37342560291290283,0.29012152552604675,0.6878072023391724,0.41291725635528564,0.04868035763502121,0.46492472290992737,0.4123418927192688,-0.07264196872711182,0.42161643505096436,0.3929100036621094,0.03958670794963837,0.37537476420402527,0.3892707824707031,0.24550282955169678,0.3530762493610382,0.3862757086753845,0.1272118240594864,0.3520161211490631,0.39148008823394775,0.11143781989812851,0.5947039723396301,0.38844236731529236,0.03803852200508118,0.4905255436897278,0.3644408881664276,0.21695412695407867,0.7219998836517334,0.43515411019325256,0.01782132126390934,0.6911506056785583,0.417339026927948,0.11101917922496796,0.6711723804473877,0.4158956706523895,0.15620970726013184,0.34935855865478516,0.3975750803947449,0.09856989979743958,0.345862478017807,0.40346217155456543,0.09133245795965195,0.3447049558162689,0.40782630443573,0.08933158218860626,0.3382285237312317,0.3844260573387146,0.22621449828147888,0.3362346291542053,0.402305543422699,0.09335850924253464,0.3352586328983307,0.39559733867645264,0.1005999818444252,0.3363523781299591,0.3889150619506836,0.11308884620666504,0.33987900614738464,0.38344496488571167,0.12841790914535522,0.3443447947502136,0.3815721869468689,0.14093339443206787,0.3043311536312103,0.3923731744289398,0.3765937089920044,0.35236531496047974,0.38365331292152405,0.1416555494070053,0.5089839696884155,0.38948798179626465,0.0025606548879295588,0.45860210061073303,0.38898158073425293,-0.028739633038640022,0.49394506216049194,0.4077305197715759,-0.042599305510520935,0.6468143463134766,0.397932231426239,0.13020296394824982,0.6670252084732056,0.406533420085907,0.09019782394170761,0.704416036605835,0.42728033661842346,0.0034631211310625076,0.6079332232475281,0.4209844470024109,0.27446311712265015,0.3401286005973816,0.4070020914077759,0.08948243409395218,0.36829423904418945,0.4041098356246948,-0.019788475707173347,0.7088871002197266,0.4220498204231262,0.06348742544651031,0.5011388063430786,0.38368773460388184,0.29045140743255615,0.6194708347320557,0.421011358499527,-0.008234338834881783,0.629349410533905,0.4161667823791504,-0.009269814006984234,0.6405738592147827,0.4111427664756775,-0.011107262223958969,0.6520529985427856,0.4064289629459381,-0.007138384506106377,0.6281590461730957,0.4104042649269104,0.009549196809530258,0.5602095723152161,0.40364134311676025,0.028829775750637054,0.5580871105194092,0.39819085597991943,0.03416084125638008,0.5546391010284424,0.3931797742843628,0.03866371139883995,0.5553171634674072,0.38305842876434326,0.05529302731156349,0.49902552366256714,0.3651256561279297,0.15234115719795227,0.34480521082878113,0.41396644711494446,0.0025647582951933146,0.32886675000190735,0.41500169038772583,0.05385022610425949,0.33356356620788574,0.411501944065094,0.07705478370189667,0.5606827735900879,0.4078723192214966,0.02862432971596718,0.5551531314849854,0.37592899799346924,0.1784534901380539,0.32447266578674316,0.41476428508758545,0.012457848526537418,0.6432159543037415,0.41335126757621765,0.023732049390673637,0.3544158339500427,0.40926215052604675,-0.04337398707866669,0.405869722366333,0.39422619342803955,-0.015254861675202847,0.6552911996841431,0.42749178409576416,-0.010623672977089882,0.6082121133804321,0.3897562623023987,0.07647455483675003,0.47173354029655457,0.38582587242126465,0.04022238031029701,0.6286689639091492,0.4010522663593292,0.051045119762420654,0.47498035430908203,0.3684035539627075,0.08127927035093307,0.49906671047210693,0.37839117646217346,0.05452621728181839,0.5149751901626587,0.36832553148269653,0.10686981678009033,0.6800549030303955,0.4246273636817932,-0.005403168499469757,0.4199947118759155,0.393990159034729,0.006450347136706114,0.622409999370575,0.3886254131793976,0.10491238534450531,0.643761396408081,0.4015478491783142,0.07173725962638855,0.5814809203147888,0.38121289014816284,0.09612718969583511,0.5283544063568115,0.3715658187866211,0.21321044862270355,0.5811896324157715,0.378357857465744,0.13021938502788544,0.5463585257530212,0.3889802098274231,0.2676291763782501,0.535968542098999,0.3769434690475464,0.07460062950849533,0.3847440481185913,0.4020026922225952,0.0033197447191923857,0.44958239793777466,0.3824115991592407,-0.05158250778913498,0.457744300365448,0.38300448656082153,-0.025485089048743248,0.4318428635597229,0.3796396255493164,-0.07237434387207031,0.31625431776046753,0.40843647718429565,0.06224679946899414,0.3117993474006653,0.39648866653442383,0.07877383381128311,0.3123834431171417,0.38714170455932617,0.09961000829935074,0.3165576159954071,0.38053005933761597,0.1254957914352417,0.32628822326660156,0.37930572032928467,0.14924763143062592,0.3606875538825989,0.386059045791626,0.18605202436447144,0.4023590683937073,0.37715187668800354,0.31447634100914,0.38314518332481384,0.381420373916626,0.15590210258960724,0.3845711648464203,0.3826240301132202,0.12788209319114685,0.38021042943000793,0.38986706733703613,0.10179030895233154,0.37247657775878906,0.39895445108413696,0.08266650140285492,0.36456719040870667,0.4051942825317383,0.06641297787427902,0.35733163356781006,0.4096282124519348,0.05713675916194916,0.4028465449810028,0.4167524576187134,0.411201149225235,0.46382734179496765,0.38898366689682007,-0.016659041866660118,0.3888818025588989,0.39590826630592346,-0.03738407418131828,0.4466075897216797,0.3833966851234436,-0.08048837631940842,0.4571126699447632,0.39787623286247253,-0.08268079161643982,0.45168986916542053,0.3895074129104614,-0.0702989250421524,0.4698401987552643,0.39680755138397217,-0.01695629581809044,0.4584345817565918,0.3980454206466675,-0.0907444953918457,0.4643220007419586,0.40823760628700256,-0.06887396425008774,0.3438577651977539,0.412339985370636,0.07392813265323639,0.346565306186676,0.41439127922058105,0.048199526965618134,0.3474827706813812,0.4115786552429199,0.025470944121479988,0.34742578864097595,0.3816157281398773,0.1513749361038208,0.3412682116031647,0.38272255659103394,0.15857475996017456,0.2723994255065918,0.5359569787979126,-0.050337087363004684,0.2765236794948578,0.516071617603302,-0.050337087363004684,0.2527434527873993,0.5343553423881531,-0.050337087363004684,0.2674051523208618,0.555837094783783,-0.050337087363004684,0.29107850790023804,0.5371744632720947,-0.050337087363004684,0.32124653458595276,0.3870575428009033,0.11743181943893433,0.32423654198646545,0.3792075216770172,0.11743181943893433,0.30544960498809814,0.3858782947063446,0.11743181943893433,0.3181731700897217,0.3952349126338959,0.11743181943893433,0.33682960271835327,0.388314425945282,0.11743181943893433,0,0,0,0,0,1,1,0,0,0,0,0,0.10325819253921509,0.0717189833521843,0.06316342204809189,0.0948958769440651,0.027099156752228737,0.05796082317829132,0.2100483924150467,0.08239805698394775,0.10675235092639923,0.1656091809272766,1.0276187658309937,0.330169677734375,Sadness,-1.8256287574768066,-21.117990493774414
179,5.966666666666667,21.70069552269293,18.469236272310084,-0.6950780081360546,0.6035866141319275,0.5081686973571777,-0.06440959870815277,0.6263615489006042,0.42407381534576416,-0.09380487352609634,0.60381680727005,0.4565625488758087,-0.05882525071501732,0.545375406742096,0.40138527750968933,-0.07406046241521835,0.6147112846374512,0.4101139008998871,-0.09558204561471939,0.5879517793655396,0.4000878632068634,-0.08350249379873276,0.5094501972198486,0.3776421546936035,-0.024340342730283737,0.33233967423439026,0.4196125566959381,-0.07541212439537048,0.47131234407424927,0.3529787063598633,-0.0009069936932064593,0.4585561752319336,0.33571407198905945,0.0034772127401083708,0.38179171085357666,0.2784423232078552,0.04209929332137108,0.6075412631034851,0.5128552913665771,-0.0636206790804863,0.6109488606452942,0.5178091526031494,-0.05998876318335533,0.6129569411277771,0.5213159322738647,-0.05362969636917114,0.6141325235366821,0.5215641856193542,-0.04785922169685364,0.6193667650222778,0.5265415906906128,-0.051718443632125854,0.6247833967208862,0.5326187610626221,-0.05773013457655907,0.6299915909767151,0.5392035245895386,-0.058255452662706375,0.6773859262466431,0.5635057687759399,-0.05097668617963791,0.62394779920578,0.4372329115867615,-0.0873202234506607,0.5916568636894226,0.4503370225429535,-0.07828441262245178,0.11264461278915405,0.43805044889450073,-0.04983970895409584,0.39903298020362854,0.4150077700614929,-0.052318282425403595,0.37901195883750916,0.42274948954582214,-0.0673285573720932,0.3570000231266022,0.4297657012939453,-0.07709777355194092,0.32429757714271545,0.42916789650917053,-0.08216607570648193,0.4140445291996002,0.4064582288265228,-0.03401051089167595,0.34548306465148926,0.38451719284057617,-0.06802532076835632,0.3696526885032654,0.37892574071884155,-0.0468638651072979,0.32349324226379395,0.3937070369720459,-0.07917714864015579,0.3108847737312317,0.4038624167442322,-0.08289200812578201,0.31161054968833923,0.4485395550727844,-0.08707892149686813,0.6057511568069458,0.6238270401954651,-0.09272892028093338,0.32148802280426025,0.4180009365081787,-0.07499133050441742,0.1601862907409668,0.5057851672172546,-0.06310217827558517,0.27742916345596313,0.4482928514480591,-0.08495230972766876,0.45021989941596985,0.47999727725982666,-0.09168444573879242,0.5735230445861816,0.5154885649681091,-0.08116339892148972,0.5855123996734619,0.5271924734115601,-0.07480229437351227,0.550265908241272,0.528552234172821,-0.09239984303712845,0.5355352759361267,0.5387445092201233,-0.09493374079465866,0.5636544227600098,0.5352790951728821,-0.08405497670173645,0.5472608208656311,0.5421465039253235,-0.08406830579042435,0.5290722846984863,0.5787815451622009,-0.09284477680921555,0.6092333197593689,0.4302506148815155,-0.10275420546531677,0.5953567624092102,0.4178599417209625,-0.10601822286844254,0.26807039976119995,0.4037228524684906,-0.09808047115802765,0.4600679576396942,0.4321633279323578,-0.05365842953324318,0.526220977306366,0.4612211287021637,-0.09704679995775223,0.5110429525375366,0.4571191072463989,-0.09159668534994125,0.36568260192871094,0.509640634059906,-0.12245625257492065,0.5707184672355652,0.40830522775650024,-0.09458208829164505,0.3116675019264221,0.369743674993515,-0.080385722219944,0.2838120758533478,0.3851654827594757,-0.09342004358768463,0.14141865074634552,0.3936539888381958,-0.05431303754448891,0.40965551137924194,0.3527235686779022,-0.028932267799973488,0.3927929401397705,0.3784239888191223,-0.028520237654447556,0.49777182936668396,0.5686721205711365,-0.10141797363758087,0.283168226480484,0.6705881357192993,-0.06059747561812401,0.5474476218223572,0.46455127000808716,-0.08058317750692368,0.5677999258041382,0.4627188444137573,-0.0684020146727562,0.5188623666763306,0.554008960723877,-0.08971615135669708,0.5242701768875122,0.5526575446128845,-0.08441334962844849,0.26377642154693604,0.3816181421279907,-0.0890486016869545,0.5218498706817627,0.4715481400489807,-0.08932942152023315,0.3511638641357422,0.3576275110244751,-0.05767674371600151,0.3386636972427368,0.3488200306892395,-0.0584067702293396,0.25364866852760315,0.31849879026412964,-0.03514625132083893,0.20196694135665894,0.3906264305114746,-0.06976944953203201,0.3065887689590454,0.3322502374649048,-0.04308531805872917,0.24640019237995148,0.40499192476272583,-0.09108462929725647,0.17169156670570374,0.4284026622772217,-0.06550724059343338,0.5796741247177124,0.521939754486084,-0.08013949543237686,0.5569814443588257,0.5321335196495056,-0.08897312730550766,0.5412643551826477,0.540544331073761,-0.0904688835144043,0.5516527891159058,0.46709004044532776,-0.07298408448696136,0.5216692090034485,0.5533462762832642,-0.08603182435035706,0.5358232259750366,0.5530136823654175,-0.08496320992708206,0.5270320773124695,0.5518993735313416,-0.08291608095169067,0.569963276386261,0.44869184494018555,-0.0989694744348526,0.5518594980239868,0.5431447625160217,-0.08010807633399963,0.5687611699104309,0.5370245575904846,-0.07684642821550369,0.5897864103317261,0.5298977494239807,-0.06937988102436066,0.6445586681365967,0.5746851563453674,-0.06809113919734955,0.6039848327636719,0.548689067363739,-0.0761369988322258,0.5992488861083984,0.5417820811271667,-0.07519599050283432,0.5949046611785889,0.5352451205253601,-0.06863901764154434,0.5914731025695801,0.5299967527389526,-0.06380894035100937,0.5536056756973267,0.5436045527458191,-0.07584267109632492,0.5529125332832336,0.5468342900276184,-0.07959681749343872,0.552211344242096,0.5513522624969482,-0.08530564606189728,0.5522768497467041,0.555820643901825,-0.08801853656768799,0.515690803527832,0.5224263668060303,-0.09695664793252945,0.17029936611652374,0.6027094125747681,-0.03348779305815697,0.61385178565979,0.4468335509300232,-0.06820853799581528,0.5402306318283081,0.548092782497406,-0.0793638527393341,0.538105845451355,0.5503544211387634,-0.08207248151302338,0.5787522792816162,0.46630358695983887,-0.07143934071063995,0.5293791890144348,0.4805379807949066,-0.07185991108417511,0.573902428150177,0.46446073055267334,-0.06974950432777405,0.44210493564605713,0.44829922914505005,-0.0690496638417244,0.41390177607536316,0.46951326727867126,-0.09240461140871048,0.5065110921859741,0.46722134947776794,-0.08577223122119904,0.18782198429107666,0.35322457551956177,-0.05068879947066307,0.2458728402853012,0.35845571756362915,-0.06173098459839821,0.2935907244682312,0.36344555020332336,-0.07771140336990356,0.5629838705062866,0.5820308327674866,-0.09114890545606613,0.39034366607666016,0.33699485659599304,-0.03196587786078453,0.36273470520973206,0.3155658543109894,-0.014744178391993046,0.31649160385131836,0.29538407921791077,-0.002656065858900547,0.3379001021385193,0.43191125988960266,-0.08180979639291763,0.29675549268722534,0.468088299036026,-0.09657731652259827,0.42333608865737915,0.39868196845054626,-0.023600051179528236,0.2907183766365051,0.41975274682044983,-0.0888926237821579,0.4710683822631836,0.41705384850502014,-0.04738409444689751,0.5469232797622681,0.4453263282775879,-0.10266559571027756,0.23903781175613403,0.5126404762268066,-0.10359224677085876,0.3178676962852478,0.4728083610534668,-0.10590510070323944,0.34847375750541687,0.46910032629966736,-0.10070335119962692,0.3869541585445404,0.4527132213115692,-0.07932347804307938,0.41344153881073,0.4363231658935547,-0.05838508903980255,0.43075940012931824,0.42280450463294983,-0.04259563982486725,0.49191272258758545,0.3873819410800934,-0.035846177488565445,0.2736583352088928,0.5417577028274536,-0.11747345328330994,0.26863229274749756,0.4265063405036926,-0.09259829670190811,0.6140854954719543,0.4400355815887451,-0.09472993016242981,0.4812748432159424,0.4419371783733368,-0.06410092115402222,0.10968494415283203,0.5275519490242004,-0.02838377095758915,0.4432811439037323,0.40973615646362305,-0.030947474762797356,0.49571388959884644,0.4733312427997589,-0.07039064168930054,0.31027448177337646,0.4224303364753723,-0.07950296252965927,0.5289757251739502,0.44092118740081787,-0.09431139379739761,0.2165772169828415,0.639061450958252,-0.04425414651632309,0.423850953578949,0.39240315556526184,-0.01962554268538952,0.550288200378418,0.4222203195095062,-0.09840232878923416,0.43349117040634155,0.6550300717353821,-0.10036559402942657,0.432956337928772,0.6878417730331421,-0.08722829818725586,0.21455390751361847,0.5760678052902222,-0.07637757807970047,0.36764776706695557,0.653214693069458,-0.0996561273932457,0.160016268491745,0.46540284156799316,-0.05966043099761009,0.6134803295135498,0.6476789712905884,-0.09423455595970154,0.6059063673019409,0.448924720287323,-0.0720212385058403,0.46658188104629517,0.46020951867103577,-0.07329843193292618,0.25807613134384155,0.45839840173721313,-0.0841599553823471,0.35709500312805176,0.4175981283187866,-0.0711628720164299,0.37569358944892883,0.41321927309036255,-0.06313733011484146,0.5337631702423096,0.5556833744049072,-0.08775638788938522,0.30093473196029663,0.5747284889221191,-0.11597388982772827,0.6815762519836426,0.6524451971054077,-0.07272994518280029,0.5700507164001465,0.6762158274650574,-0.08623705059289932,0.5099245309829712,0.6834172010421753,-0.08763102442026138,0.4201641380786896,0.3021581470966339,0.02390272356569767,0.7281739711761475,0.6328441500663757,-0.04312785342335701,0.3917523920536041,0.407523512840271,-0.04980609565973282,0.40691497921943665,0.40067070722579956,-0.035916201770305634,0.41789716482162476,0.39562681317329407,-0.024866124615073204,0.24732524156570435,0.43120288848876953,-0.08659182488918304,0.3963634967803955,0.3894575238227844,-0.03494518995285034,0.37436726689338684,0.39189040660858154,-0.04836120083928108,0.3544309437274933,0.3968866765499115,-0.06108580157160759,0.33673393726348877,0.4040529131889343,-0.07118840515613556,0.32783034443855286,0.4102848172187805,-0.07490409910678864,0.10165926814079285,0.4802425801753998,-0.03670889511704445,0.34322184324264526,0.41937315464019775,-0.07479919493198395,0.6120061874389648,0.4649657905101776,-0.05729268863797188,0.5346014499664307,0.503538191318512,-0.09040167927742004,0.5504518747329712,0.46004951000213623,-0.08383779972791672,0.5846211910247803,0.4770745635032654,-0.07580229640007019,0.4840433597564697,0.36734092235565186,-0.005957256071269512,0.49718424677848816,0.656221330165863,-0.09505675733089447,0.5535457730293274,0.6541716456413269,-0.09352123737335205,0.6727665662765503,0.6343586444854736,-0.08481442928314209,0.3596276640892029,0.6856789588928223,-0.0765991061925888,0.4137844443321228,0.3910943865776062,-0.025731708854436874,0.5068216919898987,0.4089108109474182,-0.057586509734392166,0.7210549116134644,0.6159213781356812,-0.056498028337955475,0.6277066469192505,0.6661242842674255,-0.08627070486545563,0.2516585886478424,0.6108347773551941,-0.0820063054561615,0.570749819278717,0.537274956703186,-0.0720367282629013,0.5720872282981873,0.5420172214508057,-0.07678434252738953,0.5741477012634277,0.5478007793426514,-0.08329502493143082,0.5775327086448669,0.5541859865188599,-0.08600116521120071,0.6021178364753723,0.5813061594963074,-0.08604466170072556,0.5345969796180725,0.5478135347366333,-0.08498290926218033,0.5297776460647583,0.5475590229034424,-0.09042275696992874,0.5253647565841675,0.5468569993972778,-0.09452314674854279,0.5021958351135254,0.544857919216156,-0.10217311978340149,0.36173975467681885,0.5579160451889038,-0.12504862248897552,0.4814637303352356,0.4010803997516632,-0.03915879502892494,0.42699354887008667,0.3788469731807709,-0.007240829057991505,0.41698843240737915,0.3840968608856201,-0.017173923552036285,0.5394198298454285,0.5477078557014465,-0.0820087119936943,0.37818217277526855,0.6090335845947266,-0.11313582211732864,0.4424220323562622,0.3744249939918518,-0.01589532569050789,0.5998321771621704,0.602752149105072,-0.08766970038414001,0.5607496500015259,0.3934849500656128,-0.06267563998699188,0.5195664763450623,0.39536964893341064,-0.05349943786859512,0.5357406139373779,0.38641810417175293,-0.042364299297332764,0.5131068229675293,0.4329971969127655,-0.07246021181344986,0.7080761194229126,0.5959080457687378,-0.05946795642375946,0.6894102096557617,0.5782722234725952,-0.05406762659549713,0.6507755517959595,0.5927504301071167,-0.07358594238758087,0.5107382535934448,0.5969948172569275,-0.09796309471130371,0.48417267203330994,0.4922196865081787,-0.08223716914653778,0.5533214807510376,0.6042371988296509,-0.09353426843881607,0.4266888201236725,0.5115177631378174,-0.11332804709672928,0.4753630757331848,0.5145905017852783,-0.09908886253833771,0.41907206177711487,0.5486979484558105,-0.11965148895978928,0.6632485389709473,0.6126517057418823,-0.08496688306331635,0.4978521168231964,0.449106365442276,-0.07279622554779053,0.498340904712677,0.624280571937561,-0.10117470473051071,0.5510746240615845,0.6268811821937561,-0.0942334234714508,0.474681556224823,0.5825481414794922,-0.10973856598138809,0.32708626985549927,0.6035643815994263,-0.11161698400974274,0.43812096118927,0.6067813038825989,-0.11253460496664047,0.2993288040161133,0.6389763951301575,-0.09041888266801834,0.4683532118797302,0.5436892509460449,-0.10861577838659286,0.4937070310115814,0.4253111481666565,-0.060577165335416794,0.562480092048645,0.4480949342250824,-0.10399932414293289,0.5397303104400635,0.46238020062446594,-0.09309080988168716,0.5720775127410889,0.4303932785987854,-0.10713954269886017,0.4015025198459625,0.36930719017982483,-0.02245216816663742,0.36372482776641846,0.37100428342819214,-0.0488751083612442,0.33336517214775085,0.378593385219574,-0.07176046818494797,0.3080790042877197,0.3902677595615387,-0.08674348145723343,0.2933719754219055,0.403328537940979,-0.09174085408449173,0.2965158522129059,0.43475937843322754,-0.08282364159822464,0.18372328579425812,0.5416069030761719,-0.07341232895851135,0.32680830359458923,0.45025959610939026,-0.08866328746080399,0.3513958156108856,0.44824299216270447,-0.08325543254613876,0.38038885593414307,0.4379381239414215,-0.07050510495901108,0.405670702457428,0.4252689480781555,-0.052456486970186234,0.42301979660987854,0.41413718461990356,-0.03391889110207558,0.43477579951286316,0.405001163482666,-0.023059485480189323,0.13605181872844696,0.5662356019020081,-0.02693529799580574,0.5363590121269226,0.46909448504447937,-0.08549614995718002,0.5297735929489136,0.4152250289916992,-0.07574938237667084,0.5887092351913452,0.43711182475090027,-0.10542435199022293,0.5972555875778198,0.4443475306034088,-0.09198702871799469,0.5847736597061157,0.4432682991027832,-0.0982421338558197,0.5403786897659302,0.473723828792572,-0.0753398910164833,0.6052912473678589,0.4424140751361847,-0.09451039135456085,0.5986976623535156,0.45065367221832275,-0.07501238584518433,0.42826834321022034,0.3914099633693695,-0.012999258935451508,0.44089436531066895,0.39311671257019043,-0.012282775714993477,0.448481947183609,0.39457792043685913,-0.020556194707751274,0.3237619996070862,0.41460758447647095,-0.07612669467926025,0.3047676086425781,0.41386693716049194,-0.08283200114965439,0.5743006467819214,0.39132946729660034,-0.041299618780612946,0.5531792044639587,0.3588021993637085,0.16161635518074036,0.6224240660667419,0.4390338361263275,-0.053637560456991196,0.5086334347724915,0.3173818290233612,0.3240724503993988,0.5465255379676819,0.37334299087524414,0.10066425800323486,0.5551960468292236,0.3710412383079529,0.11654802411794662,0.5619299411773682,0.36952823400497437,0.13467112183570862,0.5605303645133972,0.36841338872909546,0.1677664816379547,0.5376983284950256,0.3740624785423279,0.08721039444208145,0.5237405896186829,0.3484494090080261,0.12134268879890442,0.5168859362602234,0.3528255820274353,0.10302494466304779,0.5314501523971558,0.34715205430984497,0.13996621966362,0.5388171672821045,0.34940582513809204,0.1545037180185318,0.5785084962844849,0.3780105710029602,0.18181827664375305,0.7342627644538879,0.5652121305465698,0.01995423249900341,0.5523037314414978,0.3589516282081604,0.1723756194114685,0.5687671899795532,0.36720722913742065,0.3085685968399048,0.569144070148468,0.37698978185653687,0.21759043633937836,0.6305721402168274,0.41630125045776367,0.06324806064367294,0.6250820159912109,0.49313196539878845,-0.04248396307229996,0.6313505172729492,0.5065233707427979,-0.039533499628305435,0.6460399627685547,0.48505207896232605,-0.012019322253763676,0.6596577167510986,0.4809150695800781,0.017643485218286514,0.646855354309082,0.49678555130958557,-0.014457229524850845,0.6575945615768433,0.4900384247303009,0.010500478558242321,0.7057377099990845,0.5100559592247009,0.055361635982990265,0.6366034746170044,0.42047321796417236,-0.08171389251947403,0.6267945170402527,0.4068317711353302,-0.08086545020341873,0.5365892648696899,0.34434375166893005,0.18387700617313385,0.5674014091491699,0.3952966332435608,0.04564732313156128,0.6382005214691162,0.41915833950042725,-0.003951272461563349,0.6272928714752197,0.41418734192848206,0.004478676710277796,0.6534614562988281,0.40828025341033936,0.13409563899040222,0.6011186838150024,0.3975662589073181,-0.06238454580307007,0.5126966834068298,0.3311861753463745,0.11799805611371994,0.5244367122650146,0.33425670862197876,0.15368995070457458,0.499594509601593,0.2914862334728241,0.2803022563457489,0.4924089014530182,0.34439218044281006,0.03728294000029564,0.5130977630615234,0.35905328392982483,0.09342747181653976,0.700327455997467,0.49211472272872925,0.0783858373761177,0.6565082669258118,0.5154706835746765,0.29201802611351013,0.6304236650466919,0.4322955906391144,-0.012566445395350456,0.621380627155304,0.44178134202957153,-0.03456141799688339,0.6780730485916138,0.47783443331718445,0.06552882492542267,0.6741757988929749,0.48049959540367126,0.05175440013408661,0.5180515050888062,0.33116528391838074,0.17331759631633759,0.6360312700271606,0.42814499139785767,0.002000551437959075,0.5011743903160095,0.33318954706192017,0.0784902274608612,0.49047088623046875,0.32403042912483215,0.08143558353185654,0.45581281185150146,0.2682498097419739,0.15753641724586487,0.5260791182518005,0.2943360209465027,0.21938951313495636,0.4833630919456482,0.2848741412162781,0.1186540499329567,0.5320889949798584,0.34396249055862427,0.21086017787456512,0.5365384817123413,0.31430527567863464,0.26256445050239563,0.6292808651924133,0.5001556277275085,-0.04188872128725052,0.6469119787216187,0.49110788106918335,-0.013701880350708961,0.6588718891143799,0.4853849709033966,0.011992248706519604,0.62577885389328,0.4376857280731201,-0.016064157709479332,0.6761130690574646,0.47919243574142456,0.05742683634161949,0.6722478866577148,0.4877774119377136,0.03477239981293678,0.6722745895385742,0.4818965196609497,0.04897310212254524,0.6345962285995483,0.4243007302284241,-0.035688288509845734,0.6559102535247803,0.4938269853591919,0.010278998874127865,0.6455792188644409,0.5013676285743713,-0.010882723145186901,0.6315286159515381,0.5109761357307434,-0.032815974205732346,0.698544979095459,0.5528298616409302,-0.031183993443846703,0.6504622101783752,0.5274350047111511,-0.036836348474025726,0.6444597840309143,0.5212358832359314,-0.035482123494148254,0.6379830837249756,0.515724241733551,-0.028695469722151756,0.6318938136100769,0.5116808414459229,-0.026382941752672195,0.6556940674781799,0.4948670268058777,0.014766733162105083,0.6609414219856262,0.4956093728542328,0.011381534859538078,0.6666620969772339,0.49707460403442383,0.009106609970331192,0.6719870567321777,0.49928808212280273,0.0151540981605649,0.676181435585022,0.46288198232650757,0.03434404730796814,0.5814619660377502,0.4490116238594055,0.3620523512363434,0.6633603572845459,0.4889901280403137,0.03500526770949364,0.6679444313049316,0.4881936013698578,0.03285139426589012,0.6214423775672913,0.4498262107372284,-0.03782042860984802,0.6326619386672974,0.4408821165561676,0.0019230159232392907,0.6216872334480286,0.4459831416606903,-0.03693676367402077,0.5859836339950562,0.39877891540527344,0.06491544842720032,0.6153737902641296,0.4001569449901581,0.08980047702789307,0.629114031791687,0.42172765731811523,0.013481736183166504,0.4819454550743103,0.2748759686946869,0.22239640355110168,0.5065784454345703,0.28495627641677856,0.17195145785808563,0.5033560991287231,0.3236545920372009,0.13145340979099274,0.708903431892395,0.523715078830719,0.03124447911977768,0.47554534673690796,0.33073675632476807,0.040693625807762146,0.4572241008281708,0.29188138246536255,0.0698096752166748,0.42553672194480896,0.26949599385261536,0.09460054337978363,0.5636361241340637,0.36934229731559753,0.15306977927684784,0.595271110534668,0.3880598843097687,0.2024770975112915,0.5303295850753784,0.3736010193824768,0.08424928039312363,0.5478824377059937,0.3583031892776489,0.18434153497219086,0.5523895621299744,0.3893541693687439,0.03211282193660736,0.6360435485839844,0.4126991927623749,-0.027465905994176865,0.6174702644348145,0.38224726915359497,0.23704446852207184,0.6084498167037964,0.3866039514541626,0.1757735013961792,0.6100350022315979,0.38410934805870056,0.1380206197500229,0.5933688879013062,0.3838162422180176,0.10361479222774506,0.5747286677360535,0.3838338255882263,0.08030375093221664,0.5600496530532837,0.3814045786857605,0.06054867431521416,0.5255923867225647,0.3763624131679535,-0.0015197423053905368,0.649141252040863,0.4076692759990692,0.22248205542564392,0.5504688024520874,0.3596594035625458,0.20472700893878937,0.6303108930587769,0.43433672189712524,-0.07802678644657135,0.5867188572883606,0.40468430519104004,0.031874705106019974,0.5270059108734131,0.3840891122817993,0.3785087764263153,0.5455325841903687,0.3776158094406128,0.050086308270692825,0.6229808926582336,0.42609959840774536,0.030445871874690056,0.552929162979126,0.36253583431243896,0.18088211119174957,0.6215338110923767,0.40749526023864746,-0.01824691705405712,0.6179884076118469,0.48093143105506897,0.3332832157611847,0.5239893198013306,0.3718937337398529,0.09385419636964798,0.6115584373474121,0.4005117416381836,-0.04205068573355675,0.722678542137146,0.5303917527198792,0.15519532561302185,0.7193955183029175,0.5558093786239624,0.18106408417224884,0.6259341239929199,0.4256901144981384,0.29459354281425476,0.7044211030006409,0.5128592252731323,0.19939278066158295,0.5474867820739746,0.3395217955112457,0.29231882095336914,0.7497014999389648,0.582534670829773,0.026998810470104218,0.618654727935791,0.4445344805717468,-0.06203552335500717,0.604447603225708,0.4115180969238281,0.04614681750535965,0.5731146335601807,0.3862532377243042,0.24887681007385254,0.5509383678436279,0.36009424924850464,0.13712932169437408,0.5458944439888,0.36253494024276733,0.12146025896072388,0.6761997938156128,0.4878302216529846,0.04154841974377632,0.6715235710144043,0.43668127059936523,0.2115250825881958,0.7536038160324097,0.6134713888168335,-0.00268357596360147,0.7503135800361633,0.5840954780578613,0.08644559234380722,0.7390714883804321,0.5714242458343506,0.13053090870380402,0.5391319394111633,0.36540788412094116,0.10776592791080475,0.531535267829895,0.3683481216430664,0.09985587745904922,0.5268322229385376,0.37068867683410645,0.09711121767759323,0.5486825108528137,0.3646014630794525,0.23433861136436462,0.5235856175422668,0.3622235357761383,0.1024811640381813,0.5282837152481079,0.35684478282928467,0.11084110289812088,0.5346639156341553,0.3525657653808594,0.12416169047355652,0.5418189764022827,0.35132458806037903,0.13945792615413666,0.5472293496131897,0.353115975856781,0.15127356350421906,0.5152840614318848,0.3465735614299774,0.3588937222957611,0.5525875091552734,0.3587104380130768,0.15130922198295593,0.6601687669754028,0.45624828338623047,0.00872260332107544,0.6337487697601318,0.4279768466949463,-0.018613578751683235,0.6344988346099854,0.45863866806030273,-0.035664405673742294,0.7366973161697388,0.5495476722717285,0.11135068535804749,0.7414681911468506,0.5667039752006531,0.06888639181852341,0.7465623617172241,0.5990684032440186,-0.018752064555883408,0.6917784214019775,0.5402852296829224,0.23709754645824432,0.5231721997261047,0.36731159687042236,0.09782234579324722,0.5636129975318909,0.38944578170776367,-0.004102284088730812,0.757153332233429,0.5973366498947144,0.042375192046165466,0.6521726846694946,0.45791521668434143,0.27274855971336365,0.6454870700836182,0.5024166107177734,-0.00476877810433507,0.6517813205718994,0.5047901272773743,-0.006851840298622847,0.6580511331558228,0.5084848403930664,-0.010009867139160633,0.6645246148109436,0.5135526657104492,-0.0075445277616381645,0.7079406976699829,0.5382912158966064,0.0029076735954731703,0.6660948991775513,0.484810471534729,0.03381100296974182,0.6681073307991028,0.48158925771713257,0.04049953818321228,0.6694867014884949,0.4786038398742676,0.04581950977444649,0.6906634569168091,0.4750186800956726,0.06302561610937119,0.6793468594551086,0.4397599995136261,0.15289568901062012,0.5374234914779663,0.38254401087760925,0.015969108790159225,0.5089800357818604,0.36607128381729126,0.06318651884794235,0.5149792432785034,0.36721110343933105,0.08638892322778702,0.6634120941162109,0.4881633520126343,0.032433222979307175,0.7029386758804321,0.48048773407936096,0.16988615691661835,0.50760418176651,0.3621281385421753,0.02613307163119316,0.7157160043716431,0.5519410967826843,0.010822487995028496,0.5513575077056885,0.3844187259674072,-0.024584248661994934,0.5967259407043457,0.40334951877593994,-0.0025512701831758022,0.7100417613983154,0.5665342807769775,-0.026819996535778046,0.7147002816200256,0.5144765973091125,0.07365156710147858,0.6413900852203369,0.43456873297691345,0.04435690492391586,0.7176058292388916,0.5348156094551086,0.042845796793699265,0.6617405414581299,0.4271456003189087,0.0871368795633316,0.6652840375900269,0.444960355758667,0.060519926249980927,0.6853587031364441,0.4492287337779999,0.1102740615606308,0.7318147420883179,0.5814095139503479,-0.023208556696772575,0.60439133644104,0.41069287061691284,0.015401681885123253,0.7278057932853699,0.526700496673584,0.09559395164251328,0.7288755178451538,0.5480782389640808,0.05724100396037102,0.7068987488746643,0.4924686551094055,0.09730768948793411,0.6893839240074158,0.46328336000442505,0.20301949977874756,0.7136394381523132,0.4955858886241913,0.12604252994060516,0.6778172254562378,0.487715482711792,0.2463684380054474,0.6865956783294678,0.4627227783203125,0.08033152669668198,0.5745764374732971,0.39711320400238037,0.015277544967830181,0.6384679079055786,0.41955557465553284,-0.035325806587934494,0.6391370296478271,0.4245452880859375,-0.01477565336972475,0.632934033870697,0.40824204683303833,-0.05283285677433014,0.5036181807518005,0.35549992322921753,0.07511281967163086,0.5096206068992615,0.3459550738334656,0.09594514220952988,0.5184552669525146,0.3412298560142517,0.1183047667145729,0.5277624130249023,0.3403382897377014,0.14344796538352966,0.5370692610740662,0.34625598788261414,0.1657351702451706,0.5609878897666931,0.3707256317138672,0.1944921761751175,0.5989728569984436,0.39560186862945557,0.30717840790748596,0.5836064219474792,0.3774394094944,0.1637406051158905,0.5831969380378723,0.377050518989563,0.13728955388069153,0.5730637311935425,0.3779562711715698,0.11161316186189651,0.558934211730957,0.3790837526321411,0.09100334346294403,0.5471595525741577,0.3789384961128235,0.07459964603185654,0.5371392965316772,0.37771865725517273,0.06515960395336151,0.5488808155059814,0.4179823398590088,0.3787541389465332,0.6351503133773804,0.4310345947742462,-0.008391685783863068,0.5861708521842957,0.3955029845237732,-0.020547783002257347,0.6394466757774353,0.41833990812301636,-0.06134872883558273,0.6295193433761597,0.43239182233810425,-0.06652460247278214,0.634920060634613,0.42451775074005127,-0.053583189845085144,0.6301665306091309,0.4387112855911255,-0.010716630145907402,0.6317367553710938,0.43298208713531494,-0.07355574518442154,0.6218117475509644,0.44220176339149475,-0.05786970257759094,0.5223722457885742,0.37246575951576233,0.08118486404418945,0.5241175889968872,0.3747240900993347,0.056823376566171646,0.5281612873077393,0.3722076416015625,0.03663468360900879,0.5504464507102966,0.3554433584213257,0.16128769516944885,0.5452035665512085,0.3550261855125427,0.16961157321929932,0.3396473526954651,0.41134440898895264,-0.05512874573469162,0.36445772647857666,0.40284979343414307,-0.05512874573469162,0.32828131318092346,0.40023401379585266,-0.05512874573469162,0.3142622113227844,0.4197417199611664,-0.05512874573469162,0.350754052400589,0.42234015464782715,-0.05512874573469162,0.5420992970466614,0.3492528796195984,0.12686271965503693,0.5520769953727722,0.3462488651275635,0.12686271965503693,0.532873272895813,0.33899813890457153,0.12686271965503693,0.5319788455963135,0.35237348079681396,0.12686271965503693,0.5512914061546326,0.3595926761627197,0.12686271965503693,0,0,1,0,0,1,0,0,0,0,0,0,0.07965593039989471,0.066255584359169,0.27226802706718445,0.06983401626348495,0.03207102790474892,0.06802961975336075,0.08444869518280029,0.05091264843940735,0.04653983563184738,0.08232860267162323,0.2708151638507843,0.09049129486083984,Happiness,18.60658836364746,22.978351593017578
182,6.066666666666666,26.638784666995665,-5.1398699997429125,0.28019483750335056,0.5914404392242432,0.4687804877758026,-0.10412973165512085,0.5358368158340454,0.40662163496017456,-0.13072721660137177,0.5413877964019775,0.44241058826446533,-0.08653917163610458,0.45659831166267395,0.4095832407474518,-0.08851436525583267,0.5188884139060974,0.3962550759315491,-0.13090981543064117,0.4934135675430298,0.3942191004753113,-0.11144961416721344,0.42294782400131226,0.39650434255599976,-0.021670250222086906,0.25840720534324646,0.5246538519859314,-0.035844359546899796,0.38415446877479553,0.38532984256744385,0.01615322381258011,0.36466503143310547,0.3728218674659729,0.025848446413874626,0.2851257622241974,0.34057071805000305,0.09612266719341278,0.599169909954071,0.47418445348739624,-0.10440985858440399,0.6059681177139282,0.48069193959236145,-0.09999668598175049,0.6093074083328247,0.48579055070877075,-0.09319192171096802,0.6127725839614868,0.4867558479309082,-0.08217834681272507,0.6225564479827881,0.49177315831184387,-0.08951961249113083,0.6325470209121704,0.49842000007629395,-0.09740333259105682,0.6400720477104187,0.5055763721466064,-0.09690871834754944,0.675240159034729,0.5299919843673706,-0.08383867889642715,0.5425779819488525,0.42020827531814575,-0.12317634373903275,0.5207846760749817,0.4442517161369324,-0.10558883100748062,0.10524323582649231,0.5859102010726929,0.04452451318502426,0.3275436758995056,0.48851653933525085,-0.025617701932787895,0.3126734495162964,0.5031019449234009,-0.039309967309236526,0.29395127296447754,0.5180183053016663,-0.04649203270673752,0.25409507751464844,0.5360435843467712,-0.04358011856675148,0.3365075886249542,0.4754882752895355,-0.007843646220862865,0.2559448182582855,0.479512482881546,-0.03303832560777664,0.2789119482040405,0.46511179208755493,-0.013624383136630058,0.23681750893592834,0.49741628766059875,-0.04205020144581795,0.2274760752916336,0.5135073661804199,-0.043647460639476776,0.25087469816207886,0.5551823377609253,-0.04727058485150337,0.6232715845108032,0.6160483956336975,-0.12078359723091125,0.24351225793361664,0.5295712947845459,-0.032487593591213226,0.17561480402946472,0.6335696578025818,0.008366543799638748,0.21442167460918427,0.5669589042663574,-0.03453589975833893,0.4067671597003937,0.523535966873169,-0.089482381939888,0.5632684826850891,0.48684707283973694,-0.11764539033174515,0.5824649930000305,0.4988188147544861,-0.11263951659202576,0.5387020111083984,0.5117589235305786,-0.12414378672838211,0.5234566926956177,0.5298646688461304,-0.12007021903991699,0.5591673254966736,0.5159085392951965,-0.11734519153833389,0.5414914488792419,0.5297410488128662,-0.1106647402048111,0.5365500450134277,0.5962257385253906,-0.10888843983411789,0.5211912989616394,0.4190206229686737,-0.1380453258752823,0.5026220083236694,0.4113326668739319,-0.13947728276252747,0.1860160529613495,0.5247534513473511,-0.05055565759539604,0.3989296555519104,0.47161608934402466,-0.04527928680181503,0.4630979299545288,0.4802852272987366,-0.11450277268886566,0.4488534927368164,0.48112237453460693,-0.10506462305784225,0.342987984418869,0.579072892665863,-0.10711615532636642,0.4792574942111969,0.4088033437728882,-0.1194012239575386,0.22321085631847382,0.4700286388397217,-0.04215153306722641,0.19776411354541779,0.497788667678833,-0.05002962797880173,0.10587599873542786,0.5350219011306763,0.034135229885578156,0.32086917757987976,0.4188252091407776,-0.005151969380676746,0.3017007112503052,0.45675843954086304,0.003982359077781439,0.49974238872528076,0.5958960056304932,-0.11249848455190659,0.3646222949028015,0.7535876035690308,-0.014497731812298298,0.4865151345729828,0.4758412837982178,-0.09869244694709778,0.5063104629516602,0.4658004939556122,-0.09114522486925125,0.5124462246894836,0.5545095205307007,-0.1026047095656395,0.5187336206436157,0.5503318905830383,-0.09939979761838913,0.17472058534622192,0.5009357929229736,-0.03956346958875656,0.4668082594871521,0.4923398196697235,-0.10560726374387741,0.2628774046897888,0.44385063648223877,-0.026449859142303467,0.2476257085800171,0.4370914697647095,-0.02511337585747242,0.17339497804641724,0.4266890287399292,0.032643429934978485,0.14483501017093658,0.5126277208328247,-0.004894280340522528,0.21499285101890564,0.4220390319824219,0.006524794269353151,0.16255593299865723,0.5332666039466858,-0.035687752068042755,0.13909220695495605,0.557879626750946,0.00648033432662487,0.5735302567481995,0.493303507566452,-0.11804937571287155,0.5493218302726746,0.5139859914779663,-0.1222582533955574,0.5325307846069336,0.5298125147819519,-0.11705935001373291,0.4931749701499939,0.47664058208465576,-0.09104164689779282,0.5157909989356995,0.5523836612701416,-0.10018657147884369,0.5324726104736328,0.548567533493042,-0.10462334007024765,0.5214580297470093,0.5484479665756226,-0.09854232519865036,0.4958506226539612,0.45139986276626587,-0.12361801415681839,0.5475383996963501,0.5293068289756775,-0.10692377388477325,0.5660012364387512,0.5168275237083435,-0.10966572910547256,0.5877194404602051,0.5020995140075684,-0.10655482858419418,0.6454519033432007,0.5537290573120117,-0.09883755445480347,0.6132268905639648,0.5253481268882751,-0.11224110424518585,0.6064808368682861,0.5173776149749756,-0.11203280836343765,0.5981191396713257,0.5092548131942749,-0.10368610173463821,0.5912619829177856,0.5032734870910645,-0.09573543816804886,0.5505650043487549,0.5307499766349792,-0.09862764179706573,0.5514093637466431,0.5357820987701416,-0.10450956970453262,0.552331805229187,0.5426010489463806,-0.11105134338140488,0.553433895111084,0.5494160056114197,-0.11238564550876617,0.4869380593299866,0.5445464253425598,-0.11492498964071274,0.24132536351680756,0.723158597946167,0.0458124577999115,0.5423189401626587,0.4318833351135254,-0.09823337942361832,0.5357383489608765,0.5399734973907471,-0.09718974679708481,0.5343506336212158,0.5438669919967651,-0.10153166949748993,0.5186781883239746,0.46459609270095825,-0.09661499410867691,0.4806528687477112,0.49862706661224365,-0.08705433458089828,0.5131239891052246,0.46500369906425476,-0.09382348507642746,0.3886603116989136,0.49435529112815857,-0.059457335621118546,0.3697119951248169,0.5245144367218018,-0.08113393187522888,0.45135557651519775,0.4931774139404297,-0.09773043543100357,0.1275220364332199,0.482009619474411,0.027206622064113617,0.16892637312412262,0.4677862524986267,-0.004198962356895208,0.20365986227989197,0.4678304195404053,-0.03445405885577202,0.5695696473121643,0.5885685682296753,-0.11180545389652252,0.2967835068702698,0.407789409160614,-0.004782028961926699,0.26316767930984497,0.38606899976730347,0.02789125218987465,0.22519347071647644,0.38174909353256226,0.056524258106946945,0.2727181315422058,0.5306103229522705,-0.047225482761859894,0.2439665049314499,0.5780196785926819,-0.054716888815164566,0.3407730162143707,0.4656824767589569,0.0035662439186125994,0.21461202204227448,0.5354060530662537,-0.043624185025691986,0.4026723802089691,0.45215123891830444,-0.039624955505132675,0.4721054136753082,0.4564410150051117,-0.1248338595032692,0.23839861154556274,0.6190123558044434,-0.05715573951601982,0.27104267477989197,0.5730294585227966,-0.07325872033834457,0.3048270344734192,0.5544698238372803,-0.07692884653806686,0.3386949300765991,0.52186119556427,-0.060901980847120285,0.3568345606327057,0.49690598249435425,-0.04138270393013954,0.367804616689682,0.47739002108573914,-0.027429906651377678,0.40911394357681274,0.41325661540031433,-0.0297619067132473,0.2805260419845581,0.6374015212059021,-0.08200870454311371,0.19616906344890594,0.5473998785018921,-0.04247339442372322,0.5335100889205933,0.42672258615493774,-0.12947246432304382,0.420487642288208,0.4746944308280945,-0.06283652037382126,0.15462428331375122,0.6703241467475891,0.06933942437171936,0.37443703413009644,0.46050649881362915,-0.014869960956275463,0.4471936821937561,0.5026129484176636,-0.07595871388912201,0.23364904522895813,0.536623477935791,-0.03567961975932121,0.4563613831996918,0.45778459310531616,-0.11183610558509827,0.2954901456832886,0.7439623475074768,0.020404445007443428,0.3321259021759033,0.4648182988166809,0.012067795731127262,0.46641987562179565,0.4307263195514679,-0.1199183464050293,0.48260971903800964,0.695444643497467,-0.09666810929775238,0.4976560175418854,0.7262084484100342,-0.07972402125597,0.25372666120529175,0.6863417625427246,-0.021762853488326073,0.42402637004852295,0.7125930190086365,-0.08399026840925217,0.15198984742164612,0.5959232449531555,0.014482193626463413,0.6413267850875854,0.6360070109367371,-0.12423287332057953,0.5344473123550415,0.4371752142906189,-0.10123752802610397,0.41519737243652344,0.4982430934906006,-0.0715591162443161,0.1981412172317505,0.5839402675628662,-0.02724790945649147,0.28650596737861633,0.5096703171730042,-0.03743194788694382,0.30303677916526794,0.49757251143455505,-0.032011453062295914,0.5302515029907227,0.5535010695457458,-0.10625305771827698,0.3207387626171112,0.6609708070755005,-0.08867120742797852,0.7060282230377197,0.6195725798606873,-0.11514768749475479,0.6125690937042236,0.6763285398483276,-0.10561420023441315,0.5627750754356384,0.700295090675354,-0.09488958865404129,0.3164084553718567,0.3518994450569153,0.061152633279561996,0.7464559078216553,0.5845067501068115,-0.09078198671340942,0.31443125009536743,0.4865884780883789,-0.01982700079679489,0.32290366291999817,0.4759916663169861,-0.005835286341607571,0.32924312353134155,0.4686480164527893,0.006520667113363743,0.17485852539539337,0.5595033168792725,-0.028486156836152077,0.309073269367218,0.4693170487880707,-0.001911815139465034,0.29093021154403687,0.47818031907081604,-0.014577850699424744,0.27413666248321533,0.48981696367263794,-0.025770112872123718,0.2588040828704834,0.5042517185211182,-0.03401422128081322,0.2507361173629761,0.5153023600578308,-0.03568773344159126,0.120309978723526,0.6287981867790222,0.06172718480229378,0.2718172073364258,0.5183536410331726,-0.03790590539574623,0.5528736710548401,0.44840577244758606,-0.0871635153889656,0.4944101870059967,0.5190649032592773,-0.11111188679933548,0.4855251908302307,0.4700844883918762,-0.10276766121387482,0.5284262895584106,0.4727438986301422,-0.10419560223817825,0.4002903699874878,0.39535465836524963,0.006591280456632376,0.5399289727210999,0.6784388422966003,-0.10336954146623611,0.5893769860267639,0.6597633361816406,-0.11251573264598846,0.6917769908905029,0.6049535274505615,-0.12508359551429749,0.43494242429733276,0.7452404499053955,-0.05066852271556854,0.3243618607521057,0.4657236635684967,0.0066718184389173985,0.4277084767818451,0.4309302270412445,-0.05984537675976753,0.7339251041412354,0.5699857473373413,-0.10158152133226395,0.6607061624526978,0.6494030356407166,-0.11844484508037567,0.30253902077674866,0.7082490921020508,-0.03891686350107193,0.5696679949760437,0.5183429718017578,-0.0996958538889885,0.5731344223022461,0.524295449256897,-0.10695650428533554,0.5779860615730286,0.5319615602493286,-0.11433754116296768,0.5834885835647583,0.5400214791297913,-0.1157539039850235,0.6065393090248108,0.5750575065612793,-0.11184431612491608,0.528124213218689,0.5409896969795227,-0.10539057105779648,0.5212113261222839,0.5427118539810181,-0.1094917431473732,0.5142736434936523,0.5438977479934692,-0.11265906691551208,0.48878800868988037,0.5707888603210449,-0.11522416770458221,0.36443600058555603,0.6265023946762085,-0.11225665360689163,0.4051245450973511,0.4315847158432007,-0.0319322869181633,0.3407425880432129,0.44198110699653625,0.019910862669348717,0.32796692848205566,0.4538761377334595,0.014109021052718163,0.53392493724823,0.5389933586120605,-0.10266081243753433,0.40746137499809265,0.6695231795310974,-0.10172005742788315,0.3633352518081665,0.42464786767959595,0.0025438140146434307,0.6113808155059814,0.596967875957489,-0.11338021606206894,0.46943655610084534,0.39568981528282166,-0.08024309575557709,0.43372252583503723,0.4118436574935913,-0.05804625526070595,0.44685879349708557,0.39644497632980347,-0.04891637712717056,0.4419404864311218,0.4545437693595886,-0.08062241971492767,0.7138797044754028,0.5541327595710754,-0.10271070152521133,0.6913349628448486,0.5415602922439575,-0.09220776706933975,0.6566778421401978,0.5701366662979126,-0.10808233171701431,0.5251531004905701,0.6191002130508423,-0.11132534593343735,0.44484299421310425,0.5250299572944641,-0.08763805031776428,0.5683680772781372,0.613185703754425,-0.11281020194292068,0.3982543647289276,0.5620131492614746,-0.11075238138437271,0.44632136821746826,0.5497345924377441,-0.10506127774715424,0.4107931852340698,0.6004161238670349,-0.11707746982574463,0.6737855076789856,0.5869197249412537,-0.12356046587228775,0.4366081655025482,0.4765434265136719,-0.07889424264431,0.5241837501525879,0.6488884687423706,-0.11142346262931824,0.5743834972381592,0.6351486444473267,-0.11358917504549026,0.4830138087272644,0.616247832775116,-0.11727389693260193,0.35939714312553406,0.6800529956817627,-0.0901540145277977,0.45981135964393616,0.6502060890197754,-0.11347818374633789,0.3575994074344635,0.7199342846870422,-0.05977887287735939,0.4557337760925293,0.5803370475769043,-0.11509081721305847,0.42387157678604126,0.4529064893722534,-0.06100606545805931,0.4875110983848572,0.45361119508743286,-0.12871575355529785,0.4757920503616333,0.47676488757133484,-0.1130814328789711,0.4869888126850128,0.4322642385959625,-0.1353369802236557,0.3126084804534912,0.4423186480998993,0.007734084501862526,0.2741038501262665,0.45707613229751587,-0.015447946265339851,0.2444346398115158,0.4755231440067291,-0.03581579774618149,0.22244057059288025,0.496737539768219,-0.04777618497610092,0.2109341025352478,0.5171356797218323,-0.0494568757712841,0.22639040648937225,0.5501291155815125,-0.03672188147902489,0.21145546436309814,0.6617845296859741,-0.009602578356862068,0.2702402174472809,0.5495983362197876,-0.05433522164821625,0.29774707555770874,0.5347583889961243,-0.05489794537425041,0.32312601804733276,0.5131487250328064,-0.04663741588592529,0.341279536485672,0.4924062490463257,-0.029895497485995293,0.35171085596084595,0.47609928250312805,-0.012358654290437698,0.35869845747947693,0.4633585214614868,-0.0016837341245263815,0.19659863412380219,0.6987379789352417,0.06446782499551773,0.4786399006843567,0.48457494378089905,-0.10343277454376221,0.44824379682540894,0.42973047494888306,-0.08685600757598877,0.5054312348365784,0.43315860629081726,-0.13607269525527954,0.520362377166748,0.436713844537735,-0.12341193854808807,0.506524384021759,0.4403398036956787,-0.12674148380756378,0.48656535148620605,0.4877009987831116,-0.0933397114276886,0.5263002514839172,0.4321034848690033,-0.1281387209892273,0.5279314517974854,0.4418112635612488,-0.10333949327468872,0.3419319987297058,0.45769959688186646,0.015711307525634766,0.3598274290561676,0.450219988822937,0.010393328964710236,0.3737957179546356,0.44411543011665344,-0.004072294104844332,0.24676352739334106,0.5228107571601868,-0.03532486408948898,0.22528304159641266,0.5274537205696106,-0.04090399667620659,0.48431652784347534,0.3884400725364685,-0.058617882430553436,0.48484838008880615,0.3460606336593628,0.1801103949546814,0.5516631007194519,0.42107874155044556,-0.083046555519104,0.4704422056674957,0.3285156488418579,0.3923851251602173,0.46758130192756653,0.3751716911792755,0.11394990235567093,0.48031511902809143,0.36855611205101013,0.12864455580711365,0.4917341470718384,0.3618496060371399,0.14704619348049164,0.4962932765483856,0.3466396927833557,0.18477487564086914,0.45459258556365967,0.3798477351665497,0.10246700793504715,0.4386468231678009,0.3381268382072449,0.1396624594926834,0.42784374952316284,0.34794723987579346,0.12304171174764633,0.4534592032432556,0.33196645975112915,0.1578703224658966,0.46782100200653076,0.3312552571296692,0.17320126295089722,0.520010232925415,0.3489932417869568,0.19838979840278625,0.7394305467605591,0.5092130899429321,-0.01832302287220955,0.48452234268188477,0.3400319218635559,0.19337444007396698,0.5396544933319092,0.363209068775177,0.3481346368789673,0.5192883610725403,0.33679354190826416,0.24183008074760437,0.576018750667572,0.3924780488014221,0.05146525427699089,0.6088559627532959,0.4497789144515991,-0.08169641345739365,0.6225460171699524,0.46523308753967285,-0.07956298440694809,0.6280651092529297,0.4369625449180603,-0.04959366098046303,0.6408197283744812,0.4304354786872864,-0.016871856525540352,0.6340398192405701,0.453244149684906,-0.05272119119763374,0.6418944597244263,0.4446651041507721,-0.023826833814382553,0.6970477104187012,0.45949456095695496,0.024337615817785263,0.5475565195083618,0.3991488218307495,-0.11861488968133926,0.5330508947372437,0.38820844888687134,-0.11631303280591965,0.4707266688346863,0.3148626685142517,0.2064797580242157,0.5017477869987488,0.3933824896812439,0.046065088361501694,0.5700061321258545,0.39352184534072876,-0.02818003110587597,0.5592535734176636,0.3918457627296448,-0.01613021083176136,0.6082425117492676,0.376131534576416,0.12600262463092804,0.5083578824996948,0.38648074865341187,-0.08985616266727448,0.42711684107780457,0.32072633504867554,0.13672849535942078,0.4481703042984009,0.3141288161277771,0.17379730939865112,0.4399077594280243,0.3075951933860779,0.3449437618255615,0.39615941047668457,0.36251193284988403,0.05386180430650711,0.4236353635787964,0.3597356081008911,0.11522289365530014,0.6845397353172302,0.4418064057826996,0.04842367768287659,0.6951819658279419,0.47879910469055176,0.3152959942817688,0.5672805905342102,0.40961217880249023,-0.03493097051978111,0.559370756149292,0.4221879243850708,-0.059440311044454575,0.6580092906951904,0.42819467186927795,0.03668206185102463,0.6543288230895996,0.4323153495788574,0.022706208750605583,0.44289976358413696,0.3053377866744995,0.19873231649398804,0.5755984783172607,0.4025500416755676,-0.02082185447216034,0.40896886587142944,0.33564817905426025,0.0960109755396843,0.398477166891098,0.32757455110549927,0.10147172957658768,0.37013566493988037,0.2989123463630676,0.21072790026664734,0.44984421133995056,0.304802268743515,0.25883689522743225,0.38817256689071655,0.3094998896121979,0.1530933678150177,0.4707430601119995,0.3078950047492981,0.24057359993457794,0.47833919525146484,0.31995657086372375,0.3066117465496063,0.6171165704727173,0.45725375413894653,-0.08253132551908493,0.6319342851638794,0.44512519240379333,-0.05213819071650505,0.6420131325721741,0.4372442960739136,-0.022963713854551315,0.5655621290206909,0.4160756468772888,-0.038535069674253464,0.6561979055404663,0.4303555488586426,0.02846907451748848,0.657758891582489,0.43925321102142334,0.0037148066330701113,0.6526240706443787,0.4341811537742615,0.019880039617419243,0.5590382814407349,0.4024997353553772,-0.06503172218799591,0.6407246589660645,0.45069047808647156,-0.024437395855784416,0.6342960596084595,0.45986562967300415,-0.04866025969386101,0.6243033409118652,0.4714936912059784,-0.07266853004693985,0.6946011781692505,0.5103532671928406,-0.06560283154249191,0.6576077938079834,0.4857999086380005,-0.07581087201833725,0.6491637825965881,0.4796825051307678,-0.07486602663993835,0.6377370953559875,0.4747397005558014,-0.06630901992321014,0.6271615624427795,0.47239062190055847,-0.06063992157578468,0.642146646976471,0.4512932598590851,-0.015726309269666672,0.650004506111145,0.4499830901622772,-0.021496234461665154,0.6583665609359741,0.44941604137420654,-0.024969404563307762,0.6659728288650513,0.45015835762023926,-0.01901918649673462,0.6365703344345093,0.4204549789428711,0.004847479984164238,0.6109772324562073,0.43461740016937256,0.41494494676589966,0.6463096141815186,0.4434624910354614,0.006240472663193941,0.6523658037185669,0.4411872625350952,0.0024685277603566647,0.5612329244613647,0.42900365591049194,-0.0654616579413414,0.578865110874176,0.41593828797340393,-0.018843049183487892,0.5604420304298401,0.4257214367389679,-0.0629766583442688,0.5255814790725708,0.39003804326057434,0.06297925859689713,0.5586342811584473,0.38146981596946716,0.08469856530427933,0.567632794380188,0.398430734872818,-0.005656444001942873,0.40675538778305054,0.2967033386230469,0.28041625022888184,0.419594943523407,0.30180275440216064,0.20817236602306366,0.41841691732406616,0.31176048517227173,0.1547395884990692,0.7020698189735413,0.4733765125274658,-0.0019122191006317735,0.3794133961200714,0.3490782082080841,0.0599236898124218,0.35624128580093384,0.3263632357120514,0.1044110581278801,0.3325021266937256,0.3128138780593872,0.1462814062833786,0.49742934107780457,0.3539022207260132,0.16751472651958466,0.5456357598304749,0.34881871938705444,0.21885895729064941,0.4444209337234497,0.3816092908382416,0.10200129449367523,0.4867807626724243,0.3298579752445221,0.20612651109695435,0.48109275102615356,0.39285600185394287,0.0330987423658371,0.55742347240448,0.3894287943840027,-0.05519258975982666,0.5814215540885925,0.36136239767074585,0.2541356384754181,0.5519595146179199,0.3587285876274109,0.18428073823451996,0.5459456443786621,0.37107059359550476,0.1412428617477417,0.5210995674133301,0.3837015628814697,0.10600684583187103,0.4971855878829956,0.38980531692504883,0.08515094220638275,0.47824540734291077,0.39334189891815186,0.06712199002504349,0.44139406085014343,0.3893280625343323,0.0010887192329391837,0.6219021677970886,0.37513983249664307,0.228787362575531,0.49415987730026245,0.324887216091156,0.22975286841392517,0.5493085384368896,0.41513916850090027,-0.1139487698674202,0.5212366580963135,0.3958930969238281,0.025539707392454147,0.5301414728164673,0.38805803656578064,0.44770127534866333,0.46105730533599854,0.39452043175697327,0.05890347808599472,0.5673959255218506,0.404287189245224,0.016781998798251152,0.48979687690734863,0.3382068872451782,0.20188257098197937,0.5440328121185303,0.3883078694343567,-0.04131114482879639,0.6542230844497681,0.4558020234107971,0.373960942029953,0.4365893304347992,0.3788990378379822,0.11517321318387985,0.524745762348175,0.38561660051345825,-0.06821335107088089,0.7339121699333191,0.4750623106956482,0.1359812617301941,0.745964527130127,0.5037593245506287,0.170717254281044,0.6243166923522949,0.39920949935913086,0.31791043281555176,0.7191537618637085,0.4614261984825134,0.18974411487579346,0.505509614944458,0.34134167432785034,0.33677512407302856,0.7604302763938904,0.5229126214981079,-0.013476083986461163,0.5473383665084839,0.4277101159095764,-0.09188907593488693,0.5457374453544617,0.3964124917984009,0.03778225556015968,0.5319023728370667,0.33586132526397705,0.27735134959220886,0.4779447913169861,0.3563788831233978,0.1525302678346634,0.46886783838272095,0.36323994398117065,0.1362943947315216,0.6625453233718872,0.43796950578689575,0.010133315809071064,0.6569335460662842,0.395934522151947,0.21069447696208954,0.769310712814331,0.5567654371261597,-0.050574976950883865,0.7684652805328369,0.5263670086860657,0.05543316528201103,0.7597812414169312,0.516058087348938,0.10837496817111969,0.458479106426239,0.3691211938858032,0.1236625462770462,0.4475346803665161,0.37431657314300537,0.1178240180015564,0.4404076039791107,0.3775445818901062,0.11745911836624146,0.4981095790863037,0.3202105760574341,0.2653495967388153,0.43569496273994446,0.36550217866897583,0.12374726682901382,0.4405841529369354,0.35544517636299133,0.1308077573776245,0.44953224062919617,0.34713152050971985,0.14317648112773895,0.4618849754333496,0.34163010120391846,0.15833725035190582,0.4723470211029053,0.3401532769203186,0.1706683188676834,0.49754470586776733,0.35462111234664917,0.43044567108154297,0.48262324929237366,0.35095304250717163,0.16812588274478912,0.612591028213501,0.41964995861053467,-0.020325899124145508,0.5666061639785767,0.40482455492019653,-0.04217464476823807,0.5769436359405518,0.43237119913101196,-0.06714560091495514,0.7470588088035583,0.49143028259277344,0.0847749188542366,0.7523817420005798,0.5077716708183289,0.035783130675554276,0.7573086023330688,0.5427271723747253,-0.06485047191381454,0.7254482507705688,0.49432244896888733,0.24309587478637695,0.435931533575058,0.37421715259552,0.11914380639791489,0.48234251141548157,0.389693021774292,-0.010889248922467232,0.7737990021705627,0.5385804176330566,0.0009215204627253115,0.6623334884643555,0.42153578996658325,0.28644970059394836,0.6364566683769226,0.46070992946624756,-0.037536025047302246,0.6460258960723877,0.4608258008956909,-0.04236399754881859,0.6564013957977295,0.4629529118537903,-0.046554021537303925,0.6657342314720154,0.4670712947845459,-0.04404379799962044,0.7026920914649963,0.4900073707103729,-0.03181561827659607,0.6482003927230835,0.43746668100357056,0.0026572286151349545,0.650084376335144,0.4322046637535095,0.008832128718495369,0.650688648223877,0.42718786001205444,0.01414755079895258,0.6617788076400757,0.4277491569519043,0.03358980268239975,0.6543275117874146,0.3974159359931946,0.14040325582027435,0.45954808592796326,0.3911522626876831,0.018496256321668625,0.42062246799468994,0.3775867223739624,0.08447182923555374,0.4272756576538086,0.37382984161376953,0.10841407626867294,0.6457080841064453,0.44289153814315796,0.0010683329310268164,0.6972655057907104,0.4302451014518738,0.1559543013572693,0.41576462984085083,0.38413143157958984,0.04071250557899475,0.7170398235321045,0.5007991790771484,-0.024582846090197563,0.4639333486557007,0.3889647126197815,-0.031727321445941925,0.5218020081520081,0.3923930525779724,-0.01625087298452854,0.7112954258918762,0.520065426826477,-0.0655909925699234,0.7081642150878906,0.4616948366165161,0.043019138276576996,0.5919862985610962,0.40633293986320496,0.02818821370601654,0.7163845300674438,0.48198631405830383,0.009918838739395142,0.617149829864502,0.3919396996498108,0.07053262740373611,0.6228026151657104,0.4087188243865967,0.0394832044839859,0.6555060148239136,0.40561217069625854,0.09049395471811295,0.7365476489067078,0.5291667580604553,-0.0672944113612175,0.5379281640052795,0.39593929052352905,0.002745598554611206,0.7277348041534424,0.47048676013946533,0.06623172760009766,0.7329272031784058,0.49174922704696655,0.023710671812295914,0.6934552788734436,0.44104570150375366,0.06873687356710434,0.6843830347061157,0.4168546497821808,0.1974077671766281,0.706816554069519,0.4421096444129944,0.1025872752070427,0.6939373016357422,0.44341841340065,0.2492901086807251,0.6561195254325867,0.4185003936290741,0.0552564337849617,0.5014582872390747,0.3931117057800293,0.008867539465427399,0.5611709952354431,0.3960091471672058,-0.06523070484399796,0.5716745257377625,0.3989527225494385,-0.04028170183300972,0.5453137159347534,0.3870699405670166,-0.08465518802404404,0.4130934476852417,0.36232152581214905,0.09705076366662979,0.4202525019645691,0.34354957938194275,0.11583154648542404,0.43448448181152344,0.3312912583351135,0.13636432588100433,0.45212918519973755,0.3247383236885071,0.16138873994350433,0.46907883882522583,0.3242056667804718,0.1849742829799652,0.5038658380508423,0.3384767770767212,0.21640506386756897,0.5833964943885803,0.38000810146331787,0.3384685516357422,0.5214458703994751,0.35635870695114136,0.17653250694274902,0.5159890651702881,0.3664203882217407,0.1465832144021988,0.5000375509262085,0.3756241798400879,0.11946766823530197,0.48088714480400085,0.3824571371078491,0.10090313851833344,0.4649434983730316,0.3868098855018616,0.086573027074337,0.4527643322944641,0.3892105221748352,0.07867496460676193,0.5674670934677124,0.4143841862678528,0.4419076442718506,0.5734506249427795,0.4062654972076416,-0.031873296946287155,0.5022772550582886,0.38836777210235596,-0.036275703459978104,0.5543398261070251,0.3956593871116638,-0.09548661857843399,0.5521309971809387,0.413286030292511,-0.09999819844961166,0.5554354786872864,0.4034140110015869,-0.08538483083248138,0.5728306770324707,0.4152088761329651,-0.03323961794376373,0.5520992279052734,0.41321295499801636,-0.10892941057682037,0.5509490966796875,0.42440474033355713,-0.08744608610868454,0.43528634309768677,0.38137972354888916,0.10158795863389969,0.43755653500556946,0.38810205459594727,0.07339257746934891,0.44115573167800903,0.39208197593688965,0.047664232552051544,0.4795018434524536,0.3400700092315674,0.18122999370098114,0.48017629981040955,0.33289670944213867,0.18969139456748962,0.27466273307800293,0.5062295198440552,-0.020210616290569305,0.29404783248901367,0.49026721715927124,-0.020210616290569305,0.25748521089553833,0.4990319609642029,-0.020210616290569305,0.2550886869430542,0.5220953822135925,-0.020210616290569305,0.29128536581993103,0.51340252161026,-0.020210616290569305,0.4391235113143921,0.3627872169017792,0.14572906494140625,0.4514191150665283,0.35341501235961914,0.14572906494140625,0.42339950799942017,0.3540846109390259,0.14572906494140625,0.42683857679367065,0.3717639446258545,0.14572906494140625,0.45491844415664673,0.37137049436569214,0.14572906494140625,0,0,0,0,0,1,1,1,0,0,0,0,0.0497804656624794,0.056089334189891815,0.07161823660135269,0.05814323201775551,0.02364499866962433,0.05356823652982712,0.09723704308271408,0.07303125411272049,0.09109259396791458,0.10941814631223679,1.3570177555084229,0.2770642042160034,Neutral,-5.506175994873047,23.069931030273438
183,6.1,31.42942269664559,3.7296794241863993,0.4204741966078167,0.5768158435821533,0.43693214654922485,-0.09690295904874802,0.5550914406776428,0.3843046724796295,-0.1285776048898697,0.5439603924751282,0.4252798855304718,-0.08392024785280228,0.4660569131374359,0.38092106580734253,-0.0938962921500206,0.5389915704727173,0.3717120885848999,-0.12944814562797546,0.5096978545188904,0.3680145740509033,-0.1114133894443512,0.4263203740119934,0.36542436480522156,-0.02651231735944748,0.21729691326618195,0.4860210120677948,-0.07169449329376221,0.38812825083732605,0.3529440760612488,0.008268960751593113,0.3713344633579254,0.3384999632835388,0.016327517107129097,0.27896416187286377,0.297620952129364,0.0806579515337944,0.5870500802993774,0.44399699568748474,-0.09686680883169174,0.5955290198326111,0.4532034993171692,-0.09258121997117996,0.5997800827026367,0.4607205390930176,-0.08602173626422882,0.6111621260643005,0.4688120186328888,-0.07351922243833542,0.6238046288490295,0.47568991780281067,-0.08066342771053314,0.6362409591674805,0.48500752449035645,-0.0880897119641304,0.6447433829307556,0.4950318932533264,-0.08665506541728973,0.6718595027923584,0.5387914180755615,-0.07343333214521408,0.5568548440933228,0.39955073595046997,-0.1207343339920044,0.5269619822502136,0.4220479428768158,-0.10652122646570206,0.03783193230628967,0.5348378419876099,-0.021322092041373253,0.30304408073425293,0.45263490080833435,-0.048990972340106964,0.2797018885612488,0.4685669541358948,-0.06675216555595398,0.25438880920410156,0.48384594917297363,-0.07775852829217911,0.20808151364326477,0.49918293952941895,-0.0807546004652977,0.3209723234176636,0.4372978210449219,-0.0277028139680624,0.2276850938796997,0.4346015155315399,-0.06345397233963013,0.2586093544960022,0.4198600649833679,-0.03893130272626877,0.20129695534706116,0.4535261392593384,-0.07651600986719131,0.18738342821598053,0.4710368812084198,-0.08050522208213806,0.19698013365268707,0.5227972269058228,-0.08680614084005356,0.6024690270423889,0.6189994812011719,-0.12063834071159363,0.20046305656433105,0.4900610148906708,-0.07017692923545837,0.10589084029197693,0.5912309885025024,-0.046928711235523224,0.1569102555513382,0.5329734683036804,-0.08003906160593033,0.3878771960735321,0.493714302778244,-0.10913661122322083,0.5468806624412537,0.4553808867931366,-0.1153683066368103,0.5720303654670715,0.4716334939002991,-0.10922668874263763,0.5248043537139893,0.4853194057941437,-0.12631799280643463,0.513862669467926,0.506999135017395,-0.1246279925107956,0.5510389804840088,0.49098503589630127,-0.11743096262216568,0.5363499522209167,0.5071184635162354,-0.11278820782899857,0.5071007013320923,0.5879128575325012,-0.1151481345295906,0.5377234816551208,0.3953249454498291,-0.1384761929512024,0.5198511481285095,0.3852459192276001,-0.14114807546138763,0.13607865571975708,0.48045632243156433,-0.09547083079814911,0.38751232624053955,0.43989354372024536,-0.06046092137694359,0.45998215675354004,0.4526400566101074,-0.12478107213973999,0.44311895966529846,0.4526892602443695,-0.11630845814943314,0.30880850553512573,0.5454855561256409,-0.14071930944919586,0.49288374185562134,0.38137227296829224,-0.12332595884799957,0.18665827810764313,0.42156270146369934,-0.07677712291479111,0.15331469476222992,0.4509233236312866,-0.09131596982479095,0.05450516939163208,0.48043256998062134,-0.02671832963824272,0.31387776136398315,0.36861860752105713,-0.021680571138858795,0.28944265842437744,0.411636620759964,-0.017445122823119164,0.4674612581729889,0.5813599228858948,-0.12435602396726608,0.28378307819366455,0.7378250956535339,-0.06426692754030228,0.48433825373649597,0.45064598321914673,-0.10546533763408661,0.5057245492935181,0.4431067705154419,-0.09346682578325272,0.5122712850570679,0.5373967289924622,-0.11073140054941177,0.5197768807411194,0.5321258902549744,-0.10489148646593094,0.12984412908554077,0.4526095688343048,-0.08366052061319351,0.45915311574935913,0.4656822979450226,-0.11534301191568375,0.23716866970062256,0.39416804909706116,-0.0525682158768177,0.2243858426809311,0.3859722912311554,-0.052441708743572235,0.151978999376297,0.37304967641830444,-0.007964212447404861,0.11320097744464874,0.4600975215435028,-0.0540250800549984,0.20770515501499176,0.37197762727737427,-0.026558609679341316,0.11234886944293976,0.4879894256591797,-0.08399108797311783,0.09230110049247742,0.5077915191650391,-0.046870697289705276,0.5603413581848145,0.46376264095306396,-0.11497168242931366,0.5383355617523193,0.48817363381385803,-0.1229894831776619,0.5251113176345825,0.507071316242218,-0.12000750005245209,0.4902227520942688,0.4523846507072449,-0.0967378243803978,0.5165414214134216,0.5346217751502991,-0.1065722107887268,0.530765175819397,0.5317284464836121,-0.10702739655971527,0.5226613283157349,0.5300197005271912,-0.10346530377864838,0.5022169947624207,0.4259730875492096,-0.12984926998615265,0.5440881252288818,0.506924033164978,-0.10862736403942108,0.5596151947975159,0.4926650822162628,-0.10929776728153229,0.5787512063980103,0.47657153010368347,-0.10340007394552231,0.6361396312713623,0.5604645609855652,-0.09256107360124588,0.612348198890686,0.5150559544563293,-0.10616730153560638,0.605729877948761,0.5037755370140076,-0.10669917613267899,0.5964411497116089,0.4924738109111786,-0.09904012829065323,0.5887711048126221,0.48455289006233215,-0.09114741533994675,0.549843966960907,0.5121695399284363,-0.09892162680625916,0.5496964454650879,0.5185533165931702,-0.10423173010349274,0.548852801322937,0.5270864367485046,-0.11037315428256989,0.5483680963516235,0.5360314846038818,-0.11227387189865112,0.4676075577735901,0.5241963863372803,-0.1234801784157753,0.14811597764492035,0.6942811608314514,-0.016286808997392654,0.5500957369804382,0.41266387701034546,-0.09587244689464569,0.5361267328262329,0.5215040445327759,-0.0998406633734703,0.5340922474861145,0.5259302258491516,-0.1037730723619461,0.5177664160728455,0.44419193267822266,-0.09804689884185791,0.4704973101615906,0.47384509444236755,-0.0940985158085823,0.5123738646507263,0.44337937235832214,-0.09570496529340744,0.37228551506996155,0.462080180644989,-0.0785660594701767,0.3477002680301666,0.4913254678249359,-0.10645973682403564,0.4416753053665161,0.4654989242553711,-0.10905086994171143,0.09167337417602539,0.42635321617126465,-0.024440549314022064,0.15072783827781677,0.4151231050491333,-0.04632165655493736,0.1687723845243454,0.4178420305252075,-0.07142432779073715,0.545691967010498,0.5854617953300476,-0.11404957622289658,0.29237091541290283,0.3547773063182831,-0.023361027240753174,0.26132261753082275,0.3398531675338745,0.004703368991613388,0.21253442764282227,0.33252543210983276,0.028874529525637627,0.2280929982662201,0.4953601360321045,-0.08217643201351166,0.17874875664710999,0.5506629943847656,-0.09783654659986496,0.33082935214042664,0.4256666898727417,-0.015031232498586178,0.16685821115970612,0.49524807929992676,-0.08542370051145554,0.3954625725746155,0.4202979803085327,-0.05274893343448639,0.47664088010787964,0.42875808477401733,-0.13295996189117432,0.18344232439994812,0.5787451267242432,-0.1052093580365181,0.20716315507888794,0.5461950898170471,-0.11272258311510086,0.2477296143770218,0.528104841709137,-0.10979127138853073,0.29601407051086426,0.49433955550193787,-0.08680938184261322,0.32584330439567566,0.4673546552658081,-0.06196795031428337,0.3473450243473053,0.44504037499427795,-0.0440407432615757,0.4096258878707886,0.38115525245666504,-0.038878705352544785,0.22602638602256775,0.6014154553413391,-0.12742431461811066,0.14411461353302002,0.5075332522392273,-0.08814963698387146,0.546904981136322,0.40503430366516113,-0.12905539572238922,0.41073745489120483,0.44478076696395874,-0.07630018889904022,0.06425812840461731,0.6301963925361633,0.0010124418186023831,0.3618943989276886,0.4256516695022583,-0.029523374512791634,0.43302851915359497,0.4754093587398529,-0.08744315057992935,0.189069926738739,0.49695566296577454,-0.0751858502626419,0.4572945833206177,0.4293527603149414,-0.12087483704090118,0.20628084242343903,0.720676600933075,-0.03652041032910347,0.32521480321884155,0.42216604948043823,-0.007792765274643898,0.4746965169906616,0.40251725912094116,-0.1266789585351944,0.4319067597389221,0.6861424446105957,-0.119341641664505,0.44211670756340027,0.7234643697738647,-0.10883750766515732,0.1801234930753708,0.6526055932044983,-0.07225549966096878,0.36324745416641235,0.6981403827667236,-0.11549142003059387,0.09213140606880188,0.5492628216743469,-0.04048336669802666,0.618208110332489,0.6415050029754639,-0.12428732961416245,0.5417360663414001,0.4169454276561737,-0.10013996809720993,0.4001140296459198,0.46841323375701904,-0.08742314577102661,0.13427914679050446,0.5529756546020508,-0.07691412419080734,0.25057899951934814,0.4724058508872986,-0.0687827318906784,0.27358925342559814,0.46011894941329956,-0.06004680320620537,0.5271539688110352,0.537879228591919,-0.10974105447530746,0.26426517963409424,0.63055020570755,-0.1299060434103012,0.6921782493591309,0.6343294978141785,-0.10896173119544983,0.5797508358955383,0.6835722923278809,-0.11577297002077103,0.5200165510177612,0.7034198045730591,-0.11359119415283203,0.3185078799724579,0.3113701343536377,0.048658546060323715,0.7390269041061401,0.6026440858840942,-0.07525918632745743,0.29249441623687744,0.44794511795043945,-0.04451041668653488,0.30933040380477905,0.4352818727493286,-0.02807498537003994,0.32023924589157104,0.4267265796661377,-0.014423275366425514,0.11997714638710022,0.5205414295196533,-0.07804436981678009,0.2958464026451111,0.42716890573501587,-0.025034934282302856,0.2706625461578369,0.43659815192222595,-0.04083685949444771,0.24729618430137634,0.44877859950065613,-0.05563906580209732,0.22528690099716187,0.4638793170452118,-0.06717246770858765,0.2126384973526001,0.47569066286087036,-0.07077854126691818,0.04001349210739136,0.5821667909622192,-0.006548653822392225,0.23273631930351257,0.48044532537460327,-0.07191918790340424,0.5552651882171631,0.43271392583847046,-0.08320949226617813,0.4811726212501526,0.49786514043807983,-0.11789266020059586,0.48571479320526123,0.4444538950920105,-0.10965647548437119,0.5263696312904358,0.45473435521125793,-0.10451101511716843,0.40094900131225586,0.36307835578918457,0.0001187701418530196,0.4983190894126892,0.6748546361923218,-0.11677871644496918,0.5566089749336243,0.6609054207801819,-0.11905471235513687,0.6789846420288086,0.614152729511261,-0.11746777594089508,0.36650463938713074,0.7366057634353638,-0.09126408398151398,0.3158400356769562,0.42320072650909424,-0.014776313677430153,0.4288819432258606,0.40062806010246277,-0.0689157024025917,0.7282220125198364,0.5825923681259155,-0.08579524606466293,0.6379107236862183,0.66056227684021,-0.12078733742237091,0.2290419340133667,0.6805427670478821,-0.08438565582036972,0.56789231300354,0.49958503246307373,-0.09797143936157227,0.5709201097488403,0.5073193907737732,-0.10488054901361465,0.5748252272605896,0.5178853273391724,-0.11162782460451126,0.5791304111480713,0.5288971662521362,-0.11298574507236481,0.5893991589546204,0.5773597955703735,-0.11041657626628876,0.5267515182495117,0.5207033753395081,-0.10966688394546509,0.518031656742096,0.5226768851280212,-0.11518950015306473,0.5094026923179626,0.5241922736167908,-0.11964161694049835,0.4623605012893677,0.5529076457023621,-0.12651577591896057,0.32137390971183777,0.5980498194694519,-0.14589880406856537,0.4021381437778473,0.3994678556919098,-0.0428871214389801,0.33671289682388306,0.39805668592453003,0.00485327048227191,0.3211977183818817,0.4104744791984558,-0.005142872221767902,0.5332290530204773,0.5186310410499573,-0.10613121092319489,0.35703811049461365,0.6493692398071289,-0.13238807022571564,0.3628246486186981,0.3819805383682251,-0.008840487338602543,0.5913242101669312,0.5991112589836121,-0.11244523525238037,0.4810594916343689,0.3681846261024475,-0.08160392940044403,0.4388429820537567,0.38159260153770447,-0.06445523351430893,0.4544610381126404,0.3673586845397949,-0.05195336043834686,0.4402799606323242,0.42564886808395386,-0.09016979485750198,0.7102731466293335,0.5644481182098389,-0.087796650826931,0.6870082020759583,0.5507617592811584,-0.07920419424772263,0.6458864808082581,0.5769355893135071,-0.10045141726732254,0.492590069770813,0.6095162630081177,-0.12065643817186356,0.42686012387275696,0.4985860586166382,-0.1013731136918068,0.5410155057907104,0.6097707748413086,-0.11669883131980896,0.37285634875297546,0.5330702662467957,-0.1346956044435501,0.4248972237110138,0.524957001209259,-0.12072037160396576,0.37776121497154236,0.5747787356376648,-0.14198173582553864,0.6631492972373962,0.5940938591957092,-0.11619105190038681,0.4285925030708313,0.44792330265045166,-0.090247243642807,0.487713098526001,0.640955924987793,-0.12409982085227966,0.5449017286300659,0.6332628726959229,-0.11899355798959732,0.44850966334342957,0.6002916693687439,-0.1335296481847763,0.30168861150741577,0.6553574800491333,-0.12727396190166473,0.41832560300827026,0.6341468095779419,-0.13508793711662292,0.28763434290885925,0.6987637281417847,-0.09992269426584244,0.42773139476776123,0.5583397746086121,-0.1322147697210312,0.41959282755851746,0.4228041172027588,-0.07234937697649002,0.49384427070617676,0.42729997634887695,-0.13573770225048065,0.47469809651374817,0.4501492381095886,-0.12126109004020691,0.49852627515792847,0.4052430987358093,-0.14101482927799225,0.30200913548469543,0.39551645517349243,-0.01126086339354515,0.25187456607818604,0.40977197885513306,-0.04114481434226036,0.21323807537555695,0.4287913143634796,-0.0674617663025856,0.18406109511852264,0.4516271650791168,-0.08462109416723251,0.16716580092906952,0.4737393260002136,-0.08982811123132706,0.17578446865081787,0.5135376453399658,-0.07866006344556808,0.13913553953170776,0.6233474016189575,-0.0636744573712349,0.2177352011203766,0.5180612206459045,-0.09075580537319183,0.2508455216884613,0.5042122006416321,-0.08680786192417145,0.2857305705547333,0.4819415807723999,-0.07344266772270203,0.3145983815193176,0.4592825174331665,-0.05160440132021904,0.33478355407714844,0.44037237763404846,-0.030507536605000496,0.34822726249694824,0.4258989691734314,-0.017308320850133896,0.10245370864868164,0.664639413356781,-0.0016389347147196531,0.47395625710487366,0.4588550925254822,-0.11135707050561905,0.4530635476112366,0.4007629156112671,-0.0948345810174942,0.5177512168884277,0.4079245924949646,-0.13969853520393372,0.5302696824073792,0.4137250483036041,-0.12434779107570648,0.5161044001579285,0.4156321585178375,-0.13044531643390656,0.48002490401268005,0.46310460567474365,-0.0995161235332489,0.5380032062530518,0.4097176194190979,-0.12827672064304352,0.5345174670219421,0.4206897020339966,-0.10324536263942719,0.3353314995765686,0.41616037487983704,-0.001599205657839775,0.35448068380355835,0.4102281332015991,-0.0036745816469192505,0.36795762181282043,0.4060721695423126,-0.016616715118288994,0.20572780072689056,0.483576238155365,-0.07179565727710724,0.1816847324371338,0.4864073395729065,-0.0796058401465416,0.4961017370223999,0.3628072142601013,-0.056095320731401443,0.48696601390838623,0.33137738704681396,0.20165634155273438,0.5578262209892273,0.40263980627059937,-0.07803323864936829,0.4272594153881073,0.31619229912757874,0.4204067885875702,0.4690271317958832,0.35768428444862366,0.12725231051445007,0.4821210503578186,0.35207459330558777,0.1452980637550354,0.4925142526626587,0.34599095582962036,0.16658414900302887,0.49478423595428467,0.333351194858551,0.2078274041414261,0.4555054306983948,0.360513299703598,0.11161857098340988,0.4467085003852844,0.3191301226615906,0.15544907748699188,0.4346520006656647,0.32750093936920166,0.1342191845178604,0.46070048213005066,0.3147268295288086,0.1768694370985031,0.4728354215621948,0.31545543670654297,0.19400309026241302,0.5140251517295837,0.3366782069206238,0.22357115149497986,0.735018253326416,0.5213568210601807,0.008883535861968994,0.4861394762992859,0.3266485333442688,0.2154734581708908,0.5052831768989563,0.35266804695129395,0.38240280747413635,0.5083858370780945,0.326678067445755,0.2693302631378174,0.5716167688369751,0.3809177875518799,0.06928504258394241,0.5974804162979126,0.4203478991985321,-0.0703236535191536,0.6143381595611572,0.44170981645584106,-0.06785804778337479,0.6229993104934692,0.41302213072776794,-0.03280048817396164,0.6402465105056763,0.41254687309265137,0.005322743207216263,0.6282345652580261,0.43434077501296997,-0.036322060972452164,0.6380501985549927,0.43014031648635864,-0.0032949461601674557,0.6928518414497375,0.4640507996082306,0.05419427528977394,0.5661729574203491,0.3779892027378082,-0.11410333216190338,0.552377462387085,0.3655095398426056,-0.11209870874881744,0.47385141253471375,0.29995787143707275,0.23035798966884613,0.49762237071990967,0.3729795217514038,0.05481323227286339,0.5757038593292236,0.3776715397834778,-0.01646239310503006,0.563595175743103,0.37529456615448,-0.00452555064111948,0.5987151861190796,0.3692814111709595,0.1545574814081192,0.5243219137191772,0.3622378706932068,-0.0861232727766037,0.4379865825176239,0.2990553081035614,0.15116187930107117,0.45607951283454895,0.2956884503364563,0.1934260129928589,0.41159409284591675,0.2889168858528137,0.3682737648487091,0.40702301263809204,0.33489498496055603,0.0538998544216156,0.4282831847667694,0.3380591869354248,0.12329371273517609,0.6780698895454407,0.44387149810791016,0.0807497575879097,0.640462338924408,0.49629950523376465,0.35297566652297974,0.5693844556808472,0.39407020807266235,-0.02567804977297783,0.5604591369628906,0.4061257243156433,-0.05385233834385872,0.6583592891693115,0.42232072353363037,0.06647925078868866,0.651917576789856,0.4265438914299011,0.050484757870435715,0.4487628936767578,0.2871353030204773,0.2192724049091339,0.577193021774292,0.38834148645401,-0.009093143045902252,0.42119652032852173,0.3109034299850464,0.10391648858785629,0.410698264837265,0.3010007441043854,0.10865696519613266,0.3619542717933655,0.26793521642684937,0.21920879185199738,0.4347659945487976,0.2847600281238556,0.28060415387153625,0.38613829016685486,0.2801511585712433,0.15998439490795135,0.4700475037097931,0.2935335636138916,0.26563891768455505,0.45320746302604675,0.3040180206298828,0.33312514424324036,0.6077643036842346,0.4302498698234558,-0.07042613625526428,0.6272358298301697,0.42358219623565674,-0.03516114875674248,0.6401077508926392,0.4210224747657776,-0.0016067747492343187,0.5658819675445557,0.4009389281272888,-0.030811592936515808,0.6552349328994751,0.4244978129863739,0.05708271637558937,0.6594793796539307,0.43166255950927734,0.030301710590720177,0.6490259170532227,0.4285421371459961,0.04721872881054878,0.5685073137283325,0.38370150327682495,-0.05638056620955467,0.6339107751846313,0.43799352645874023,-0.004373650066554546,0.6265798807144165,0.44344496726989746,-0.03257549926638603,0.6154561042785645,0.4508688151836395,-0.06088196486234665,0.6953848600387573,0.5199319124221802,-0.05028069391846657,0.665751576423645,0.47675395011901855,-0.0607169084250927,0.655491828918457,0.46785154938697815,-0.060265280306339264,0.6401674747467041,0.46081918478012085,-0.05232496187090874,0.6263518929481506,0.45776575803756714,-0.04731973260641098,0.640723466873169,0.44222405552864075,0.0055367713794112206,0.6518402099609375,0.4411282241344452,0.0005280153127387166,0.6638516783714294,0.44081342220306396,-0.0018533646361902356,0.6746504902839661,0.4421743154525757,0.005680379923433065,0.6348906755447388,0.41579529643058777,0.027574598789215088,0.5477867126464844,0.44159942865371704,0.4506102502346039,0.6440179944038391,0.435929536819458,0.031317565590143204,0.6518312692642212,0.4338216483592987,0.028082668781280518,0.5626522898674011,0.41375112533569336,-0.058851152658462524,0.5764102935791016,0.40331387519836426,-0.00864481646567583,0.5617623329162598,0.4099256694316864,-0.057242318987846375,0.5195146799087524,0.37263768911361694,0.07609815150499344,0.5524642467498779,0.36802613735198975,0.10351712256669998,0.5690041780471802,0.3835236430168152,0.006509927101433277,0.3905337154865265,0.2720274329185486,0.29758214950561523,0.4115208089351654,0.27774807810783386,0.22364753484725952,0.42812997102737427,0.2890865206718445,0.16951511800289154,0.7009074687957764,0.48031336069107056,0.025425061583518982,0.39142560958862305,0.3188663125038147,0.05955958366394043,0.3574664294719696,0.2916433811187744,0.10214878618717194,0.32718518376350403,0.2761237919330597,0.14319700002670288,0.49691110849380493,0.33959245681762695,0.1893043965101242,0.53341144323349,0.33938419818878174,0.24769438803195953,0.4453127682209015,0.3609941601753235,0.10919012129306793,0.4862792193889618,0.31609779596328735,0.23030443489551544,0.4790419340133667,0.3696693181991577,0.039125535637140274,0.5683408379554749,0.37088844180107117,-0.045561108738183975,0.5596122741699219,0.3530932664871216,0.28803107142448425,0.5440768003463745,0.3473650813102722,0.21261779963970184,0.5417018532752991,0.3564896285533905,0.165798619389534,0.5199060440063477,0.36650368571281433,0.12427634000778198,0.49720239639282227,0.3709620237350464,0.09810198098421097,0.47910115122795105,0.3724842071533203,0.07547633349895477,0.4444032609462738,0.3605721890926361,0.0005279656033962965,0.6002891659736633,0.3723095953464508,0.2651035189628601,0.4903327524662018,0.31230998039245605,0.25598451495170593,0.5634965300559998,0.3950421214103699,-0.10966770350933075,0.5193374752998352,0.3772437274456024,0.03520279377698898,0.469076007604599,0.38390475511550903,0.48072099685668945,0.4632943868637085,0.3716377019882202,0.06397434324026108,0.5646519660949707,0.3904499113559723,0.029143251478672028,0.4891088604927063,0.32533392310142517,0.22525012493133545,0.5529448986053467,0.3691234588623047,-0.03219082951545715,0.5927097797393799,0.4685852825641632,0.4099082350730896,0.4377906918525696,0.35814720392227173,0.1226373240351677,0.5382240414619446,0.3635243773460388,-0.06156425550580025,0.7131881713867188,0.4877176880836487,0.17488650977611542,0.7146783471107483,0.5231843590736389,0.20743340253829956,0.5870794057846069,0.399375855922699,0.3565850257873535,0.6911773681640625,0.47353583574295044,0.23019751906394958,0.4737190008163452,0.3281593322753906,0.36706823110580444,0.7542071342468262,0.5372439622879028,0.0154575789347291,0.5549124479293823,0.40907174348831177,-0.08845190703868866,0.5417962074279785,0.38094562292099,0.05075955018401146,0.51328045129776,0.32787150144577026,0.30798816680908203,0.48189058899879456,0.3401102125644684,0.17153744399547577,0.4728858768939972,0.3462400436401367,0.1526164710521698,0.6663092374801636,0.43027788400650024,0.03795532509684563,0.6334165930747986,0.3980099558830261,0.24830271303653717,0.7644025683403015,0.5750214457511902,-0.0265356358140707,0.7559080123901367,0.5442885160446167,0.0879732072353363,0.7403174638748169,0.5343590974807739,0.14343750476837158,0.46156150102615356,0.35120758414268494,0.13696058094501495,0.44930338859558105,0.3549008071422577,0.1282012015581131,0.44169336557388306,0.3571809232234955,0.12592026591300964,0.48892858624458313,0.308887243270874,0.29333075881004333,0.4384778141975403,0.345785528421402,0.13388973474502563,0.4452580511569977,0.3372514247894287,0.1433437019586563,0.45541077852249146,0.33016836643218994,0.15864263474941254,0.46739745140075684,0.32597655057907104,0.17651185393333435,0.4765270948410034,0.32542213797569275,0.19057515263557434,0.443421870470047,0.3464246392250061,0.4608226716518402,0.4857121706008911,0.3353697955608368,0.18882355093955994,0.6121141314506531,0.41171351075172424,-0.003523442428559065,0.5710553526878357,0.38845616579055786,-0.03363528475165367,0.5800716280937195,0.41964954137802124,-0.05794426426291466,0.7333253622055054,0.5045098662376404,0.12100319564342499,0.742140531539917,0.5215831398963928,0.06829564273357391,0.7538312673568726,0.5569339990615845,-0.0413191057741642,0.6828145980834961,0.5137112140655518,0.28010094165802,0.4374249279499054,0.35349518060684204,0.12769216299057007,0.4877701997756958,0.365156888961792,-0.00692410534247756,0.765998363494873,0.5566079020500183,0.03093624860048294,0.6242985129356384,0.42737263441085815,0.32620763778686523,0.6359719634056091,0.44908541440963745,-0.01996929571032524,0.6491284966468811,0.4498007595539093,-0.023873120546340942,0.6638054847717285,0.45297694206237793,-0.026742829009890556,0.6762136816978455,0.45911917090415955,-0.02288937382400036,0.7036422491073608,0.49884945154190063,-0.009204136207699776,0.6450964212417603,0.4277471899986267,0.027219068259000778,0.64945387840271,0.4217349588871002,0.03505192697048187,0.6521509289741516,0.4154359996318817,0.04119224473834038,0.6580619812011719,0.42647436261177063,0.06240995600819588,0.6384043097496033,0.39798787236213684,0.17418521642684937,0.4598136842250824,0.36500996351242065,0.021104607731103897,0.42364606261253357,0.3530769944190979,0.08668600022792816,0.42929089069366455,0.3515462279319763,0.11418885737657547,0.6399621963500977,0.43374159932136536,0.025323810055851936,0.6783198714256287,0.4372864365577698,0.1936551183462143,0.42165157198905945,0.35678136348724365,0.03972267732024193,0.7137782573699951,0.5110031962394714,0.00020720365864690393,0.4715549945831299,0.3618912696838379,-0.031080979853868484,0.5272054672241211,0.3719109892845154,-0.008855918422341347,0.7098349928855896,0.5306093096733093,-0.04674302414059639,0.7010557651519775,0.46845296025276184,0.07561147212982178,0.5874512195587158,0.3964678645133972,0.0447225384414196,0.7115037441253662,0.4907425045967102,0.03904611989855766,0.6103321313858032,0.3864559531211853,0.09538144618272781,0.6173952221870422,0.40304821729660034,0.062362831085920334,0.6445067524909973,0.4054659605026245,0.1216791495680809,0.7350887060165405,0.5411586761474609,-0.04497282952070236,0.539034903049469,0.37809884548187256,0.012455056421458721,0.7181634902954102,0.4804454445838928,0.10142568498849869,0.7255377769470215,0.5031088590621948,0.054860278964042664,0.6838223934173584,0.4455685019493103,0.10324672609567642,0.6601698398590088,0.4227752685546875,0.2359645664691925,0.6928297877311707,0.44988664984703064,0.138790100812912,0.6585298776626587,0.45327886939048767,0.29028019309043884,0.6481221914291382,0.41740819811820984,0.08421055972576141,0.5031178593635559,0.37151825428009033,0.015825632959604263,0.5718852877616882,0.3776107728481293,-0.05597032979130745,0.5769978761672974,0.3832324743270874,-0.02999521791934967,0.5612605810165405,0.3662002682685852,-0.0775032490491867,0.4194823205471039,0.33827513456344604,0.10188297182321548,0.4294400215148926,0.32129624485969543,0.1257862150669098,0.44430094957351685,0.31104522943496704,0.1512249857187271,0.46021971106529236,0.30654793977737427,0.18062469363212585,0.47398850321769714,0.3082776963710785,0.20711961388587952,0.49823129177093506,0.326499879360199,0.24149540066719055,0.548163652420044,0.37430107593536377,0.3759967088699341,0.5176353454589844,0.34304219484329224,0.20079439878463745,0.5138896703720093,0.35105401277542114,0.16786180436611176,0.4996280074119568,0.35885873436927795,0.13664716482162476,0.481196790933609,0.3642493486404419,0.11392083764076233,0.46535181999206543,0.3667253255844116,0.09467724710702896,0.4535577893257141,0.36741167306900024,0.08432050049304962,0.5045000910758972,0.4150449335575104,0.4765418469905853,0.5754474997520447,0.3915080428123474,-0.021763604134321213,0.5118634700775146,0.36514973640441895,-0.03083266317844391,0.5700902938842773,0.37543806433677673,-0.08877752721309662,0.562956690788269,0.3936730921268463,-0.09498634934425354,0.5674514770507812,0.38359004259109497,-0.07860656082630157,0.5720486044883728,0.40122056007385254,-0.024323100224137306,0.5650468468666077,0.3934304714202881,-0.10411449521780014,0.5578329563140869,0.4059832692146301,-0.0832071527838707,0.43646878004074097,0.35995861887931824,0.10672257095575333,0.43923401832580566,0.36470699310302734,0.0760214626789093,0.4446093440055847,0.3671720325946808,0.04924760386347771,0.482391893863678,0.3259871006011963,0.20224790275096893,0.482136607170105,0.31856322288513184,0.2122504860162735,0.2526470720767975,0.46135905385017395,-0.04896596446633339,0.275113046169281,0.44703760743141174,-0.04896596446633339,0.23921117186546326,0.45179829001426697,-0.04896596446633339,0.2293572723865509,0.4760698676109314,-0.04896596446633339,0.26563116908073425,0.4709424376487732,-0.04896596446633339,0.4580376148223877,0.3406708836555481,0.1610456109046936,0.4697914719581604,0.33437907695770264,0.1610456109046936,0.44398677349090576,0.3306314945220947,0.1610456109046936,0.44596391916275024,0.3468310236930847,0.1610456109046936,0.47174227237701416,0.35051843523979187,0.1610456109046936,0,0,0,0,0,1,1,0,0,0,0,0,0.05083506926894188,0.04716819152235985,0.0582304373383522,0.05718070641160011,0.026042133569717407,0.04561359062790871,0.09623342007398605,0.08820335566997528,0.07415375113487244,0.10266859829425812,0.9080869555473328,0.21761663258075714,Neutral,-11.39261245727539,-6.837977409362793
185,6.166666666666667,36.868378634737866,-7.447925667990927,1.0231395210161363,0.5414949655532837,0.42247432470321655,-0.07446696609258652,0.518980860710144,0.3643428087234497,-0.10627410560846329,0.5263358950614929,0.40332210063934326,-0.06602700799703598,0.4394625425338745,0.37920045852661133,-0.08510619401931763,0.5003442168235779,0.3562365174293518,-0.10857123136520386,0.4730715751647949,0.3588283658027649,-0.09540972858667374,0.39637115597724915,0.3756313920021057,-0.030122388154268265,0.2663786709308624,0.5203248262405396,-0.08579123020172119,0.35132336616516113,0.3706966042518616,-0.005148868542164564,0.3288832902908325,0.3608549237251282,-0.0007960794609971344,0.24421831965446472,0.3449901044368744,0.038534343242645264,0.545623779296875,0.424079567193985,-0.07372182607650757,0.5489206910133362,0.42701256275177,-0.06931242346763611,0.5504019260406494,0.43017837405204773,-0.06234091892838478,0.6278661489486694,0.45698392391204834,-0.052504029124975204,0.6383242011070251,0.4600563645362854,-0.056877490133047104,0.6485222578048706,0.46387583017349243,-0.06237160414457321,0.6558332443237305,0.4681881070137024,-0.060851089656353,0.6694236993789673,0.4643348455429077,-0.04856443032622337,0.5268598794937134,0.377936989068985,-0.09893063455820084,0.5096092820167542,0.40559473633766174,-0.08843611925840378,0.12892726063728333,0.61500483751297,-0.05809661000967026,0.3280377686023712,0.47428351640701294,-0.0603683739900589,0.3174021542072296,0.491710901260376,-0.07682998478412628,0.30267399549484253,0.5095219016075134,-0.08780815452337265,0.2645788788795471,0.5316442847251892,-0.09346190840005875,0.33309346437454224,0.45892268419265747,-0.04015429690480232,0.2535232603549957,0.47799164056777954,-0.07792261242866516,0.2721847891807556,0.459670752286911,-0.054983388632535934,0.24002839624881744,0.4980555772781372,-0.0901210755109787,0.2352989912033081,0.5142533779144287,-0.09435237944126129,0.26688018441200256,0.552767276763916,-0.09838416427373886,0.653275728225708,0.5512909889221191,-0.09516758471727371,0.251010000705719,0.5268038511276245,-0.0855204164981842,0.2131028026342392,0.6449685096740723,-0.07157078385353088,0.23121759295463562,0.570628821849823,-0.09601767361164093,0.4209780693054199,0.49453115463256836,-0.10112164169549942,0.5184511542320251,0.4453088045120239,-0.09313441812992096,0.5314822196960449,0.4476928114891052,-0.08623216301202774,0.5043236017227173,0.47044074535369873,-0.10535787791013718,0.4981892704963684,0.4876261353492737,-0.10659939795732498,0.5178025364875793,0.467019259929657,-0.09634073078632355,0.5104150772094727,0.4817269742488861,-0.09436362981796265,0.5640667080879211,0.5449278354644775,-0.09788499772548676,0.5087513327598572,0.37763339281082153,-0.11631932854652405,0.4894968271255493,0.37174689769744873,-0.12031671404838562,0.19790512323379517,0.5327287912368774,-0.11281783133745193,0.3957180976867676,0.4481658339500427,-0.061725419014692307,0.46617555618286133,0.44493135809898376,-0.11026965826749802,0.4516620934009552,0.4480748176574707,-0.10409185290336609,0.37598055601119995,0.5559291243553162,-0.1348230540752411,0.4643986225128174,0.3736227750778198,-0.10773906856775284,0.22395020723342896,0.47491809725761414,-0.0928635448217392,0.20468704402446747,0.5052614212036133,-0.10768762230873108,0.1187269538640976,0.5624038577079773,-0.06601545214653015,0.31065309047698975,0.4049118161201477,-0.03587716817855835,0.2927055358886719,0.4468778073787689,-0.03475677967071533,0.5302980542182922,0.5502814650535583,-0.10861536115407944,0.43595418334007263,0.7371966242790222,-0.056033845990896225,0.4858320951461792,0.43911054730415344,-0.0914977639913559,0.5005258321762085,0.4282596707344055,-0.07730560749769211,0.5059837102890015,0.5099728107452393,-0.09621742367744446,0.5119202136993408,0.5051741600036621,-0.09029329568147659,0.18081186711788177,0.5113124847412109,-0.10379787534475327,0.47119706869125366,0.45704394578933716,-0.1012553870677948,0.2585022449493408,0.4417385458946228,-0.06762942671775818,0.24093228578567505,0.4370354413986206,-0.0696585476398468,0.16028429567813873,0.4416891038417816,-0.04773853346705437,0.15256410837173462,0.5287855863571167,-0.08333683013916016,0.1990569531917572,0.428099125623703,-0.053685519844293594,0.17544813454151154,0.5433400273323059,-0.10567121207714081,0.15764674544334412,0.5757115483283997,-0.07746641337871552,0.5254305601119995,0.44666802883148193,-0.0923084244132042,0.511085033416748,0.46891263127326965,-0.10199715197086334,0.5042698383331299,0.48498308658599854,-0.10162264108657837,0.4914869964122772,0.4397214651107788,-0.08216085284948349,0.5092619061470032,0.5075061321258545,-0.09218809008598328,0.5337958335876465,0.5108726024627686,-0.09102099388837814,0.5140502452850342,0.503197968006134,-0.08895522356033325,0.49067094922065735,0.41342824697494507,-0.11254298686981201,0.514604926109314,0.4793737530708313,-0.08978442847728729,0.5226248502731323,0.46524834632873535,-0.08804187178611755,0.5354727506637573,0.44864925742149353,-0.08023802191019058,0.6510685682296753,0.48952072858810425,-0.06765174120664597,0.6297091245651245,0.49495571851730347,-0.08099633455276489,0.6239084601402283,0.4891310930252075,-0.08230830729007721,0.6156458258628845,0.4824272394180298,-0.07649917900562286,0.6080292463302612,0.47646015882492065,-0.07100805640220642,0.56151282787323,0.4977615773677826,-0.08269200474023819,0.5610944032669067,0.5035805702209473,-0.08652578294277191,0.5606082677841187,0.5108615159988403,-0.09172830730676651,0.5603674054145813,0.5172426700592041,-0.09358280152082443,0.5064345002174377,0.5033344030380249,-0.10788292437791824,0.30230143666267395,0.7284371256828308,-0.0285550057888031,0.527006208896637,0.39127373695373535,-0.07701364904642105,0.5402258634567261,0.5016649961471558,-0.08505864441394806,0.537097692489624,0.506095826625824,-0.08816221356391907,0.5121544599533081,0.4256736636161804,-0.08026961237192154,0.48487573862075806,0.46233388781547546,-0.08054143190383911,0.5069590210914612,0.42666521668434143,-0.07871916145086288,0.3930720388889313,0.4704201817512512,-0.07772521674633026,0.38499534130096436,0.5004915595054626,-0.10276192426681519,0.45611196756362915,0.45995622873306274,-0.09733626246452332,0.1278786063194275,0.5046424865722656,-0.06443185359239578,0.16509079933166504,0.48011529445648193,-0.07459638267755508,0.20247140526771545,0.47503793239593506,-0.09088306128978729,0.592536985874176,0.5328342318534851,-0.09460897743701935,0.28448718786239624,0.397613525390625,-0.03984948992729187,0.23627707362174988,0.3872668147087097,-0.02209862321615219,0.1989513337612152,0.39085835218429565,-0.011557481251657009,0.28345903754234314,0.5247548818588257,-0.09327474236488342,0.26534503698349,0.5788711309432983,-0.10836759209632874,0.3345305621623993,0.4483638405799866,-0.02910567633807659,0.2265959233045578,0.5378045439720154,-0.10146156698465347,0.39335671067237854,0.4294324219226837,-0.05495047941803932,0.4700714349746704,0.4201676845550537,-0.11668352782726288,0.2797533869743347,0.6145147681236267,-0.11524034291505814,0.2946266531944275,0.569177508354187,-0.11830195784568787,0.3262389898300171,0.5456322431564331,-0.11279061436653137,0.3508611023426056,0.5081794261932373,-0.0892520546913147,0.3607044816017151,0.4802342653274536,-0.06627533584833145,0.3663714528083801,0.4586956202983856,-0.049669742584228516,0.38848423957824707,0.3923078179359436,-0.04263089969754219,0.32892242074012756,0.6245731711387634,-0.12978388369083405,0.21034282445907593,0.5532355904579163,-0.10592998564243317,0.5201317071914673,0.3851800560951233,-0.10729344934225082,0.4190531075000763,0.447726845741272,-0.07271058857440948,0.1978853940963745,0.6912556290626526,-0.026031039655208588,0.36948978900909424,0.4404149651527405,-0.03693210333585739,0.4532189667224884,0.47056853771209717,-0.0789041742682457,0.24439582228660583,0.5341885089874268,-0.09048060327768326,0.4539063572883606,0.42404070496559143,-0.1075853481888771,0.36384716629981995,0.7393733859062195,-0.03898773714900017,0.3255409896373749,0.44818127155303955,-0.02414579689502716,0.4573720097541809,0.3961925506591797,-0.11177896708250046,0.5422062873840332,0.6540542244911194,-0.1049179956316948,0.5629708766937256,0.6863791942596436,-0.08667051792144775,0.3111923336982727,0.6824733018875122,-0.0839344784617424,0.48901820182800293,0.6809208393096924,-0.10562138259410858,0.17935113608837128,0.6115034222602844,-0.06947686523199081,0.6777145266532898,0.5690442323684692,-0.09674683958292007,0.5209325551986694,0.39717814326286316,-0.08148730546236038,0.4207070469856262,0.4705579876899719,-0.0820169523358345,0.21730710566043854,0.5915632247924805,-0.0949920117855072,0.2932650148868561,0.5019031167030334,-0.08128602802753448,0.307155042886734,0.48685628175735474,-0.07233502715826035,0.5301606059074402,0.5154455900192261,-0.09355062246322632,0.3755704164505005,0.6419386267662048,-0.12690387666225433,0.7317373156547546,0.5443645715713501,-0.07636214047670364,0.6614223122596741,0.6155983805656433,-0.08881519734859467,0.619861900806427,0.6486721634864807,-0.08877573162317276,0.2773304879665375,0.3491143584251404,0.021162481978535652,0.7552462816238403,0.506396472454071,-0.04322129860520363,0.31525155901908875,0.4733130633831024,-0.057609446346759796,0.320372611284256,0.46020036935806274,-0.04241986572742462,0.32396402955055237,0.4519968032836914,-0.030204154551029205,0.1898897886276245,0.5687237977981567,-0.0991189181804657,0.30057188868522644,0.4562602937221527,-0.04125228896737099,0.28366026282310486,0.46863436698913574,-0.055961526930332184,0.2699771225452423,0.4836341142654419,-0.07008343189954758,0.25901469588279724,0.5004463195800781,-0.08118866384029388,0.25424739718437195,0.5123745799064636,-0.08511444181203842,0.1534079611301422,0.6555803418159485,-0.03954951465129852,0.27960970997810364,0.5124905705451965,-0.0851193368434906,0.5395209789276123,0.40728428959846497,-0.06433537602424622,0.5062100887298584,0.47878724336624146,-0.10069914907217026,0.4843488335609436,0.4332300126552582,-0.0952560231089592,0.5255004167556763,0.4318244755268097,-0.08536873757839203,0.37074559926986694,0.378415584564209,-0.009938699193298817,0.5929455757141113,0.6275475025177002,-0.09853775799274445,0.6356445550918579,0.6011699438095093,-0.09621679782867432,0.7140176296234131,0.5311736464500427,-0.08614856004714966,0.5045579671859741,0.7164559960365295,-0.07412078976631165,0.3164687156677246,0.45036256313323975,-0.03115464374423027,0.4144907295703888,0.40474948287010193,-0.06662613153457642,0.7391005754470825,0.493045836687088,-0.05463329330086708,0.6995905637741089,0.5805701613426208,-0.09055879712104797,0.3666277825832367,0.6961747407913208,-0.08922810107469559,0.5857457518577576,0.48957356810569763,-0.07968318462371826,0.5884863138198853,0.49665749073028564,-0.08487048745155334,0.5925785303115845,0.5047465562820435,-0.09077900648117065,0.5971237421035767,0.5117775201797485,-0.09159950166940689,0.622515082359314,0.5146541595458984,-0.08802536129951477,0.5081636905670166,0.49467289447784424,-0.09338074922561646,0.5031135082244873,0.49796733260154724,-0.09900814294815063,0.4977807402610779,0.5009081363677979,-0.10356351733207703,0.5144734978675842,0.5279046297073364,-0.111765056848526,0.40977567434310913,0.599987268447876,-0.13621416687965393,0.38986316323280334,0.4098907709121704,-0.04655350372195244,0.3300464153289795,0.425075888633728,-0.01170327141880989,0.31856289505958557,0.43926724791526794,-0.02221519500017166,0.5116434693336487,0.4919506013393402,-0.08998599648475647,0.46229371428489685,0.6380632519721985,-0.1212616115808487,0.3504703938961029,0.40489673614501953,-0.021098706871271133,0.6347931623458862,0.5346759557723999,-0.08887995779514313,0.4470800757408142,0.3651866316795349,-0.07257644087076187,0.4151233732700348,0.38611242175102234,-0.06249029189348221,0.42263758182525635,0.37070566415786743,-0.04982207715511322,0.4366304874420166,0.42419952154159546,-0.08290497958660126,0.7144218683242798,0.48077481985092163,-0.05856272950768471,0.6878595352172852,0.47276151180267334,-0.05308995023369789,0.6672444343566895,0.5028749704360962,-0.07450808584690094,0.5605108737945557,0.5693781971931458,-0.10305555909872055,0.457567036151886,0.4917413890361786,-0.0910971388220787,0.5997765064239502,0.5569460988044739,-0.09599954634904861,0.424927294254303,0.5317297577857971,-0.12346184998750687,0.467102974653244,0.5139184594154358,-0.10813865810632706,0.4474291503429413,0.5675210356712341,-0.12935546040534973,0.6902577877044678,0.5159371495246887,-0.0871194526553154,0.43672695755958557,0.44667351245880127,-0.08290836215019226,0.5688633918762207,0.5992370843887329,-0.10566353052854538,0.6131212711334229,0.5777842402458191,-0.09709145873785019,0.5203341245651245,0.5729565024375916,-0.11728720366954803,0.41802918910980225,0.6559088826179504,-0.12075198441743851,0.5079703330993652,0.6102926731109619,-0.12007158249616623,0.42480170726776123,0.6991134285926819,-0.09739293903112411,0.48475831747055054,0.5418554544448853,-0.11819695681333542,0.4165550768375397,0.4263133108615875,-0.06961297243833542,0.48426389694213867,0.4158962368965149,-0.11815179884433746,0.47749650478363037,0.4402468204498291,-0.10572599619626999,0.4792846739292145,0.39433106780052185,-0.12190601974725723,0.30316129326820374,0.4304546117782593,-0.028679925948381424,0.2687752842903137,0.4523371160030365,-0.057314857840538025,0.2441093921661377,0.4755925238132477,-0.08234201371669769,0.22781074047088623,0.49934038519859314,-0.09897547215223312,0.22095632553100586,0.5205873847007751,-0.10462425649166107,0.23978473246097565,0.5502282977104187,-0.09399674087762833,0.2599744200706482,0.665902316570282,-0.08185354620218277,0.2865779995918274,0.5444733500480652,-0.10036975145339966,0.3117334246635437,0.5262850522994995,-0.09417247027158737,0.3311253786087036,0.5008390545845032,-0.07993046939373016,0.34287410974502563,0.47681838274002075,-0.05982168763875961,0.34869834780693054,0.4583134353160858,-0.039847586303949356,0.3529268801212311,0.4443187713623047,-0.028424406424164772,0.24870386719703674,0.7122869491577148,-0.022395648062229156,0.48077911138534546,0.44819796085357666,-0.09677854925394058,0.4368090331554413,0.39923804998397827,-0.08674358576536179,0.49674439430236816,0.39344191551208496,-0.1193670853972435,0.5090651512145996,0.3971022367477417,-0.10408870130777359,0.49806079268455505,0.401265025138855,-0.1115105003118515,0.4880205988883972,0.4509517550468445,-0.08513897657394409,0.5142496228218079,0.3914816379547119,-0.10689333826303482,0.5158958435058594,0.4024188220500946,-0.08490949869155884,0.3334003984928131,0.4407973289489746,-0.017438195645809174,0.35105130076408386,0.43089616298675537,-0.016935788094997406,0.36506104469299316,0.42343461513519287,-0.02580159157514572,0.25233036279678345,0.5202890038490295,-0.08641892671585083,0.2353513538837433,0.5272898077964783,-0.09429848194122314,0.45717093348503113,0.35815733671188354,-0.04831482842564583,0.443604052066803,0.3527771234512329,0.17863990366458893,0.5305326581001282,0.38106656074523926,-0.060559723526239395,0.3834400177001953,0.3388339877128601,0.3644072711467743,0.43489816784858704,0.37503671646118164,0.11041639745235443,0.44337987899780273,0.3698234260082245,0.12847764790058136,0.44945818185806274,0.3640139102935791,0.14870715141296387,0.4471030831336975,0.3542797267436981,0.18596318364143372,0.4259655773639679,0.37757986783981323,0.09491465985774994,0.4107821583747864,0.34501010179519653,0.13379769027233124,0.4044322669506073,0.35220837593078613,0.11260172724723816,0.4185936152935028,0.3404487371444702,0.15491938591003418,0.4265294075012207,0.34032121300697327,0.17137552797794342,0.4575798809528351,0.3545145094394684,0.2020479440689087,0.7146314382553101,0.4457813799381256,0.02946982905268669,0.4409905672073364,0.3493126630783081,0.19109608232975006,0.4571412205696106,0.36289840936660767,0.3437795042991638,0.4479389190673828,0.34491145610809326,0.2421206831932068,0.5274727940559387,0.36415454745292664,0.07088682055473328,0.5529618859291077,0.3986584544181824,-0.049227356910705566,0.56123286485672,0.407703697681427,-0.04577692225575447,0.5679421424865723,0.3807468116283417,-0.014112194068729877,0.5808687210083008,0.3727174401283264,0.019472293555736542,0.5711709856987,0.3935450315475464,-0.017221609130501747,0.5806677341461182,0.38507750630378723,0.011643237434327602,0.6591041088104248,0.40889814496040344,0.06425546109676361,0.5259610414505005,0.3571784794330597,-0.09248608350753784,0.508841872215271,0.3486689627170563,-0.0919899046421051,0.4164857864379883,0.32401639223098755,0.20320430397987366,0.4601556360721588,0.37116652727127075,0.050281547009944916,0.5318954586982727,0.3579982817173004,-0.0044075013138353825,0.5194417238235474,0.3590880036354065,0.004907937254756689,0.5446158647537231,0.352605938911438,0.14994244277477264,0.4827382564544678,0.3514304757118225,-0.07164157927036285,0.39740076661109924,0.326155424118042,0.1277589052915573,0.4062255024909973,0.3217967748641968,0.1682257205247879,0.3580051064491272,0.31680408120155334,0.3121434450149536,0.38470059633255005,0.3569868206977844,0.03706815093755722,0.4021071195602417,0.36079490184783936,0.10178642719984055,0.6424645185470581,0.39631298184394836,0.08729876577854156,0.6356866955757141,0.4531676769256592,0.34313318133354187,0.5354213118553162,0.3726091980934143,-0.013397262431681156,0.5332505702972412,0.38418662548065186,-0.0384192168712616,0.6052381992340088,0.37381523847579956,0.07332498580217361,0.6027904748916626,0.37955424189567566,0.058329157531261444,0.3957546353340149,0.31399592757225037,0.18946388363838196,0.5375766754150391,0.3670113980770111,0.0027282354421913624,0.3897864818572998,0.336678683757782,0.08340844511985779,0.37756186723709106,0.3283666968345642,0.08632490038871765,0.30496543645858765,0.30464109778404236,0.1686420887708664,0.3709392547607422,0.3086325228214264,0.24067051708698273,0.32572290301322937,0.309425950050354,0.12650060653686523,0.4079607129096985,0.31803157925605774,0.23346783220767975,0.3953362703323364,0.324694961309433,0.2905402183532715,0.5582253932952881,0.4022544026374817,-0.048841945827007294,0.570629358291626,0.3865875005722046,-0.016230452805757523,0.5816162824630737,0.37794679403305054,0.013261152431368828,0.5352016687393188,0.37906110286712646,-0.017885126173496246,0.6042762994766235,0.3767431974411011,0.06434841454029083,0.6248196363449097,0.3856448531150818,0.04087194800376892,0.6013199090957642,0.3818323016166687,0.05537618696689606,0.5306949615478516,0.363832950592041,-0.040489546954631805,0.5786035656929016,0.3909956216812134,0.010932237841188908,0.5702855587005615,0.39999935030937195,-0.013404445722699165,0.5617517232894897,0.4132044315338135,-0.038614172488451004,0.6783856153488159,0.44688278436660767,-0.026913892477750778,0.6695564389228821,0.4403413236141205,-0.03642265871167183,0.6614823341369629,0.4377627372741699,-0.03660343959927559,0.649465799331665,0.4367489814758301,-0.03064781427383423,0.6379531621932983,0.43716466426849365,-0.02771427109837532,0.6295464038848877,0.4066208004951477,0.018487542867660522,0.6356459856033325,0.40255266427993774,0.014666295610368252,0.6433991193771362,0.39778053760528564,0.01335620041936636,0.6494013071060181,0.3947533071041107,0.020190173760056496,0.5966213941574097,0.37997549772262573,0.03846265375614166,0.5358521342277527,0.4313566982746124,0.41772183775901794,0.618048906326294,0.39521780610084534,0.04084813594818115,0.6219139695167542,0.3902524411678314,0.03851737454533577,0.5377240777015686,0.39047473669052124,-0.041910458356142044,0.5438334941864014,0.37996166944503784,0.0027777734212577343,0.5357804298400879,0.38731878995895386,-0.04098314419388771,0.47905802726745605,0.36756178736686707,0.07185486704111099,0.5050281286239624,0.3584187626838684,0.09964619576931,0.5273840427398682,0.36514806747436523,0.015458720736205578,0.33183881640434265,0.3043266534805298,0.2436394840478897,0.34782055020332336,0.3042586147785187,0.1865444928407669,0.38503825664520264,0.317180335521698,0.14216412603855133,0.6690616607666016,0.41833290457725525,0.039038509130477905,0.3681313693523407,0.34419840574264526,0.039968907833099365,0.3046249449253082,0.32452595233917236,0.07219072431325912,0.2779977321624756,0.3171386122703552,0.09744879603385925,0.4510914087295532,0.35895442962646484,0.16975270211696625,0.4708575904369354,0.35487115383148193,0.22587555646896362,0.41952863335609436,0.3783336281776428,0.09126241505146027,0.4320574998855591,0.33865129947662354,0.20436014235019684,0.44262558221817017,0.37115466594696045,0.03444088250398636,0.5233302116394043,0.3530365824699402,-0.031200410798192024,0.5036635994911194,0.35052478313446045,0.2648192048072815,0.482181191444397,0.36069542169570923,0.19610893726348877,0.4848631024360657,0.3675878643989563,0.15375207364559174,0.47198930382728577,0.3765581250190735,0.11452402174472809,0.4564472436904907,0.38201940059661865,0.08870073407888412,0.4440639615058899,0.3842335343360901,0.06643080711364746,0.40934303402900696,0.36868417263031006,-0.004562453832477331,0.54732745885849,0.35815465450286865,0.2495468109846115,0.43034428358078003,0.33337336778640747,0.22769398987293243,0.5308679938316345,0.37285852432250977,-0.08821845799684525,0.48137733340263367,0.3701834976673126,0.03549368306994438,0.44458332657814026,0.3963220715522766,0.43175551295280457,0.43316689133644104,0.38458603620529175,0.053895216435194016,0.5267494916915894,0.372167706489563,0.03426551818847656,0.4406667649745941,0.3479011356830597,0.20029960572719574,0.508063018321991,0.3551240563392639,-0.020852141082286835,0.5856653451919556,0.4429033398628235,0.3878352642059326,0.4143825173377991,0.3764074444770813,0.10162106901407242,0.4940377473831177,0.35132473707199097,-0.048398371785879135,0.687814474105835,0.42689087986946106,0.17829103767871857,0.7034628391265869,0.45557811856269836,0.21559011936187744,0.5481221675872803,0.38721132278442383,0.3309917151927948,0.6655582189559937,0.4213969111442566,0.22800865769386292,0.4219001829624176,0.3444046378135681,0.32489457726478577,0.7388075590133667,0.45514899492263794,0.038351744413375854,0.529943585395813,0.38711726665496826,-0.07001957297325134,0.5022680759429932,0.3694224953651428,0.05162762105464935,0.45011866092681885,0.344535231590271,0.2774306535720825,0.44248849153518677,0.360302209854126,0.1511494517326355,0.43664148449897766,0.36568355560302734,0.133411705493927,0.6273692846298218,0.38175344467163086,0.04825671762228012,0.587041437625885,0.37183791399002075,0.23862603306770325,0.7633525729179382,0.4807853102684021,0.002603470114991069,0.7430664896965027,0.461945503950119,0.10632318258285522,0.7267460823059082,0.45834383368492126,0.15681450068950653,0.428975373506546,0.370045930147171,0.11795113980770111,0.4207083582878113,0.37333112955093384,0.10867162048816681,0.4163244962692261,0.37545597553253174,0.10526394844055176,0.42509689927101135,0.32965412735939026,0.2609283924102783,0.4130837917327881,0.36653733253479004,0.1122250035405159,0.4168243408203125,0.35973483324050903,0.12187706679105759,0.4226324260234833,0.35414546728134155,0.13695386052131653,0.4295847415924072,0.3501977324485779,0.15454338490962982,0.43516185879707336,0.3490462601184845,0.16766327619552612,0.4093582332134247,0.36458590626716614,0.40695515275001526,0.44411569833755493,0.35611462593078613,0.16703727841377258,0.5765982866287231,0.38008689880371094,0.010243076831102371,0.5347157716751099,0.367507666349411,-0.020858608186244965,0.5543135404586792,0.3919817805290222,-0.039983510971069336,0.7087777853012085,0.43566256761550903,0.1304636299610138,0.7219958305358887,0.44702357053756714,0.08460623025894165,0.747381329536438,0.46898353099823,-0.012702838517725468,0.6751709580421448,0.45626381039619446,0.28167417645454407,0.41345494985580444,0.37262487411499023,0.10640177875757217,0.4493167996406555,0.3637309670448303,-0.006297015585005283,0.7569278478622437,0.46780991554260254,0.05438090115785599,0.5922200083732605,0.40108174085617065,0.3082751929759979,0.6378220319747925,0.42059874534606934,-0.003643302945420146,0.6473241448402405,0.4175567626953125,-0.005786019377410412,0.6581588387489319,0.41520580649375916,-0.007942108437418938,0.6673101782798767,0.4152548909187317,-0.00427011214196682,0.676596999168396,0.4305667281150818,0.00936826691031456,0.5906394720077515,0.3804377317428589,0.038178566843271255,0.5924122333526611,0.37483149766921997,0.0451982319355011,0.5928337574005127,0.36951524019241333,0.05081472918391228,0.619922399520874,0.3853013217449188,0.06977259367704391,0.5909509062767029,0.3686010241508484,0.17198546230793,0.42443740367889404,0.3702402114868164,0.015828421339392662,0.4017820358276367,0.37282663583755493,0.06779876351356506,0.40611615777015686,0.37161627411842346,0.09356048703193665,0.5882139205932617,0.3846479058265686,0.036337435245513916,0.6397744417190552,0.3923160433769226,0.19240589439868927,0.4001080393791199,0.3749237060546875,0.025999104604125023,0.6910792589187622,0.44099512696266174,0.019122444093227386,0.43450531363487244,0.3632335662841797,-0.029989097267389297,0.48649561405181885,0.36275941133499146,-0.0035742290783673525,0.6955181956291199,0.4549044370651245,-0.02279237098991871,0.6677384376525879,0.4111380875110626,0.08467452228069305,0.5482867360115051,0.3729659914970398,0.05034960061311722,0.6826130151748657,0.426638126373291,0.05304950848221779,0.5627338290214539,0.36165010929107666,0.09759828448295593,0.5762144327163696,0.37292784452438354,0.06817709654569626,0.5998260974884033,0.3709316849708557,0.12338872998952866,0.7230347394943237,0.4593484699726105,-0.018648073077201843,0.49917227029800415,0.3668507933616638,0.01712728850543499,0.6862589716911316,0.4177379608154297,0.11032448709011078,0.6996567845344543,0.4344255030155182,0.06978721916675568,0.647687554359436,0.39608901739120483,0.10899454355239868,0.6198005676269531,0.38556385040283203,0.22988204658031464,0.6559692621231079,0.39799198508262634,0.14276370406150818,0.6315140724182129,0.4136006832122803,0.28020626306533813,0.6086750626564026,0.37910398840904236,0.0896030142903328,0.4649988114833832,0.36736923456192017,0.016176538541913033,0.530509352684021,0.3578070402145386,-0.040151625871658325,0.5365822315216064,0.3620384931564331,-0.016416454687714577,0.5160768032073975,0.3489769697189331,-0.05979759991168976,0.39544886350631714,0.3606603443622589,0.08106037229299545,0.3985232412815094,0.34645217657089233,0.10382866114377975,0.40587204694747925,0.33727720379829407,0.12879487872123718,0.4143347144126892,0.3321487307548523,0.1577318161725998,0.4231257736682892,0.33284345269203186,0.18287235498428345,0.4434170424938202,0.3468729257583618,0.21578200161457062,0.503211498260498,0.37425103783607483,0.343576580286026,0.4638861417770386,0.3593516945838928,0.1821237951517105,0.4640781879425049,0.3655925393104553,0.15216577053070068,0.4561132490634918,0.3728223443031311,0.12332277745008469,0.4440269470214844,0.37851041555404663,0.10035225003957748,0.4335060715675354,0.38134774565696716,0.08158072084188461,0.4255393147468567,0.38238203525543213,0.07048626244068146,0.4872022867202759,0.41825205087661743,0.434609591960907,0.5386566519737244,0.3696397840976715,-0.009008755907416344,0.47103336453437805,0.3582393527030945,-0.02452600561082363,0.5281832218170166,0.35507678985595703,-0.06961569935083389,0.5305852293968201,0.3722197413444519,-0.07536304742097855,0.5299116969108582,0.36334556341171265,-0.06066521257162094,0.5398319959640503,0.37859147787094116,-0.011449412442743778,0.5318711996078491,0.3713996708393097,-0.08336514979600906,0.5314731001853943,0.3839825391769409,-0.06526246666908264,0.41358935832977295,0.37805986404418945,0.08742887526750565,0.41533833742141724,0.381337434053421,0.06076713651418686,0.41918960213661194,0.3823007345199585,0.038182638585567474,0.43876582384109497,0.3489251732826233,0.17860865592956543,0.4332202672958374,0.3422164022922516,0.18811671435832977,0.2835526466369629,0.4896790087223053,-0.06347532570362091,0.2978507876396179,0.4712209105491638,-0.06347532570362091,0.26486194133758545,0.4842265546321869,-0.06347532570362091,0.26873037219047546,0.5083180069923401,-0.06347532570362091,0.30157893896102905,0.4952215850353241,-0.06347532570362091,0.4222775101661682,0.3554871082305908,0.1395696997642517,0.4302216172218323,0.3488950729370117,0.1395696997642517,0.4088774621486664,0.34892094135284424,0.1395696997642517,0.4141017198562622,0.3620208501815796,0.1395696997642517,0.43506982922554016,0.3617716431617737,0.1395696997642517,0,0,0,0,0,1,1,0,0,0,0,0,0.06432833522558212,0.05123016983270645,0.0693635568022728,0.046269189566373825,0.022382482886314392,0.04136745259165764,0.03588612750172615,0.04949924349784851,0.05443733558058739,0.07606924325227737,0.705944836139679,0.24270686507225037,Neutral,-6.799868583679199,-32.324214935302734
191,6.366666666666666,33.23258735021078,-9.38412660075778,1.1508046162061107,0.5353884100914001,0.44021743535995483,-0.08064709603786469,0.4791027903556824,0.3596266508102417,-0.11455442011356354,0.49417394399642944,0.3992129862308502,-0.07141237705945969,0.39804792404174805,0.37653064727783203,-0.08959800004959106,0.458473265171051,0.35149306058883667,-0.11685960739850998,0.4305559992790222,0.35436201095581055,-0.10243482887744904,0.35277941823005676,0.37234389781951904,-0.031194522976875305,0.26194214820861816,0.520150363445282,-0.07998335361480713,0.3067561089992523,0.3688834309577942,-0.003433645935729146,0.28256234526634216,0.3595465421676636,0.001679907669313252,0.19134743511676788,0.34650057554244995,0.04890025034546852,0.5405036211013794,0.4413280189037323,-0.07972021400928497,0.5444571375846863,0.4427976608276367,-0.07490573823451996,0.5462347269058228,0.44413816928863525,-0.06714571267366409,0.6266148686408997,0.4622006118297577,-0.05881919339299202,0.6379162073135376,0.4649520814418793,-0.06344068795442581,0.6489378213882446,0.4680798649787903,-0.07002522051334381,0.6568552255630493,0.47059863805770874,-0.06936131417751312,0.6532613635063171,0.45860835909843445,-0.056849587708711624,0.4895460605621338,0.37331628799438477,-0.10673116892576218,0.4755541682243347,0.4026900827884674,-0.094208262860775,0.11009037494659424,0.6307099461555481,-0.04047812148928642,0.3111942410469055,0.47406694293022156,-0.056064143776893616,0.3017809987068176,0.49181973934173584,-0.07269909232854843,0.28949666023254395,0.5102542638778687,-0.08353855460882187,0.260554701089859,0.5349428653717041,-0.08800417929887772,0.31701546907424927,0.45775794982910156,-0.0359707847237587,0.23557253181934357,0.4739571809768677,-0.0731707215309143,0.25175970792770386,0.4548492133617401,-0.050094492733478546,0.22560609877109528,0.4958520233631134,-0.08554425835609436,0.22495712339878082,0.5140007734298706,-0.08937269449234009,0.260694682598114,0.5588869452476501,-0.09279556572437286,0.6459778547286987,0.5512675642967224,-0.10103835165500641,0.2506849467754364,0.5277694463729858,-0.07932267338037491,0.19966351985931396,0.6595145463943481,-0.05971039831638336,0.22911719977855682,0.5790749192237854,-0.08881661295890808,0.3953284025192261,0.4982370436191559,-0.10187537968158722,0.5136265158653259,0.4639892578125,-0.09894336014986038,0.5284531116485596,0.4635854959487915,-0.09148040413856506,0.5016740560531616,0.4881930947303772,-0.11039664596319199,0.49751830101013184,0.5040421485900879,-0.11064808070659637,0.5170438885688782,0.4817924201488495,-0.10086317360401154,0.5107669234275818,0.4956195056438446,-0.09798886626958847,0.5531404614448547,0.5469232797622681,-0.10116740316152573,0.4698645770549774,0.37414461374282837,-0.12439247220754623,0.44901782274246216,0.36861807107925415,-0.12842333316802979,0.18466304242610931,0.5361519455909729,-0.10739993304014206,0.36220529675483704,0.4496604800224304,-0.061513014137744904,0.4351028501987457,0.4453429877758026,-0.11432391405105591,0.4205494821071625,0.448858380317688,-0.10740196704864502,0.3564453423023224,0.5639413595199585,-0.1336992233991623,0.42317429184913635,0.37074846029281616,-0.11430171132087708,0.1952970027923584,0.47262728214263916,-0.08950279653072357,0.18381951749324799,0.5054358243942261,-0.10358782857656479,0.09293383359909058,0.5768904089927673,-0.049699265509843826,0.265328049659729,0.40030229091644287,-0.0333658903837204,0.2725818157196045,0.44167086482048035,-0.0294624175876379,0.5189010500907898,0.5535892844200134,-0.11053503304719925,0.4407704770565033,0.7452139258384705,-0.046818044036626816,0.4551350772380829,0.4382306933403015,-0.09502991288900375,0.4695396423339844,0.4265021085739136,-0.08201391994953156,0.505132794380188,0.5230389833450317,-0.09817254543304443,0.5110558271408081,0.517320454120636,-0.09259174019098282,0.1635778695344925,0.5136010050773621,-0.09820707887411118,0.44247981905937195,0.45732027292251587,-0.10482592135667801,0.2194179743528366,0.43857625126838684,-0.06471161544322968,0.20330825448036194,0.4345816373825073,-0.06643086671829224,0.11842778325080872,0.45048007369041443,-0.03494669124484062,0.12408073246479034,0.5419546365737915,-0.0741955116391182,0.15848135948181152,0.4353190064430237,-0.04725658521056175,0.16498833894729614,0.550443708896637,-0.09832315146923065,0.13492245972156525,0.5906065106391907,-0.06644036620855331,0.5216717720031738,0.46431446075439453,-0.09794983267784119,0.5094752311706543,0.4853619337081909,-0.10686856508255005,0.5039888620376587,0.5002910494804382,-0.10556153953075409,0.46141746640205383,0.4385184943675995,-0.08611173927783966,0.5084540843963623,0.5201835036277771,-0.09428516775369644,0.5305665135383606,0.5207977294921875,-0.09474056214094162,0.5131608247756958,0.5147334933280945,-0.09137294441461563,0.45576947927474976,0.41168275475502014,-0.11819051206111908,0.5149463415145874,0.49163639545440674,-0.09306322783231735,0.521664023399353,0.4784325957298279,-0.09188125282526016,0.5326684713363647,0.46235769987106323,-0.08467382937669754,0.6368917226791382,0.48595279455184937,-0.07549361139535904,0.6299888491630554,0.4999885857105255,-0.0888708233833313,0.6238359212875366,0.49557700753211975,-0.08964256197214127,0.6144466400146484,0.48913297057151794,-0.08263728767633438,0.6058413982391357,0.48307502269744873,-0.0768829733133316,0.5568718910217285,0.5045830011367798,-0.08705219626426697,0.556756854057312,0.5110772848129272,-0.09119963645935059,0.5563013553619385,0.5190279483795166,-0.09691575169563293,0.5557456016540527,0.5253007411956787,-0.09872749447822571,0.48760032653808594,0.5048691034317017,-0.11117199063301086,0.3012252748012543,0.7408289909362793,-0.01322075817734003,0.4921485483646393,0.3869166970252991,-0.08307215571403503,0.5363739132881165,0.5095157623291016,-0.08850650489330292,0.5337663888931274,0.5151605010032654,-0.09181568771600723,0.48169177770614624,0.4234435260295868,-0.08537640422582626,0.4580760896205902,0.4619810879230499,-0.08365072309970856,0.4761371612548828,0.4246457815170288,-0.08370369672775269,0.3625887334346771,0.47337114810943604,-0.07721471786499023,0.3584839999675751,0.5056983232498169,-0.10243778675794601,0.4271298050880432,0.4607999324798584,-0.10012407600879669,0.09451857209205627,0.5166706442832947,-0.05002399906516075,0.13074176013469696,0.4908137023448944,-0.06683142483234406,0.1765272617340088,0.47450196743011475,-0.08626069128513336,0.5809869766235352,0.5328861474990845,-0.09938782453536987,0.23869286477565765,0.3929363191127777,-0.03712838515639305,0.19087736308574677,0.3912186026573181,-0.016511987894773483,0.1509503573179245,0.39628440141677856,-0.00023116175725590438,0.27458566427230835,0.5265957713127136,-0.08850815892219543,0.2583159804344177,0.5890465378761292,-0.10245361179113388,0.3185065984725952,0.44592010974884033,-0.024491729214787483,0.22006164491176605,0.5416103601455688,-0.09559015929698944,0.35709819197654724,0.42994818091392517,-0.054953332990407944,0.4353688061237335,0.4198116958141327,-0.122069351375103,0.2635243833065033,0.6274173259735107,-0.10852250456809998,0.28099918365478516,0.5773616433143616,-0.11411529034376144,0.3056163191795349,0.5509335994720459,-0.11007224023342133,0.32760563492774963,0.5104888081550598,-0.08739978820085526,0.33773961663246155,0.48055580258369446,-0.06440946459770203,0.3424254357814789,0.45699071884155273,-0.04806828871369362,0.3465653657913208,0.3905484676361084,-0.04324168339371681,0.3159255385398865,0.6361579298973083,-0.12484461069107056,0.204229474067688,0.5595531463623047,-0.09930247068405151,0.4833768606185913,0.3812709450721741,-0.11494965106248856,0.3866368234157562,0.44874224066734314,-0.07346925884485245,0.1897231787443161,0.7063130140304565,-0.00763552263379097,0.343139111995697,0.43702536821365356,-0.03514617308974266,0.42577850818634033,0.47159603238105774,-0.08028963208198547,0.24261537194252014,0.5378875136375427,-0.08421795070171356,0.4191809296607971,0.4241095781326294,-0.1120944693684578,0.3665122985839844,0.7496269941329956,-0.02643943950533867,0.31200700998306274,0.4441460371017456,-0.018510371446609497,0.4188700318336487,0.3948459029197693,-0.11754656583070755,0.5411347150802612,0.6590649485588074,-0.10377371311187744,0.5664772391319275,0.6907693147659302,-0.08421336114406586,0.3048514425754547,0.6949049830436707,-0.07452522963285446,0.48862481117248535,0.6872891187667847,-0.10217899084091187,0.16139481961727142,0.6263365149497986,-0.0575806125998497,0.6730697154998779,0.569114625453949,-0.10271147638559341,0.4864947497844696,0.393444299697876,-0.08744301646947861,0.3917109966278076,0.4726945459842682,-0.08256235718727112,0.21925748884677887,0.602889895439148,-0.08637288957834244,0.28087177872657776,0.5002683401107788,-0.07616224139928818,0.2922655940055847,0.485093355178833,-0.06742773950099945,0.526885449886322,0.5258269309997559,-0.09706929326057434,0.366445392370224,0.6518612504005432,-0.12270834296941757,0.7268320322036743,0.5418861508369446,-0.0847996398806572,0.6613664031028748,0.6172966957092285,-0.09182313084602356,0.6216908693313599,0.6517042517662048,-0.08908870816230774,0.22801384329795837,0.3496142029762268,0.026513395830988884,0.7480281591415405,0.5013092756271362,-0.052936479449272156,0.30014172196388245,0.4716373383998871,-0.0526595301926136,0.3064061999320984,0.4583941102027893,-0.037280578166246414,0.3105255961418152,0.44912558794021606,-0.024701910093426704,0.18772529065608978,0.5782576203346252,-0.09084491431713104,0.2892424762248993,0.4531979560852051,-0.0356401689350605,0.27352601289749146,0.46599268913269043,-0.0506921224296093,0.2621937692165375,0.4809499979019165,-0.06493309140205383,0.2540692090988159,0.49855977296829224,-0.07603412121534348,0.2513461112976074,0.5118857026100159,-0.07963854819536209,0.1402626931667328,0.6712571978569031,-0.020972592756152153,0.2710379362106323,0.5114425420761108,-0.07962370663881302,0.509878933429718,0.4031164050102234,-0.06998071819543839,0.4837426543235779,0.4791695773601532,-0.1047852486371994,0.4524163603782654,0.43232983350753784,-0.09942977875471115,0.4980013966560364,0.4297301173210144,-0.09093215316534042,0.3269738554954529,0.37587958574295044,-0.008887947537004948,0.5912895202636719,0.6313701272010803,-0.09981794655323029,0.6327810883522034,0.6032369136810303,-0.09985644370317459,0.7071468830108643,0.5284927487373352,-0.09418947994709015,0.5091676712036133,0.7224022746086121,-0.06878500431776047,0.30427736043930054,0.44659125804901123,-0.025602983310818672,0.37562134861946106,0.40383201837539673,-0.06867671757936478,0.7297511696815491,0.48726069927215576,-0.06333401799201965,0.6971006393432617,0.5804234743118286,-0.09649083763360977,0.36383241415023804,0.7067043781280518,-0.08136334270238876,0.5817814469337463,0.49633869528770447,-0.0847490131855011,0.585383951663971,0.5036507844924927,-0.09032916277647018,0.5897093415260315,0.5119205117225647,-0.09689627587795258,0.5940698981285095,0.5183558464050293,-0.09807683527469635,0.6099328994750977,0.5130214691162109,-0.09433667361736298,0.5088002681732178,0.5072333216667175,-0.09634049981832504,0.5032482147216797,0.5118934512138367,-0.1019544005393982,0.4976343512535095,0.5156811475753784,-0.10631820559501648,0.4996177554130554,0.5303851962089539,-0.11414844542741776,0.3971410095691681,0.6077651381492615,-0.13481594622135162,0.3506639897823334,0.40930092334747314,-0.04669389873743057,0.30466654896736145,0.4209483563899994,-0.007194358389824629,0.3000282943248749,0.4347822666168213,-0.017171043902635574,0.5123512744903564,0.5032669901847839,-0.0926840603351593,0.45627638697624207,0.6447441577911377,-0.11913100630044937,0.31525522470474243,0.40019094944000244,-0.01872773841023445,0.6250519752502441,0.5338301062583923,-0.09498084336519241,0.4043596386909485,0.36107081174850464,-0.07751768082380295,0.3735660910606384,0.383884072303772,-0.0651140958070755,0.37958768010139465,0.3669290244579315,-0.052769873291254044,0.40147852897644043,0.4241212010383606,-0.08567134290933609,0.7024953365325928,0.4749261736869812,-0.06742570549249649,0.6737202405929565,0.4669545888900757,-0.0613323338329792,0.6553212404251099,0.4997263252735138,-0.08227623254060745,0.551846444606781,0.572470486164093,-0.1057576984167099,0.4334571957588196,0.4940313398838043,-0.09284086525440216,0.5911709070205688,0.558148205280304,-0.10052475333213806,0.40448132157325745,0.5370499491691589,-0.12430980801582336,0.44688597321510315,0.5171500444412231,-0.11025382578372955,0.43275827169418335,0.5734368562698364,-0.12950189411640167,0.6808214783668518,0.5132058262825012,-0.0952577143907547,0.4049103856086731,0.44739991426467896,-0.08485370874404907,0.5634433031082153,0.6031637787818909,-0.10760091245174408,0.6070367097854614,0.5797272324562073,-0.10102710872888565,0.5104178786277771,0.5772861838340759,-0.11868885904550552,0.4122399687767029,0.6643184423446655,-0.11690481007099152,0.5010581016540527,0.615613579750061,-0.12026416510343552,0.4242708384990692,0.707548975944519,-0.09147468954324722,0.4697173833847046,0.5456839799880981,-0.11992169916629791,0.3808084726333618,0.42641305923461914,-0.07098228484392166,0.4493565857410431,0.414703369140625,-0.12400104105472565,0.44629913568496704,0.43998992443084717,-0.11017773300409317,0.44116804003715515,0.3927221894264221,-0.128935769200325,0.27320075035095215,0.42585211992263794,-0.024026835337281227,0.24030768871307373,0.4480805993080139,-0.053129978477954865,0.22059644758701324,0.4722091555595398,-0.07841147482395172,0.21002571284770966,0.4977797567844391,-0.09491577744483948,0.20903922617435455,0.5211509466171265,-0.09999340027570724,0.23773682117462158,0.5564362406730652,-0.08752229064702988,0.2500276267528534,0.679768443107605,-0.07123225927352905,0.27641651034355164,0.5491667985916138,-0.0956544429063797,0.29594236612319946,0.529435932636261,-0.09066644310951233,0.31276169419288635,0.5025685429573059,-0.07708126306533813,0.32389819622039795,0.477169394493103,-0.05657064914703369,0.3294687271118164,0.45708078145980835,-0.036940667778253555,0.3318636417388916,0.4418970048427582,-0.025199709460139275,0.24400925636291504,0.726361095905304,-0.00508365361019969,0.4511667788028717,0.4478703439235687,-0.10066068172454834,0.3979772925376892,0.39793625473976135,-0.09042336046695709,0.4591657221317291,0.3911290466785431,-0.1265883892774582,0.47328561544418335,0.3940671682357788,-0.11108818650245667,0.46185410022735596,0.3989049196243286,-0.11806920915842056,0.45957767963409424,0.4501582682132721,-0.08887086063623428,0.4779806137084961,0.3880784213542938,-0.11437642574310303,0.48171621561050415,0.399138480424881,-0.09077432751655579,0.31650033593177795,0.4366890788078308,-0.012357345782220364,0.3275856673717499,0.4271048903465271,-0.01332769449800253,0.3359638452529907,0.41899505257606506,-0.023906853049993515,0.2507099211215973,0.5205974578857422,-0.08062925934791565,0.2293785810470581,0.5296499133110046,-0.08864476531744003,0.41434764862060547,0.3527733087539673,-0.05282808840274811,0.3987986445426941,0.3498651385307312,0.1838335394859314,0.4948793351650238,0.37556904554367065,-0.06638643890619278,0.337029367685318,0.3341534733772278,0.3768819272518158,0.395891934633255,0.3692055344581604,0.11428546905517578,0.4030998945236206,0.3647521734237671,0.1319655478000641,0.40752068161964417,0.3599702715873718,0.15228094160556793,0.40154457092285156,0.3565329909324646,0.19073165953159332,0.3883708715438843,0.37063419818878174,0.09871318936347961,0.3707771301269531,0.3410119116306305,0.13828107714653015,0.36590975522994995,0.34754055738449097,0.11722564697265625,0.3763453960418701,0.3377971053123474,0.15919971466064453,0.3824104070663452,0.3392125070095062,0.17596197128295898,0.4107136130332947,0.3600010275840759,0.20691294968128204,0.7007864713668823,0.4349685609340668,0.022720132023096085,0.3959210216999054,0.3490195870399475,0.19660614430904388,0.41903984546661377,0.3524487614631653,0.3543342351913452,0.397861123085022,0.3562740683555603,0.24864476919174194,0.49107709527015686,0.35495367646217346,0.06943962723016739,0.5458258390426636,0.41512933373451233,-0.055268630385398865,0.5556144118309021,0.42271557450294495,-0.051272712647914886,0.5613769292831421,0.3955538868904114,-0.019632693380117416,0.5751101970672607,0.3848848342895508,0.014503341168165207,0.5662523508071899,0.4074370861053467,-0.022299498319625854,0.5762470960617065,0.3973141014575958,0.007042869459837675,0.6396423578262329,0.3965741693973541,0.05924949795007706,0.4857509136199951,0.3513304889202118,-0.10067608207464218,0.4669957160949707,0.34243130683898926,-0.1001669317483902,0.36934351921081543,0.32544559240341187,0.208499938249588,0.4205339550971985,0.3645194172859192,0.05041774734854698,0.494748055934906,0.34962397813796997,-0.008631323464214802,0.48186516761779785,0.3508955240249634,0.0014231873210519552,0.5079094767570496,0.3410298824310303,0.15015068650245667,0.440128892660141,0.34553155303001404,-0.07826638221740723,0.35377854108810425,0.3187640309333801,0.13122782111167908,0.3615192770957947,0.31858035922050476,0.17225268483161926,0.3073357045650482,0.3128962516784668,0.32390689849853516,0.34352976083755493,0.34260645508766174,0.03973890841007233,0.364281564950943,0.35561370849609375,0.1069871187210083,0.6209967136383057,0.3835271894931793,0.0835944190621376,0.6173361539840698,0.44195955991744995,0.347335547208786,0.5002199411392212,0.3653254806995392,-0.017259465530514717,0.4993929862976074,0.37787431478500366,-0.043304432183504105,0.6023572087287903,0.37764060497283936,0.06960637867450714,0.6000829935073853,0.3844727873802185,0.054337117820978165,0.35038870573043823,0.31329724192619324,0.19484715163707733,0.5023236870765686,0.3589341640472412,-0.0010322326561436057,0.34672030806541443,0.3252086639404297,0.08630980551242828,0.33362284302711487,0.3166689872741699,0.08952824026346207,0.2496567964553833,0.3019914925098419,0.17877377569675446,0.32068395614624023,0.302676260471344,0.24937662482261658,0.2734595835208893,0.30585312843322754,0.1327308714389801,0.3589913249015808,0.32373282313346863,0.2403721958398819,0.3483023941516876,0.3175783157348633,0.3009601831436157,0.5520561337471008,0.4184313118457794,-0.05472446605563164,0.564741849899292,0.40112730860710144,-0.02156888321042061,0.5762991905212402,0.3903579115867615,0.008297733031213284,0.5009980201721191,0.37221667170524597,-0.02206278406083584,0.601520299911499,0.3811089098453522,0.060441117733716965,0.6195101737976074,0.3875519931316376,0.03563326969742775,0.5987508893013,0.3872178792953491,0.05128694698214531,0.4927060008049011,0.35677701234817505,-0.046311769634485245,0.5745586156845093,0.4027096927165985,0.006697583012282848,0.5655408501625061,0.4126929044723511,-0.017814911901950836,0.5563919544219971,0.4266930818557739,-0.04330919682979584,0.6613582372665405,0.4390774667263031,-0.035342175513505936,0.6689367294311523,0.43967917561531067,-0.04498720169067383,0.6605650186538696,0.43914926052093506,-0.04441824555397034,0.6474477052688599,0.4392584562301636,-0.0372706837952137,0.6350170969963074,0.44001081585884094,-0.034023988991975784,0.6223441362380981,0.4087231159210205,0.013121823780238628,0.6288384199142456,0.40388479828834534,0.008855527266860008,0.6369597911834717,0.39800137281417847,0.007030278444290161,0.6430400609970093,0.39333784580230713,0.013647152110934258,0.5686442255973816,0.3700408637523651,0.03399879112839699,0.5099298357963562,0.420558363199234,0.4268263578414917,0.6115483045578003,0.3986859619617462,0.036038726568222046,0.6159194707870483,0.39310768246650696,0.03341003879904747,0.5050411820411682,0.3846258521080017,-0.047135304659605026,0.510840654373169,0.3726615309715271,-0.0006401355494745076,0.5024932622909546,0.3812011480331421,-0.04611542075872421,0.44023415446281433,0.36004337668418884,0.07200679183006287,0.4667716324329376,0.34920066595077515,0.0993940681219101,0.4912736415863037,0.35693883895874023,0.01249187532812357,0.2782757878303528,0.30110543966293335,0.25447165966033936,0.2960660457611084,0.29943516850471497,0.19403253495693207,0.3410544693470001,0.310674786567688,0.14663387835025787,0.6498960852622986,0.4071478247642517,0.03260881081223488,0.324963241815567,0.32867860794067383,0.042820222675800323,0.2528753876686096,0.3225981593132019,0.07772019505500793,0.22273951768875122,0.31611236929893494,0.10741406679153442,0.4068513810634613,0.3579007089138031,0.17380531132221222,0.42084959149360657,0.36532703042030334,0.2310214340686798,0.3826027512550354,0.3710389733314514,0.09556110948324203,0.3846612572669983,0.34266507625579834,0.20967420935630798,0.4018441140651703,0.3651629686355591,0.03443462774157524,0.4842909574508667,0.3449877202510834,-0.036695826798677444,0.46530139446258545,0.33811473846435547,0.2704356908798218,0.4362044632434845,0.36437132954597473,0.19945815205574036,0.44396132230758667,0.36434173583984375,0.15576916933059692,0.4349958002567291,0.3693292737007141,0.11590231209993362,0.42090654373168945,0.3738791346549988,0.09041322767734528,0.4092750549316406,0.37459608912467957,0.06791939586400986,0.3657080829143524,0.3641636371612549,-0.005154383834451437,0.5118327140808105,0.34513962268829346,0.25338178873062134,0.38085293769836426,0.34038403630256653,0.23379558324813843,0.49331483244895935,0.36754631996154785,-0.09591741859912872,0.4428229033946991,0.36334243416786194,0.03459587320685387,0.4104989469051361,0.38818424940109253,0.4440038800239563,0.3977683484554291,0.3735412359237671,0.055678728967905045,0.4916078448295593,0.3643398880958557,0.03273598849773407,0.3941965699195862,0.3513808250427246,0.20590615272521973,0.46868062019348145,0.3473595678806305,-0.025379255414009094,0.5633782744407654,0.43175774812698364,0.3945409655570984,0.3776736855506897,0.36960166692733765,0.10678014159202576,0.45261839032173157,0.3443211317062378,-0.0542098730802536,0.6702196598052979,0.4131547808647156,0.17814399302005768,0.6899923086166382,0.4444265067577362,0.21378961205482483,0.5168966054916382,0.3735601305961609,0.33917126059532166,0.6449853777885437,0.4076012969017029,0.23010548949241638,0.37912318110466003,0.33581483364105225,0.3358939588069916,0.7273752689361572,0.44409945607185364,0.031787026673555374,0.49482929706573486,0.38225579261779785,-0.07594980299472809,0.4650084376335144,0.3617456257343292,0.050763197243213654,0.3971092998981476,0.36228883266448975,0.2851056754589081,0.3998987078666687,0.3537856936454773,0.15568700432777405,0.39596766233444214,0.35837626457214355,0.13767868280410767,0.6220308542251587,0.3825833797454834,0.043134063482284546,0.5549607276916504,0.35887351632118225,0.24165794253349304,0.7548789381980896,0.4730354845523834,-0.00690064113587141,0.7328293323516846,0.45162317156791687,0.10053984075784683,0.7153381109237671,0.4474455714225769,0.1529005467891693,0.38968712091445923,0.362630695104599,0.12240607291460037,0.3828612267971039,0.3657423257827759,0.1133105680346489,0.3795304298400879,0.3682941198348999,0.11020076274871826,0.37291017174720764,0.34255391359329224,0.2685818374156952,0.3780022859573364,0.36004287004470825,0.11732771247625351,0.3812457323074341,0.3538551330566406,0.12686733901500702,0.38492828607559204,0.34845444560050964,0.14177843928337097,0.3894719183444977,0.3449295163154602,0.1593475192785263,0.39319247007369995,0.34523460268974304,0.17276373505592346,0.36846980452537537,0.3584405779838562,0.41973593831062317,0.400027871131897,0.35095998644828796,0.17190110683441162,0.5467830300331116,0.37167030572891235,0.005427150521427393,0.49840211868286133,0.36009496450424194,-0.025133246555924416,0.5241856575012207,0.38585036993026733,-0.04576047509908676,0.6940996646881104,0.42227649688720703,0.12814445793628693,0.709481954574585,0.434713214635849,0.08014632016420364,0.7370584011077881,0.4599781930446625,-0.021072352305054665,0.65972501039505,0.4449877142906189,0.2826277017593384,0.3774259090423584,0.3655215799808502,0.11149962246417999,0.4074200987815857,0.35787343978881836,-0.008320718072354794,0.747449517250061,0.45835915207862854,0.046390898525714874,0.5645231008529663,0.3872993588447571,0.31494995951652527,0.6323176622390747,0.4223121106624603,-0.009484360925853252,0.6424072980880737,0.41853559017181396,-0.01211462076753378,0.6534541845321655,0.41496679186820984,-0.014980299398303032,0.6629793643951416,0.4127117097377777,-0.011838091537356377,0.6582954525947571,0.4208477735519409,0.0015573387499898672,0.5871720314025879,0.3898954391479492,0.03370407596230507,0.5882793068885803,0.38376709818840027,0.04070230945944786,0.5880578756332397,0.37835031747817993,0.046385522931814194,0.5949406623840332,0.3737761974334717,0.06591261923313141,0.5585895776748657,0.35636618733406067,0.1719442903995514,0.3822028934955597,0.36499637365341187,0.015749426558613777,0.3630552291870117,0.3649256229400635,0.07232020795345306,0.36829474568367004,0.36531662940979004,0.09855388104915619,0.5851753950119019,0.3946651816368103,0.032237708568573,0.6137739419937134,0.37923115491867065,0.19284489750862122,0.36163562536239624,0.36227256059646606,0.02843843773007393,0.6753872632980347,0.43083682656288147,0.011921847239136696,0.3913317918777466,0.35815075039863586,-0.03264192119240761,0.44687747955322266,0.3557693362236023,-0.00621096882969141,0.680640459060669,0.4466877579689026,-0.030909497290849686,0.648517906665802,0.39823681116104126,0.08021548390388489,0.5148334503173828,0.363949716091156,0.04798406362533569,0.665595531463623,0.414869487285614,0.04704372584819794,0.5280704498291016,0.3507726192474365,0.09562818706035614,0.5447754859924316,0.3624499440193176,0.0649622455239296,0.5689460039138794,0.3589542508125305,0.12169910222291946,0.7102954983711243,0.45047125220298767,-0.027108503505587578,0.461242139339447,0.35956382751464844,0.01513286866247654,0.6683459877967834,0.4043830633163452,0.10683203488588333,0.6844905614852905,0.4223034977912903,0.06471824645996094,0.6251294612884521,0.382881760597229,0.1056821420788765,0.5913187861442566,0.3724777102470398,0.2322147786617279,0.6328805685043335,0.38471800088882446,0.14075039327144623,0.6075394153594971,0.3997125029563904,0.2850722372531891,0.5809457302093506,0.36736929416656494,0.08637498319149017,0.4248146712779999,0.3608981966972351,0.014786497689783573,0.4919692277908325,0.35022199153900146,-0.046119481325149536,0.5000082850456238,0.35400813817977905,-0.02098538726568222,0.47523167729377747,0.3417384624481201,-0.06702858209609985,0.3555530309677124,0.35253989696502686,0.08555766940116882,0.3576687276363373,0.339683473110199,0.10773905366659164,0.36350852251052856,0.3319662809371948,0.13254190981388092,0.37008312344551086,0.3286905884742737,0.16154074668884277,0.3770774006843567,0.33247023820877075,0.18717005848884583,0.3958872854709625,0.3542832136154175,0.22161678969860077,0.468422532081604,0.3617456555366516,0.35292935371398926,0.41956716775894165,0.36058712005615234,0.18626700341701508,0.4229471683502197,0.36263179779052734,0.15509270131587982,0.4174533188343048,0.3674383759498596,0.12567798793315887,0.40691471099853516,0.37224698066711426,0.10327941179275513,0.3973881006240845,0.3739602565765381,0.08438479155302048,0.38941770792007446,0.37413936853408813,0.07366877794265747,0.45775455236434937,0.40869325399398804,0.445878803730011,0.5035351514816284,0.3618846535682678,-0.013078341260552406,0.42940273880958557,0.35186272859573364,-0.028150958940386772,0.4883173108100891,0.3482876121997833,-0.07693856209516525,0.49323737621307373,0.36643847823143005,-0.08241753280162811,0.49134182929992676,0.3567814230918884,-0.06734692305326462,0.5060970783233643,0.3714418411254883,-0.015359143726527691,0.494315505027771,0.3657708764076233,-0.09086228162050247,0.496124267578125,0.3787488341331482,-0.07113616913557053,0.3762306571006775,0.3708794116973877,0.09220104664564133,0.377998948097229,0.3728436827659607,0.06443383544683456,0.38236144185066223,0.3706396818161011,0.040109239518642426,0.39496397972106934,0.34661972522735596,0.18386968970298767,0.38744255900382996,0.3437231779098511,0.19319801032543182,0.2696436047554016,0.4803254306316376,-0.05805264785885811,0.2816253900527954,0.4621516466140747,-0.05805264785885811,0.25391244888305664,0.4767879545688629,-0.05805264785885811,0.2573600709438324,0.4989470839500427,-0.05805264785885811,0.2852333188056946,0.48414963483810425,-0.05805264785885811,0.3714849054813385,0.34842416644096375,0.14449113607406616,0.3783455491065979,0.3422178030014038,0.14449113607406616,0.3572051525115967,0.3420284390449524,0.14449113607406616,0.36426228284835815,0.35483264923095703,0.14449113607406616,0.3851998448371887,0.3549448847770691,0.14449113607406616,0,0,0,0,0,0,1,0,0,0,0,0,0.17512111365795135,0.08324253559112549,0.12083035707473755,0.05981963500380516,0.022158421576023102,0.058559928089380264,0.043581508100032806,0.05976076424121857,0.08476853370666504,0.1001686304807663,0.7156695127487183,0.25563138723373413,Sadness,-13.218039512634277,-23.12237548828125
193,6.433333333333334,31.719913033467204,3.2492159629075403,0.3569206600760256,0.5996556878089905,0.4594912827014923,-0.09785450249910355,0.5693435668945312,0.38684502243995667,-0.12967649102210999,0.5587467551231384,0.4282131791114807,-0.08493431657552719,0.48038938641548157,0.3846399784088135,-0.09391244500875473,0.5535112023353577,0.37443557381629944,-0.1305154711008072,0.5243610143661499,0.37119507789611816,-0.1123085469007492,0.44119036197662354,0.3702540993690491,-0.02605116367340088,0.23936806619167328,0.48518800735473633,-0.06650374084711075,0.40147578716278076,0.3578106760978699,0.010011203587055206,0.38424405455589294,0.3435174226760864,0.01844158209860325,0.2984028160572052,0.3050232529640198,0.08469357341527939,0.6073158383369446,0.4659907817840576,-0.09773018211126328,0.6143425703048706,0.4739137887954712,-0.09348586201667786,0.6181652545928955,0.48016321659088135,-0.0873214527964592,0.6191067099571228,0.48110175132751465,-0.07576274126768112,0.6278622150421143,0.48679953813552856,-0.08350615203380585,0.6363834738731384,0.49452823400497437,-0.09138017147779465,0.6419875025749207,0.502587616443634,-0.09081953763961792,0.6803356409072876,0.5360192060470581,-0.07841136306524277,0.571139395236969,0.40229496359825134,-0.12181800603866577,0.5410021543502808,0.42550668120384216,-0.10713007301092148,0.05743199586868286,0.5418797731399536,-0.00924448948353529,0.3180624842643738,0.4553634524345398,-0.04562553018331528,0.29830512404441833,0.469586044549942,-0.06282246857881546,0.2748780846595764,0.48383092880249023,-0.07331152260303497,0.22760553658008575,0.4995834529399872,-0.07535096257925034,0.3328077495098114,0.4412378668785095,-0.024700606241822243,0.24844735860824585,0.43732959032058716,-0.05876608192920685,0.2756500244140625,0.42391902208328247,-0.03497445955872536,0.22393663227558136,0.45534202456474304,-0.07128184288740158,0.2096298635005951,0.4723252058029175,-0.07501328736543655,0.21669641137123108,0.5230372548103333,-0.08081274479627609,0.6103945970535278,0.6178416609764099,-0.12334737926721573,0.22165411710739136,0.4898228049278259,-0.06468094140291214,0.12193113565444946,0.5980736017227173,-0.03859735280275345,0.17181971669197083,0.5370098352432251,-0.07308655977249146,0.39941468834877014,0.4983910918235779,-0.1070624440908432,0.5694609880447388,0.4765709936618805,-0.11603589355945587,0.5892874002456665,0.49111050367355347,-0.10980374366044998,0.5423814654350281,0.501433253288269,-0.12633971869945526,0.526523232460022,0.5192968845367432,-0.12391047924757004,0.5647204518318176,0.5073748230934143,-0.1174284815788269,0.546467125415802,0.5203719735145569,-0.11218499392271042,0.5139174461364746,0.5894831418991089,-0.11428692936897278,0.5517454743385315,0.3979697525501251,-0.1392764300107956,0.5338583588600159,0.3882138133049011,-0.14185817539691925,0.15917983651161194,0.4830228388309479,-0.08860687166452408,0.40097326040267944,0.44498342275619507,-0.0585329644382,0.4720466136932373,0.45701178908348083,-0.12428075075149536,0.4553937613964081,0.4571647644042969,-0.11558671295642853,0.3193725645542145,0.550381600856781,-0.13593000173568726,0.507160484790802,0.3846321105957031,-0.12373489886522293,0.2148752212524414,0.42278051376342773,-0.071009561419487,0.18087232112884521,0.4523925483226776,-0.08472951501607895,0.07369422912597656,0.487813264131546,-0.015537291765213013,0.33394598960876465,0.37254798412323,-0.018651112914085388,0.3024422526359558,0.41682589054107666,-0.014088042080402374,0.473884642124176,0.5843996405601501,-0.12270211428403854,0.2932276129722595,0.7409635782241821,-0.05487139895558357,0.49649012088775635,0.4551367461681366,-0.10545829683542252,0.5187023878097534,0.4471888840198517,-0.09389683604240417,0.5163488388061523,0.543348491191864,-0.10895498096942902,0.5229774713516235,0.5390616059303284,-0.10327883809804916,0.15508905053138733,0.45575547218322754,-0.07676716148853302,0.47095003724098206,0.47031131386756897,-0.11490108072757721,0.26382797956466675,0.39572572708129883,-0.04824003204703331,0.2512984275817871,0.388302743434906,-0.04805240035057068,0.1699478179216385,0.38088732957839966,-4.526964039541781e-05,0.1283092051744461,0.46732157468795776,-0.04654776304960251,0.2215086817741394,0.37914741039276123,-0.02125515043735504,0.13211722671985626,0.493005633354187,-0.07679345458745956,0.10831588506698608,0.5148602724075317,-0.03891174867749214,0.5797256231307983,0.48423147201538086,-0.11559528112411499,0.5538386702537537,0.5046395063400269,-0.12295971810817719,0.5366690754890442,0.5198848247528076,-0.119380883872509,0.5025091171264648,0.456911563873291,-0.0967114269733429,0.519989013671875,0.5411285758018494,-0.1049344539642334,0.5353189706802368,0.5384169220924377,-0.10637155175209045,0.5257644653320312,0.5372180342674255,-0.10195343941450119,0.5152492523193359,0.429837167263031,-0.12993375957012177,0.5532937049865723,0.5201696157455444,-0.10814043134450912,0.572260856628418,0.5088539719581604,-0.10955020040273666,0.5948493480682373,0.49525201320648193,-0.10422676056623459,0.6441683769226074,0.5581979155540466,-0.09683675318956375,0.6120567917823792,0.5207769870758057,-0.1097196415066719,0.6075631976127625,0.5119249224662781,-0.10957350581884384,0.6013821959495544,0.5028097033500671,-0.10144620388746262,0.5960543155670166,0.49639755487442017,-0.09291260689496994,0.5548934936523438,0.5214002132415771,-0.09920226782560349,0.5546156167984009,0.5267021656036377,-0.10492640733718872,0.5538263320922852,0.5338633060455322,-0.11120760440826416,0.5531392097473145,0.5413125157356262,-0.11296611279249191,0.4764792323112488,0.5283641815185547,-0.12232968211174011,0.16261368989944458,0.6996278762817383,-0.00438874214887619,0.564940333366394,0.41562581062316895,-0.09684565663337708,0.5400243997573853,0.5295109748840332,-0.0990452915430069,0.5380845665931702,0.5334538817405701,-0.10318110138177872,0.5311585664749146,0.4478941559791565,-0.09865199029445648,0.48224112391471863,0.47869256138801575,-0.09398037940263748,0.525607705116272,0.44727158546447754,-0.09622373431921005,0.3852851092815399,0.467102587223053,-0.0760645717382431,0.35971498489379883,0.4961685538291931,-0.1030409038066864,0.453614741563797,0.47016870975494385,-0.10832329094409943,0.1101338267326355,0.4340628981590271,-0.014719824306666851,0.1648293137550354,0.4225538969039917,-0.03973637521266937,0.19609442353248596,0.420116662979126,-0.0655469223856926,0.5530011653900146,0.5856723785400391,-0.11453396081924438,0.31395480036735535,0.35924357175827026,-0.020045550540089607,0.27590858936309814,0.34681281447410583,0.008651071228086948,0.23105677962303162,0.3401409983634949,0.03479206934571266,0.2486521601676941,0.4951530992984772,-0.0771932452917099,0.19788169860839844,0.551220715045929,-0.09131123870611191,0.340639591217041,0.43026167154312134,-0.01221994124352932,0.1857900768518448,0.4979174733161926,-0.07912492752075195,0.4092242121696472,0.4254474639892578,-0.051076747477054596,0.48934847116470337,0.43272900581359863,-0.1327948272228241,0.19686588644981384,0.5847184658050537,-0.09793662279844284,0.2320782095193863,0.5432172417640686,-0.10689007490873337,0.27574318647384644,0.523666501045227,-0.1050863265991211,0.32030707597732544,0.4920446574687958,-0.08311949670314789,0.34591951966285706,0.46708613634109497,-0.05896272882819176,0.36470574140548706,0.44624295830726624,-0.04168834164738655,0.42411768436431885,0.3860369622707367,-0.037747520953416824,0.23754505813121796,0.6069437861442566,-0.12062902003526688,0.16137592494487762,0.5120049118995667,-0.08130943775177002,0.5608949065208435,0.4078807234764099,-0.12992186844348907,0.42387062311172485,0.4496256709098816,-0.07489603757858276,0.08232465386390686,0.6368874907493591,0.013859860599040985,0.37775054574012756,0.42769327759742737,-0.02735123224556446,0.44509434700012207,0.4801810681819916,-0.08656207472085953,0.2076379507780075,0.4980938136577606,-0.06925380975008011,0.4703265130519867,0.4334472417831421,-0.12052803486585617,0.21847783029079437,0.7249916791915894,-0.02567729540169239,0.33418744802474976,0.42710840702056885,-0.004682513885200024,0.4883235692977905,0.4061821699142456,-0.12667812407016754,0.4398970305919647,0.6878184080123901,-0.11681058257818222,0.4493030607700348,0.7234164476394653,-0.10461706668138504,0.19299925863742828,0.658675491809845,-0.06466641277074814,0.3716391921043396,0.7013266086578369,-0.11137140542268753,0.10857158899307251,0.556313157081604,-0.03231436759233475,0.6262709498405457,0.6394356489181519,-0.12717491388320923,0.5562694668769836,0.4200358986854553,-0.10094016045331955,0.41266146302223206,0.4732308089733124,-0.08571939915418625,0.14339223504066467,0.5595991611480713,-0.0694383755326271,0.2725546061992645,0.4717152416706085,-0.06422249972820282,0.2931715250015259,0.46092382073402405,-0.05590476468205452,0.5321606397628784,0.5437477827072144,-0.1088501438498497,0.27444374561309814,0.6357292532920837,-0.12381117790937424,0.6995223760604858,0.6295814514160156,-0.11382359266281128,0.5869995951652527,0.6806444525718689,-0.11644567549228668,0.5271700024604797,0.7015995383262634,-0.11196242272853851,0.3343428373336792,0.3181036114692688,0.05111773684620857,0.7464608550071716,0.5977359414100647,-0.0814928263425827,0.3082546889781952,0.450650155544281,-0.04082202538847923,0.32149434089660645,0.43936434388160706,-0.02464648149907589,0.3301730453968048,0.4315163493156433,-0.01114178728312254,0.13209564983844757,0.528117299079895,-0.07064824551343918,0.30864596366882324,0.4309409558773041,-0.021489553153514862,0.28743329644203186,0.4393073320388794,-0.036771148443222046,0.26771974563598633,0.4502387046813965,-0.051161643117666245,0.24795834720134735,0.4641595780849457,-0.06224987283349037,0.2355126589536667,0.4752908945083618,-0.06559401005506516,0.059373050928115845,0.5891249775886536,0.006123353261500597,0.25524288415908813,0.47939884662628174,-0.06699308007955551,0.5689705014228821,0.4357558488845825,-0.08426201343536377,0.49177080392837524,0.5019640326499939,-0.11740931868553162,0.49799448251724243,0.44881516695022583,-0.10955500602722168,0.5388904809951782,0.4582293927669525,-0.10524260252714157,0.4154483377933502,0.3683621883392334,0.0011718349996954203,0.506446361541748,0.6749215126037598,-0.11614618450403214,0.564655065536499,0.6599617004394531,-0.12019964307546616,0.6868143677711487,0.6113130450248718,-0.12202190607786179,0.37412700057029724,0.7383254766464233,-0.08414209634065628,0.3259827494621277,0.42771971225738525,-0.011472477577626705,0.4427708089351654,0.4050843119621277,-0.06813061982393265,0.7363183498382568,0.5792438983917236,-0.09143856167793274,0.6453326940536499,0.6565598249435425,-0.12371878325939178,0.24038206040859222,0.6860068440437317,-0.07774326950311661,0.5738714337348938,0.5102896690368652,-0.09903465956449509,0.5759067535400391,0.516495406627655,-0.10648307204246521,0.5787177681922913,0.5249053835868835,-0.11351099610328674,0.5817676186561584,0.5338072180747986,-0.11499804258346558,0.5970463752746582,0.5761372447013855,-0.11256435513496399,0.533007025718689,0.5304927825927734,-0.10843455791473389,0.5254181623458862,0.5319831967353821,-0.11373519897460938,0.5176220536231995,0.5328984260559082,-0.1180896908044815,0.46969640254974365,0.556716799736023,-0.12472449988126755,0.3303237557411194,0.6028722524642944,-0.1412942260503769,0.41622471809387207,0.40452781319618225,-0.0414939746260643,0.3469856083393097,0.40420567989349365,0.0072100283578038216,0.3306511640548706,0.4162779152393341,-0.0020748728420585394,0.5391556024551392,0.5286580324172974,-0.10505560040473938,0.3650692403316498,0.6532019972801208,-0.1284167766571045,0.3767777979373932,0.38679319620132446,-0.007101964205503464,0.5992487668991089,0.5982483625411987,-0.11500025540590286,0.4957905411720276,0.3718104958534241,-0.08213528990745544,0.45321887731552124,0.3858492970466614,-0.06412623822689056,0.46925032138824463,0.3715580105781555,-0.0520746186375618,0.45359426736831665,0.4299776554107666,-0.08952312916517258,0.7189133167266846,0.5616200566291809,-0.0934191346168518,0.6958861351013184,0.5480540990829468,-0.08469969034194946,0.6541104912757874,0.5749226212501526,-0.10511702299118042,0.5000416040420532,0.6110236048698425,-0.11990758031606674,0.43804749846458435,0.5032589435577393,-0.10024676471948624,0.5487980842590332,0.6100501418113708,-0.11749617010354996,0.3824951648712158,0.5376788973808289,-0.13218629360198975,0.43432867527008057,0.5294477939605713,-0.11905648559331894,0.3859414756298065,0.5792005062103271,-0.1391962766647339,0.6711256504058838,0.5920105576515198,-0.12076999247074127,0.4414668083190918,0.4524948000907898,-0.08933829516172409,0.4953932762145996,0.6418662071228027,-0.12324880808591843,0.5528119206428528,0.6330846548080444,-0.12009502202272415,0.4555474817752838,0.6031392812728882,-0.13175442814826965,0.3108643889427185,0.6599557399749756,-0.12198451161384583,0.42576754093170166,0.6369438171386719,-0.13262759149074554,0.29742974042892456,0.7032784223556519,-0.09423024952411652,0.4352817237377167,0.5625110268592834,-0.1303342580795288,0.43319734930992126,0.4274590015411377,-0.07125375419855118,0.506688117980957,0.4311383068561554,-0.13573414087295532,0.4866981506347656,0.4545070230960846,-0.12104376405477524,0.5120654106140137,0.40864530205726624,-0.14122968912124634,0.31604352593421936,0.401032030582428,-0.008222759701311588,0.27217230200767517,0.4134387969970703,-0.03692368417978287,0.2376294732093811,0.43088483810424805,-0.062241602689027786,0.209407240152359,0.45305633544921875,-0.07876189798116684,0.1901920586824417,0.47532618045806885,-0.08359549939632416,0.19243746995925903,0.5159753561019897,-0.07222836464643478,0.15367959439754486,0.6297416687011719,-0.05556448921561241,0.2397947609424591,0.5167554616928101,-0.08538833260536194,0.27337199449539185,0.5030187964439392,-0.0821295902132988,0.3059324026107788,0.4819859564304352,-0.06951358169317245,0.3312412202358246,0.4610030949115753,-0.048474378883838654,0.34814226627349854,0.4435548782348633,-0.02777496911585331,0.3604104816913605,0.42970705032348633,-0.014955966733396053,0.11905421316623688,0.6706644296646118,0.01078772358596325,0.4858705997467041,0.46337446570396423,-0.11112511903047562,0.4669329524040222,0.4046871066093445,-0.09446354955434799,0.5314918160438538,0.41117167472839355,-0.14011995494365692,0.5442845821380615,0.417025625705719,-0.12502340972423553,0.5296930074691772,0.41913020610809326,-0.1308470070362091,0.49201804399490356,0.46779879927635193,-0.09953516721725464,0.55197674036026,0.4127454161643982,-0.1290912628173828,0.5488237738609314,0.42392128705978394,-0.1039428785443306,0.34384873509407043,0.42144057154655457,0.001041402225382626,0.3651944100856781,0.4150495231151581,-0.0014650765806436539,0.38211172819137573,0.4093261957168579,-0.01471067126840353,0.22815915942192078,0.4830227792263031,-0.06642181426286697,0.2021399736404419,0.48768115043640137,-0.07390256971120834,0.5109875798225403,0.36648035049438477,-0.05711537227034569,0.49648040533065796,0.3366774618625641,0.19920876622200012,0.5735408067703247,0.4058808386325836,-0.07934453338384628,0.45271435379981995,0.32582053542137146,0.4173245429992676,0.47921180725097656,0.3612546920776367,0.12580153346061707,0.49142760038375854,0.3560793399810791,0.14348646998405457,0.5020762085914612,0.3508729338645935,0.1643698662519455,0.5063580870628357,0.3386010527610779,0.20526523888111115,0.46674227714538574,0.36439526081085205,0.11075351387262344,0.45484983921051025,0.32344067096710205,0.15386220812797546,0.44363078474998474,0.331394761800766,0.1332046091556549,0.46909037232398987,0.3194240927696228,0.17492040991783142,0.482303649187088,0.3205288052558899,0.19182220101356506,0.5270994305610657,0.3422313332557678,0.22091834247112274,0.7451626062393188,0.5200085639953613,0.003251223359256983,0.49671241641044617,0.3320704996585846,0.2130662202835083,0.5237722992897034,0.36337810754776,0.3786828815937042,0.5252174139022827,0.33122360706329346,0.2665325701236725,0.5880895853042603,0.38487499952316284,0.06668136268854141,0.6197162866592407,0.4423310160636902,-0.07169055193662643,0.632806658744812,0.4606494903564453,-0.06903091073036194,0.6407890915870667,0.43203306198120117,-0.03443276137113571,0.6550382375717163,0.427634596824646,0.0036159739829599857,0.6453748941421509,0.45054885745048523,-0.03758479282259941,0.6542590856552124,0.44358116388320923,-0.004583380650728941,0.7036489248275757,0.4647867679595947,0.051429033279418945,0.5808424353599548,0.38076600432395935,-0.11546236276626587,0.5672638416290283,0.36839407682418823,-0.11348880082368851,0.48368537425994873,0.3047429919242859,0.22810488939285278,0.513870120048523,0.377845823764801,0.053646672517061234,0.5916743278503418,0.3811362385749817,-0.018411627039313316,0.5795072913169861,0.3789568245410919,-0.006460497621446848,0.6160445213317871,0.3736433982849121,0.15135328471660614,0.5393298864364624,0.3654109835624695,-0.08741635829210281,0.4431643486022949,0.30335187911987305,0.1502806693315506,0.46315932273864746,0.3005266785621643,0.19194673001766205,0.4351949095726013,0.29895299673080444,0.3659088611602783,0.4121387004852295,0.3381373882293701,0.054605454206466675,0.43862995505332947,0.3419039249420166,0.12275253981351852,0.6903842687606812,0.44524842500686646,0.07787487655878067,0.6582826375961304,0.49985286593437195,0.3489920496940613,0.5858534574508667,0.39740893244743347,-0.02727258764207363,0.5767844319343567,0.40935078263282776,-0.05505678057670593,0.6721550822257996,0.43002933263778687,0.0645592138171196,0.6672321557998657,0.4337032437324524,0.04891098290681839,0.4579480290412903,0.2919936180114746,0.21758729219436646,0.5935481786727905,0.3916809558868408,-0.011002619750797749,0.4253465235233307,0.3144638240337372,0.103730708360672,0.4154893159866333,0.30512160062789917,0.10848581045866013,0.38280215859413147,0.2763636112213135,0.21918179094791412,0.4545629620552063,0.2946006953716278,0.2786508798599243,0.4040616452693939,0.28774404525756836,0.15980498492717743,0.482697457075119,0.29838287830352783,0.2631916403770447,0.4739651083946228,0.31420785188674927,0.3303990066051483,0.6274078488349915,0.4510807991027832,-0.071739062666893,0.643997311592102,0.4413747787475586,-0.03660944476723671,0.6553076505661011,0.4354962110519409,-0.003048801561817527,0.5825236439704895,0.40414005517959595,-0.03228972479701042,0.6696650981903076,0.4319636821746826,0.05535981059074402,0.6701635122299194,0.4406535029411316,0.02834594063460827,0.6651269197463989,0.43531763553619385,0.045676521956920624,0.5843472480773926,0.387217253446579,-0.0581313818693161,0.6521463394165039,0.45016729831695557,-0.005863184109330177,0.6451939344406128,0.4580531418323517,-0.03408896178007126,0.6344187259674072,0.46795162558555603,-0.062397751957178116,0.703658938407898,0.517612636089325,-0.05538453906774521,0.6620391607284546,0.4849620461463928,-0.06487458199262619,0.6551973819732666,0.47775161266326904,-0.06382408738136292,0.6446462869644165,0.4717561900615692,-0.05535673722624779,0.6349050998687744,0.46890947222709656,-0.049740392714738846,0.6520066261291504,0.4508276581764221,0.003461736487224698,0.6605791449546814,0.45017582178115845,-0.0020570128690451384,0.6695040464401245,0.45038700103759766,-0.00465213879942894,0.6774719953536987,0.4519674777984619,0.0026994270738214254,0.6488650441169739,0.4180992841720581,0.025717156007885933,0.5697537660598755,0.44836631417274475,0.4471176862716675,0.6572719812393188,0.44373583793640137,0.02959183230996132,0.6640196442604065,0.44204649329185486,0.026144620031118393,0.578438401222229,0.41672927141189575,-0.06027332693338394,0.5930583477020264,0.40634965896606445,-0.010427668690681458,0.5778335332870483,0.4130474030971527,-0.058502789586782455,0.5361547470092773,0.37742525339126587,0.07439024746417999,0.5691249370574951,0.37274038791656494,0.10116339474916458,0.5850730538368225,0.387155681848526,0.004550722427666187,0.4123786389827728,0.28157949447631836,0.2961878478527069,0.4305269718170166,0.28658005595207214,0.22251345217227936,0.43493717908859253,0.29383185505867004,0.16851933300495148,0.7106212377548218,0.48015111684799194,0.021993402391672134,0.396199107170105,0.3224797546863556,0.06032942235469818,0.37418118119239807,0.2986445128917694,0.10319725424051285,0.3474319279193878,0.28381597995758057,0.14516125619411469,0.5072547197341919,0.3446394205093384,0.1868731528520584,0.548723578453064,0.3445640504360199,0.24465002119541168,0.45700132846832275,0.3649689853191376,0.10857205837965012,0.49834007024765015,0.32118555903434753,0.22783537209033966,0.4949585795402527,0.3746477961540222,0.03830673173069954,0.5839980840682983,0.37431544065475464,-0.04741218313574791,0.5773704051971436,0.3611522912979126,0.2844240963459015,0.5557998418807983,0.35348403453826904,0.20946232974529266,0.5510456562042236,0.3634060025215149,0.1630050390958786,0.5285400152206421,0.3728178143501282,0.12212985754013062,0.5062984824180603,0.3765355944633484,0.09655458480119705,0.4884824752807617,0.37790465354919434,0.07456893473863602,0.4595252573490143,0.36552828550338745,0.0004627621383406222,0.6185064315795898,0.37811243534088135,0.26117777824401855,0.504037082195282,0.3170742988586426,0.25332146883010864,0.5779699087142944,0.3979876935482025,-0.11094524711370468,0.5355944037437439,0.38143056631088257,0.03368555009365082,0.493134081363678,0.39327162504196167,0.47755253314971924,0.47249719500541687,0.37700381875038147,0.06347344070672989,0.5811100006103516,0.3939720392227173,0.027093658223748207,0.501218318939209,0.3305969834327698,0.22279523313045502,0.5685991644859314,0.3726763129234314,-0.033965226262807846,0.6130267381668091,0.47397249937057495,0.4062679708003998,0.4500146806240082,0.3619721233844757,0.12202109396457672,0.5533583760261536,0.3669722080230713,-0.06315574795007706,0.7250546813011169,0.48975446820259094,0.1699295938014984,0.7261146306991577,0.5246409773826599,0.20267891883850098,0.6056610345840454,0.4067321717739105,0.3523460328578949,0.7053388357162476,0.47639232873916626,0.22537760436534882,0.49394917488098145,0.33863621950149536,0.3637869656085968,0.7635117769241333,0.5356919765472412,0.009438670240342617,0.570106565952301,0.41202718019485474,-0.089506596326828,0.5582399368286133,0.3850899338722229,0.048793137073516846,0.5342919230461121,0.3315752148628235,0.30474546551704407,0.49000799655914307,0.3446178436279297,0.16937986016273499,0.48139330744743347,0.350019633769989,0.15083029866218567,0.675767183303833,0.4397902190685272,0.035897959023714066,0.6514174342155457,0.402469277381897,0.24423719942569733,0.7720315456390381,0.5712831616401672,-0.033456768840551376,0.764678955078125,0.5434699654579163,0.0822148323059082,0.7495771646499634,0.5348649621009827,0.13828441500663757,0.47127437591552734,0.3546382188796997,0.13560424745082855,0.4605158269405365,0.3585657477378845,0.12724997103214264,0.4536725878715515,0.3610333800315857,0.12521713972091675,0.506180465221405,0.3131370544433594,0.29042279720306396,0.4508022367954254,0.3500036597251892,0.13294152915477753,0.45678526163101196,0.3417130708694458,0.14217883348464966,0.4660315215587616,0.335288405418396,0.1570216566324234,0.4774397313594818,0.3316354751586914,0.17455624043941498,0.48662859201431274,0.3312390446662903,0.1883450746536255,0.4689823389053345,0.3560184836387634,0.45774412155151367,0.4943687617778778,0.34041333198547363,0.18643967807292938,0.6268801689147949,0.414276123046875,-0.005360650364309549,0.5874132513999939,0.39187347888946533,-0.03523635119199753,0.5943906307220459,0.42242154479026794,-0.05954732000827789,0.7432143092155457,0.5057148933410645,0.11595254391431808,0.7517255544662476,0.5213450789451599,0.06285721063613892,0.7622364163398743,0.5542811155319214,-0.047607555985450745,0.6971593499183655,0.5160114765167236,0.27589672803878784,0.4498465359210968,0.35764726996421814,0.1269502192735672,0.50304114818573,0.36950603127479553,-0.007857812568545341,0.7744454741477966,0.5542840361595154,0.024176975712180138,0.6423316597938538,0.43300193548202515,0.3218449354171753,0.6454175114631653,0.45887282490730286,-0.02228797972202301,0.6549783945083618,0.4596981406211853,-0.026797663420438766,0.6653223037719727,0.4628143012523651,-0.030013805255293846,0.6738124489784241,0.4680444002151489,-0.026508009061217308,0.7125192284584045,0.49753516912460327,-0.013333693146705627,0.6610504388809204,0.43787339329719543,0.02600179798901081,0.6639935374259949,0.4324382543563843,0.03360573202371597,0.6657516956329346,0.42688459157943726,0.03953608497977257,0.6713495254516602,0.4282819330692291,0.060120537877082825,0.6558982133865356,0.4013238549232483,0.17037706077098846,0.4754164218902588,0.36996716260910034,0.02068597637116909,0.43456628918647766,0.3572508692741394,0.08678911626338959,0.4408404529094696,0.3554484248161316,0.11381638795137405,0.6576305031776428,0.44329002499580383,0.023943811655044556,0.6933590173721313,0.44016602635383606,0.1892520785331726,0.4302895963191986,0.3614688217639923,0.040060944855213165,0.723673939704895,0.5097674131393433,-0.0048604789189994335,0.48655736446380615,0.36619263887405396,-0.03162320703268051,0.5426860451698303,0.3758123517036438,-0.010317848064005375,0.7190415859222412,0.5282687544822693,-0.052543915808200836,0.7120641469955444,0.46962857246398926,0.07198689877986908,0.6037591695785522,0.3998103737831116,0.04237968474626541,0.72163987159729,0.49085068702697754,0.034804150462150574,0.627121090888977,0.38968992233276367,0.0920233502984047,0.6330005526542664,0.4060670733451843,0.05974288284778595,0.6609494090080261,0.4081537127494812,0.11783643066883087,0.7442035675048828,0.5388506650924683,-0.05115174129605293,0.5550246238708496,0.3819598853588104,0.010809293948113918,0.7289341688156128,0.48164382576942444,0.09694720804691315,0.735805869102478,0.5029430389404297,0.04982053488492966,0.6965950727462769,0.44728943705558777,0.09961437433958054,0.6768326163291931,0.4266045093536377,0.23174765706062317,0.7062164545059204,0.45182371139526367,0.13463589549064636,0.6750472784042358,0.4575411081314087,0.28574055433273315,0.6629753112792969,0.41972029209136963,0.08127880096435547,0.5189378261566162,0.3757941424846649,0.014605147764086723,0.5876769423484802,0.3809639811515808,-0.05783367529511452,0.5931483507156372,0.38661283254623413,-0.03178028017282486,0.576580286026001,0.3693768382072449,-0.07909660041332245,0.4283146560192108,0.34184664487838745,0.10186821967363358,0.43666547536849976,0.32507646083831787,0.12513785064220428,0.45115938782691956,0.3154212236404419,0.15014004707336426,0.46789440512657166,0.31161999702453613,0.1789160817861557,0.4832339882850647,0.3134539723396301,0.20500244200229645,0.5127220153808594,0.33163338899612427,0.2389134168624878,0.5665199756622314,0.3836095929145813,0.37197205424308777,0.5289095044136047,0.3487873673439026,0.19814907014369965,0.5239381194114685,0.3569256067276001,0.16548886895179749,0.5091431736946106,0.3639868497848511,0.13474825024604797,0.49126577377319336,0.3688139319419861,0.11243543773889542,0.4760979413986206,0.3713352382183075,0.09389973431825638,0.46456655859947205,0.3720983862876892,0.08383014798164368,0.5274605751037598,0.42321351170539856,0.4732986390590668,0.591854453086853,0.3948150873184204,-0.023486070334911346,0.5270218849182129,0.3688863515853882,-0.032179854810237885,0.5852979421615601,0.37858667969703674,-0.09039250016212463,0.5781456232070923,0.3969961702823639,-0.09633732587099075,0.5828906297683716,0.38700997829437256,-0.08019500225782394,0.5886821746826172,0.4043172597885132,-0.025949720293283463,0.5798376798629761,0.3965914845466614,-0.10547353327274323,0.5732839107513428,0.4090569019317627,-0.08433783799409866,0.4482772648334503,0.3637511134147644,0.10635910928249359,0.45028069615364075,0.3692333996295929,0.0759786069393158,0.45392730832099915,0.3723413348197937,0.04924576357007027,0.49263253808021545,0.33170902729034424,0.19993312656879425,0.49311530590057373,0.3237607181072235,0.2098044753074646,0.26931828260421753,0.4664185643196106,-0.044672396034002304,0.2923021614551544,0.4516512155532837,-0.044672396034002304,0.25501197576522827,0.4574354887008667,-0.044672396034002304,0.24577569961547852,0.4812788963317871,-0.044672396034002304,0.2833482325077057,0.47523167729377747,-0.044672396034002304,0.463025838136673,0.3447359502315521,0.1594339907169342,0.474603533744812,0.3383295238018036,0.1594339907169342,0.4486524760723114,0.3356779217720032,0.1594339907169342,0.4511778950691223,0.3506317138671875,0.1594339907169342,0.47726497054100037,0.35368573665618896,0.1594339907169342,0,0,0,0,0,1,1,0,0,0,0,0,0.045225389301776886,0.049703583121299744,0.06457148492336273,0.05600627511739731,0.026879791170358658,0.04179522767663002,0.10021387040615082,0.08946681022644043,0.07601803541183472,0.09984734654426575,1.0272761583328247,0.23632580041885376,Neutral,10.731415748596191,-10.876786231994629
194,6.466666666666667,28.665434163414147,-2.264780435687977,0.3572212084089568,0.5700505375862122,0.4384489059448242,-0.11020255088806152,0.5420786142349243,0.3876436948776245,-0.14065809547901154,0.5439637899398804,0.4291056990623474,-0.094037726521492,0.4542423188686371,0.38812869787216187,-0.09561413526535034,0.5238074064254761,0.37550315260887146,-0.14064325392246246,0.4954555034637451,0.3724799156188965,-0.11963360756635666,0.4181934893131256,0.3732758164405823,-0.02265915833413601,0.22915247082710266,0.5006620287895203,-0.04436149448156357,0.377620130777359,0.36168569326400757,0.018755760043859482,0.3572543263435364,0.34797269105911255,0.02985181100666523,0.26777756214141846,0.31178900599479675,0.1048971489071846,0.5799582004547119,0.445138543844223,-0.11061561107635498,0.5891624093055725,0.4534934163093567,-0.10651812702417374,0.5944697856903076,0.460590124130249,-0.10004187375307083,0.6066692471504211,0.4666587710380554,-0.08669746667146683,0.6186085343360901,0.4732268452644348,-0.09535165131092072,0.6302015781402588,0.4817964434623718,-0.1044357493519783,0.6391156911849976,0.4913131594657898,-0.10456669330596924,0.6911174654960632,0.540003776550293,-0.09272406250238419,0.5481223464012146,0.4030495285987854,-0.13274163007736206,0.5220584869384766,0.4285678267478943,-0.11487121134996414,0.059544503688812256,0.5717120170593262,0.03828031197190285,0.3112219572067261,0.4662850499153137,-0.030484089627861977,0.29281893372535706,0.4814296066761017,-0.04627867415547371,0.27024590969085693,0.49706128239631653,-0.05492350459098816,0.21850287914276123,0.5161418914794922,-0.05303817614912987,0.3238166570663452,0.4518725574016571,-0.01076700072735548,0.23865912854671478,0.4526960253715515,-0.03945621848106384,0.26502126455307007,0.43781977891921997,-0.017177628353238106,0.21516911685466766,0.4715747833251953,-0.050378430634737015,0.20116877555847168,0.48895394802093506,-0.05268796905875206,0.2110959142446518,0.5414678454399109,-0.057789117097854614,0.6261554956436157,0.6311899423599243,-0.13401754200458527,0.20931053161621094,0.5066177248954773,-0.04104179888963699,0.13051259517669678,0.6287930607795715,-0.0011384101817384362,0.16106408834457397,0.5599625706672668,-0.045132968574762344,0.38876572251319885,0.5122105479240417,-0.10157997161149979,0.5393819212913513,0.4593223035335541,-0.12605197727680206,0.5647954940795898,0.47381651401519775,-0.12083762139081955,0.5157585144042969,0.4890797436237335,-0.13389703631401062,0.5031698346138,0.5094141960144043,-0.12931209802627563,0.5426344275474548,0.4932624399662018,-0.1260811686515808,0.5264805555343628,0.5083972215652466,-0.11891528964042664,0.5189371705055237,0.6035876870155334,-0.11891674995422363,0.5250772833824158,0.40054744482040405,-0.1490580439567566,0.5050836801528931,0.39117830991744995,-0.15047064423561096,0.14691635966300964,0.5055890083312988,-0.06109556183218956,0.38553541898727417,0.45504316687583923,-0.05116698518395424,0.45420920848846436,0.46532392501831055,-0.12591002881526947,0.43856820464134216,0.46577292680740356,-0.11584454774856567,0.3138882517814636,0.571377694606781,-0.1235685646533966,0.47909942269325256,0.3877826929092407,-0.12901125848293304,0.2042083740234375,0.44155189394950867,-0.049264416098594666,0.16946455836296082,0.4734276533126831,-0.0595785416662693,0.06540870666503906,0.5147616863250732,0.02934032864868641,0.3282134532928467,0.38310426473617554,-0.005910143721848726,0.2908220589160919,0.4292653203010559,0.002533359220251441,0.476511687040329,0.599962592124939,-0.12365802377462387,0.33059847354888916,0.7712275385856628,-0.02968684397637844,0.4797958731651306,0.46184608340263367,-0.1083664819598198,0.5031074285507202,0.4518924951553345,-0.09993383288383484,0.4995355010032654,0.5345829725265503,-0.11149965971708298,0.5070229768753052,0.5292174816131592,-0.10724187642335892,0.13833175599575043,0.4788616895675659,-0.04811764508485794,0.45645737648010254,0.47894251346588135,-0.11659862846136093,0.25600436329841614,0.41135478019714355,-0.030516404658555984,0.24004694819450378,0.4036354720592499,-0.028671273961663246,0.14388920366764069,0.3990689516067505,0.032968103885650635,0.11389631032943726,0.49263685941696167,-0.010763422586023808,0.19404980540275574,0.3960059583187103,0.005817200988531113,0.11567807197570801,0.5173035264015198,-0.04523765668272972,0.10284385085105896,0.542750895023346,-0.0002802976523526013,0.5527729988098145,0.466994971036911,-0.12626734375953674,0.5296338796615601,0.49149227142333984,-0.1312127560377121,0.5148845911026001,0.5090583562850952,-0.1257247030735016,0.48707592487335205,0.4631549119949341,-0.10044190287590027,0.503679633140564,0.531690239906311,-0.1083916425704956,0.5203659534454346,0.5287972688674927,-0.112029068171978,0.5101790428161621,0.5271730422973633,-0.10612686723470688,0.49347737431526184,0.4352019727230072,-0.1348072588443756,0.535115122795105,0.507454514503479,-0.115299753844738,0.5519803762435913,0.4940567910671234,-0.11836440116167068,0.5724024772644043,0.4779425263404846,-0.11502975970506668,0.6540907025337219,0.5654276013374329,-0.10961305350065231,0.606336772441864,0.5128636360168457,-0.12162021547555923,0.5993605256080627,0.5019747018814087,-0.12067291140556335,0.590846598148346,0.4913206100463867,-0.11099274456501007,0.5837541222572327,0.48350974917411804,-0.1017494648694992,0.5417648553848267,0.5103672742843628,-0.10500039905309677,0.5410654544830322,0.5167992115020752,-0.11163084954023361,0.5401471853256226,0.5251443982124329,-0.11883094161748886,0.5403466820716858,0.5341231822967529,-0.12068139016628265,0.4706084728240967,0.5407156944274902,-0.12505018711090088,0.19310761988162994,0.7315377593040466,0.034858498722314835,0.5463671684265137,0.41644275188446045,-0.10641495883464813,0.5259585380554199,0.5189409852027893,-0.10396508127450943,0.5235432386398315,0.5231020450592041,-0.10860665887594223,0.5164874792098999,0.45191553235054016,-0.10574117302894592,0.47047969698905945,0.48685091733932495,-0.09645629674196243,0.5103937387466431,0.4516224265098572,-0.10279147326946259,0.3719566762447357,0.4795997440814972,-0.06781638413667679,0.34820544719696045,0.5120312571525574,-0.09329474717378616,0.43976154923439026,0.479260116815567,-0.10823006182909012,0.09221050143241882,0.4572299122810364,0.024854488670825958,0.14298488199710846,0.44440600275993347,-0.007850678637623787,0.18091559410095215,0.43963634967803955,-0.04070590063929558,0.559719443321228,0.5984403491020203,-0.12195855379104614,0.3059435784816742,0.36969810724258423,-0.004928259178996086,0.24668441712856293,0.358867883682251,0.03104894608259201,0.20145398378372192,0.3529812693595886,0.06067156419157982,0.24231714010238647,0.5104296803474426,-0.05664348974823952,0.19439028203487396,0.5721104741096497,-0.06690458208322525,0.3301351070404053,0.4408572316169739,0.0018806358566507697,0.1749250292778015,0.517717719078064,-0.05330336466431618,0.39160245656967163,0.43376725912094116,-0.04434828832745552,0.4671839475631714,0.43939292430877686,-0.13626864552497864,0.19921079277992249,0.6123266220092773,-0.07121919840574265,0.23545950651168823,0.5607850551605225,-0.0863790288567543,0.28347304463386536,0.537363588809967,-0.08889410644769669,0.32626107335090637,0.502371072769165,-0.07030079513788223,0.3474060893058777,0.4762304425239563,-0.04784059897065163,0.3633376955986023,0.45440787076950073,-0.031791966408491135,0.402153879404068,0.3910031318664551,-0.032286543399095535,0.24247415363788605,0.6339802145957947,-0.09845392405986786,0.14893822371959686,0.5344710946083069,-0.05277567356824875,0.5377191305160522,0.4097919464111328,-0.13987477123737335,0.4082564115524292,0.45884352922439575,-0.07036429643630981,0.10237041115760803,0.6696121096611023,0.061060044914484024,0.3746478259563446,0.4351211190223694,-0.01772829331457615,0.43386954069137573,0.4898323118686676,-0.08492489159107208,0.19596800208091736,0.5159246921539307,-0.04479297623038292,0.4495062828063965,0.4403802752494812,-0.12226717919111252,0.2527977228164673,0.7566359639167786,0.007412564940750599,0.3201726973056793,0.4392232298851013,0.01088701467961073,0.463395357131958,0.41116899251937866,-0.13041731715202332,0.46184855699539185,0.7125750780105591,-0.11227758973836899,0.4819822907447815,0.7492261528968811,-0.09493312239646912,0.21030114591121674,0.6890215873718262,-0.03528779000043869,0.3958566188812256,0.7282690405845642,-0.10084392875432968,0.11060556769371033,0.5857852101325989,0.006806970573961735,0.647061288356781,0.6546575427055359,-0.13880325853824615,0.5376440286636353,0.42169487476348877,-0.10986874252557755,0.40006789565086365,0.4845006763935089,-0.0808129757642746,0.13277596235275269,0.5848827958106995,-0.03824707493185997,0.26444894075393677,0.48504310846328735,-0.0449129194021225,0.28474825620651245,0.4731510877609253,-0.038381971418857574,0.5174118280410767,0.535154402256012,-0.11433576792478561,0.28416353464126587,0.6627325415611267,-0.10598914325237274,0.7254598140716553,0.6397938132286072,-0.1249566525220871,0.6147104501724243,0.6995825171470642,-0.11745894700288773,0.5564916133880615,0.7240407466888428,-0.10805051773786545,0.3054569959640503,0.3245081305503845,0.06878872215747833,0.7731853723526001,0.6021909117698669,-0.09728262573480606,0.2987370491027832,0.4622805714607239,-0.024522941559553146,0.30987992882728577,0.45099398493766785,-0.008906640112400055,0.31709757447242737,0.44321930408477783,0.0046442775055766106,0.11730879545211792,0.5526151061058044,-0.03863082826137543,0.2950938940048218,0.443135142326355,-0.004437407478690147,0.2748444974422455,0.4523029625415802,-0.018964702263474464,0.2559521198272705,0.46423137187957764,-0.03192979097366333,0.2365155965089798,0.47915488481521606,-0.041639670729637146,0.22433124482631683,0.4907056391239166,-0.04389207065105438,0.07066541910171509,0.6207926869392395,0.05476878210902214,0.2462654858827591,0.493848592042923,-0.046123091131448746,0.5555860996246338,0.43710485100746155,-0.09409060329198837,0.4828549325466156,0.5118657350540161,-0.1217753142118454,0.4795593023300171,0.45544880628585815,-0.11275049299001694,0.5256909728050232,0.4627602696418762,-0.11313539743423462,0.39427247643470764,0.37213873863220215,0.008012973703444004,0.5276033878326416,0.6968002319335938,-0.11748794466257095,0.5856687426567078,0.6787595152854919,-0.12673868238925934,0.7069715261459351,0.6217008233070374,-0.13878509402275085,0.4106542468070984,0.7663426399230957,-0.06724485009908676,0.31211161613464355,0.4396013617515564,0.004826158285140991,0.42079731822013855,0.41089969873428345,-0.06522750109434128,0.7567158937454224,0.5846775770187378,-0.11183623969554901,0.6715990304946899,0.6715987324714661,-0.12957556545734406,0.2621309459209442,0.7160846590995789,-0.053925953805446625,0.5613941550254822,0.4985361099243164,-0.10620981454849243,0.5638555288314819,0.5062565803527832,-0.11429693549871445,0.5673413276672363,0.5163995623588562,-0.12244464457035065,0.572389543056488,0.5273820757865906,-0.12454292178153992,0.6055126190185547,0.5866896510124207,-0.12269361317157745,0.5153117775917053,0.5199409127235413,-0.11342819780111313,0.5066277980804443,0.5222901701927185,-0.1180720254778862,0.4975767731666565,0.5241731405258179,-0.12161584198474884,0.4675714373588562,0.5709775686264038,-0.12567128241062164,0.3336070477962494,0.6262741088867188,-0.13011102378368378,0.3962249457836151,0.4110758602619171,-0.03521714359521866,0.336515337228775,0.41395092010498047,0.020836684852838516,0.31846094131469727,0.4275684058666229,0.013444223441183567,0.5223931670188904,0.5174511075019836,-0.11057645827531815,0.3782503306865692,0.677913248538971,-0.11871004104614258,0.36984747648239136,0.3942161798477173,0.002681141719222069,0.6113613843917847,0.6101012229919434,-0.12551762163639069,0.46892738342285156,0.37357214093208313,-0.08581990003585815,0.4290901720523834,0.3899720311164856,-0.06242268159985542,0.44425755739212036,0.3738536238670349,-0.0520218163728714,0.43392840027809143,0.4369668662548065,-0.08845556527376175,0.7340362071990967,0.56618332862854,-0.11204709857702255,0.7086422443389893,0.5522005558013916,-0.10086297243833542,0.6667153835296631,0.5827793478965759,-0.11889031529426575,0.5082873702049255,0.6278484463691711,-0.122835673391819,0.42955589294433594,0.515018880367279,-0.09826260060071945,0.5592529773712158,0.6247464418411255,-0.1246253103017807,0.37582579255104065,0.5551639199256897,-0.12613888084888458,0.4282173216342926,0.5435512065887451,-0.11725526303052902,0.3857654631137848,0.5990912914276123,-0.13296933472156525,0.6864826679229736,0.6008808612823486,-0.1359793245792389,0.4256013035774231,0.461040735244751,-0.08732013404369354,0.5092029571533203,0.6616601943969727,-0.12486396729946136,0.5677617192268372,0.6499605774879456,-0.12664464116096497,0.46064114570617676,0.6213411688804626,-0.13065044581890106,0.32512587308883667,0.6868553757667542,-0.10749071091413498,0.4364239573478699,0.6590114235877991,-0.12869051098823547,0.3222487270832062,0.7322234511375427,-0.07641266286373138,0.43339741230010986,0.5788863301277161,-0.12818272411823273,0.4142819941043854,0.4349449872970581,-0.06734442710876465,0.4843077063560486,0.43711671233177185,-0.1403241604566574,0.46845629811286926,0.4620882570743561,-0.12416215240955353,0.486142098903656,0.4134253263473511,-0.14703702926635742,0.30743974447250366,0.41255027055740356,0.0076226950623095036,0.2632545232772827,0.42754629254341125,-0.01878817193210125,0.2281324416399002,0.44682222604751587,-0.04218065366148949,0.20013666152954102,0.4706224203109741,-0.056473180651664734,0.18052388727664948,0.49433332681655884,-0.05907097086310387,0.18114353716373444,0.5362963676452637,-0.04647345840930939,0.16652722656726837,0.6604594588279724,-0.021625008434057236,0.23791882395744324,0.5330424904823303,-0.0647619366645813,0.27443134784698486,0.5162772536277771,-0.06447778642177582,0.30580049753189087,0.49317696690559387,-0.054531268775463104,0.3280627727508545,0.4711066484451294,-0.03521858528256416,0.34236955642700195,0.4530133903026581,-0.015733515843749046,0.35314056277275085,0.4388295114040375,-0.003439350053668022,0.14519274234771729,0.7032014727592468,0.054881103336811066,0.4701995551586151,0.4710327684879303,-0.11395848542451859,0.44337499141693115,0.4099003076553345,-0.09456592798233032,0.5063736438751221,0.4153558015823364,-0.14761798083782196,0.5225417613983154,0.42021840810775757,-0.13370028138160706,0.5066601037979126,0.4235793352127075,-0.1376647651195526,0.4783249497413635,0.4750877916812897,-0.10295658558607101,0.5294319987297058,0.4154009222984314,-0.13858124613761902,0.5301339030265808,0.42639997601509094,-0.11227215081453323,0.3320252299308777,0.4322926104068756,0.01529308408498764,0.3562602996826172,0.42401453852653503,0.010130158625543118,0.3767488896846771,0.41647472977638245,-0.005479095969349146,0.21657778322696686,0.49896708130836487,-0.04389737546443939,0.19179372489452362,0.5052258968353271,-0.0501016341149807,0.4853332042694092,0.3665969669818878,-0.06201530992984772,0.5006506443023682,0.3283243477344513,0.19854767620563507,0.5557865500450134,0.40526485443115234,-0.08960018306970596,0.4631391763687134,0.31359514594078064,0.42202696204185486,0.47513705492019653,0.36100661754608154,0.12634719908237457,0.4911399483680725,0.3534834384918213,0.14238347113132477,0.5038489103317261,0.3452300727367401,0.16240686178207397,0.5085141658782959,0.3292938470840454,0.20353959500789642,0.45925629138946533,0.3653739094734192,0.1132262721657753,0.4523788094520569,0.3161247968673706,0.1547829806804657,0.43784379959106445,0.32748639583587646,0.13651250302791595,0.468876451253891,0.30925410985946655,0.17455820739269257,0.4832669794559479,0.3088299036026001,0.1911599338054657,0.5278885364532471,0.330873966217041,0.21827638149261475,0.7639285326004028,0.5158101320266724,-0.01801186613738537,0.4997956454753876,0.3222816586494446,0.21292594075202942,0.541213870048523,0.348967581987381,0.3806018531322479,0.5218662619590759,0.3178800940513611,0.2655053734779358,0.5823105573654175,0.3769974112510681,0.057244811207056046,0.5900939702987671,0.41932469606399536,-0.08547180145978928,0.6073640584945679,0.43919992446899414,-0.08350193500518799,0.6132000684738159,0.408786803483963,-0.049905892461538315,0.6288007497787476,0.40466469526290894,-0.012369233183562756,0.6200602054595947,0.42925480008125305,-0.05303603410720825,0.629125714302063,0.42239606380462646,-0.020348278805613518,0.7111181020736694,0.45798781514167786,0.03356340155005455,0.5547583103179932,0.37996137142181396,-0.12735185027122498,0.5392677187919617,0.3675435483455658,-0.12457147985696793,0.4824660122394562,0.28804975748062134,0.22851397097110748,0.5017956495285034,0.37487900257110596,0.051176518201828,0.5762144327163696,0.3765218257904053,-0.029504947364330292,0.5645157098770142,0.37462401390075684,-0.016416486352682114,0.6173945665359497,0.36048179864883423,0.13950660824775696,0.5117968320846558,0.3649979531764984,-0.09584023803472519,0.4432680308818817,0.2921673059463501,0.15314751863479614,0.463052898645401,0.28522107005119324,0.19332273304462433,0.4321310222148895,0.2886017858982086,0.37255051732063293,0.40604230761528015,0.34018540382385254,0.061267923563718796,0.42990708351135254,0.34081876277923584,0.12762132287025452,0.6960323452949524,0.43675321340560913,0.06051133945584297,0.7083339691162109,0.4816691279411316,0.3330988883972168,0.5722938179969788,0.3939398527145386,-0.03740537166595459,0.5635784864425659,0.4076457917690277,-0.0646505132317543,0.6471937894821167,0.40774261951446533,0.04810580238699913,0.6421408653259277,0.4120766520500183,0.032933399081230164,0.45430856943130493,0.2745681405067444,0.22093382477760315,0.581570029258728,0.387061208486557,-0.02180721051990986,0.4245073199272156,0.30936723947525024,0.10823840647935867,0.41255852580070496,0.2982344925403595,0.11441340297460556,0.35885360836982727,0.2738501727581024,0.2300540655851364,0.4458147883415222,0.28360775113105774,0.2864284813404083,0.38103237748146057,0.28407222032546997,0.17120754718780518,0.4772111177444458,0.279930055141449,0.2655315101146698,0.4745604991912842,0.3019246459007263,0.3374333381652832,0.6000409126281738,0.4287104606628418,-0.0861809179186821,0.6180170774459839,0.41884952783584595,-0.05219671130180359,0.6298084259033203,0.41313445568084717,-0.019088154658675194,0.5702060461044312,0.4011082649230957,-0.041767481714487076,0.6446330547332764,0.4099175035953522,0.03920302540063858,0.6490185856819153,0.41997748613357544,0.01200240571051836,0.639971137046814,0.4143858551979065,0.029743220657110214,0.5647714734077454,0.3846670985221863,-0.06939662247896194,0.6268561482429504,0.4307081699371338,-0.021311737596988678,0.6200820207595825,0.43855348229408264,-0.04917404428124428,0.6098178625106812,0.4482579827308655,-0.07664436846971512,0.7145258188247681,0.5180661082267761,-0.07121681421995163,0.6588128209114075,0.4710909128189087,-0.08018645644187927,0.6483094692230225,0.4627112150192261,-0.07844788581132889,0.6340316534042358,0.4565525949001312,-0.06859385967254639,0.6209534406661987,0.45414456725120544,-0.062081001698970795,0.6327468156814575,0.43381011486053467,-0.010689806193113327,0.6430565118789673,0.43208351731300354,-0.016900328919291496,0.6542377471923828,0.4313752055168152,-0.02056923694908619,0.6647344827651978,0.4325936436653137,-0.013894441537559032,0.6465646028518677,0.4112582802772522,0.010549403727054596,0.6143695116043091,0.4305771291255951,0.44113653898239136,0.6350748538970947,0.42504024505615234,0.014493117108941078,0.6421394348144531,0.42238789796829224,0.010403185151517391,0.5660030841827393,0.41546452045440674,-0.07079775631427765,0.5846022963523865,0.40198493003845215,-0.02013530395925045,0.564987301826477,0.41162633895874023,-0.06849385052919388,0.5276116132736206,0.37239861488342285,0.06965107470750809,0.563747763633728,0.3642260432243347,0.09348135441541672,0.5730195045471191,0.3825032114982605,-0.00529747037217021,0.39784711599349976,0.274394690990448,0.3045852482318878,0.4142947793006897,0.27814072370529175,0.23170256614685059,0.43192675709724426,0.2804427146911621,0.1731482893228531,0.7195317149162292,0.47496703267097473,0.0038282612804323435,0.38938525319099426,0.3223392367362976,0.06865048408508301,0.34752872586250305,0.2998192012310028,0.1172802671790123,0.31872567534446716,0.2857706546783447,0.16003262996673584,0.5102689862251282,0.3370833992958069,0.18465137481689453,0.5495693683624268,0.33211782574653625,0.24049165844917297,0.44765448570251465,0.36701974272727966,0.11243720352649689,0.49763229489326477,0.30765554308891296,0.22735312581062317,0.4796014428138733,0.3732127547264099,0.03724263980984688,0.5637785792350769,0.3707364797592163,-0.05852663889527321,0.587378978729248,0.3460504412651062,0.2787288725376129,0.5608788132667542,0.3415936231613159,0.20303542912006378,0.5568584203720093,0.35312896966934204,0.15637020766735077,0.5303736925125122,0.36683231592178345,0.1174195259809494,0.5036455988883972,0.37408727407455444,0.0942843034863472,0.4826595187187195,0.37760981917381287,0.07421568781137466,0.43818917870521545,0.36663728952407837,0.0025204636622220278,0.6308677196502686,0.36187881231307983,0.2508385181427002,0.5011274218559265,0.3018355667591095,0.25301817059516907,0.5552553534507751,0.3978905975818634,-0.12256233394145966,0.5230844616889954,0.3780058026313782,0.028602540493011475,0.5276638865470886,0.37835782766342163,0.4783003628253937,0.4648638963699341,0.378386914730072,0.06519557535648346,0.5720908641815186,0.38931000232696533,0.019036564975976944,0.502863883972168,0.31982195377349854,0.22236716747283936,0.5491365790367126,0.36944031715393066,-0.043591175228357315,0.6615118980407715,0.4549103379249573,0.3959236443042755,0.4400865137577057,0.36405372619628906,0.12680333852767944,0.5290645360946655,0.36517202854156494,-0.07241444289684296,0.7546747922897339,0.47661563754081726,0.14981390535831451,0.7707481384277344,0.5088891983032227,0.18120881915092468,0.6307055950164795,0.3900366425514221,0.34595218300819397,0.7367426156997681,0.46164342761039734,0.20672722160816193,0.5033766031265259,0.3255799412727356,0.36897239089012146,0.7883917093276978,0.53154057264328,-0.013948934152722359,0.5518762469291687,0.41217225790023804,-0.09946843236684799,0.5492905378341675,0.37992623448371887,0.04189496859908104,0.5275285243988037,0.31768178939819336,0.30397364497184753,0.4934402406215668,0.3397989869117737,0.16863612830638885,0.4819226861000061,0.3476787805557251,0.1507701575756073,0.6556209921836853,0.41863322257995605,0.019103454425930977,0.668395459651947,0.3859032392501831,0.23066607117652893,0.8004217147827148,0.5707643032073975,-0.05267144367098808,0.7998653650283813,0.534740686416626,0.06076858192682266,0.7891285419464111,0.5224435329437256,0.11651221662759781,0.4679761826992035,0.3541224002838135,0.13686615228652954,0.4532775282859802,0.35929667949676514,0.13011176884174347,0.4444284439086914,0.36261844635009766,0.12938064336776733,0.4990735650062561,0.2968618869781494,0.29160258173942566,0.4417811334133148,0.3486935496330261,0.13653051853179932,0.45028939843177795,0.3377336859703064,0.14444495737552643,0.4626728296279907,0.3287435472011566,0.15816831588745117,0.4772729277610779,0.3229248523712158,0.17470259964466095,0.48821601271629333,0.321674108505249,0.1882365643978119,0.4916706085205078,0.3425581455230713,0.46093252301216125,0.49878668785095215,0.3336063027381897,0.18552079796791077,0.621364951133728,0.4090295433998108,-0.019108811393380165,0.571877658367157,0.38837867975234985,-0.045077066868543625,0.5828507542610168,0.420792818069458,-0.07136984914541245,0.7710884809494019,0.4952199459075928,0.09457144886255264,0.7785829305648804,0.5136566162109375,0.040450211614370346,0.7844979763031006,0.5543726086616516,-0.07066059857606888,0.7450417280197144,0.49902671575546265,0.2561512887477875,0.4399951994419098,0.3583950698375702,0.1312956064939499,0.48210036754608154,0.3687525987625122,-0.010317343287169933,0.8058367967605591,0.54938805103302,0.0030554914847016335,0.6718088388442993,0.416080117225647,0.3111225962638855,0.6290916204452515,0.4433418810367584,-0.03561413288116455,0.6415481567382812,0.4431668519973755,-0.04091540724039078,0.6553237438201904,0.4456086754798889,-0.0454307496547699,0.6677013635635376,0.4513733386993408,-0.04283768683671951,0.7228814363479614,0.4947172701358795,-0.030993737280368805,0.6358217000961304,0.416607141494751,0.009896599687635899,0.6387828588485718,0.41049814224243164,0.017179477959871292,0.6405916810035706,0.40431368350982666,0.023052141070365906,0.6725448369979858,0.4202375113964081,0.043997496366500854,0.6664162874221802,0.3864612579345703,0.1551627367734909,0.4569709897041321,0.36989128589630127,0.021432777866721153,0.42320096492767334,0.3597187399864197,0.09326037019491196,0.4301990270614624,0.35716527700424194,0.11954036355018616,0.6323549747467041,0.4231981039047241,0.008034867234528065,0.7128092646598816,0.4256047010421753,0.17178252339363098,0.41895076632499695,0.36480385065078735,0.045793045312166214,0.7383765578269958,0.5060388445854187,-0.024251796305179596,0.4628399610519409,0.36667853593826294,-0.032798588275909424,0.5243611335754395,0.3734155297279358,-0.01651061326265335,0.7326586842536926,0.5283492207527161,-0.07063765078783035,0.7241884469985962,0.46080082654953003,0.05322284996509552,0.5985580682754517,0.3932807445526123,0.03214047849178314,0.735487699508667,0.48414307832717896,0.015381140634417534,0.6265730857849121,0.3783743977546692,0.07919233292341232,0.6313961744308472,0.3975587487220764,0.04640515521168709,0.6668505668640137,0.39554673433303833,0.10246022045612335,0.7608181238174438,0.538657009601593,-0.07219585031270981,0.541167676448822,0.37851595878601074,0.003791884984821081,0.747631311416626,0.47145113348960876,0.07671403884887695,0.7553039789199829,0.49550625681877136,0.028988977894186974,0.7066816687583923,0.4367356300354004,0.08147365599870682,0.6982086896896362,0.41043365001678467,0.21594133973121643,0.7231088280677795,0.4390082359313965,0.11604120582342148,0.7071585655212402,0.44131383299827576,0.27053865790367126,0.6660807132720947,0.4098002314567566,0.06560277193784714,0.502049446105957,0.37375229597091675,0.010797959752380848,0.5675003528594971,0.37777087092399597,-0.06938830763101578,0.5777820944786072,0.38231074810028076,-0.04286589100956917,0.5518206357955933,0.36710840463638306,-0.09058882296085358,0.41998472809791565,0.34246599674224854,0.10785186290740967,0.4327319860458374,0.3208446502685547,0.1292048841714859,0.4500958323478699,0.3065996468067169,0.15202774107456207,0.46817198395729065,0.29920506477355957,0.1792159080505371,0.48395824432373047,0.2995356619358063,0.2047477662563324,0.5112254619598389,0.31927385926246643,0.23809714615345,0.5876488089561462,0.36791834235191345,0.3694698214530945,0.5319264531135559,0.33863890171051025,0.194636270403862,0.5262848138809204,0.3488672375679016,0.16190248727798462,0.5089207887649536,0.3595079183578491,0.1321895867586136,0.48710930347442627,0.36743903160095215,0.11179667711257935,0.468610018491745,0.37182456254959106,0.09544331580400467,0.45512884855270386,0.37379878759384155,0.08685439079999924,0.5680983066558838,0.40721437335014343,0.47131094336509705,0.5791095495223999,0.390705406665802,-0.03401502966880798,0.5042396783828735,0.3677012324333191,-0.03786872699856758,0.5612066984176636,0.37669384479522705,-0.1021815836429596,0.557266354560852,0.39621657133102417,-0.10749613493680954,0.5612212419509888,0.3853742182254791,-0.09147968143224716,0.5781072974205017,0.4005906581878662,-0.035817161202430725,0.557939887046814,0.3959946632385254,-0.11707992851734161,0.5554286241531372,0.40875351428985596,-0.0944618210196495,0.43775811791419983,0.3666401505470276,0.11171206086874008,0.4393620491027832,0.37214890122413635,0.08100590109825134,0.4442232549190521,0.3750747740268707,0.052937477827072144,0.4952721893787384,0.3218109905719757,0.19965989887714386,0.49438995122909546,0.31182152032852173,0.2091417908668518,0.2592110335826874,0.48056623339653015,-0.025790901854634285,0.2787981629371643,0.46592977643013,-0.025790901854634285,0.2464805245399475,0.47117480635643005,-0.025790901854634285,0.23931632936000824,0.49531805515289307,-0.025790901854634285,0.2718413174152374,0.49004465341567993,-0.025790901854634285,0.47072264552116394,0.3398398756980896,0.16078756749629974,0.4843476712703705,0.3317115604877472,0.16078756749629974,0.45534712076187134,0.3291824460029602,0.16078756749629974,0.4566424489021301,0.3480297923088074,0.16078756749629974,0.48565685749053955,0.35038843750953674,0.16078756749629974,0,0,0,0,0,1,1,1,0,0,0,0,0.0546649768948555,0.059228502213954926,0.07643638551235199,0.058197297155857086,0.02448330819606781,0.05629632994532585,0.10028894990682602,0.07060360163450241,0.09918049722909927,0.10589741170406342,1.456438422203064,0.4945315420627594,Neutral,6.407979488372803,-4.436774253845215
199,6.633333333333334,28.86098751176638,-12.230491086332401,0.9190319172978323,0.5274296402931213,0.4404459595680237,-0.08254481852054596,0.45763105154037476,0.3771844506263733,-0.11842917650938034,0.478427529335022,0.4123149812221527,-0.07307389378547668,0.37963801622390747,0.39668530225753784,-0.09195856750011444,0.4359434247016907,0.37070244550704956,-0.12106124311685562,0.4087735116481781,0.37427639961242676,-0.10637839883565903,0.3350884020328522,0.3931369483470917,-0.0336458720266819,0.24699193239212036,0.5553871989250183,-0.07347001135349274,0.28856125473976135,0.3910835385322571,-0.005471651908010244,0.2623981535434723,0.3830198049545288,-0.000686239218339324,0.16279780864715576,0.3728941082954407,0.04778234288096428,0.5332695841789246,0.4416712522506714,-0.0815540999174118,0.5374764800071716,0.443609356880188,-0.07646121084690094,0.5391674041748047,0.4456259608268738,-0.06792750954627991,0.6282309293746948,0.46082890033721924,-0.05912357196211815,0.6398365497589111,0.46232500672340393,-0.06332441419363022,0.6511906385421753,0.4644967019557953,-0.06971177458763123,0.66032475233078,0.46677088737487793,-0.06840647011995316,0.6466778516769409,0.45899176597595215,-0.054461825639009476,0.46999114751815796,0.38929522037506104,-0.1102132722735405,0.4601406455039978,0.41808825731277466,-0.0958932638168335,0.1206267774105072,0.6592106819152832,-0.02382015809416771,0.29804283380508423,0.5000020265579224,-0.05282716080546379,0.29031461477279663,0.5189002752304077,-0.06847947090864182,0.2796385586261749,0.5388703942298889,-0.07838147133588791,0.2491549551486969,0.567829430103302,-0.08107668161392212,0.30157163739204407,0.4840339124202728,-0.03327232226729393,0.21730652451515198,0.5132995843887329,-0.06899320334196091,0.23292112350463867,0.4917776882648468,-0.047066036611795425,0.20895834267139435,0.5364190340042114,-0.08034231513738632,0.2099180370569229,0.5543280839920044,-0.08342032879590988,0.25671371817588806,0.5880436301231384,-0.08489511907100677,0.6486520767211914,0.5500226020812988,-0.09549929946660995,0.23480716347694397,0.564360499382019,-0.07227832823991776,0.21673782169818878,0.6818709969520569,-0.04603974148631096,0.2267531305551529,0.6109743714332581,-0.07925651967525482,0.392534464597702,0.5142415761947632,-0.09873829782009125,0.5081481337547302,0.4657648801803589,-0.09964034706354141,0.5231350660324097,0.46592071652412415,-0.09221193939447403,0.49848008155822754,0.4926123023033142,-0.10981094837188721,0.4959763288497925,0.5106781125068665,-0.10915016382932663,0.5131125450134277,0.4861525297164917,-0.1006607711315155,0.5077581405639648,0.5018603801727295,-0.09700284153223038,0.5579191446304321,0.551445722579956,-0.09730105102062225,0.4502713084220886,0.3919822573661804,-0.12767790257930756,0.42859798669815063,0.3878527879714966,-0.1318158209323883,0.1755334734916687,0.5792929530143738,-0.09966469556093216,0.3536493480205536,0.46808600425720215,-0.060091283172369,0.42516326904296875,0.4614540934562683,-0.11383791267871857,0.4113156497478485,0.46518510580062866,-0.1067073866724968,0.3622243404388428,0.5808876752853394,-0.12716317176818848,0.40331846475601196,0.3908882141113281,-0.1171659305691719,0.18061622977256775,0.5171082615852356,-0.08510644733905792,0.17128978669643402,0.5510581135749817,-0.09727636724710464,0.09524226188659668,0.6075896620750427,-0.03569408506155014,0.2529424726963043,0.43204206228256226,-0.03320123255252838,0.25353848934173584,0.47596439719200134,-0.027036407962441444,0.5246937274932861,0.5600040555000305,-0.10614313930273056,0.46784883737564087,0.7498499155044556,-0.028624963015317917,0.4445092976093292,0.45309919118881226,-0.0950765535235405,0.4571315348148346,0.44066908955574036,-0.08269570767879486,0.505774974822998,0.5321498513221741,-0.09475387632846832,0.5108464360237122,0.5260230302810669,-0.08994339406490326,0.1507590413093567,0.5608943104743958,-0.09131620079278946,0.43409430980682373,0.4722660481929779,-0.10395345836877823,0.2056627869606018,0.47826504707336426,-0.06263888627290726,0.18736182153224945,0.4765901267528534,-0.0645420178771019,0.10207119584083557,0.48190826177597046,-0.029027143493294716,0.12293162941932678,0.5724214315414429,-0.06612792611122131,0.14320485293865204,0.4653618037700653,-0.04501323029398918,0.15768280625343323,0.5929349064826965,-0.089522585272789,0.1407981812953949,0.61934494972229,-0.056023869663476944,0.5166815519332886,0.4662953317165375,-0.09876364469528198,0.5062857866287231,0.48959431052207947,-0.10656135529279709,0.5019927024841309,0.5065813660621643,-0.10442344844341278,0.4506475329399109,0.45282667875289917,-0.0859958603978157,0.5086648464202881,0.528997004032135,-0.09136991202831268,0.532331109046936,0.5278611779212952,-0.09237828850746155,0.5126118063926697,0.5234750509262085,-0.08881796896457672,0.4414750635623932,0.4283093810081482,-0.11922746896743774,0.5107979774475098,0.498302161693573,-0.09179281443357468,0.5165044665336609,0.483102411031723,-0.0911453366279602,0.5265888571739197,0.4650791883468628,-0.0846174880862236,0.6334823369979858,0.48686933517456055,-0.07239958643913269,0.6356314420700073,0.4984399974346161,-0.0871145948767662,0.6282110810279846,0.4940759241580963,-0.08840781450271606,0.6179583072662354,0.4884270131587982,-0.08149220794439316,0.6088330745697021,0.4833844304084778,-0.07630839943885803,0.5592508912086487,0.5100029110908508,-0.08536432683467865,0.5594326257705688,0.516085147857666,-0.08919212967157364,0.5594996809959412,0.5236292481422424,-0.09484701603651047,0.5599734783172607,0.5296344757080078,-0.09633287787437439,0.4860760569572449,0.5152647495269775,-0.10900493711233139,0.3286260962486267,0.7550234794616699,0.007294599898159504,0.47467511892318726,0.40146681666374207,-0.0853852778673172,0.5376068949699402,0.5170400738716125,-0.08638716489076614,0.535165548324585,0.5223264694213867,-0.08951873332262039,0.4687589704990387,0.43679535388946533,-0.08594133704900742,0.45017287135124207,0.4754931926727295,-0.08259071409702301,0.46342265605926514,0.43847352266311646,-0.08440084755420685,0.3568086326122284,0.49147605895996094,-0.0746610164642334,0.3567301630973816,0.5236606597900391,-0.09828079491853714,0.419454962015152,0.47616228461265564,-0.09892275184392929,0.08772704005241394,0.5485360026359558,-0.03981131687760353,0.12247635424137115,0.5218099355697632,-0.06144954636693001,0.16045504808425903,0.520791232585907,-0.08177706599235535,0.5836654901504517,0.5360772609710693,-0.09583890438079834,0.2225082963705063,0.4292036294937134,-0.03736784681677818,0.1705644130706787,0.41930070519447327,-0.01701539196074009,0.12779651582241058,0.4256756007671356,0.001782794832251966,0.26468607783317566,0.5575258731842041,-0.08230086416006088,0.26161375641822815,0.6144267916679382,-0.09339535981416702,0.30135804414749146,0.4732934236526489,-0.02197318896651268,0.20982253551483154,0.5798372626304626,-0.08791997283697128,0.346152126789093,0.4490511417388916,-0.0542585551738739,0.4220162630081177,0.4372446537017822,-0.12285484373569489,0.27692726254463196,0.6481689214706421,-0.09755189716815948,0.2859255373477936,0.6002605557441711,-0.1062336415052414,0.31010639667510986,0.5717407464981079,-0.10404232144355774,0.327511191368103,0.5301468372344971,-0.0831202045083046,0.3331441581249237,0.5000982880592346,-0.0614062137901783,0.3345545828342438,0.47728002071380615,-0.0461873896420002,0.3309921622276306,0.4114150404930115,-0.04449956864118576,0.33086609840393066,0.6535443663597107,-0.11413364112377167,0.19804200530052185,0.597337007522583,-0.0907556563615799,0.46483561396598816,0.39750295877456665,-0.11789136379957199,0.37786608934402466,0.4659878611564636,-0.07236642390489578,0.21255114674568176,0.7279500961303711,0.012812378816306591,0.3324321508407593,0.45820343494415283,-0.03384318947792053,0.4196307361125946,0.48639169335365295,-0.07842978835105896,0.22947633266448975,0.5741098523139954,-0.0765647441148758,0.40660524368286133,0.44178617000579834,-0.11262056231498718,0.39455974102020264,0.7592460513114929,-0.0069215078838169575,0.2923569083213806,0.4741550385951996,-0.015762243419885635,0.4022998511791229,0.4139837622642517,-0.11936523765325546,0.5578725934028625,0.6607437133789062,-0.09380945563316345,0.5857109427452087,0.6894361972808838,-0.07111203670501709,0.32694047689437866,0.710606038570404,-0.06030499190092087,0.5091123580932617,0.691213846206665,-0.09044670313596725,0.17324024438858032,0.6522430777549744,-0.045405998826026917,0.6768250465393066,0.5655918121337891,-0.09617235511541367,0.4697880744934082,0.4083595871925354,-0.08944794535636902,0.38583534955978394,0.4891692101955414,-0.08052834123373032,0.22077512741088867,0.6322442889213562,-0.07538409531116486,0.2667548954486847,0.532811164855957,-0.07095061987638474,0.2772188186645508,0.5157670974731445,-0.06312540918588638,0.5294346213340759,0.5330460071563721,-0.09438834339380264,0.38338503241539,0.66542649269104,-0.1120145171880722,0.7251530289649963,0.5365262627601624,-0.07799265533685684,0.6700427532196045,0.6136419773101807,-0.08197935670614243,0.6353685259819031,0.6489474177360535,-0.07800696045160294,0.20325611531734467,0.3750408887863159,0.02357596345245838,0.7418609857559204,0.4949926435947418,-0.04841436818242073,0.28367507457733154,0.5011433362960815,-0.04904571920633316,0.28823670744895935,0.4875689446926117,-0.03412540629506111,0.2913823127746582,0.47858211398124695,-0.021690700203180313,0.1840040385723114,0.6147426962852478,-0.08088604360818863,0.26894792914390564,0.4862111806869507,-0.032772187143564224,0.2532058358192444,0.5009292960166931,-0.047179095447063446,0.24236519634723663,0.5173149704933167,-0.06060919910669327,0.23541656136512756,0.5358027815818787,-0.0708128958940506,0.23386141657829285,0.549014687538147,-0.07371126115322113,0.1574227660894394,0.6969326734542847,-0.0020687428768724203,0.256814569234848,0.5455185770988464,-0.07366688549518585,0.4947822391986847,0.4149066209793091,-0.07139717787504196,0.47834309935569763,0.49076420068740845,-0.10331613570451736,0.441002756357193,0.4478195905685425,-0.09960031509399414,0.48591190576553345,0.4415813684463501,-0.091233029961586,0.3099882900714874,0.3971817195415497,-0.010895360261201859,0.6039716005325317,0.6310296654701233,-0.09119269251823425,0.6412228941917419,0.6010854244232178,-0.09217911213636398,0.7057819366455078,0.5240753889083862,-0.08917980641126633,0.5329567790031433,0.723282516002655,-0.0530376136302948,0.2842538356781006,0.4776332378387451,-0.022760923951864243,0.3610759973526001,0.4233320355415344,-0.06961093842983246,0.7236192226409912,0.48217013478279114,-0.05978355184197426,0.7004740238189697,0.5758877396583557,-0.08800537884235382,0.3871796131134033,0.718277096748352,-0.06748975068330765,0.5849385261535645,0.49892404675483704,-0.08353783935308456,0.5890023708343506,0.5057202577590942,-0.08864200860261917,0.593944787979126,0.5134477615356445,-0.0951358750462532,0.5995369553565979,0.5196025371551514,-0.09589478373527527,0.6099445223808289,0.5149475932121277,-0.09102289378643036,0.5066410899162292,0.5154911875724792,-0.0946873128414154,0.5020697116851807,0.5201661586761475,-0.09995702654123306,0.49696892499923706,0.5242074131965637,-0.10400740057229996,0.5019556283950806,0.5389219522476196,-0.11081100255250931,0.40860509872436523,0.6207253932952881,-0.12695957720279694,0.3371923863887787,0.42938435077667236,-0.04692193493247032,0.28771495819091797,0.44911354780197144,-0.006257317960262299,0.28124740719795227,0.4652196764945984,-0.0148564288392663,0.5091114044189453,0.5117877125740051,-0.09081348031759262,0.4722060561180115,0.6525154113769531,-0.1098155528306961,0.30082443356513977,0.4249972105026245,-0.0191329512745142,0.6267613172531128,0.5342387557029724,-0.0904645100235939,0.3841361403465271,0.3811701536178589,-0.08093434572219849,0.35665905475616455,0.4042630195617676,-0.06717858463525772,0.3606422543525696,0.3872677683830261,-0.055726420134305954,0.38927754759788513,0.4420737028121948,-0.08602765947580338,0.6960834860801697,0.4719655513763428,-0.06426897644996643,0.6676371097564697,0.4657585620880127,-0.058332428336143494,0.6529093384742737,0.49912017583847046,-0.07833915948867798,0.5592974424362183,0.5764243602752686,-0.10051131993532181,0.4301331639289856,0.507968544960022,-0.09024924784898758,0.5961962342262268,0.5600271821022034,-0.09566132724285126,0.4068460166454315,0.5515897870063782,-0.11967317014932632,0.4468705654144287,0.529678225517273,-0.1070285439491272,0.44002360105514526,0.5851829051971436,-0.12365051358938217,0.6788291335105896,0.5108693838119507,-0.09075447916984558,0.39580094814300537,0.4641176462173462,-0.08413670212030411,0.5737842917442322,0.6056103706359863,-0.10069429874420166,0.6137142181396484,0.5799884796142578,-0.09475761651992798,0.5188137292861938,0.5836601853370667,-0.11302196979522705,0.43056386709213257,0.6743350028991699,-0.10623729974031448,0.5135107636451721,0.621461808681488,-0.11296708136796951,0.44743335247039795,0.71497642993927,-0.07803278416395187,0.4739445149898529,0.5557717084884644,-0.11564818769693375,0.36910638213157654,0.44482189416885376,-0.07079967856407166,0.435366690158844,0.43171951174736023,-0.12505587935447693,0.43568238615989685,0.45571139454841614,-0.11004719138145447,0.42410939931869507,0.41127312183380127,-0.1310545951128006,0.2572881877422333,0.45859214663505554,-0.022685648873448372,0.22350510954856873,0.4860181212425232,-0.050572436302900314,0.2038349211215973,0.513823926448822,-0.07433772087097168,0.19486047327518463,0.5409557819366455,-0.08943288028240204,0.1960037797689438,0.5636088848114014,-0.09334839135408401,0.23011496663093567,0.5902979969978333,-0.07920053601264954,0.2700614631175995,0.6989848613739014,-0.056902822107076645,0.2728953957557678,0.5766875147819519,-0.08863797038793564,0.29260674118995667,0.5541917085647583,-0.08498448878526688,0.30664923787117004,0.5257885456085205,-0.07270175963640213,0.31458884477615356,0.49988222122192383,-0.05343218892812729,0.31751954555511475,0.48017242550849915,-0.034570254385471344,0.31822746992111206,0.46540766954421997,-0.02340601198375225,0.2697001099586487,0.7444368600845337,0.015813540667295456,0.44160929322242737,0.4626839756965637,-0.10022560507059097,0.382197767496109,0.4174032211303711,-0.09174653142690659,0.4420616626739502,0.40875351428985596,-0.12892833352088928,0.4565615952014923,0.4104006588459015,-0.11351899802684784,0.4458060562610626,0.41588711738586426,-0.11997570097446442,0.4501892030239105,0.46411097049713135,-0.08843791484832764,0.4603745639324188,0.404416024684906,-0.11712604761123657,0.4657384157180786,0.4142444133758545,-0.09259657561779022,0.2981838881969452,0.46507495641708374,-0.010123463347554207,0.3120975196361542,0.4518209397792816,-0.012104474939405918,0.3224898874759674,0.4417824149131775,-0.023419002071022987,0.23417402803897858,0.5575118064880371,-0.07410257309675217,0.21584510803222656,0.5683796405792236,-0.08185136318206787,0.3934936225414276,0.37143564224243164,-0.056869469583034515,0.38347703218460083,0.3511117994785309,0.17828889191150665,0.47672972083091736,0.3894158601760864,-0.06939199566841125,0.3189202547073364,0.33882075548171997,0.3716042935848236,0.381367027759552,0.3754921555519104,0.10977069288492203,0.38888728618621826,0.36873680353164673,0.1268308162689209,0.3936062753200531,0.3619178533554077,0.14679667353630066,0.3890683054924011,0.35529083013534546,0.185061976313591,0.37293943762779236,0.37922629714012146,0.09513134509325027,0.34861141443252563,0.3479000926017761,0.13265520334243774,0.34395724534988403,0.3569853603839874,0.11243939399719238,0.35537582635879517,0.3420412242412567,0.1532396525144577,0.36367276310920715,0.34110257029533386,0.16987161338329315,0.40146633982658386,0.356202095746994,0.2012002170085907,0.6910284757614136,0.4297598600387573,0.02301476150751114,0.38075560331344604,0.3491859436035156,0.1910848617553711,0.4044220745563507,0.35343173146247864,0.349570631980896,0.3901625871658325,0.3514665365219116,0.24292509257793427,0.47389042377471924,0.36153700947761536,0.06513991951942444,0.5367360711097717,0.41669484972953796,-0.057917457073926926,0.5475347638130188,0.4246346354484558,-0.05374611169099808,0.5523955821990967,0.3986043930053711,-0.023220349103212357,0.5670165419578552,0.3896291255950928,0.010207602754235268,0.5579497814178467,0.4105824828147888,-0.02561226487159729,0.568341851234436,0.40153831243515015,0.00319186900742352,0.628060519695282,0.3965888023376465,0.05567443370819092,0.4636567533016205,0.36803844571113586,-0.10499837249517441,0.443925142288208,0.3601701259613037,-0.10490409284830093,0.35147687792778015,0.3273521959781647,0.20164702832698822,0.40369582176208496,0.37699466943740845,0.046806659549474716,0.4752543568611145,0.3618202209472656,-0.013001657091081142,0.462903767824173,0.36305665969848633,-0.00287224305793643,0.4908263683319092,0.3428173065185547,0.14414939284324646,0.4176821708679199,0.36413389444351196,-0.08281407505273819,0.32766008377075195,0.32831668853759766,0.12488961964845657,0.3389856517314911,0.32420217990875244,0.16557274758815765,0.28398942947387695,0.3217031955718994,0.3179849684238434,0.3165481984615326,0.36112940311431885,0.03611564636230469,0.34365394711494446,0.36694902181625366,0.10298988223075867,0.6083934307098389,0.38433218002319336,0.07909483462572098,0.6121203899383545,0.43001312017440796,0.34501931071281433,0.4824856221675873,0.3773738741874695,-0.020511237904429436,0.4823898673057556,0.3900129497051239,-0.045677442103624344,0.5958146452903748,0.38438987731933594,0.06520228832960129,0.5935527086257935,0.39121854305267334,0.04998048394918442,0.3281255066394806,0.3192473351955414,0.188030406832695,0.48419809341430664,0.3698870539665222,-0.004864515271037817,0.31921470165252686,0.33930641412734985,0.08109191805124283,0.3046877086162567,0.3326885998249054,0.0840337723493576,0.21954970061779022,0.3205525279045105,0.1730624884366989,0.2964991629123688,0.3133787214756012,0.2428046017885208,0.24658843874931335,0.32426774501800537,0.126595139503479,0.34313467144966125,0.3254181444644928,0.23371630907058716,0.3275173604488373,0.32455238699913025,0.2948179543018341,0.5438195466995239,0.4200333058834076,-0.057471029460430145,0.5564141869544983,0.4041057527065277,-0.02513720467686653,0.5683499574661255,0.3947099447250366,0.004197288304567337,0.48392146825790405,0.38385170698165894,-0.024850282818078995,0.5950943231582642,0.3877826929092407,0.056093234568834305,0.6132620573043823,0.3917945921421051,0.03181710094213486,0.592261016368866,0.3939723074436188,0.047090981155633926,0.4729137420654297,0.37079939246177673,-0.05059751495718956,0.5662261247634888,0.40713584423065186,0.003287950297817588,0.5568010807037354,0.41610920429229736,-0.020495548844337463,0.5481280088424683,0.42907631397247314,-0.04515203833580017,0.6527002453804016,0.43847256898880005,-0.03401539847254753,0.6691560745239258,0.4361134171485901,-0.04516703262925148,0.6597366333007812,0.4360613524913788,-0.04517115280032158,0.6466497182846069,0.4371953010559082,-0.038173552602529526,0.6342513561248779,0.4390065670013428,-0.035359617322683334,0.618403971195221,0.41095831990242004,0.010115531273186207,0.624150276184082,0.4058070182800293,0.0061102984473109245,0.6314215660095215,0.39957284927368164,0.00411180267110467,0.6372201442718506,0.3948480188846588,0.01069615501910448,0.5531172752380371,0.374411016702652,0.02940869703888893,0.5046496987342834,0.41201716661453247,0.4243370592594147,0.6065799593925476,0.40287622809410095,0.03233177959918976,0.6102961301803589,0.39719438552856445,0.029763275757431984,0.48828428983688354,0.39628875255584717,-0.049423690885305405,0.4943156838417053,0.3822728395462036,-0.003342668293043971,0.4855375587940216,0.3931441009044647,-0.0484088771045208,0.42347830533981323,0.370079904794693,0.06793789565563202,0.44958528876304626,0.35589075088500977,0.09464293718338013,0.47322309017181396,0.3678210377693176,0.00860695168375969,0.25083673000335693,0.3147519528865814,0.24822992086410522,0.2698996961116791,0.313875675201416,0.18738669157028198,0.31376737356185913,0.3218560814857483,0.14005158841609955,0.6385495662689209,0.40643972158432007,0.030035879462957382,0.29514238238334656,0.35004645586013794,0.03861366584897041,0.22640104591846466,0.34444934129714966,0.07281019538640976,0.19222182035446167,0.33868294954299927,0.10372492671012878,0.39370089769363403,0.3577478528022766,0.16822075843811035,0.41547486186027527,0.3578607439994812,0.22510240972042084,0.3663603961467743,0.3812422454357147,0.0925329402089119,0.37035036087036133,0.3417535424232483,0.20339611172676086,0.3846744894981384,0.379619300365448,0.030998283997178078,0.4634714722633362,0.3589423894882202,-0.041401494294404984,0.44885385036468506,0.3390277028083801,0.2645184397697449,0.4287857413291931,0.3578087091445923,0.19330398738384247,0.43289220333099365,0.36112141609191895,0.1497662216424942,0.42118436098098755,0.3709869980812073,0.11096695065498352,0.40598613023757935,0.3790910542011261,0.08623078465461731,0.39262908697128296,0.38311445713043213,0.06444930285215378,0.3475799560546875,0.3829842209815979,-0.008187517523765564,0.4963458776473999,0.34326696395874023,0.24751290678977966,0.3684426248073578,0.3387612998485565,0.22739535570144653,0.47323402762413025,0.38292479515075684,-0.09972604364156723,0.4256720542907715,0.3754281997680664,0.0308533962816,0.40223145484924316,0.3857450485229492,0.44059211015701294,0.3796103298664093,0.3848034739494324,0.05261486768722534,0.47480854392051697,0.3743327558040619,0.029375175014138222,0.38072556257247925,0.34993457794189453,0.2001662403345108,0.44843021035194397,0.36147087812423706,-0.029885226860642433,0.5582805871963501,0.42098569869995117,0.39255964756011963,0.36087775230407715,0.38018548488616943,0.10385071486234665,0.4308353364467621,0.36075103282928467,-0.058905187994241714,0.6605026721954346,0.4050447344779968,0.1759989857673645,0.6832255125045776,0.4328719973564148,0.2115694135427475,0.5051929354667664,0.368649959564209,0.3353419303894043,0.6352981328964233,0.3990147113800049,0.22762936353683472,0.3616594076156616,0.33989813923835754,0.3306959271430969,0.7179508805274963,0.4369727373123169,0.03256044164299965,0.47692808508872986,0.3964773416519165,-0.07845179736614227,0.4480440318584442,0.3714630603790283,0.046940095722675323,0.39346203207969666,0.3556367754936218,0.27944689989089966,0.3843049705028534,0.35720106959342957,0.1502320021390915,0.3804444968700409,0.3635779023170471,0.132676899433136,0.6155115365982056,0.38719242811203003,0.03924122452735901,0.5409227609634399,0.35471922159194946,0.2364884465932846,0.7461883425712585,0.46587124466896057,-0.004485554527491331,0.7241813540458679,0.44234880805015564,0.1001690998673439,0.7076303958892822,0.43714475631713867,0.1513119339942932,0.3739664852619171,0.3697468042373657,0.11803004145622253,0.3669164180755615,0.37469616532325745,0.10966695100069046,0.36315762996673584,0.37827056646347046,0.10707879066467285,0.3642696142196655,0.3398389518260956,0.2623719274997711,0.3584093749523163,0.369931697845459,0.11341430246829987,0.36027106642723083,0.36215466260910034,0.12235045433044434,0.3638443648815155,0.3549000024795532,0.1367034763097763,0.3694286346435547,0.3494010865688324,0.15384332835674286,0.37479230761528015,0.3479880690574646,0.16708730161190033,0.3554200828075409,0.35988563299179077,0.4155553877353668,0.3844512701034546,0.3532557189464569,0.16643279790878296,0.5304738283157349,0.3783884346485138,0.0017660607118159533,0.47983312606811523,0.372741162776947,-0.028728164732456207,0.5077975988388062,0.39588674902915955,-0.04817613959312439,0.6841618418693542,0.4146975576877594,0.12704779207706451,0.7000922560691833,0.42712074518203735,0.08013008534908295,0.7283632755279541,0.4537093937397003,-0.019031858071684837,0.6536287665367126,0.43310531973838806,0.2803511619567871,0.35944002866744995,0.37609580159187317,0.10813621431589127,0.38825076818466187,0.37442004680633545,-0.012077677063643932,0.7382397055625916,0.45009371638298035,0.04711509123444557,0.554081380367279,0.3800583779811859,0.31174200773239136,0.6297109127044678,0.42271584272384644,-0.011706793680787086,0.6393141746520996,0.41821661591529846,-0.014034871011972427,0.6498187780380249,0.41391313076019287,-0.016998542472720146,0.6596131324768066,0.4110298156738281,-0.013730897568166256,0.6479378938674927,0.41986632347106934,0.0005034191999584436,0.5798773765563965,0.39549410343170166,0.02958211489021778,0.5809955596923828,0.3895106315612793,0.0362531915307045,0.5805729627609253,0.38448238372802734,0.04172497242689133,0.580556333065033,0.3762339949607849,0.06076960638165474,0.5437049269676208,0.35399532318115234,0.16658706963062286,0.36459627747535706,0.381754994392395,0.012569711543619633,0.3429566025733948,0.3795129656791687,0.06962704658508301,0.34952735900878906,0.3775394558906555,0.09534554183483124,0.5775079727172852,0.4002211093902588,0.028278689831495285,0.6008669137954712,0.3743366599082947,0.18896855413913727,0.3385494351387024,0.3800044059753418,0.02565244771540165,0.6660619974136353,0.4273986220359802,0.011701454408466816,0.3717406094074249,0.37687867879867554,-0.03625296428799629,0.4278152585029602,0.3699221611022949,-0.010159636847674847,0.6725156903266907,0.4441247284412384,-0.02911210060119629,0.636809229850769,0.3959157466888428,0.0769890695810318,0.49833032488822937,0.3711486756801605,0.04429108276963234,0.6548929214477539,0.4117462635040283,0.045281145721673965,0.5112823247909546,0.3531988561153412,0.09068320691585541,0.5289037227630615,0.3664102256298065,0.06035137549042702,0.5536347031593323,0.3585142493247986,0.11642197519540787,0.7014753222465515,0.4460948705673218,-0.02543732523918152,0.44341832399368286,0.3718549311161041,0.01134531106799841,0.6566956043243408,0.3996151089668274,0.10443059355020523,0.6741921901702881,0.4169817566871643,0.06390216201543808,0.6124206781387329,0.38143616914749146,0.10135167092084885,0.5784092545509338,0.3670150339603424,0.22806644439697266,0.6201972961425781,0.3806116580963135,0.13685265183448792,0.5977752804756165,0.3911486864089966,0.28225913643836975,0.56642746925354,0.3686743974685669,0.0813928097486496,0.4066384434700012,0.37521764636039734,0.011059653013944626,0.47145289182662964,0.36425551772117615,-0.05079759284853935,0.4809213876724243,0.366252601146698,-0.02498284913599491,0.45290786027908325,0.35778772830963135,-0.07167823612689972,0.33305469155311584,0.366847962141037,0.08188366144895554,0.3339163661003113,0.35102349519729614,0.10287286341190338,0.3399798274040222,0.3400789201259613,0.12671850621700287,0.3483314514160156,0.333835631608963,0.15518058836460114,0.3584591746330261,0.33446937799453735,0.18061713874340057,0.38496869802474976,0.3512149453163147,0.21591174602508545,0.4553101658821106,0.35971182584762573,0.3483443260192871,0.408850759267807,0.3576948642730713,0.18046574294567108,0.4104202389717102,0.36219465732574463,0.149626225233078,0.4035547971725464,0.370161235332489,0.12079043686389923,0.39231616258621216,0.37808603048324585,0.09893263131380081,0.38169339299201965,0.3825220465660095,0.08103310316801071,0.3727787435054779,0.38484644889831543,0.07069341838359833,0.45171841979026794,0.4029795527458191,0.4429091513156891,0.48554396629333496,0.37328827381134033,-0.016659019514918327,0.4089009165763855,0.3684736490249634,-0.032288581132888794,0.4665696918964386,0.363868772983551,-0.0815344974398613,0.47356531023979187,0.3809642791748047,-0.08615067601203918,0.4708944857120514,0.37156134843826294,-0.07160298526287079,0.4891704320907593,0.3821110427379608,-0.018296411260962486,0.4742511808872223,0.38070613145828247,-0.09473028779029846,0.47805508971214294,0.3926789462566376,-0.07388322800397873,0.3590773344039917,0.38242679834365845,0.08962475508451462,0.3602507710456848,0.3858204185962677,0.0618014894425869,0.3627232015132904,0.38478782773017883,0.03740581125020981,0.3780829608440399,0.3481066823005676,0.17828600108623505,0.3712860345840454,0.34358370304107666,0.1872146725654602,0.25192970037460327,0.5226043462753296,-0.053503964096307755,0.26241540908813477,0.5008524060249329,-0.053503964096307755,0.23162363469600677,0.5200789570808411,-0.053503964096307755,0.24096205830574036,0.5443426966667175,-0.053503964096307755,0.27217280864715576,0.5252713561058044,-0.053503964096307755,0.3564038872718811,0.35657182335853577,0.13982269167900085,0.362324059009552,0.3491685688495636,0.13982269167900085,0.34080377221107483,0.35189250111579895,0.13982269167900085,0.3501165509223938,0.3642531633377075,0.13982269167900085,0.3715791404247284,0.36129698157310486,0.13982269167900085,0,0,0,0,0,1,1,0,0,0,0,0,0.09940403699874878,0.07168471068143845,0.07925011962652206,0.08605581521987915,0.03170983865857124,0.06079155206680298,0.1540646106004715,0.09619565308094025,0.1071692705154419,0.19180792570114136,1.3466589450836182,0.4441557824611664,Neutral,-17.510183334350586,-15.33372974395752
205,6.833333333333333,31.398878464702,-9.351984382251063,0.8029843938826342,0.5480815172195435,0.43043196201324463,-0.08135490864515305,0.4987892508506775,0.37287208437919617,-0.11449308693408966,0.5125624537467957,0.4105265438556671,-0.07192561030387878,0.42143169045448303,0.38842159509658813,-0.08809802681207657,0.47918838262557983,0.3649292588233948,-0.1167011559009552,0.45279064774513245,0.36732834577560425,-0.10209954530000687,0.380483478307724,0.3837352991104126,-0.030004901811480522,0.2564338445663452,0.5406287908554077,-0.07251320034265518,0.3341558277606964,0.3794326186180115,-0.001553211361169815,0.3101675510406494,0.3701355457305908,0.003634614869952202,0.2233200967311859,0.3554353713989258,0.05056459829211235,0.5512586832046509,0.43178096413612366,-0.08050481975078583,0.5528311133384705,0.43439897894859314,-0.07584499567747116,0.5525246262550354,0.4372331500053406,-0.06860017776489258,0.6351445913314819,0.4590423107147217,-0.05959196761250496,0.6457256078720093,0.46137887239456177,-0.06462931632995605,0.6553828120231628,0.46459904313087463,-0.0712461993098259,0.661995530128479,0.4684237837791443,-0.07079745829105377,0.6612870693206787,0.4689827263355255,-0.059012413024902344,0.5087332129478455,0.3861269950866699,-0.10675413906574249,0.4943126142024994,0.4144221544265747,-0.0936618372797966,0.13559064269065857,0.6314200758934021,-0.026348253712058067,0.31656062602996826,0.48950931429862976,-0.051903821527957916,0.30646029114723206,0.5077803134918213,-0.06735926866531372,0.29298141598701477,0.5266009569168091,-0.077022023499012,0.2564031183719635,0.551880955696106,-0.07988389581441879,0.3222014009952545,0.47376149892807007,-0.03222183883190155,0.2356961965560913,0.4940381944179535,-0.06671535223722458,0.2553607225418091,0.4741956889629364,-0.04510371387004852,0.22273792326450348,0.5160503387451172,-0.07783755660057068,0.22007480263710022,0.5340957641601562,-0.08118455857038498,0.2621830105781555,0.5710734128952026,-0.08380204439163208,0.6495966911315918,0.5590779781341553,-0.09984242916107178,0.24171116948127747,0.5479348301887512,-0.07120495289564133,0.22146429121494293,0.6605942249298096,-0.047349363565444946,0.2304544448852539,0.5872659087181091,-0.07827511429786682,0.41248542070388794,0.5075191259384155,-0.09805648773908615,0.5227577090263367,0.45527297258377075,-0.09861712902784348,0.5346264243125916,0.45684516429901123,-0.09145332872867584,0.5076867341995239,0.48300614953041077,-0.1087334081530571,0.5017138123512268,0.5019732117652893,-0.10773216187953949,0.5208990573883057,0.4782472848892212,-0.09966648370027542,0.5135338306427002,0.4946202337741852,-0.09588117152452469,0.5586221218109131,0.5558694005012512,-0.09722905606031418,0.4891432225704193,0.3869507908821106,-0.12372621893882751,0.46910130977630615,0.3814385235309601,-0.12747257947921753,0.18461166322231293,0.5508896112442017,-0.09641290456056595,0.3855150043964386,0.45925092697143555,-0.0581948421895504,0.45294100046157837,0.45602452754974365,-0.11185390502214432,0.43911799788475037,0.4592568874359131,-0.10490203648805618,0.3718836009502411,0.5715298652648926,-0.125905379652977,0.44475409388542175,0.3831954300403595,-0.11304517090320587,0.20134174823760986,0.4917293190956116,-0.08052437752485275,0.1854519098997116,0.5232672691345215,-0.09289836138486862,0.11940574645996094,0.5795663595199585,-0.03656114637851715,0.2881041467189789,0.417977511882782,-0.02955753542482853,0.27814650535583496,0.4605417549610138,-0.025677965953946114,0.5246735215187073,0.562526524066925,-0.10567070543766022,0.450435072183609,0.7461336851119995,-0.03492463007569313,0.4728856086730957,0.449252724647522,-0.09378965198993683,0.4873281717300415,0.4376095235347748,-0.08121783286333084,0.5094411373138428,0.5264943838119507,-0.09384750574827194,0.5155354738235474,0.5207169055938721,-0.08891492336988449,0.16418617963790894,0.528672456741333,-0.0874035581946373,0.4595963656902313,0.46788039803504944,-0.10257762670516968,0.23452769219875336,0.45703157782554626,-0.058360058814287186,0.21678534150123596,0.45238253474235535,-0.05988981947302818,0.14692650735378265,0.4577360153198242,-0.02695891261100769,0.14804795384407043,0.5465622544288635,-0.06317003816366196,0.18448475003242493,0.44399887323379517,-0.040525034070014954,0.16546404361724854,0.5607394576072693,-0.0870647206902504,0.1582137942314148,0.5932526588439941,-0.05481354519724846,0.5296538472175598,0.456315815448761,-0.09768843650817871,0.5146490335464478,0.4806957244873047,-0.10537178069353104,0.5076888799667358,0.4985678791999817,-0.10307853668928146,0.4789780378341675,0.4495450258255005,-0.08465444296598434,0.5128352642059326,0.5235340595245361,-0.09034370630979538,0.5356102585792542,0.5239081382751465,-0.09154363721609116,0.5175639390945435,0.5182468891143799,-0.08776194602251053,0.47440800070762634,0.4234863221645355,-0.11647726595401764,0.5166236162185669,0.4919891655445099,-0.09141481667757034,0.5241364240646362,0.4760945737361908,-0.0912470892071724,0.5371562838554382,0.4572915732860565,-0.08504825085401535,0.6437186598777771,0.4958549737930298,-0.0766250491142273,0.633843719959259,0.49896395206451416,-0.08922815322875977,0.6290727853775024,0.49337702989578247,-0.08973424881696701,0.6212247610092163,0.4869392514228821,-0.08269848674535751,0.6133610010147095,0.4812369644641876,-0.0766512006521225,0.563798189163208,0.5074669122695923,-0.08485088497400284,0.562904953956604,0.5134820342063904,-0.08932743221521378,0.5615725517272949,0.5209143757820129,-0.09509562700986862,0.5601291060447693,0.5272141695022583,-0.09662389755249023,0.4981980323791504,0.515323281288147,-0.10760854929685593,0.31829696893692017,0.7408522963523865,0.0006478102877736092,0.5110784769058228,0.39900335669517517,-0.08330272138118744,0.5425302982330322,0.5136920213699341,-0.08534540981054306,0.5393731594085693,0.518688440322876,-0.08880072087049484,0.49885204434394836,0.4346359074115753,-0.08491352200508118,0.47435110807418823,0.4726082980632782,-0.08220956474542618,0.49361979961395264,0.4357962906360626,-0.08300481736660004,0.3840392231941223,0.4826512038707733,-0.07311943173408508,0.377286434173584,0.5143761038780212,-0.09666447341442108,0.4449222683906555,0.47108927369117737,-0.09767448902130127,0.1217777281999588,0.5217607021331787,-0.03881629928946495,0.15538209676742554,0.49761512875556946,-0.05759301036596298,0.18112647533416748,0.49175891280174255,-0.07744558155536652,0.5868803262710571,0.5421450138092041,-0.09674106538295746,0.259852796792984,0.4106864631175995,-0.03294432535767555,0.21868909895420074,0.4007033705711365,-0.012355522252619267,0.18096862733364105,0.40464890003204346,0.0043754675425589085,0.2745361328125,0.5436128973960876,-0.08101897686719894,0.26446324586868286,0.5968911051750183,-0.09252560138702393,0.3238649368286133,0.46279391646385193,-0.02115454152226448,0.21708974242210388,0.5566725730895996,-0.08586981147527695,0.3817649483680725,0.4398989975452423,-0.05194436013698578,0.45411166548728943,0.4310782849788666,-0.11996667832136154,0.2826053500175476,0.631141185760498,-0.09723245352506638,0.289261132478714,0.5882431268692017,-0.10508731007575989,0.3170073330402374,0.5645114183425903,-0.10269198566675186,0.3399580419063568,0.5251494646072388,-0.0815371423959732,0.3495789170265198,0.49548351764678955,-0.05997760221362114,0.35462093353271484,0.4730432629585266,-0.04449519142508507,0.3736063241958618,0.4014989137649536,-0.04108818992972374,0.3316498100757599,0.6407872438430786,-0.11399523913860321,0.20419585704803467,0.5706072449684143,-0.08866064250469208,0.5022397041320801,0.3938599228858948,-0.114455945789814,0.40806901454925537,0.45858141779899597,-0.07080082595348358,0.21253551542758942,0.7053419351577759,0.006960214115679264,0.35664796829223633,0.4539402425289154,-0.03203028067946434,0.4434534013271332,0.481639564037323,-0.0781305730342865,0.23535862565040588,0.5555912256240845,-0.07538383454084396,0.4388186037540436,0.43502455949783325,-0.10989227890968323,0.379888117313385,0.7500364780426025,-0.013343391939997673,0.3151854872703552,0.4626384973526001,-0.015175019390881062,0.4396516680717468,0.4065253734588623,-0.11573962867259979,0.546463131904602,0.6632782220840454,-0.09734228253364563,0.5702512264251709,0.6929214596748352,-0.07657543569803238,0.3210482597351074,0.6971054673194885,-0.06276731938123703,0.49597835540771484,0.691170871257782,-0.09410493820905685,0.18446232378482819,0.6280399560928345,-0.04553607851266861,0.6746721267700195,0.5756778717041016,-0.10125821083784103,0.5051952600479126,0.40535908937454224,-0.08733031153678894,0.4112030863761902,0.4822549819946289,-0.07953733950853348,0.22227226197719574,0.6059707403182983,-0.0750490054488182,0.281504362821579,0.5197195410728455,-0.06992729008197784,0.2946600317955017,0.5032777190208435,-0.06202640384435654,0.5312743186950684,0.5289868116378784,-0.09359371662139893,0.37940624356269836,0.6571469902992249,-0.11283805966377258,0.7260478734970093,0.5494775176048279,-0.08525137603282928,0.6618980765342712,0.6217581629753113,-0.08792276680469513,0.6235406994819641,0.6547971963882446,-0.08337712287902832,0.25761544704437256,0.3592616617679596,0.027906347066164017,0.7480154633522034,0.510604202747345,-0.055749259889125824,0.30285266041755676,0.48896050453186035,-0.04807203635573387,0.30890896916389465,0.4754749536514282,-0.03322482481598854,0.31323930621147156,0.46682339906692505,-0.020969241857528687,0.18850462138652802,0.5841712355613708,-0.0794881209731102,0.28900906443595886,0.4721190333366394,-0.03163996711373329,0.27075475454330444,0.4851590394973755,-0.04552347958087921,0.2569862902164459,0.5008456707000732,-0.05880502611398697,0.24680450558662415,0.5190363526344299,-0.06897328794002533,0.24308109283447266,0.5323667526245117,-0.0721660926938057,0.1648334562778473,0.6708844304084778,-0.006417074706405401,0.26895198225975037,0.5316165089607239,-0.07262156158685684,0.5269933938980103,0.4145597219467163,-0.07065919786691666,0.49662357568740845,0.49000734090805054,-0.10242274403572083,0.47043436765670776,0.443489670753479,-0.09779738634824753,0.5134373903274536,0.4409146308898926,-0.09042350947856903,0.3553902208805084,0.3866962790489197,-0.00768114160746336,0.5949831008911133,0.6358059644699097,-0.09497519582509995,0.6352037787437439,0.6085290312767029,-0.09665942192077637,0.7087610363960266,0.5366984009742737,-0.09475921839475632,0.5156860947608948,0.7239338159561157,-0.05860423296689987,0.3061375617980957,0.46541905403137207,-0.021861160174012184,0.39957648515701294,0.414597749710083,-0.06654521822929382,0.7322171330451965,0.4971449673175812,-0.06583844125270844,0.6966954469680786,0.5863444209098816,-0.09461396187543869,0.376922070980072,0.7094848155975342,-0.07052330672740936,0.5889414548873901,0.4967779219150543,-0.08354108780622482,0.591539740562439,0.5038358569145203,-0.08935356885194778,0.5947555303573608,0.5118566155433655,-0.0960298702120781,0.5980505347251892,0.5187569856643677,-0.09711069613695145,0.6160885095596313,0.5226109623908997,-0.09334201365709305,0.5115355253219604,0.5089912414550781,-0.09326589852571487,0.5065616369247437,0.5130413174629211,-0.09836937487125397,0.5011972188949585,0.5165373086929321,-0.10245097428560257,0.5075662136077881,0.5403226017951965,-0.1094495952129364,0.40924152731895447,0.6151651740074158,-0.12692365050315857,0.37654823064804077,0.4197279214859009,-0.0441303513944149,0.31618285179138184,0.4376421868801117,-0.0046992176212370396,0.30654358863830566,0.45255061984062195,-0.013648043386638165,0.5143553018569946,0.5058192610740662,-0.08997248113155365,0.46508103609085083,0.650853157043457,-0.1115795224905014,0.3335355222225189,0.41647079586982727,-0.016711968928575516,0.6301882266998291,0.5426273345947266,-0.09413953125476837,0.4283892512321472,0.373426228761673,-0.07694792002439499,0.39868196845054626,0.3952447772026062,-0.0634152814745903,0.4054117798805237,0.3788036108016968,-0.05187196657061577,0.42269161343574524,0.43472668528556824,-0.08354225754737854,0.7074695825576782,0.4853833317756653,-0.06971783936023712,0.6808519959449768,0.47737962007522583,-0.0637432262301445,0.6611956357955933,0.509365439414978,-0.08331157267093658,0.5577520728111267,0.5798691511154175,-0.10141979157924652,0.4490776062011719,0.5037027597427368,-0.08988822996616364,0.5964068174362183,0.5660607814788818,-0.09782091528177261,0.4185865819454193,0.5460595488548279,-0.11931190639734268,0.4598560035228729,0.5267490744590759,-0.10620372742414474,0.4438655972480774,0.5819230079650879,-0.12391801178455353,0.6847082376480103,0.5223338603973389,-0.09580153971910477,0.4249733090400696,0.4575546383857727,-0.08251040428876877,0.568504810333252,0.6090865135192871,-0.10287027060985565,0.6111167669296265,0.5864244699478149,-0.09815113246440887,0.5172756910324097,0.5849895477294922,-0.11333195865154266,0.4229423403739929,0.6696062088012695,-0.10796547681093216,0.5080913305282593,0.6221475601196289,-0.11415980011224747,0.43446946144104004,0.7107515931129456,-0.08156350255012512,0.47930634021759033,0.5549108386039734,-0.11488667130470276,0.4036172032356262,0.4366512894630432,-0.06850814819335938,0.46789705753326416,0.4263286888599396,-0.12209893763065338,0.46393805742263794,0.45093363523483276,-0.1081763207912445,0.4607149064540863,0.4047237038612366,-0.12706822156906128,0.28600409626960754,0.4436603784561157,-0.02060025744140148,0.24869081377983093,0.46703794598579407,-0.04748786613345146,0.22341512143611908,0.49250057339668274,-0.07082478702068329,0.20904627442359924,0.5177828669548035,-0.08583804219961166,0.20568609237670898,0.5399719476699829,-0.09020834416151047,0.23529650270938873,0.5691347122192383,-0.07783807069063187,0.2692168951034546,0.681277871131897,-0.058852169662714005,0.2795630991458893,0.5631746053695679,-0.08757432550191879,0.3031313717365265,0.5435341000556946,-0.08356952667236328,0.3210257887840271,0.5169941782951355,-0.07120398432016373,0.33217114210128784,0.49187880754470825,-0.05252077430486679,0.33792543411254883,0.4726925492286682,-0.033243294805288315,0.34172022342681885,0.45795202255249023,-0.022244051098823547,0.26423925161361694,0.7257800102233887,0.009251927956938744,0.4684221148490906,0.45868492126464844,-0.09878149628639221,0.42036229372024536,0.40922439098358154,-0.08849077671766281,0.4783204197883606,0.40339377522468567,-0.1252964437007904,0.49218299984931946,0.4062367081642151,-0.1103527769446373,0.4807634949684143,0.411048948764801,-0.1167987659573555,0.4764454960823059,0.4610122740268707,-0.08746641874313354,0.49681007862091064,0.40047338604927063,-0.11377672851085663,0.5003530383110046,0.41095590591430664,-0.09042349457740784,0.32246658205986023,0.45447590947151184,-0.00940727163106203,0.3387944996356964,0.4436359405517578,-0.010785713791847229,0.35094383358955383,0.43602389097213745,-0.02119443379342556,0.2420385479927063,0.5411173701286316,-0.07276157289743423,0.22331829369068146,0.5480222702026367,-0.08014222234487534,0.43894922733306885,0.3651212453842163,-0.053355615586042404,0.4343523681163788,0.35950106382369995,0.17694339156150818,0.5153827667236328,0.3877684473991394,-0.06740695238113403,0.3771495819091797,0.3373991847038269,0.3665710985660553,0.4284575581550598,0.38284167647361755,0.10918793082237244,0.43663448095321655,0.3770108222961426,0.1263008564710617,0.44166332483291626,0.37081241607666016,0.14608532190322876,0.4349997043609619,0.3655538856983185,0.18369713425636292,0.4201006293296814,0.3848710060119629,0.09509968012571335,0.4071059226989746,0.34956103563308716,0.1331200897693634,0.4005770981311798,0.35708826780319214,0.11301065981388092,0.41379156708717346,0.34559541940689087,0.15355196595191956,0.41959238052368164,0.34710052609443665,0.16966986656188965,0.4430909752845764,0.3681687116622925,0.1996172070503235,0.7099959254264832,0.44581231474876404,0.017432838678359985,0.4310528337955475,0.3581383228302002,0.18975774943828583,0.45574092864990234,0.35822170972824097,0.3441319763660431,0.4291461408138275,0.36273589730262756,0.2406935691833496,0.5179539918899536,0.36369720101356506,0.06428753584623337,0.5587767958641052,0.4055243730545044,-0.05715559050440788,0.5644049644470215,0.41474464535713196,-0.05322778597474098,0.5734023451805115,0.38840746879577637,-0.022698229178786278,0.5859259963035583,0.38076040148735046,0.010852471925318241,0.5746980309486389,0.4008113443851471,-0.02503598853945732,0.584560215473175,0.39280229806900024,0.0038479522336274385,0.6541546583175659,0.4067457914352417,0.05479324981570244,0.5062611103057861,0.36467933654785156,-0.10124184936285019,0.4884769916534424,0.35592004656791687,-0.10073010623455048,0.4094981849193573,0.3305472731590271,0.20181353390216827,0.44923239946365356,0.37430161237716675,0.04767930880188942,0.518684983253479,0.361114501953125,-0.01199544407427311,0.5067044496536255,0.36185941100120544,-0.002045559696853161,0.5377852916717529,0.34798556566238403,0.14291317760944366,0.46301090717315674,0.3585619628429413,-0.07892552763223648,0.39658308029174805,0.32446497678756714,0.12773439288139343,0.4031200110912323,0.3235000669956207,0.16755825281143188,0.34658148884773254,0.3171234428882599,0.314962238073349,0.3825947940349579,0.3532670736312866,0.039334602653980255,0.3973049521446228,0.36635202169418335,0.10323219001293182,0.6375837326049805,0.39312419295310974,0.07813745737075806,0.6430021524429321,0.44464510679244995,0.3362793028354645,0.5230192542076111,0.3766365051269531,-0.01999707520008087,0.5207492113113403,0.38914036750793457,-0.04448803886771202,0.6125806570053101,0.37938666343688965,0.06509894132614136,0.6098300218582153,0.3860241174697876,0.05029847472906113,0.39192262291908264,0.31702786684036255,0.18932276964187622,0.5261470675468445,0.3696514070034027,-0.00442910473793745,0.3887013792991638,0.3327384293079376,0.0842394307255745,0.3770959675312042,0.32274043560028076,0.08726690709590912,0.2858051061630249,0.3092050850391388,0.1741642951965332,0.3568331301212311,0.3088168203830719,0.2424500733613968,0.30695345997810364,0.31375032663345337,0.1293714940547943,0.3976685404777527,0.3276898264884949,0.23287661373615265,0.38529250025749207,0.3230786919593811,0.2921728789806366,0.5632905960083008,0.40931767225265503,-0.056678760796785355,0.5751355886459351,0.3940812945365906,-0.024456419050693512,0.5860779285430908,0.3857589364051819,0.004978898447006941,0.5234307050704956,0.38320842385292053,-0.024074001237750053,0.6115803718566895,0.38266605138778687,0.05630774796009064,0.6299867630004883,0.3883202075958252,0.03203075751662254,0.6082726716995239,0.3884216248989105,0.047450605779886246,0.5149993896484375,0.36916035413742065,-0.04852290078997612,0.581969141960144,0.39872848987579346,0.003247446147724986,0.572634220123291,0.4071331024169922,-0.020906902849674225,0.5634750723838806,0.42018449306488037,-0.04576169699430466,0.6706359386444092,0.449642539024353,-0.03827230632305145,0.67519211769104,0.43820899724960327,-0.04725240170955658,0.6680803298950195,0.43644243478775024,-0.046550583094358444,0.656579852104187,0.4364495575428009,-0.039396900683641434,0.6445925235748291,0.43771082162857056,-0.03575129434466362,0.6338690519332886,0.4085717797279358,0.010231978259980679,0.6397253274917603,0.4036197066307068,0.0056871105916798115,0.6469586491584778,0.39792537689208984,0.003579801879823208,0.6520780324935913,0.3939928412437439,0.010026792995631695,0.5886135697364807,0.3797037601470947,0.029897445812821388,0.5437972545623779,0.4222429394721985,0.4154748022556305,0.6229628920555115,0.39931049942970276,0.03270244225859642,0.6271231174468994,0.3935192823410034,0.029900778084993362,0.5251618027687073,0.39555448293685913,-0.048713818192481995,0.5337501764297485,0.38263562321662903,-0.003638782072812319,0.5231983065605164,0.3923448324203491,-0.04733279347419739,0.4692414700984955,0.36903226375579834,0.0681358128786087,0.4959622621536255,0.35747647285461426,0.09449079632759094,0.5160292983055115,0.3673643469810486,0.008798348717391491,0.3161202371120453,0.30668169260025024,0.2474767416715622,0.3309257924556732,0.3061641454696655,0.18869243562221527,0.3847861588001251,0.31483161449432373,0.1424512267112732,0.6629140973091125,0.41766172647476196,0.028506377711892128,0.3664657473564148,0.33728647232055664,0.04239589720964432,0.2848632037639618,0.3315424919128418,0.07651422172784805,0.2571125328540802,0.3243972063064575,0.10575629770755768,0.4407772421836853,0.3677750825881958,0.16715367138385773,0.45128437876701355,0.3724098205566406,0.22281871736049652,0.41353657841682434,0.3847789466381073,0.09235148131847382,0.42058125138282776,0.34919124841690063,0.2025442123413086,0.4304738938808441,0.37550050020217896,0.03254382312297821,0.5075501799583435,0.3573598861694336,-0.039286937564611435,0.49989861249923706,0.3446579873561859,0.2612621486186981,0.469618022441864,0.37323740124702454,0.19156676530838013,0.4797869026660919,0.3750266134738922,0.14887022972106934,0.47082236409187317,0.38217419385910034,0.11086467653512955,0.4555918276309967,0.3880608379840851,0.08637410402297974,0.4435550570487976,0.38925713300704956,0.06518781930208206,0.3941343128681183,0.3753713369369507,-0.005137577187269926,0.5444824695587158,0.3507652282714844,0.24392583966255188,0.41638559103012085,0.34578293561935425,0.22610728442668915,0.5130026340484619,0.3804478049278259,-0.09649045020341873,0.4698273539543152,0.37323302030563354,0.03135501965880394,0.4487875699996948,0.39085280895233154,0.4327037036418915,0.4321032166481018,0.3878943920135498,0.0536959245800972,0.5167774558067322,0.37398281693458557,0.028665095567703247,0.4283561706542969,0.35968518257141113,0.19882576167583466,0.4929797649383545,0.3591318130493164,-0.028025610372424126,0.5938445329666138,0.43359366059303284,0.38350456953048706,0.4074559509754181,0.3835130035877228,0.10339482128620148,0.4761931300163269,0.35697615146636963,-0.055865008383989334,0.6877732872962952,0.42158079147338867,0.16923768818378448,0.7055598497390747,0.4508320093154907,0.20422601699829102,0.5500253438949585,0.37853968143463135,0.32848504185676575,0.6672121286392212,0.41416460275650024,0.22026370465755463,0.4165261387825012,0.34144076704978943,0.3262940049171448,0.734115719795227,0.45519372820854187,0.02600574865937233,0.5142177939414978,0.3943788409233093,-0.07650769501924515,0.49203699827194214,0.370979368686676,0.046637531369924545,0.42527830600738525,0.3682521879673004,0.27613362669944763,0.4351575970649719,0.36485999822616577,0.1492856740951538,0.42993009090423584,0.3707770109176636,0.13198015093803406,0.6321163177490234,0.3839734196662903,0.039318811148405075,0.5855828523635864,0.36387839913368225,0.2320711761713028,0.7565234899520874,0.48374342918395996,-0.01190404687076807,0.740059494972229,0.4617929458618164,0.09306736290454865,0.7260817289352417,0.4563139081001282,0.14441145956516266,0.4224991798400879,0.3762581944465637,0.11752577871084213,0.41421401500701904,0.37995997071266174,0.10921280086040497,0.40983647108078003,0.3823999762535095,0.10671833902597427,0.4058440923690796,0.34723931550979614,0.26009607315063477,0.4075884521007538,0.37320563197135925,0.11316023766994476,0.4121497571468353,0.366127073764801,0.1223561242222786,0.4177497625350952,0.35936716198921204,0.13664637506008148,0.4239489734172821,0.35488566756248474,0.15354976058006287,0.4283553957939148,0.3546854853630066,0.16637340188026428,0.408372163772583,0.3615756034851074,0.4088574945926666,0.4357333481311798,0.36127471923828125,0.1652069240808487,0.5672470927238464,0.3816821575164795,0.0019726986065506935,0.5213034152984619,0.3718266487121582,-0.027561793103814125,0.5427871942520142,0.3969091773033142,-0.047621797770261765,0.7070958614349365,0.43247824907302856,0.12059560418128967,0.7190765738487244,0.44534727931022644,0.07356220483779907,0.7412427663803101,0.4710031747817993,-0.02541942335665226,0.6801029443740845,0.4493802785873413,0.27239081263542175,0.40698811411857605,0.37900233268737793,0.1078905314207077,0.43398529291152954,0.3692544102668762,-0.009509647265076637,0.7516796588897705,0.4692727029323578,0.039838872849941254,0.5950887799263,0.391912043094635,0.3043026924133301,0.6430875062942505,0.4210963845252991,-0.011886569671332836,0.6527018547058105,0.4170043468475342,-0.014885625801980495,0.662681519985199,0.41362592577934265,-0.01808026432991028,0.6709204912185669,0.41252976655960083,-0.015081602148711681,0.6695407629013062,0.43142521381378174,-0.002040862338617444,0.5959525108337402,0.38819408416748047,0.030260104686021805,0.5978813767433167,0.38215088844299316,0.036959655582904816,0.5983476042747498,0.37700629234313965,0.04233565181493759,0.6135106086730957,0.3832765221595764,0.06095903739333153,0.5873045921325684,0.36203157901763916,0.16384655237197876,0.41073668003082275,0.375770628452301,0.014861878007650375,0.3962749242782593,0.376888632774353,0.07035516202449799,0.39978909492492676,0.3774089813232422,0.09558355063199997,0.5933443307876587,0.3926161825656891,0.028525281697511673,0.6382420063018799,0.3859180808067322,0.18398883938789368,0.39807596802711487,0.3741193413734436,0.027777232229709625,0.6860699653625488,0.4411773979663849,0.007359838113188744,0.41775327920913696,0.37001293897628784,-0.03269932046532631,0.47219914197921753,0.3669648766517639,-0.008547195233404636,0.6893276572227478,0.45726650953292847,-0.03450140729546547,0.6636213064193726,0.40861976146698,0.0747426226735115,0.5393262505531311,0.37324416637420654,0.04352007433772087,0.6781793832778931,0.4253993034362793,0.04207049682736397,0.5549006462097168,0.35841184854507446,0.08921751379966736,0.5683343410491943,0.3714566230773926,0.059783030301332474,0.5943747162818909,0.36621102690696716,0.11419950425624847,0.7170305252075195,0.46155011653900146,-0.031175950542092323,0.48700717091560364,0.3698715567588806,0.011956339702010155,0.6829532384872437,0.4148276746273041,0.10016240924596786,0.6960034370422363,0.4328802227973938,0.05875321477651596,0.6433728933334351,0.3923570513725281,0.09930039942264557,0.6192576885223389,0.37799715995788574,0.22271747887134552,0.6529968976974487,0.39319682121276855,0.13318906724452972,0.6344970464706421,0.4049438238143921,0.27454450726509094,0.6025808453559875,0.37607666850090027,0.08066405355930328,0.451617956161499,0.37161827087402344,0.012534156441688538,0.5145411491394043,0.3627343773841858,-0.048471469432115555,0.523284375667572,0.36567890644073486,-0.02388051338493824,0.49764159321784973,0.3548468351364136,-0.06830347329378128,0.3906584084033966,0.3628910183906555,0.08296631276607513,0.39526477456092834,0.3480037450790405,0.10452178865671158,0.40299251675605774,0.3388250172138214,0.12843221426010132,0.4101112186908722,0.33473849296569824,0.15642637014389038,0.41599664092063904,0.338689923286438,0.18101918697357178,0.428873211145401,0.36147624254226685,0.21434171497821808,0.5036386251449585,0.3672987222671509,0.34229224920272827,0.4531412720680237,0.3699834942817688,0.179061621427536,0.4571515619754791,0.3733484447002411,0.14891351759433746,0.45189082622528076,0.38001489639282227,0.12060507386922836,0.4401538074016571,0.38626575469970703,0.0986049622297287,0.42983782291412354,0.38846924901008606,0.08132071048021317,0.42151540517807007,0.38846996426582336,0.07107208669185638,0.4939945340156555,0.4106665253639221,0.43423324823379517,0.5267237424850464,0.3729267120361328,-0.01596759632229805,0.45433661341667175,0.36383962631225586,-0.029696805402636528,0.5099135637283325,0.3614840507507324,-0.07830682396888733,0.5138823390007019,0.37906527519226074,-0.08324790000915527,0.5129747986793518,0.3695183992385864,-0.06883212178945541,0.5288063883781433,0.3819243013858795,-0.017895108088850975,0.5144941806793213,0.378586083650589,-0.09155217558145523,0.516036868095398,0.39089614152908325,-0.07189720869064331,0.4069390892982483,0.38413363695144653,0.08942002803087234,0.4102599322795868,0.38638973236083984,0.062509685754776,0.41682833433151245,0.38402312994003296,0.03916153311729431,0.4304627776145935,0.35596466064453125,0.17725422978401184,0.4235914647579193,0.3513612151145935,0.18633796274662018,0.278862327337265,0.5081619024276733,-0.05234156921505928,0.29130199551582336,0.49048519134521484,-0.05234156921505928,0.26110073924064636,0.5036175847053528,-0.05234156921505928,0.2659967541694641,0.5257418751716614,-0.05234156921505928,0.29587212204933167,0.5126994252204895,-0.05234156921505928,0.4133022427558899,0.35841166973114014,0.1392035186290741,0.421612948179245,0.3507193922996521,0.1392035186290741,0.398824542760849,0.35161495208740234,0.1392035186290741,0.40454918146133423,0.3662969172000885,0.1392035186290741,0.42711716890335083,0.3651655316352844,0.1392035186290741,0,0,0,0,0,1,1,0,0,0,0,0,0.13437935709953308,0.08970725536346436,0.16281215846538544,0.06912463158369064,0.036022480577230453,0.0800769105553627,0.08740439265966415,0.0716613307595253,0.08866359293460846,0.10526426136493683,1.1227411031723022,0.31278517842292786,Neutral,-15.630403518676758,-15.9412841796875
206,6.866666666666666,27.8213883025269,-10.153592457011424,0.8780016421251058,0.5222432613372803,0.4452357590198517,-0.07569707930088043,0.45696383714675903,0.3773965835571289,-0.11361907422542572,0.4763142466545105,0.41203904151916504,-0.06860695779323578,0.37824782729148865,0.39713406562805176,-0.09008423984050751,0.43537530303001404,0.37112903594970703,-0.1168028861284256,0.40773433446884155,0.3747773766517639,-0.10352710634469986,0.3318203091621399,0.39355790615081787,-0.03611927852034569,0.24663642048835754,0.5452176928520203,-0.07172884792089462,0.2831888794898987,0.3920154869556427,-0.010568755678832531,0.25725534558296204,0.38458845019340515,-0.00717752892524004,0.15705883502960205,0.375933438539505,0.035398807376623154,0.5289803147315979,0.4457871615886688,-0.07432422041893005,0.5340555310249329,0.4468063414096832,-0.06919694691896439,0.5363706350326538,0.4478289783000946,-0.06048610433936119,0.6266384124755859,0.46640193462371826,-0.052308760583400726,0.6368388533592224,0.46736446022987366,-0.05569736286997795,0.6463184356689453,0.4685499668121338,-0.061436623334884644,0.6537127494812012,0.4693339467048645,-0.059575796127319336,0.6386280655860901,0.4564034938812256,-0.04532412812113762,0.46879884600639343,0.38921308517456055,-0.10528375208377838,0.4590452313423157,0.4175911843776703,-0.09096149355173111,0.12143416702747345,0.6544306874275208,-0.028519082814455032,0.29607897996902466,0.49268507957458496,-0.05262334644794464,0.28957003355026245,0.5102877020835876,-0.06726916879415512,0.2797245681285858,0.5294920802116394,-0.0764629989862442,0.24770484864711761,0.5580345392227173,-0.07867021858692169,0.29833051562309265,0.4778386354446411,-0.03426558896899223,0.21838273108005524,0.5062342882156372,-0.06876105070114136,0.2321547567844391,0.4861185550689697,-0.0483814999461174,0.21082645654678345,0.5281947255134583,-0.0792010948061943,0.21159912645816803,0.545173704624176,-0.08186030387878418,0.2550711929798126,0.5787184834480286,-0.08188506215810776,0.6390963792800903,0.5431617498397827,-0.08147454261779785,0.2336863875389099,0.5544389486312866,-0.07051823288202286,0.21685616672039032,0.6736383438110352,-0.043961673974990845,0.2225160151720047,0.6041701436042786,-0.07655585557222366,0.39186376333236694,0.5116671323776245,-0.09384846687316895,0.5052556991577148,0.46885964274406433,-0.09191740304231644,0.5219235420227051,0.46727192401885986,-0.0840008333325386,0.49689292907714844,0.4931775629520416,-0.1012435033917427,0.4962955117225647,0.5091645121574402,-0.10013175010681152,0.5133451819419861,0.48563438653945923,-0.09194871783256531,0.5096705555915833,0.4997093081474304,-0.08822759240865707,0.5552017092704773,0.5459606647491455,-0.08674373477697372,0.449995756149292,0.3920153081417084,-0.12229013442993164,0.42846834659576416,0.38814741373062134,-0.12691634893417358,0.17717473208904266,0.5711985230445862,-0.09770824015140533,0.3512432277202606,0.4670219123363495,-0.059190064668655396,0.4248933792114258,0.4603179395198822,-0.10823763906955719,0.4107164442539215,0.4640454649925232,-0.10174182802438736,0.36299559473991394,0.5764431953430176,-0.12027208507061005,0.4027106463909149,0.39123135805130005,-0.1135639026761055,0.18459221720695496,0.5098061561584473,-0.0853613018989563,0.1750876009464264,0.5428572297096252,-0.09623552858829498,0.09594209492206573,0.6054288744926453,-0.041297465562820435,0.2521314024925232,0.4287679195404053,-0.036523107439279556,0.2505435645580292,0.471453458070755,-0.029267452657222748,0.5232431292533875,0.5542806386947632,-0.0956830233335495,0.4623252749443054,0.7324554324150085,-0.022381752729415894,0.44398969411849976,0.4520149230957031,-0.09001225978136063,0.4562109708786011,0.4397314488887787,-0.07802262157201767,0.509399950504303,0.5271361470222473,-0.08523359894752502,0.5141764879226685,0.5213396549224854,-0.0808485671877861,0.1529719978570938,0.5535844564437866,-0.09091835469007492,0.43363404273986816,0.4707399904727936,-0.0984080582857132,0.20847104489803314,0.4723258316516876,-0.06445512920618057,0.18967631459236145,0.47108694911003113,-0.06689617782831192,0.10051579773426056,0.4838642179965973,-0.0369303859770298,0.12348340451717377,0.5709078311920166,-0.06747429072856903,0.14191992580890656,0.4674071669578552,-0.04991782456636429,0.15727344155311584,0.5862040519714355,-0.08810920268297195,0.1413087397813797,0.6154360771179199,-0.05668213963508606,0.5145202875137329,0.46851083636283875,-0.09064217656850815,0.5056115984916687,0.4897485375404358,-0.0977935791015625,0.5029087662696838,0.504846453666687,-0.09541288018226624,0.4499552547931671,0.45169174671173096,-0.0812724307179451,0.5122807621955872,0.5241426229476929,-0.08210622519254684,0.5342854857444763,0.5246186852455139,-0.08290489763021469,0.5155270099639893,0.5192122459411621,-0.07981064915657043,0.4411665201187134,0.4277982711791992,-0.1137612834572792,0.5128605961799622,0.49551135301589966,-0.08301650732755661,0.5174034237861633,0.4819409251213074,-0.08253335952758789,0.5258490443229675,0.46570709347724915,-0.07636091113090515,0.6266804933547974,0.48343294858932495,-0.062241606414318085,0.630689263343811,0.4988153576850891,-0.0772949755191803,0.6250181794166565,0.496072918176651,-0.07915117591619492,0.6168636083602905,0.49172914028167725,-0.07303795218467712,0.6090102791786194,0.48753467202186584,-0.06861342489719391,0.5604434609413147,0.5097472667694092,-0.0769776999950409,0.5602295398712158,0.5150708556175232,-0.08020350337028503,0.5598530173301697,0.5217847228050232,-0.08521338552236557,0.5595382452011108,0.5268165469169617,-0.08626411855220795,0.4848824739456177,0.5114448666572571,-0.10070778429508209,0.32613155245780945,0.7412266731262207,0.007745261304080486,0.4729873538017273,0.40129947662353516,-0.08080019801855087,0.5393898487091064,0.5147685408592224,-0.07769094407558441,0.5371241569519043,0.5196507573127747,-0.08041656017303467,0.467401385307312,0.4359750747680664,-0.08065949380397797,0.4493214190006256,0.4737992286682129,-0.07755444198846817,0.46226662397384644,0.43757256865501404,-0.07947586476802826,0.3549872636795044,0.4896698594093323,-0.0723724514245987,0.35620543360710144,0.5211118459701538,-0.09414239227771759,0.4187506139278412,0.4745616912841797,-0.09394712001085281,0.0876249372959137,0.5485701560974121,-0.04626421257853508,0.12252511084079742,0.522163987159729,-0.06429930776357651,0.16341492533683777,0.5140684247016907,-0.08279396593570709,0.579525887966156,0.5308270454406738,-0.08491353690624237,0.22237299382686615,0.4260561764240265,-0.0414813794195652,0.16756671667099,0.42208781838417053,-0.024157891049981117,0.12436830997467041,0.42861682176589966,-0.00804583728313446,0.26428717374801636,0.54767906665802,-0.08001327514648438,0.25906631350517273,0.6058181524276733,-0.08940894156694412,0.29707443714141846,0.4680120050907135,-0.023670198395848274,0.20923174917697906,0.5714918375015259,-0.08577315509319305,0.3435380458831787,0.44854360818862915,-0.05408056452870369,0.4219423234462738,0.43678852915763855,-0.11742091178894043,0.27742084860801697,0.6415523290634155,-0.0923328846693039,0.28747808933258057,0.5889643430709839,-0.10149383544921875,0.31427353620529175,0.5595044493675232,-0.09986039251089096,0.33019280433654785,0.5198246836662292,-0.0803704485297203,0.3335512578487396,0.4920755922794342,-0.06022294983267784,0.33384066820144653,0.47096312046051025,-0.04626505821943283,0.3281507194042206,0.4117754399776459,-0.04606853425502777,0.33131739497184753,0.646020233631134,-0.10684508830308914,0.19615896046161652,0.5900989770889282,-0.08844740688800812,0.46391260623931885,0.3972950577735901,-0.11250276118516922,0.37603050470352173,0.46480274200439453,-0.07021305710077286,0.2122563272714615,0.718155026435852,0.00971890613436699,0.3312070369720459,0.45320209860801697,-0.03503768891096115,0.41857293248176575,0.48440152406692505,-0.0743771344423294,0.22799399495124817,0.5643413066864014,-0.07453172653913498,0.40602582693099976,0.4413374960422516,-0.1080840453505516,0.390752375125885,0.7434062361717224,-0.0037894519045948982,0.28744325041770935,0.4694802165031433,-0.01779053546488285,0.40167272090911865,0.41407158970832825,-0.11516083031892776,0.5517077445983887,0.647942841053009,-0.08085006475448608,0.577531635761261,0.6734979152679443,-0.060052674263715744,0.325739324092865,0.699521541595459,-0.054370004683732986,0.5039639472961426,0.6771163940429688,-0.07844718545675278,0.1735805869102478,0.6463007926940918,-0.045046206563711166,0.6650873422622681,0.5572680830955505,-0.0809236466884613,0.4683695435523987,0.4080888628959656,-0.08466534316539764,0.38437530398368835,0.4872651696205139,-0.07726961374282837,0.21337224543094635,0.62785404920578,-0.07250896841287613,0.26713016629219055,0.5230479836463928,-0.06957653164863586,0.2769164443016052,0.5070562958717346,-0.06228985637426376,0.5311761498451233,0.5291866064071655,-0.08460487425327301,0.3827275335788727,0.6561204195022583,-0.10314355790615082,0.7100498676300049,0.5283738374710083,-0.0633140578866005,0.6582577228546143,0.601641833782196,-0.06831014156341553,0.6253924369812012,0.6349287033081055,-0.0654558315873146,0.19812841713428497,0.3777802586555481,0.013799751177430153,0.7250442504882812,0.48891422152519226,-0.035303570330142975,0.28211474418640137,0.4935762882232666,-0.0491052083671093,0.2850705683231354,0.4811328053474426,-0.03506254777312279,0.2870498299598694,0.47311264276504517,-0.023353153839707375,0.17908009886741638,0.6099674701690674,-0.07890734821557999,0.26550114154815674,0.48060891032218933,-0.03421110659837723,0.2514365315437317,0.49441275000572205,-0.04781126603484154,0.2417079210281372,0.509975016117096,-0.06041615828871727,0.23531308770179749,0.5274311900138855,-0.06982855498790741,0.23375719785690308,0.539739191532135,-0.07240989059209824,0.15814955532550812,0.6897692084312439,-0.006261095870286226,0.257029265165329,0.5354234576225281,-0.07196260243654251,0.49137043952941895,0.4141165316104889,-0.06637826561927795,0.4770123362541199,0.4880514442920685,-0.09601715952157974,0.440610408782959,0.4468778371810913,-0.09480617940425873,0.4836369454860687,0.44039908051490784,-0.08497192710638046,0.3054400682449341,0.3975412845611572,-0.015174025669693947,0.5961050391197205,0.6196642518043518,-0.07739237695932388,0.6313572525978088,0.5911341905593872,-0.0776209905743599,0.6928942799568176,0.5173748135566711,-0.07405416667461395,0.5259593725204468,0.7060853242874146,-0.04430866241455078,0.27972933650016785,0.4727229177951813,-0.024630337953567505,0.35912075638771057,0.4233918786048889,-0.06898193806409836,0.7091465592384338,0.47708597779273987,-0.046459026634693146,0.6870390176773071,0.5658804774284363,-0.07318440079689026,0.38466161489486694,0.7054319381713867,-0.05934619531035423,0.5858095288276672,0.5011376738548279,-0.07538262009620667,0.5889424681663513,0.5069655776023865,-0.07974031567573547,0.5927083492279053,0.5133825540542603,-0.08551141619682312,0.5967496633529663,0.5181952118873596,-0.08570468425750732,0.6044443845748901,0.5104697346687317,-0.08012823760509491,0.5097547769546509,0.5118274688720703,-0.08562052249908447,0.5048077702522278,0.51655513048172,-0.09070713073015213,0.49934282898902893,0.520518958568573,-0.09457288682460785,0.5009455680847168,0.5340593457221985,-0.10159321874380112,0.40830034017562866,0.6132454872131348,-0.11784148216247559,0.3345111608505249,0.4293546676635742,-0.04778957739472389,0.2832292318344116,0.44624385237693787,-0.009777585975825787,0.2765476107597351,0.4614065885543823,-0.017611803486943245,0.5120381116867065,0.5081309080123901,-0.08187751471996307,0.46951502561569214,0.6415975689888,-0.09874484688043594,0.2978253960609436,0.4228636920452118,-0.02245907671749592,0.6192511320114136,0.5285903811454773,-0.07816528528928757,0.3823261857032776,0.3817155361175537,-0.07987039536237717,0.3545544743537903,0.40467873215675354,-0.06722287833690643,0.3581346869468689,0.3877756595611572,-0.056607384234666824,0.3879276216030121,0.4415433704853058,-0.08337441086769104,0.6836303472518921,0.4677336812019348,-0.05156220123171806,0.6573923826217651,0.4624575972557068,-0.04721246287226677,0.6440587639808655,0.49480539560317993,-0.06599587202072144,0.5553121566772461,0.5693973302841187,-0.08893922716379166,0.42918679118156433,0.505164623260498,-0.08500656485557556,0.5903390049934387,0.5534545183181763,-0.08361940830945969,0.40702715516090393,0.5474988222122192,-0.11251135170459747,0.44623297452926636,0.525741457939148,-0.09992530196905136,0.4396456480026245,0.5788970589637756,-0.1145968809723854,0.6680258512496948,0.5053516626358032,-0.07650289684534073,0.3944907784461975,0.46292340755462646,-0.08088751882314682,0.5680850148200989,0.5965754985809326,-0.08782678097486496,0.6057283282279968,0.5718815326690674,-0.08128389716148376,0.516555666923523,0.5767276287078857,-0.1018754094839096,0.4285210371017456,0.6631965637207031,-0.09601850807666779,0.5102822780609131,0.6121883988380432,-0.10140769928693771,0.44346633553504944,0.7008799314498901,-0.06777115166187286,0.4733174443244934,0.5502936840057373,-0.10677934437990189,0.36718857288360596,0.4443323314189911,-0.06942881643772125,0.4353053569793701,0.43122947216033936,-0.11944766342639923,0.4354099631309509,0.4546528160572052,-0.10450752824544907,0.42403921484947205,0.41127392649650574,-0.12573741376399994,0.2547836899757385,0.45474374294281006,-0.025810696184635162,0.22449466586112976,0.48029211163520813,-0.0522422157227993,0.20660454034805298,0.5065268278121948,-0.07433117926120758,0.1980314552783966,0.532605767250061,-0.08816911280155182,0.19806014001369476,0.5547224879264832,-0.09151490777730942,0.22719311714172363,0.5820552110671997,-0.0768146961927414,0.26968878507614136,0.6893845796585083,-0.05278543755412102,0.2733229994773865,0.5660065412521362,-0.08554501086473465,0.29416537284851074,0.5438529849052429,-0.08233608305454254,0.3072662949562073,0.5165609121322632,-0.07096371799707413,0.31342580914497375,0.4922962784767151,-0.053034909069538116,0.3149695098400116,0.4741576313972473,-0.035451143980026245,0.3150481581687927,0.46062377095222473,-0.02508760616183281,0.26827743649482727,0.7325142025947571,0.014030168764293194,0.4411706328392029,0.46139657497406006,-0.0948730930685997,0.3808863162994385,0.4174625277519226,-0.08943673223257065,0.44184499979019165,0.40865057706832886,-0.123368039727211,0.45567137002944946,0.4100555181503296,-0.10820425301790237,0.4453161656856537,0.41551709175109863,-0.11462364345788956,0.4494197368621826,0.4627472758293152,-0.08344674110412598,0.4595724940299988,0.4041897654533386,-0.11171649396419525,0.4644620716571808,0.41383597254753113,-0.08774837106466293,0.29321879148483276,0.46090489625930786,-0.01266064215451479,0.3081662356853485,0.44835561513900757,-0.014844846911728382,0.32042786478996277,0.43818870186805725,-0.025639621540904045,0.23373068869113922,0.5477113723754883,-0.07250383496284485,0.2160549759864807,0.5588660836219788,-0.07996677607297897,0.39093005657196045,0.3720555901527405,-0.05704363062977791,0.38160765171051025,0.35465002059936523,0.16504673659801483,0.4741192162036896,0.38894760608673096,-0.06600514054298401,0.2996719479560852,0.34453538060188293,0.34786608815193176,0.38284340500831604,0.37662726640701294,0.1004280224442482,0.3889313042163849,0.3699336349964142,0.11655396223068237,0.392616331577301,0.363426148891449,0.135365828871727,0.38875389099121094,0.35818105936050415,0.17166945338249207,0.3752732276916504,0.38071924448013306,0.08663396537303925,0.3478086590766907,0.35448169708251953,0.12095673382282257,0.3442884087562561,0.3626305162906647,0.10165861994028091,0.3535628020763397,0.3489651679992676,0.14046184718608856,0.3613690137863159,0.34752213954925537,0.1563318371772766,0.4015854001045227,0.35741662979125977,0.1874186098575592,0.6764413118362427,0.42696869373321533,0.029650436714291573,0.3794514536857605,0.3532230854034424,0.17715729773044586,0.38629525899887085,0.35596445202827454,0.3280346393585205,0.39140185713768005,0.35370832681655884,0.22657185792922974,0.4650505781173706,0.3627617359161377,0.06050541624426842,0.5306090712547302,0.4223477840423584,-0.052520107477903366,0.5435409545898438,0.42828017473220825,-0.04764040932059288,0.545059084892273,0.4035526514053345,-0.019384115934371948,0.5590456128120422,0.3938904106616974,0.01262087095528841,0.5530201196670532,0.4146057069301605,-0.0210020300000906,0.5627725720405579,0.4060205817222595,0.006614604499191046,0.6173864603042603,0.39590132236480713,0.05753899738192558,0.46216386556625366,0.3682916760444641,-0.10098462551832199,0.44240692257881165,0.3607465624809265,-0.10157108306884766,0.3480168879032135,0.3354799747467041,0.185641810297966,0.3965964615345001,0.37719279527664185,0.041632045060396194,0.47045063972473145,0.3615840673446655,-0.013289541006088257,0.4575350284576416,0.363103449344635,-0.003932545427232981,0.47867053747177124,0.3450295925140381,0.1353464424610138,0.41582363843917847,0.36473822593688965,-0.08118228614330292,0.3233700096607208,0.3389064073562622,0.11200691014528275,0.334418922662735,0.33427175879478455,0.15090885758399963,0.2669639587402344,0.3272668719291687,0.2951691448688507,0.31475839018821716,0.3681355118751526,0.02859550155699253,0.3447926640510559,0.3714810013771057,0.0930207148194313,0.5976271629333496,0.38459664583206177,0.07872695475816727,0.5882540941238403,0.4317023754119873,0.33308500051498413,0.4783484637737274,0.3767912983894348,-0.019924549385905266,0.4788023829460144,0.3896050453186035,-0.04318419098854065,0.5869458317756653,0.38910531997680664,0.06565669178962708,0.5852476358413696,0.3962658643722534,0.05134427174925804,0.32337623834609985,0.3300299644470215,0.17179371416568756,0.47906559705734253,0.36957842111587524,-0.005081850569695234,0.3155592978000641,0.3491171598434448,0.07047080993652344,0.29957711696624756,0.3438473641872406,0.07248079031705856,0.2083689570426941,0.3243952989578247,0.15510272979736328,0.28142350912094116,0.3176353871822357,0.2229260802268982,0.2366427332162857,0.3277862071990967,0.11116131395101547,0.3398943245410919,0.33355429768562317,0.21586287021636963,0.31034979224205017,0.32858335971832275,0.27334028482437134,0.5384833216667175,0.42472153902053833,-0.05165906995534897,0.5501653552055359,0.4087563753128052,-0.020771482959389687,0.5613878965377808,0.39918234944343567,0.007260838523507118,0.4798930883407593,0.3833411931991577,-0.023825880140066147,0.5865887999534607,0.3927913308143616,0.057114820927381516,0.6047607660293579,0.39720356464385986,0.03454391658306122,0.5841293334960938,0.3988425135612488,0.04861580953001976,0.46983134746551514,0.3702549338340759,-0.04926277697086334,0.5610932111740112,0.41079050302505493,0.007020945195108652,0.5528095364570618,0.4193166494369507,-0.015507247298955917,0.5447996258735657,0.4318087697029114,-0.03884996473789215,0.6439436674118042,0.43620753288269043,-0.02601473592221737,0.660773754119873,0.43990856409072876,-0.037529248744249344,0.6531246900558472,0.44103121757507324,-0.03800821676850319,0.642216682434082,0.4427851438522339,-0.031803976744413376,0.6314606070518494,0.44454604387283325,-0.029721736907958984,0.6123098134994507,0.4164888560771942,0.013448074460029602,0.6169405579566956,0.41139182448387146,0.010149737820029259,0.6229628324508667,0.4051761329174042,0.008578527718782425,0.6276124715805054,0.3998408317565918,0.01502873282879591,0.5445869565010071,0.37535104155540466,0.029871603474020958,0.4814886748790741,0.41468408703804016,0.40446221828460693,0.5994746685028076,0.4080961048603058,0.034565020352602005,0.6024965047836304,0.4026908278465271,0.03243914991617203,0.4849054217338562,0.39610594511032104,-0.04625741392374039,0.4891396462917328,0.3819309175014496,-0.0029191800858825445,0.48207932710647583,0.3928162157535553,-0.04558727517724037,0.4151463508605957,0.37080278992652893,0.062073953449726105,0.43978774547576904,0.35737937688827515,0.0877097100019455,0.46740925312042236,0.3677970767021179,0.0073698232881724834,0.23662680387496948,0.3193728029727936,0.22766295075416565,0.25739139318466187,0.3177836537361145,0.16947051882743835,0.30832716822624207,0.333683043718338,0.12562765181064606,0.6282004117965698,0.40533074736595154,0.03388959914445877,0.29133114218711853,0.35952821373939514,0.029788188636302948,0.21891596913337708,0.34761181473731995,0.060010526329278946,0.18356305360794067,0.342216819524765,0.08862172812223434,0.39302435517311096,0.35985156893730164,0.15569759905338287,0.41671663522720337,0.3574031591415405,0.21040189266204834,0.3691900670528412,0.38314318656921387,0.08410738408565521,0.3690031170845032,0.34735825657844543,0.1881667822599411,0.3785351514816284,0.3796539008617401,0.026352735236287117,0.4596821665763855,0.35889652371406555,-0.04079354926943779,0.43273451924324036,0.34100061655044556,0.24838849902153015,0.4277098774909973,0.35648423433303833,0.18050865828990936,0.4302937388420105,0.3592153787612915,0.13933449983596802,0.41942885518074036,0.3688904941082001,0.10257966816425323,0.4057219922542572,0.3774511218070984,0.07903371006250381,0.39280158281326294,0.3821256756782532,0.05810525268316269,0.34336981177330017,0.3834039568901062,-0.011910726316273212,0.480211466550827,0.3456307053565979,0.23342452943325043,0.3671090602874756,0.3441329598426819,0.21073532104492188,0.4716072082519531,0.38279592990875244,-0.09542500227689743,0.4191432595252991,0.37601977586746216,0.027093717828392982,0.380923330783844,0.3898880183696747,0.4168413579463959,0.379897803068161,0.3846532106399536,0.046522073447704315,0.46830493211746216,0.3743413984775543,0.02737847901880741,0.38005465269088745,0.3542168140411377,0.18576185405254364,0.44416141510009766,0.3616587519645691,-0.03017011471092701,0.5344628095626831,0.42335206270217896,0.3760397434234619,0.3642725646495819,0.38244926929473877,0.0946255549788475,0.42782118916511536,0.3611491322517395,-0.058231085538864136,0.6422055959701538,0.4046875238418579,0.1724601686000824,0.6620616316795349,0.43291983008384705,0.20820464193820953,0.4857785105705261,0.3702406883239746,0.31758683919906616,0.61546790599823,0.3994937539100647,0.22033369541168213,0.3439478278160095,0.3430224061012268,0.30864885449409485,0.7010786533355713,0.43379461765289307,0.03972265124320984,0.4749132990837097,0.39623522758483887,-0.07430107146501541,0.44055554270744324,0.37203678488731384,0.042895641177892685,0.39680570363998413,0.3568571209907532,0.2612801790237427,0.38249096274375916,0.3599357604980469,0.138612762093544,0.37959063053131104,0.36582040786743164,0.12193093448877335,0.6062465906143188,0.3920741379261017,0.04167764261364937,0.5238193869590759,0.35688158869743347,0.22471030056476593,0.7282885313034058,0.4611359238624573,0.006287288852035999,0.705074667930603,0.4399119019508362,0.1043655201792717,0.6878344416618347,0.43595170974731445,0.15198740363121033,0.37467512488365173,0.37188148498535156,0.10815423727035522,0.3690173923969269,0.3769613802433014,0.10023671388626099,0.36618244647979736,0.38060277700424194,0.09776883572340012,0.3639005422592163,0.3449097275733948,0.24391618371009827,0.35946139693260193,0.3731849193572998,0.10319208353757858,0.36010780930519104,0.3660816550254822,0.1116660013794899,0.36265528202056885,0.35946953296661377,0.12514984607696533,0.3675808012485504,0.35414665937423706,0.14144456386566162,0.3729209303855896,0.3524633049964905,0.15413853526115417,0.3350328207015991,0.3649047017097473,0.391315221786499,0.3823428452014923,0.3564239740371704,0.15386193990707397,0.5236746072769165,0.3789258599281311,0.0031581432558596134,0.4758683443069458,0.3721359670162201,-0.028064507991075516,0.5031493902206421,0.39569658041000366,-0.04429769888520241,0.6668680906295776,0.41297051310539246,0.12738211452960968,0.6829521656036377,0.42479220032691956,0.08398681879043579,0.7127417325973511,0.4496292471885681,-0.008376488462090492,0.630955696105957,0.43382924795150757,0.27267470955848694,0.3616568446159363,0.3787492513656616,0.09847869724035263,0.3838869333267212,0.3748242259025574,-0.014734492637217045,0.7196723222732544,0.4466806650161743,0.054694000631570816,0.5337501764297485,0.3813968300819397,0.2970198392868042,0.6251428723335266,0.4284016788005829,-0.007247535977512598,0.6333104968070984,0.4239586591720581,-0.00891786441206932,0.6420170068740845,0.4193785488605499,-0.011346608400344849,0.650029182434082,0.4156299829483032,-0.00787818431854248,0.6381734609603882,0.418265700340271,0.0063623893074691296,0.5732799768447876,0.4002475142478943,0.03167843446135521,0.5734548568725586,0.3941243588924408,0.03789388760924339,0.5721960067749023,0.38875067234039307,0.0428554005920887,0.5708190202713013,0.3771402835845947,0.06023316830396652,0.5289245843887329,0.3564525842666626,0.15843847393989563,0.3594655394554138,0.38190552592277527,0.008359827101230621,0.3449258804321289,0.38294219970703125,0.0615135096013546,0.3518936336040497,0.3806740939617157,0.08611556142568588,0.571148157119751,0.40457117557525635,0.030744902789592743,0.5839036107063293,0.3754528760910034,0.18201617896556854,0.3388170897960663,0.38323092460632324,0.01963149756193161,0.65388023853302,0.42517396807670593,0.0180197861045599,0.36835646629333496,0.3774632215499878,-0.03810787573456764,0.42307135462760925,0.37015461921691895,-0.01188190933316946,0.6614081263542175,0.44129669666290283,-0.019824698567390442,0.6243369579315186,0.3951621651649475,0.07809900492429733,0.4905618131160736,0.37153860926628113,0.041877273470163345,0.6424175500869751,0.410058856010437,0.049079444259405136,0.5004861950874329,0.35531070828437805,0.08550064265727997,0.5194284319877625,0.36758917570114136,0.057702358812093735,0.5409414172172546,0.36046040058135986,0.11133256554603577,0.6880327463150024,0.44260865449905396,-0.015336379408836365,0.4375913143157959,0.37214744091033936,0.009113157168030739,0.6419664025306702,0.3983123302459717,0.1047971099615097,0.6592309474945068,0.4150010943412781,0.06767042726278305,0.5999606847763062,0.38180074095726013,0.09976192563772202,0.56032395362854,0.36858469247817993,0.2182280719280243,0.6051614284515381,0.38110584020614624,0.13333137333393097,0.5770326256752014,0.39214712381362915,0.2709476351737976,0.5554524660110474,0.3701896369457245,0.07879447937011719,0.4012598693370819,0.37557077407836914,0.007768244482576847,0.4682067632675171,0.36391907930374146,-0.04958757385611534,0.47649240493774414,0.36580291390419006,-0.024439696222543716,0.45033466815948486,0.3581097722053528,-0.06993935257196426,0.33362144231796265,0.3723015785217285,0.07235995680093765,0.3331253230571747,0.3583682179450989,0.0918506309390068,0.337544322013855,0.34840890765190125,0.11461668461561203,0.34465137124061584,0.34215325117111206,0.14170612394809723,0.3552440404891968,0.34196221828460693,0.16596178710460663,0.385600745677948,0.3545205593109131,0.20081596076488495,0.43654805421829224,0.3615364730358124,0.3284403681755066,0.40795665979385376,0.3582693338394165,0.16788434982299805,0.4088194966316223,0.36194515228271484,0.13861708343029022,0.4029565155506134,0.36970990896224976,0.11126101016998291,0.3931431770324707,0.3778780698776245,0.09056912362575531,0.38332849740982056,0.3827795088291168,0.07351123541593552,0.3746950030326843,0.38556087017059326,0.06361392885446548,0.4294673800468445,0.40619540214538574,0.4206201136112213,0.4809403419494629,0.372814416885376,-0.016212675720453262,0.40535998344421387,0.3688586354255676,-0.033370476216077805,0.46431565284729004,0.36394205689430237,-0.07886194437742233,0.4713025987148285,0.38062620162963867,-0.08251671493053436,0.46832937002182007,0.37114202976226807,-0.0691765695810318,0.4845704734325409,0.3816981613636017,-0.017354456707835197,0.4722972810268402,0.3805221915245056,-0.09062828123569489,0.47567832469940186,0.39238855242729187,-0.07009267807006836,0.36230188608169556,0.38462936878204346,0.08122354000806808,0.3625829517841339,0.3874121308326721,0.05477020516991615,0.36315664649009705,0.3858991265296936,0.03168880566954613,0.37627899646759033,0.35236841440200806,0.1648326963186264,0.3695529103279114,0.34917205572128296,0.17304840683937073,0.24828043580055237,0.5158593654632568,-0.05332491546869278,0.25762295722961426,0.4953858256340027,-0.05332491546869278,0.22777684032917023,0.5133092403411865,-0.05332491546869278,0.23839078843593597,0.5365296006202698,-0.05332491546869278,0.2689252495765686,0.5185176730155945,-0.05332491546869278,0.3518551290035248,0.3642807602882385,0.12851858139038086,0.3571842908859253,0.3562321066856384,0.12851858139038086,0.33429768681526184,0.36023175716400146,0.12851858139038086,0.3463471233844757,0.3724316358566284,0.12851858139038086,0.36896657943725586,0.36834824085235596,0.12851858139038086,0,0,0,0,0,1,1,0,0,0,0,0,0.1027250662446022,0.06824876368045807,0.08741499483585358,0.08105149865150452,0.02659214846789837,0.05974648892879486,0.11348024755716324,0.08154098689556122,0.09421220421791077,0.15660366415977478,1.1687073707580566,0.37116920948028564,Sadness,-21.642093658447266,-23.093265533447266
207,6.9,30.030467905057648,-11.779792891556786,0.9774962359416947,0.5230716466903687,0.4514310359954834,-0.07679568976163864,0.4582942724227905,0.3816221356391907,-0.11325132846832275,0.47937989234924316,0.4161835312843323,-0.06814762204885483,0.37839406728744507,0.4020509123802185,-0.0905410423874855,0.4361756443977356,0.3755236864089966,-0.11645033955574036,0.4080134928226471,0.3795319199562073,-0.10314910858869553,0.33049994707107544,0.39919382333755493,-0.0357779823243618,0.24727579951286316,0.554991602897644,-0.07784915715456009,0.2809130549430847,0.3976503014564514,-0.010775042697787285,0.2543058395385742,0.3900392949581146,-0.007559686433523893,0.15391238033771515,0.3823207914829254,0.03608987480401993,0.529390275478363,0.45164647698402405,-0.07543665915727615,0.5335822105407715,0.45183467864990234,-0.07002844661474228,0.535450279712677,0.4518470764160156,-0.06115197762846947,0.6254929304122925,0.4644941985607147,-0.053361762315034866,0.6364072561264038,0.46578413248062134,-0.056612465530633926,0.647061824798584,0.46706944704055786,-0.06202658638358116,0.6562929153442383,0.46736282110214233,-0.059792447835206985,0.6437908411026001,0.45760127902030945,-0.044369980692863464,0.4706552028656006,0.3933924436569214,-0.10488978773355484,0.4618271589279175,0.4213767349720001,-0.09112866222858429,0.12309080362319946,0.6647817492485046,-0.03828433156013489,0.29759809374809265,0.499884694814682,-0.056464534252882004,0.29044950008392334,0.5188651084899902,-0.07190313935279846,0.28036820888519287,0.5387860536575317,-0.08184851706027985,0.2497226595878601,0.5668311715126038,-0.08513019233942032,0.30029499530792236,0.48396116495132446,-0.03730100765824318,0.2167733609676361,0.5158216953277588,-0.07381631433963776,0.2315707504749298,0.49427881836891174,-0.05241888388991356,0.20883974432945251,0.5384404063224792,-0.0850101113319397,0.210074782371521,0.5552992224693298,-0.08813595026731491,0.2578212320804596,0.5874046087265015,-0.08872830867767334,0.6481812000274658,0.5452656149864197,-0.08423954248428345,0.23496337234973907,0.5635892152786255,-0.07698311656713486,0.22099028527736664,0.6825076341629028,-0.05324636772274971,0.22670796513557434,0.6105556488037109,-0.08433128148317337,0.39680469036102295,0.5155208706855774,-0.0969032347202301,0.5073366761207581,0.4734320044517517,-0.09371291846036911,0.5223392844200134,0.4707234799861908,-0.0856948271393776,0.5000417828559875,0.4958045482635498,-0.10401374101638794,0.5004108548164368,0.5101556777954102,-0.10400129109621048,0.5150799751281738,0.4875011742115021,-0.0946260392665863,0.5125300288200378,0.5001950263977051,-0.09171273559331894,0.564932644367218,0.5469626784324646,-0.09134942293167114,0.4516299068927765,0.3961201608181,-0.12243645638227463,0.42963650822639465,0.3924180269241333,-0.1272103190422058,0.17441797256469727,0.5825477242469788,-0.10526076704263687,0.35320547223091125,0.4718848168849945,-0.061348289251327515,0.4291883707046509,0.46377065777778625,-0.11014032363891602,0.4147474765777588,0.46769872307777405,-0.10369832813739777,0.369029700756073,0.5805346965789795,-0.12599191069602966,0.4033452272415161,0.3958829641342163,-0.11400294303894043,0.17984671890735626,0.523582398891449,-0.09084413200616837,0.17061462998390198,0.556139349937439,-0.10298781841993332,0.09598933160305023,0.6146966814994812,-0.05014418438076973,0.25034984946250916,0.4378162622451782,-0.038418885320425034,0.25131645798683167,0.4779534935951233,-0.03257007896900177,0.5335259437561035,0.5557089447975159,-0.10108968615531921,0.4731373190879822,0.7412470579147339,-0.03124641440808773,0.44837015867233276,0.4553184509277344,-0.09130524098873138,0.460205078125,0.4433120787143707,-0.07833489775657654,0.514367938041687,0.5242000222206116,-0.09034105390310287,0.518747091293335,0.5182748436927795,-0.08556386828422546,0.14863641560077667,0.5662502646446228,-0.0982193648815155,0.43874436616897583,0.4740600883960724,-0.10015232115983963,0.20443925261497498,0.4848610758781433,-0.0683080330491066,0.1847558170557022,0.48431098461151123,-0.07093917578458786,0.09834371507167816,0.4906626045703888,-0.041833121329545975,0.12265793979167938,0.5786274075508118,-0.07566089928150177,0.13942457735538483,0.47329041361808777,-0.05469638109207153,0.15571096539497375,0.5958482027053833,-0.09623408317565918,0.1420619785785675,0.6239030361175537,-0.06543149054050446,0.5159425735473633,0.47270870208740234,-0.09256693720817566,0.5081089735031128,0.49214842915534973,-0.10067801177501678,0.5063897371292114,0.5056794285774231,-0.09913893789052963,0.45446786284446716,0.45497754216194153,-0.08216600865125656,0.5170322060585022,0.5211724042892456,-0.08693495392799377,0.5385034680366516,0.5204067826271057,-0.08731309324502945,0.5197436213493347,0.5160056948661804,-0.08442585170269012,0.44410842657089233,0.43122392892837524,-0.11496246606111526,0.5150946974754333,0.4955986440181732,-0.08622624725103378,0.5184963941574097,0.4831732511520386,-0.08494492620229721,0.5258159637451172,0.46829915046691895,-0.07787542045116425,0.6327972412109375,0.48416420817375183,-0.062222689390182495,0.634058952331543,0.49542370438575745,-0.07849425077438354,0.6264598369598389,0.49289605021476746,-0.08073891699314117,0.6171821355819702,0.48838546872138977,-0.07496234774589539,0.6087486147880554,0.48400020599365234,-0.07057394832372665,0.5631079077720642,0.5051356554031372,-0.08052480220794678,0.5633857846260071,0.5104640126228333,-0.08369205892086029,0.5635966062545776,0.5169994235038757,-0.08871594816446304,0.5642037391662598,0.5218537449836731,-0.08988668024539948,0.4930242896080017,0.5135861039161682,-0.10461701452732086,0.3344805836677551,0.7509752511978149,-0.0022115791216492653,0.47531846165657043,0.405454158782959,-0.08036596328020096,0.5430780649185181,0.5105763077735901,-0.0819055512547493,0.5410184264183044,0.5154457092285156,-0.08471406996250153,0.47152918577194214,0.43953388929367065,-0.08100475370883942,0.45508694648742676,0.47685879468917847,-0.07880028337240219,0.46633344888687134,0.44116848707199097,-0.07975476235151291,0.3579879403114319,0.49426040053367615,-0.07519909739494324,0.3603867292404175,0.5254008173942566,-0.09803938865661621,0.4234830141067505,0.4781491458415985,-0.09590355306863785,0.0863383412361145,0.556669294834137,-0.053600046783685684,0.12053003907203674,0.5290704965591431,-0.07112018018960953,0.1581602245569229,0.5279136300086975,-0.08872450888156891,0.5881432890892029,0.5316101908683777,-0.08848010003566742,0.21892932057380676,0.4367651641368866,-0.043740905821323395,0.16498374938964844,0.4276812672615051,-0.02688707411289215,0.12162826955318451,0.43495288491249084,-0.010177959688007832,0.2656315863132477,0.5568758249282837,-0.08605826646089554,0.263551265001297,0.6136244535446167,-0.09694778174161911,0.29924914240837097,0.47348764538764954,-0.026440322399139404,0.20910970866680145,0.5806058645248413,-0.09306277334690094,0.34451210498809814,0.453632652759552,-0.05581076815724373,0.42493200302124023,0.44043296575546265,-0.11894604563713074,0.2823498845100403,0.6484374403953552,-0.10081487149000168,0.28969070315361023,0.5997519493103027,-0.108513742685318,0.3144339621067047,0.5717121958732605,-0.10564675182104111,0.33033648133277893,0.5303955078125,-0.08465263247489929,0.3344327211380005,0.500517725944519,-0.06343182921409607,0.33467718958854675,0.47804781794548035,-0.04868774488568306,0.32724225521087646,0.4172438979148865,-0.04664205387234688,0.33801016211509705,0.6519002914428711,-0.1151401624083519,0.19710420072078705,0.5984657406806946,-0.09635961800813675,0.4660149812698364,0.4012458026409149,-0.1125233918428421,0.3787868022918701,0.46914228796958923,-0.07209622859954834,0.21746449172496796,0.7288305759429932,-0.0003847203333862126,0.3315780758857727,0.459581196308136,-0.03690018877387047,0.4236605763435364,0.4880883991718292,-0.07621997594833374,0.22960874438285828,0.5730749368667603,-0.08133415132761002,0.4088490307331085,0.4452296495437622,-0.10962837189435959,0.4005107581615448,0.7528102397918701,-0.013373013585805893,0.2898232340812683,0.4744320213794708,-0.020775549113750458,0.40318062901496887,0.4184216558933258,-0.11615405976772308,0.5620244145393372,0.6531247496604919,-0.08710075914859772,0.5886796116828918,0.6803903579711914,-0.06717346608638763,0.3331241011619568,0.707317054271698,-0.06322596967220306,0.5141527652740479,0.6831856966018677,-0.08542317152023315,0.17596732079982758,0.6551055908203125,-0.054134853184223175,0.6747473478317261,0.559910237789154,-0.08373171836137772,0.4708705544471741,0.41210445761680603,-0.08447103202342987,0.38833674788475037,0.49142181873321533,-0.07960506528615952,0.22049373388290405,0.6317806839942932,-0.08095520734786987,0.26686570048332214,0.5330235958099365,-0.07495255023241043,0.27685675024986267,0.5161314606666565,-0.06702305376529694,0.5360246896743774,0.5249305367469788,-0.08919410407543182,0.3908686935901642,0.6615694761276245,-0.1108735203742981,0.7202496528625488,0.5319072604179382,-0.06542351841926575,0.669109582901001,0.6065268516540527,-0.07352318614721298,0.6364657878875732,0.6407796144485474,-0.07178667932748795,0.1953820437192917,0.38371509313583374,0.013469776138663292,0.7350715398788452,0.4918852150440216,-0.0353865772485733,0.28283217549324036,0.5012807846069336,-0.0531403124332428,0.28669315576553345,0.48760828375816345,-0.03857135400176048,0.28917160630226135,0.47873756289482117,-0.026548238471150398,0.1825314313173294,0.6159063577651978,-0.0872797816991806,0.2662922143936157,0.48663148283958435,-0.037924185395240784,0.25118589401245117,0.5013866424560547,-0.05208861082792282,0.24086064100265503,0.5177925825119019,-0.06534908711910248,0.23455515503883362,0.5360704660415649,-0.07542861253023148,0.23360523581504822,0.548835277557373,-0.07833881676197052,0.16126854717731476,0.7006512880325317,-0.016342060640454292,0.25710761547088623,0.5454351305961609,-0.0777970403432846,0.4956478476524353,0.4179738759994507,-0.06623558700084686,0.48421600461006165,0.4906572699546814,-0.09842485934495926,0.4446291923522949,0.4501776695251465,-0.09596768766641617,0.4889676570892334,0.4435979127883911,-0.08585555851459503,0.3036736249923706,0.403450608253479,-0.01492450200021267,0.6064151525497437,0.624200165271759,-0.08270866423845291,0.6413816213607788,0.5946369767189026,-0.08170782774686813,0.7022321224212646,0.5194984674453735,-0.07526912540197372,0.5370705127716064,0.7140086889266968,-0.052176423370838165,0.2813526391983032,0.4780881106853485,-0.027912452816963196,0.3596263825893402,0.4283269941806793,-0.0699956938624382,0.7179628014564514,0.47861289978027344,-0.04601357877254486,0.697502851486206,0.569858193397522,-0.07720751315355301,0.39350566267967224,0.712712287902832,-0.06768931448459625,0.5869925022125244,0.4965912997722626,-0.07820890098810196,0.590816855430603,0.5024345517158508,-0.08261055499315262,0.5953787565231323,0.5088518261909485,-0.08829902112483978,0.6009618043899536,0.5135671496391296,-0.08836910873651505,0.6118115186691284,0.5110048651695251,-0.08218062669038773,0.5133751630783081,0.510685920715332,-0.0899115577340126,0.5089420676231384,0.5156213045120239,-0.09530080854892731,0.5038504004478455,0.5196807980537415,-0.09940431267023087,0.510272741317749,0.5356683731079102,-0.1066582053899765,0.41622835397720337,0.6172232627868652,-0.12412139028310776,0.33443689346313477,0.4346657395362854,-0.04895816743373871,0.2846105992794037,0.4512011706829071,-0.011793995276093483,0.2785915732383728,0.46636223793029785,-0.020376836881041527,0.5150970220565796,0.5066343545913696,-0.08589041233062744,0.47893112897872925,0.6463644504547119,-0.10545255988836288,0.2973877191543579,0.42880499362945557,-0.02344260737299919,0.6276565790176392,0.5299307107925415,-0.08030438423156738,0.38210079073905945,0.3867613673210144,-0.07955407351255417,0.35418909788131714,0.4098852872848511,-0.06766703724861145,0.3573271334171295,0.3930823802947998,-0.056243687868118286,0.39016157388687134,0.4458509087562561,-0.08477587252855301,0.6914184093475342,0.46911513805389404,-0.051490794867277145,0.6638778448104858,0.4637811779975891,-0.046871982514858246,0.6513619422912598,0.49593639373779297,-0.06686386466026306,0.5651620030403137,0.5718342065811157,-0.09394261240959167,0.4352550804615021,0.508689284324646,-0.0875394195318222,0.5996966361999512,0.5553938746452332,-0.08717824518680573,0.41324689984321594,0.5508082509040833,-0.1166476160287857,0.4531548321247101,0.5287944674491882,-0.10362067818641663,0.44741377234458923,0.5822276473045349,-0.11985153704881668,0.6764933466911316,0.507030725479126,-0.07796027511358261,0.39780884981155396,0.4669703543186188,-0.08265858143568039,0.5780684947967529,0.6002495288848877,-0.09317680448293686,0.6153491735458374,0.5746484398841858,-0.08525639772415161,0.5264147520065308,0.5793256759643555,-0.10755276679992676,0.43762579560279846,0.6686950922012329,-0.10337643325328827,0.5199496150016785,0.615980327129364,-0.10749450325965881,0.4532207250595093,0.7078191637992859,-0.07555098086595535,0.4817543029785156,0.5528682470321655,-0.11158233135938644,0.36881688237190247,0.4489973187446594,-0.07095944881439209,0.4382956624031067,0.4347088038921356,-0.12077265977859497,0.43974435329437256,0.457955002784729,-0.10599534958600998,0.42591002583503723,0.4152950942516327,-0.1267838031053543,0.2548849582672119,0.4615907073020935,-0.028712889179587364,0.22206051647663116,0.4899947941303253,-0.05636024475097656,0.20300139486789703,0.518118143081665,-0.07962160557508469,0.19432102143764496,0.5446094870567322,-0.09446892142295837,0.19568228721618652,0.5659093856811523,-0.09851924329996109,0.22957536578178406,0.5896351337432861,-0.08404645323753357,0.2754347026348114,0.6977782845497131,-0.061975207179784775,0.2749660313129425,0.5759743452072144,-0.09190104156732559,0.29472118616104126,0.5541632771492004,-0.08783674985170364,0.3080260753631592,0.5258211493492126,-0.07545462995767593,0.314879834651947,0.49984902143478394,-0.05645778402686119,0.31684595346450806,0.4803277254104614,-0.038017258048057556,0.3168404698371887,0.4659644365310669,-0.02720833010971546,0.27513596415519714,0.7427215576171875,0.004075991455465555,0.4460158944129944,0.46465611457824707,-0.09624642878770828,0.3818627893924713,0.42217275500297546,-0.09046856313943863,0.44392499327659607,0.4124447703361511,-0.12405691295862198,0.4580339193344116,0.413778156042099,-0.10843852907419205,0.4476926624774933,0.4191186726093292,-0.1153578907251358,0.4546046853065491,0.46587079763412476,-0.0845048725605011,0.461819589138031,0.4080018699169159,-0.11184857040643692,0.4671597480773926,0.4177079498767853,-0.08772217482328415,0.2955922484397888,0.4656659662723541,-0.015088777989149094,0.3098728656768799,0.4530690610408783,-0.016564851626753807,0.3204556405544281,0.4439823031425476,-0.026943475008010864,0.23421108722686768,0.5570179224014282,-0.07869966328144073,0.2158099263906479,0.5685080885887146,-0.08663485944271088,0.3908253312110901,0.3771551847457886,-0.05578911677002907,0.3807021379470825,0.3609342575073242,0.17142201960086823,0.47620630264282227,0.39378511905670166,-0.06486182659864426,0.3004121780395508,0.3500935435295105,0.3596027195453644,0.3817489445209503,0.38196635246276855,0.10450822114944458,0.38791316747665405,0.37603890895843506,0.12153252214193344,0.3916463851928711,0.36986392736434937,0.14113996922969818,0.3877669870853424,0.36385011672973633,0.17842255532741547,0.37402573227882385,0.38537347316741943,0.08978991955518723,0.34530147910118103,0.36032724380493164,0.12593115866184235,0.3421505093574524,0.36787837743759155,0.10550957173109055,0.35080042481422424,0.35497206449508667,0.14631043374538422,0.35879793763160706,0.35340237617492676,0.1626923829317093,0.4003557562828064,0.3632630705833435,0.19457930326461792,0.6843907833099365,0.42927223443984985,0.03262113779783249,0.37858909368515015,0.359167218208313,0.1837654411792755,0.38861867785453796,0.36136695742607117,0.3384383022785187,0.38989153504371643,0.35814011096954346,0.23473429679870605,0.4676443934440613,0.36871224641799927,0.06529482454061508,0.5312567949295044,0.42990267276763916,-0.05250187963247299,0.542614221572876,0.43445560336112976,-0.04773123934864998,0.5459282994270325,0.4113631248474121,-0.018323032185435295,0.5603043437004089,0.40072184801101685,0.013898269273340702,0.5526365041732788,0.4209515154361725,-0.02045910619199276,0.5630296468734741,0.4116642475128174,0.007365712430328131,0.6238462924957275,0.3992593288421631,0.05951617658138275,0.46343788504600525,0.372638463973999,-0.09998954087495804,0.44327419996261597,0.36519354581832886,-0.10054100304841995,0.34345754981040955,0.341303288936615,0.1928500384092331,0.3974365293979645,0.3834059238433838,0.04465870559215546,0.47269001603126526,0.36710047721862793,-0.010230553336441517,0.459637314081192,0.36876916885375977,-0.0007827137014828622,0.48149001598358154,0.3512752950191498,0.14247573912143707,0.41617196798324585,0.3695726990699768,-0.07997870445251465,0.3186438977718353,0.3456679582595825,0.11657018959522247,0.32955196499824524,0.3407304286956787,0.15682755410671234,0.26658472418785095,0.33281129598617554,0.3055442273616791,0.31235605478286743,0.3740149140357971,0.02990238554775715,0.3430432677268982,0.3760719299316406,0.09610824286937714,0.6043460369110107,0.3885348439216614,0.08158738166093826,0.5968818068504333,0.4391350746154785,0.34457656741142273,0.4808019995689392,0.38223111629486084,-0.017376404255628586,0.48150259256362915,0.3946453928947449,-0.041641030460596085,0.5887625813484192,0.39228421449661255,0.06738081574440002,0.5869243144989014,0.39940816164016724,0.05241495743393898,0.31786036491394043,0.33598846197128296,0.17798356711864471,0.48183080554008484,0.37519195675849915,-0.002034183591604233,0.3117794394493103,0.35581713914871216,0.07359795272350311,0.29520153999328613,0.35058513283729553,0.07571304589509964,0.20625068247318268,0.33014434576034546,0.16123336553573608,0.2811954915523529,0.323586642742157,0.23000773787498474,0.23503035306930542,0.3335994482040405,0.11495166271924973,0.33507856726646423,0.33862918615341187,0.2236599624156952,0.31111884117126465,0.33430784940719604,0.2819352447986603,0.5385348200798035,0.4318705201148987,-0.051765911281108856,0.5504674911499023,0.4160204231739044,-0.020143726840615273,0.562170147895813,0.40556538105010986,0.008178511634469032,0.4826161861419678,0.3887096047401428,-0.02162882313132286,0.5883362293243408,0.39594975113868713,0.05843207240104675,0.6058974266052246,0.3995158076286316,0.035234253853559494,0.5857739448547363,0.4017660617828369,0.04962211102247238,0.4714246392250061,0.3754381537437439,-0.046981219202280045,0.5610771179199219,0.41566717624664307,0.007706686854362488,0.5519044399261475,0.4247608780860901,-0.015031742863357067,0.5434767007827759,0.43690943717956543,-0.03882191330194473,0.6489146947860718,0.4380049705505371,-0.02456790581345558,0.6632089614868164,0.4392489492893219,-0.03720288351178169,0.6538305282592773,0.44067317247390747,-0.038045261055231094,0.6416568756103516,0.4425622820854187,-0.03215045854449272,0.6303234696388245,0.4443334937095642,-0.03015824779868126,0.6129063963890076,0.4178676903247833,0.013773015700280666,0.6176921129226685,0.41294392943382263,0.010426536202430725,0.6240645051002502,0.406729519367218,0.008975914679467678,0.6294472217559814,0.40132832527160645,0.01566021703183651,0.549723744392395,0.3798910081386566,0.032211314886808395,0.48743581771850586,0.4220818281173706,0.4171927869319916,0.6005822420120239,0.41000884771347046,0.03525152802467346,0.603550374507904,0.4048883020877838,0.03305358067154884,0.48789411783218384,0.40081197023391724,-0.04482234641909599,0.492488294839859,0.38758420944213867,-0.0003828167973551899,0.48488789796829224,0.3977159857749939,-0.04407954961061478,0.4164956510066986,0.3771517276763916,0.06605760008096695,0.4417458772659302,0.36363106966018677,0.09300655126571655,0.46996569633483887,0.3735119700431824,0.010638633742928505,0.2352835237979889,0.3249753713607788,0.2359798699617386,0.2564641833305359,0.3238561153411865,0.17502008378505707,0.3029828667640686,0.34021762013435364,0.13049760460853577,0.6340986490249634,0.40807685256004333,0.03559087961912155,0.28829479217529297,0.36570948362350464,0.031168509274721146,0.21652071177959442,0.35338401794433594,0.06185602396726608,0.18075178563594818,0.348182737827301,0.0921224057674408,0.3920547664165497,0.36599552631378174,0.16212569177150726,0.41537320613861084,0.36345529556274414,0.21850252151489258,0.36788925528526306,0.3874050974845886,0.08688675612211227,0.36642685532569885,0.3526139259338379,0.19535870850086212,0.37883004546165466,0.3856828808784485,0.02868404984474182,0.4612399935722351,0.36415112018585205,-0.03822149708867073,0.4352140724658966,0.3468659520149231,0.2576729953289032,0.4266534149646759,0.3639652729034424,0.18818281590938568,0.4291796088218689,0.36757704615592957,0.14575815200805664,0.41810816526412964,0.3767896592617035,0.10758332163095474,0.40437012910842896,0.3844507932662964,0.0828554555773735,0.3915192782878876,0.38862600922584534,0.061053596436977386,0.34225741028785706,0.38916492462158203,-0.010699084959924221,0.4837190806865692,0.3517500162124634,0.24292105436325073,0.36435315012931824,0.3490183651447296,0.21875488758087158,0.4734182357788086,0.38712722063064575,-0.09455059468746185,0.4205164313316345,0.38201576471328735,0.030299177393317223,0.3841119706630707,0.39599281549453735,0.4298214614391327,0.37871649861335754,0.3908231556415558,0.04877064377069473,0.47106531262397766,0.3803531527519226,0.03061244636774063,0.3788827061653137,0.3594862222671509,0.19261492788791656,0.44553342461586,0.3671659231185913,-0.02753504179418087,0.541918933391571,0.43113571405410767,0.3883570730686188,0.363147109746933,0.3861067295074463,0.0975419133901596,0.42858320474624634,0.366230309009552,-0.05627156421542168,0.6506206393241882,0.4084565341472626,0.1796349585056305,0.6719638705253601,0.4383630156517029,0.2163560390472412,0.4902249574661255,0.3761366605758667,0.32857903838157654,0.6232185363769531,0.40417397022247314,0.22932197153568268,0.3453867435455322,0.34852898120880127,0.31840768456459045,0.7101458311080933,0.43583667278289795,0.04329967498779297,0.47710126638412476,0.4006187915802002,-0.0735592395067215,0.442554771900177,0.3781697154045105,0.046773072332143784,0.39499735832214355,0.36012110114097595,0.27045321464538574,0.3814542591571808,0.3663926124572754,0.144184410572052,0.3786114454269409,0.3718412518501282,0.12685929238796234,0.6078441143035889,0.3943151831626892,0.04261917248368263,0.5284254550933838,0.36308717727661133,0.23407700657844543,0.7383310198783875,0.4640309512615204,0.007926049642264843,0.7153196334838867,0.4437400996685028,0.10894400626420975,0.6980615854263306,0.44040271639823914,0.15806499123573303,0.37364476919174194,0.37710732221603394,0.11231043189764023,0.36790376901626587,0.38135483860969543,0.10373295843601227,0.36500462889671326,0.3845030665397644,0.1008889451622963,0.3610283434391022,0.3485891819000244,0.2525990605354309,0.35880520939826965,0.37752944231033325,0.10689689964056015,0.35956281423568726,0.37114840745925903,0.1158873438835144,0.3621561825275421,0.36535757780075073,0.13008219003677368,0.36693075299263,0.3604958653450012,0.14706970751285553,0.37210366129875183,0.3588213324546814,0.160177543759346,0.3368872106075287,0.3705739974975586,0.40388795733451843,0.3813348710536957,0.36290693283081055,0.1599564254283905,0.5282376408576965,0.38370394706726074,0.005463524255901575,0.4780538082122803,0.3775561451911926,-0.025703802704811096,0.5074041485786438,0.3999782204627991,-0.043269503861665726,0.6756967902183533,0.4160212278366089,0.13295741379261017,0.6921651363372803,0.4273126721382141,0.08849936723709106,0.7216380834579468,0.45127055048942566,-0.006192137021571398,0.6403364539146423,0.44032973051071167,0.2829497456550598,0.36082667112350464,0.382704496383667,0.10169411450624466,0.38390886783599854,0.3803350329399109,-0.012922869995236397,0.7298256158828735,0.4499031901359558,0.057931169867515564,0.5393821597099304,0.387456476688385,0.3078218698501587,0.6248588562011719,0.42927563190460205,-0.007220586761832237,0.6335351467132568,0.4247356057167053,-0.008937607519328594,0.6429883241653442,0.42013490200042725,-0.011149854399263859,0.652236819267273,0.4161299169063568,-0.007417450658977032,0.6434322595596313,0.4205456078052521,0.007857078686356544,0.5741940140724182,0.40446317195892334,0.032723117619752884,0.5747121572494507,0.3987615406513214,0.03912955895066261,0.5737326741218567,0.3937344551086426,0.04439086094498634,0.5767825841903687,0.3813961446285248,0.06279721111059189,0.5333660840988159,0.36240535974502563,0.16623900830745697,0.3590392470359802,0.3878414034843445,0.010044865310192108,0.34331968426704407,0.38730302453041077,0.06344503909349442,0.3504505753517151,0.38475924730300903,0.08870545774698257,0.5719585418701172,0.40831074118614197,0.031654421240091324,0.5901542901992798,0.3805183470249176,0.19001515209674835,0.33716192841529846,0.3888764977455139,0.02086534909904003,0.6607986688613892,0.42762666940689087,0.02038918435573578,0.3677787184715271,0.3828185796737671,-0.036998096853494644,0.4241856634616852,0.37581154704093933,-0.00943476241081953,0.6678062081336975,0.44315487146377563,-0.018401755020022392,0.6314794421195984,0.39835911989212036,0.08117571473121643,0.4940340518951416,0.37726712226867676,0.04567801579833031,0.6496339440345764,0.4128783345222473,0.051760222762823105,0.5038692355155945,0.361011266708374,0.09126423299312592,0.523629367351532,0.37273091077804565,0.06189056113362312,0.5456030368804932,0.3657189607620239,0.11737305670976639,0.6958123445510864,0.44429734349250793,-0.013642099685966969,0.4392722249031067,0.3780660629272461,0.0120802391320467,0.649761974811554,0.40143823623657227,0.10933737456798553,0.6674301624298096,0.41762176156044006,0.07131291180849075,0.606641411781311,0.38564354181289673,0.1039704903960228,0.5659821629524231,0.3744674324989319,0.22737620770931244,0.6119462251663208,0.3852066993713379,0.13924400508403778,0.5838038921356201,0.39775168895721436,0.2812405228614807,0.5608597993850708,0.3747168183326721,0.08305353671312332,0.4019581377506256,0.3813532590866089,0.010281934402883053,0.469789981842041,0.3691008687019348,-0.047204818576574326,0.4788052439689636,0.37127113342285156,-0.02174222841858864,0.451429158449173,0.3629179000854492,-0.06789547950029373,0.33159130811691284,0.37724125385284424,0.0748991072177887,0.330302357673645,0.36425256729125977,0.09543126076459885,0.3340332508087158,0.35481762886047363,0.11919541656970978,0.340950608253479,0.3486119508743286,0.1474609375,0.35176047682762146,0.347898006439209,0.1725536435842514,0.3839501440525055,0.3594173192977905,0.20815090835094452,0.4398549795150757,0.3670669198036194,0.3392486572265625,0.4068595767021179,0.36482352018356323,0.1746731847524643,0.407846063375473,0.3690694570541382,0.14456035196781158,0.4018736183643341,0.3765183091163635,0.1161835640668869,0.3919993042945862,0.3838627338409424,0.09452708810567856,0.38210585713386536,0.38808152079582214,0.07650739699602127,0.37351882457733154,0.3905417025089264,0.0659777820110321,0.434007465839386,0.41303589940071106,0.43349897861480713,0.4836154580116272,0.37830960750579834,-0.013526653870940208,0.40571239590644836,0.3742140531539917,-0.03142111375927925,0.46561819314956665,0.368583083152771,-0.07721485942602158,0.47307831048965454,0.38534975051879883,-0.08139879256486893,0.4697956144809723,0.3760611414909363,-0.06745520234107971,0.48763349652290344,0.3872244358062744,-0.015002635307610035,0.4740787148475647,0.3850160837173462,-0.08965317904949188,0.47785019874572754,0.3969815969467163,-0.06915877014398575,0.3609457015991211,0.38854262232780457,0.08363436162471771,0.3612917363643646,0.39201605319976807,0.056567780673503876,0.36198392510414124,0.3916618227958679,0.0332658477127552,0.3754804730415344,0.35858386754989624,0.17117080092430115,0.36755433678627014,0.3546993136405945,0.1798199862241745,0.24521270394325256,0.5247679948806763,-0.05808636546134949,0.2550177574157715,0.503271222114563,-0.05808636546134949,0.224331796169281,0.5222989916801453,-0.05808636546134949,0.23488737642765045,0.546469509601593,-0.05808636546134949,0.26568111777305603,0.5275616645812988,-0.05808636546134949,0.35611027479171753,0.36993351578712463,0.13335253298282623,0.36144888401031494,0.3622645139694214,0.13335253298282623,0.3391595780849457,0.36609703302383423,0.13335253298282623,0.35072606801986694,0.37775421142578125,0.13335253298282623,0.3727392852306366,0.3738269805908203,0.13335253298282623,0,0,0,0,0,1,1,0,0,0,0,0,0.1320721060037613,0.07641023397445679,0.08229698240756989,0.09626157581806183,0.029926719143986702,0.06343808770179749,0.14350013434886932,0.09149932861328125,0.10381634533405304,0.17449018359184265,1.137276291847229,0.3926045000553131,Sadness,-13.0518798828125,-19.04049301147461
208,6.933333333333334,33.667323301020126,-7.930259481945178,0.7675836878701354,0.5504574775695801,0.4272816777229309,-0.08103834837675095,0.5119795799255371,0.3734755516052246,-0.11313044279813766,0.5177891850471497,0.4119863510131836,-0.0718180388212204,0.4305766820907593,0.3876115381717682,-0.08645423501729965,0.49322450160980225,0.365519642829895,-0.11494781076908112,0.46547144651412964,0.36788976192474365,-0.10021477192640305,0.3873557448387146,0.38362228870391846,-0.02788349613547325,0.2510243058204651,0.5294683575630188,-0.07289477437734604,0.33999937772750854,0.3781576156616211,0.001539701479487121,0.3173125684261322,0.3682214915752411,0.007481458596885204,0.23003940284252167,0.3542018532752991,0.05314343422651291,0.553631067276001,0.42902857065200806,-0.0803818479180336,0.5546212196350098,0.4319239854812622,-0.07616174966096878,0.553352952003479,0.43502065539360046,-0.06948556751012802,0.6240714192390442,0.4648401141166687,-0.06146475672721863,0.633866548538208,0.4676896333694458,-0.06702451407909393,0.6426025629043579,0.4714035987854004,-0.07377208024263382,0.6477059125900269,0.4757484495639801,-0.07352730631828308,0.6564316749572754,0.4741612672805786,-0.062308527529239655,0.5193285346031189,0.3868154287338257,-0.10567909479141235,0.500388503074646,0.41394105553627014,-0.09333300590515137,0.10783876478672028,0.6135767102241516,-0.035074446350336075,0.31143367290496826,0.4857022762298584,-0.051605332642793655,0.2982875108718872,0.5033613443374634,-0.06724897772073746,0.2829696536064148,0.5206184387207031,-0.0771462619304657,0.2508716583251953,0.5403632521629333,-0.08039207011461258,0.32022079825401306,0.4695676267147064,-0.03172838315367699,0.241769477725029,0.4826751947402954,-0.06632135063409805,0.2628462612628937,0.4644051194190979,-0.04417410120368004,0.22645604610443115,0.502918004989624,-0.07756130397319794,0.2210194170475006,0.5196317434310913,-0.08108852803707123,0.2513847351074219,0.561286985874176,-0.08466895669698715,0.6330733299255371,0.5592559576034546,-0.10426051169633865,0.239040344953537,0.5349483489990234,-0.07162585109472275,0.19325697422027588,0.6448704600334167,-0.05034580081701279,0.2251104712486267,0.5707230567932129,-0.07941316813230515,0.4039861857891083,0.5006812214851379,-0.09890983253717422,0.5243921279907227,0.45036351680755615,-0.09863694757223129,0.5347561836242676,0.4531900882720947,-0.09203312546014786,0.5063711404800415,0.4783729016780853,-0.10913323611021042,0.4970948398113251,0.4981514811515808,-0.10850438475608826,0.5186455249786377,0.4747372567653656,-0.10039080679416656,0.5086101293563843,0.49196895956993103,-0.09685135632753372,0.5393597483634949,0.5544487833976746,-0.09983095526695251,0.5008376240730286,0.38656359910964966,-0.12246030569076538,0.48121950030326843,0.3808009624481201,-0.1258552223443985,0.1848219633102417,0.5323562026023865,-0.09560311585664749,0.3825524151325226,0.45428311824798584,-0.05742791295051575,0.45152872800827026,0.4526769518852234,-0.1117565929889679,0.43683695793151855,0.4554268419742584,-0.10481347143650055,0.3551664650440216,0.5607408285140991,-0.12755167484283447,0.4557226896286011,0.3825952708721161,-0.11139512807130814,0.2077232152223587,0.47678887844085693,-0.07809463888406754,0.18895158171653748,0.5059882998466492,-0.09117205440998077,0.09871451556682587,0.5627797245979309,-0.04297403246164322,0.29387250542640686,0.41341814398765564,-0.026640519499778748,0.28532886505126953,0.4519232511520386,-0.024624278768897057,0.5041552782058716,0.5593279004096985,-0.1083182618021965,0.4078661799430847,0.738377571105957,-0.04814426973462105,0.47191381454467773,0.4471316635608673,-0.09410791844129562,0.48850154876708984,0.4363173246383667,-0.08128581941127777,0.49740076065063477,0.5257433652877808,-0.09588274359703064,0.5038219690322876,0.5206061601638794,-0.0905354917049408,0.1692952662706375,0.5084906816482544,-0.08566712588071823,0.4554206132888794,0.4646393060684204,-0.10275479406118393,0.24183136224746704,0.44639521837234497,-0.05566239356994629,0.22619682550430298,0.439594030380249,-0.056853730231523514,0.1431088000535965,0.4467846155166626,-0.0283708143979311,0.13688240945339203,0.5305696129798889,-0.06185183674097061,0.18569152057170868,0.43320101499557495,-0.03714059293270111,0.16756582260131836,0.5393743515014648,-0.08655703067779541,0.1409335881471634,0.5759766101837158,-0.05494988337159157,0.5305923223495483,0.4520081877708435,-0.09787004441022873,0.5126742720603943,0.4767346978187561,-0.10591807216405869,0.5027393698692322,0.4954497814178467,-0.10388831794261932,0.4776500463485718,0.44775691628456116,-0.08488152921199799,0.5009905695915222,0.5231382250785828,-0.09216708689928055,0.5225028395652771,0.5249952673912048,-0.09315675497055054,0.5059624314308167,0.5183802247047424,-0.0893482193350792,0.4796696901321411,0.421591579914093,-0.11592138558626175,0.5117086172103882,0.48935043811798096,-0.09258904308080673,0.521773636341095,0.47281908988952637,-0.09230943024158478,0.536569356918335,0.45412975549697876,-0.08615164458751678,0.6353965997695923,0.4994748830795288,-0.0800444707274437,0.6180286407470703,0.5042608380317688,-0.0920693427324295,0.6147501468658447,0.49830499291419983,-0.0922037735581398,0.6084461212158203,0.4914916753768921,-0.08510202169418335,0.601886510848999,0.48557376861572266,-0.07866337150335312,0.5518838167190552,0.5097876191139221,-0.08661568909883499,0.5502532720565796,0.5157002806663513,-0.09123482555150986,0.5480195879936218,0.523184597492218,-0.09697894752025604,0.5458112955093384,0.5296736359596252,-0.0986669510602951,0.4856041669845581,0.5117377042770386,-0.10817544162273407,0.275576651096344,0.7279942631721497,-0.013454986736178398,0.5189750790596008,0.39982154965400696,-0.08295945078134537,0.5304460525512695,0.5149697661399841,-0.08693820238113403,0.526749849319458,0.5198278427124023,-0.09033243358135223,0.5006871223449707,0.433937132358551,-0.08501625806093216,0.4687579870223999,0.46999117732048035,-0.08271320909261703,0.49521130323410034,0.43481385707855225,-0.08303041011095047,0.3781197667121887,0.47619280219078064,-0.07307949662208557,0.36797434091567993,0.5058512091636658,-0.09723576158285141,0.44027644395828247,0.467147558927536,-0.09789200127124786,0.10914544761180878,0.5072323679924011,-0.0426403246819973,0.15058182179927826,0.4834757447242737,-0.05514099448919296,0.1895666867494583,0.4740930497646332,-0.07491935044527054,0.570497453212738,0.5424390435218811,-0.09945845603942871,0.26953452825546265,0.4030403196811676,-0.029442420229315758,0.22442525625228882,0.3937165439128876,-0.00827162154018879,0.18328925967216492,0.3981195092201233,0.005178495775908232,0.26599374413490295,0.5346795916557312,-0.08138434588909149,0.25016164779663086,0.5861541032791138,-0.0939900130033493,0.32431817054748535,0.45789340138435364,-0.02056155726313591,0.21540012955665588,0.5404892563819885,-0.08576857298612595,0.38158759474754333,0.43594372272491455,-0.05090755969285965,0.45794931054115295,0.42806172370910645,-0.11928065866231918,0.2586895823478699,0.6167384386062622,-0.09960035979747772,0.26804691553115845,0.584229588508606,-0.10625699907541275,0.29264843463897705,0.5653935074806213,-0.10328937321901321,0.31976449489593506,0.5278612971305847,-0.08166211098432541,0.33515557646751404,0.4978313148021698,-0.05970292165875435,0.34410592913627625,0.4745625853538513,-0.043669626116752625,0.3786863684654236,0.3998880684375763,-0.039256054908037186,0.3057228922843933,0.6274639964103699,-0.11681514978408813,0.20233891904354095,0.5522933006286621,-0.08877727389335632,0.5121751427650452,0.39390021562576294,-0.11345956474542618,0.40533632040023804,0.4541289210319519,-0.07054047286510468,0.17414800822734833,0.6893697381019592,-0.006055640522390604,0.34906005859375,0.454944372177124,-0.030964810401201248,0.43650931119918823,0.4775404632091522,-0.07865733653306961,0.23292164504528046,0.5411325693130493,-0.07589735835790634,0.4413391947746277,0.43179139494895935,-0.1092139184474945,0.3359068036079407,0.7397007346153259,-0.02729637548327446,0.31767356395721436,0.4561195969581604,-0.014827488921582699,0.4471910893917084,0.404533326625824,-0.11453328281641006,0.5154272317886353,0.658767580986023,-0.10274235159158707,0.5365706086158752,0.6892561912536621,-0.08610690385103226,0.2865790128707886,0.6835469007492065,-0.06724188476800919,0.46146857738494873,0.6850191354751587,-0.09975135326385498,0.16132722795009613,0.6114879846572876,-0.04726552218198776,0.6562791466712952,0.5758698582649231,-0.10620326548814774,0.51259845495224,0.40566179156303406,-0.08707783371210098,0.4050997793674469,0.47676900029182434,-0.07985997945070267,0.21867531538009644,0.5858530402183533,-0.07689429074525833,0.27360254526138306,0.5123363733291626,-0.07013020664453506,0.28788819909095764,0.4976936876773834,-0.062101200222969055,0.517822265625,0.5299406051635742,-0.09533663094043732,0.35049712657928467,0.6454560160636902,-0.11640148609876633,0.7119624018669128,0.5516822338104248,-0.08794797956943512,0.6377191543579102,0.6204124689102173,-0.094317726790905,0.5947911739349365,0.6524918675422668,-0.09129063040018082,0.26691582798957825,0.35695880651474,0.032307133078575134,0.7379533052444458,0.515038788318634,-0.05661071091890335,0.2986834645271301,0.4839007258415222,-0.04798319190740585,0.30798301100730896,0.47000569105148315,-0.03308684006333351,0.3145464062690735,0.46082037687301636,-0.02072061039507389,0.1898791342973709,0.5619576573371887,-0.080105260014534,0.29322898387908936,0.46440190076828003,-0.03133329749107361,0.2748492956161499,0.47680315375328064,-0.045412156730890274,0.25940579175949097,0.4914686381816864,-0.058866340667009354,0.2468705177307129,0.5082532167434692,-0.06912551820278168,0.24137723445892334,0.520609438419342,-0.07252879440784454,0.1312093734741211,0.6534804105758667,-0.01774071715772152,0.2617408037185669,0.5222475528717041,-0.07306275516748428,0.5301985144615173,0.4160606265068054,-0.07046356797218323,0.48846274614334106,0.486835777759552,-0.10281730443239212,0.4710856080055237,0.44122767448425293,-0.09764479845762253,0.5129895806312561,0.44044390320777893,-0.09039648622274399,0.36054256558418274,0.3861713707447052,-0.005295009817928076,0.5676755905151367,0.6326226592063904,-0.10007880628108978,0.6120047569274902,0.6069940328598022,-0.10174627602100372,0.6954721808433533,0.5390264391899109,-0.09943373501300812,0.4772503077983856,0.7187568545341492,-0.07026716321706772,0.30912449955940247,0.45824527740478516,-0.021498072892427444,0.40412575006484985,0.4121365547180176,-0.06508622318506241,0.723394513130188,0.5020427703857422,-0.07005517929792404,0.6775518655776978,0.5865792036056519,-0.09917649626731873,0.3402377963066101,0.6980341672897339,-0.07564371079206467,0.5775054693222046,0.5000797510147095,-0.08541230857372284,0.5788520574569702,0.5072222352027893,-0.09145847707986832,0.5807338356971741,0.5153828859329224,-0.09813320636749268,0.5825328230857849,0.5226047039031982,-0.0994080975651741,0.6034245491027832,0.5244364738464355,-0.0963830053806305,0.5032647848129272,0.507568895816803,-0.09448547661304474,0.4980489909648895,0.5111767649650574,-0.09963301569223404,0.4928245544433594,0.5140098333358765,-0.10380039364099503,0.49043259024620056,0.5368200540542603,-0.11084975302219391,0.3860219717025757,0.6051143407821655,-0.12996003031730652,0.37921926379203796,0.41689956188201904,-0.04272940009832382,0.32070139050483704,0.4323035478591919,-0.0032538871746510267,0.3117578625679016,0.4453077018260956,-0.012563955038785934,0.5062434673309326,0.5045368075370789,-0.09118086099624634,0.4362039268016815,0.6433351635932922,-0.11607842892408371,0.3350965976715088,0.41505739092826843,-0.014589439146220684,0.6151401996612549,0.5436308979988098,-0.09792277961969376,0.4391060471534729,0.37385761737823486,-0.07505464553833008,0.40587353706359863,0.3940521478652954,-0.06150011345744133,0.41429442167282104,0.3789951503276825,-0.049868643283843994,0.4245561361312866,0.4314410090446472,-0.08270680904388428,0.7003098130226135,0.49009445309638977,-0.07348517328500748,0.6745527386665344,0.4823147654533386,-0.06730464100837708,0.6511266231536865,0.5123510360717773,-0.08706711232662201,0.5363435745239258,0.5770909786224365,-0.10473363101482391,0.43953531980514526,0.49872320890426636,-0.09069943428039551,0.5773664116859436,0.5651935935020447,-0.10135000944137573,0.40516069531440735,0.5378751158714294,-0.1209784522652626,0.44731488823890686,0.5212696194648743,-0.10719016939401627,0.42469102144241333,0.5739549994468689,-0.12659065425395966,0.6731991767883301,0.5246980786323547,-0.09994374960660934,0.4226406216621399,0.45349356532096863,-0.08232211321592331,0.5445890426635742,0.6054606437683105,-0.10719361156225204,0.5905126929283142,0.5849435329437256,-0.1025770902633667,0.4951440095901489,0.5804755687713623,-0.11665328592061996,0.39187395572662354,0.6599635481834412,-0.11240147799253464,0.48246240615844727,0.6165047287940979,-0.1181582361459732,0.39742228388786316,0.701861560344696,-0.08706721663475037,0.4615470767021179,0.5496283769607544,-0.11688045412302017,0.40466344356536865,0.4331102669239044,-0.06762799620628357,0.47272974252700806,0.423986554145813,-0.12137747555971146,0.4633714258670807,0.44812196493148804,-0.10806834697723389,0.46942710876464844,0.4028373658657074,-0.1259641796350479,0.29296061396598816,0.43624401092529297,-0.01878252997994423,0.25599223375320435,0.45719555020332336,-0.04574063420295715,0.22952121496200562,0.4799354374408722,-0.06932103633880615,0.21241740882396698,0.5030036568641663,-0.08471249043941498,0.20654165744781494,0.5237076878547668,-0.08939207345247269,0.23052099347114563,0.5542423725128174,-0.07861179113388062,0.2377551794052124,0.6662428379058838,-0.06261918693780899,0.2656785249710083,0.5566097497940063,-0.08815011382102966,0.2870959937572479,0.5406591296195984,-0.08380243182182312,0.30749621987342834,0.5157604217529297,-0.07115116715431213,0.3231862187385559,0.4908384382724762,-0.052171990275382996,0.3325268626213074,0.47111058235168457,-0.032490890473127365,0.3384263515472412,0.4559948742389679,-0.02129804901778698,0.22342202067375183,0.7110165953636169,-0.004567107651382685,0.46578121185302734,0.4560434818267822,-0.09890735894441605,0.4266355037689209,0.40719813108444214,-0.08720536530017853,0.48764097690582275,0.40199559926986694,-0.12423589825630188,0.5003668069839478,0.40558862686157227,-0.10958732664585114,0.48850876092910767,0.4096476435661316,-0.11598766595125198,0.47292453050613403,0.45881590247154236,-0.08767341822385788,0.5059701800346375,0.40006357431411743,-0.11289055645465851,0.507108211517334,0.4107985198497772,-0.09014329314231873,0.3253774344921112,0.4484998881816864,-0.008748418651521206,0.3387393057346344,0.44078776240348816,-0.009625096805393696,0.34753862023353577,0.4357289969921112,-0.01989492028951645,0.23948384821414948,0.5286310911178589,-0.07321736961603165,0.22221910953521729,0.5330944657325745,-0.08025218546390533,0.44977903366088867,0.3666101098060608,-0.05152524635195732,0.44448548555374146,0.36404478549957275,0.17863643169403076,0.5230514407157898,0.38893842697143555,-0.06689855456352234,0.3725718855857849,0.3461734652519226,0.37233391404151917,0.4341079592704773,0.38549908995628357,0.11079162359237671,0.44279977679252625,0.3800082206726074,0.12807564437389374,0.4488449692726135,0.37414538860321045,0.14795103669166565,0.44659361243247986,0.36786848306655884,0.18550941348075867,0.42506012320518494,0.3879510164260864,0.09657713770866394,0.41274917125701904,0.35462862253189087,0.13504545390605927,0.40583524107933044,0.36170098185539246,0.1150791272521019,0.4204593002796173,0.3506898880004883,0.15553738176822662,0.4279414713382721,0.3515394330024719,0.1716362088918686,0.45514020323753357,0.3683513402938843,0.20131322741508484,0.7044041156768799,0.45391666889190674,0.01501709409058094,0.44251641631126404,0.36213114857673645,0.19149702787399292,0.4487549960613251,0.3694309592247009,0.3450206518173218,0.4449557960033417,0.36155760288238525,0.2423776388168335,0.5212662816047668,0.3697625994682312,0.06537921726703644,0.563197135925293,0.40492135286331177,-0.05669616907835007,0.5671341419219971,0.41502267122268677,-0.053170349448919296,0.5780682563781738,0.3907458186149597,-0.022113598883152008,0.5901373028755188,0.3859431743621826,0.011880315840244293,0.577707052230835,0.4039008617401123,-0.024681774899363518,0.5869795680046082,0.398465096950531,0.004701496101915836,0.6496630907058716,0.4157569110393524,0.05542899668216705,0.5194268822669983,0.36609578132629395,-0.09984873235225677,0.5024000406265259,0.357723593711853,-0.0989641472697258,0.417512446641922,0.3350815176963806,0.20474083721637726,0.45265132188796997,0.37776175141334534,0.04907391965389252,0.5257859826087952,0.3649659752845764,-0.011318513192236423,0.5134025812149048,0.3659096360206604,-0.0013279900886118412,0.5391031503677368,0.35669416189193726,0.1444719433784485,0.47585317492485046,0.36030659079551697,-0.07706763595342636,0.39898934960365295,0.33279138803482056,0.1314353346824646,0.4079447090625763,0.3304119408130646,0.1711357682943344,0.34722262620925903,0.32464271783828735,0.32128217816352844,0.3830185830593109,0.36141088604927063,0.04248807206749916,0.40230727195739746,0.37063002586364746,0.10488889366388321,0.6332514882087708,0.40253856778144836,0.07920099049806595,0.6211087703704834,0.4608570337295532,0.33718135952949524,0.5283209085464478,0.37921351194381714,-0.01961108110845089,0.5259495973587036,0.3912612795829773,-0.044223442673683167,0.6116122603416443,0.39064520597457886,0.06632958352565765,0.6079123020172119,0.3969306945800781,0.05164241045713425,0.3976491391658783,0.3235606551170349,0.19315211474895477,0.5311865210533142,0.3735574185848236,-0.004115390591323376,0.39009320735931396,0.3416607975959778,0.08779866248369217,0.37849855422973633,0.3327968120574951,0.09123902022838593,0.2929181456565857,0.31448352336883545,0.18005084991455078,0.36375540494918823,0.31572508811950684,0.24633409082889557,0.31734153628349304,0.3172822594642639,0.1341073364019394,0.40801379084587097,0.33064955472946167,0.23587164282798767,0.3881763815879822,0.33137089014053345,0.2950401306152344,0.5669348835945129,0.40932518243789673,-0.056235574185848236,0.5791646242141724,0.39697152376174927,-0.02391226403415203,0.5895709991455078,0.3913190960884094,0.005931835621595383,0.5280507802963257,0.3856233060359955,-0.023783259093761444,0.610113263130188,0.39384394884109497,0.05765964835882187,0.6270192861557007,0.4000507593154907,0.033037710934877396,0.6058958172798157,0.3991459608078003,0.04870815947651863,0.5239170789718628,0.371138334274292,-0.04751938208937645,0.5831942558288574,0.40406620502471924,0.003850842360407114,0.5744872689247131,0.4100184440612793,-0.02087990939617157,0.5650935173034668,0.4205138087272644,-0.046286821365356445,0.6675596237182617,0.45586445927619934,-0.040793634951114655,0.663909375667572,0.44810426235198975,-0.04921765998005867,0.6574573516845703,0.44567424058914185,-0.04829157143831253,0.6464428901672363,0.44507408142089844,-0.04104132950305939,0.6349948048591614,0.4459192752838135,-0.037074290215969086,0.6277211308479309,0.41953012347221375,0.010287387296557426,0.6343721151351929,0.4147939085960388,0.005722969304770231,0.6425855755805969,0.4095251262187958,0.003487433772534132,0.6486308574676514,0.40596163272857666,0.010114653035998344,0.5894790291786194,0.386567085981369,0.031248852610588074,0.521294116973877,0.4388384521007538,0.417187362909317,0.6182727813720703,0.4103260040283203,0.033605094999074936,0.6231745481491089,0.40500539541244507,0.030879328027367592,0.5302845239639282,0.39807820320129395,-0.048601046204566956,0.5369530320167542,0.38628435134887695,-0.0036063448060303926,0.5284250974655151,0.39462554454803467,-0.047100719064474106,0.47200602293014526,0.3735971450805664,0.06954324245452881,0.49887195229530334,0.36355945467948914,0.09616603702306747,0.5210897326469421,0.3717755079269409,0.00920906662940979,0.3206433951854706,0.31324824690818787,0.253956139087677,0.3401400148868561,0.3118847608566284,0.193069189786911,0.3873693645000458,0.3238590359687805,0.14649739861488342,0.6597204208374023,0.42602628469467163,0.02852911502122879,0.36690056324005127,0.34725868701934814,0.046358589082956314,0.2953018248081207,0.33247995376586914,0.08122552931308746,0.26503264904022217,0.3270440101623535,0.1101335808634758,0.4502509832382202,0.3706287145614624,0.16900606453418732,0.4658324420452118,0.3702395558357239,0.22426170110702515,0.4184759259223938,0.38856586813926697,0.09370383620262146,0.43182462453842163,0.3519795536994934,0.2049775868654251,0.43490639328956604,0.37812235951423645,0.03404214233160019,0.5173143148422241,0.3604137599468231,-0.03814948722720146,0.4969663619995117,0.3564010262489319,0.262437105178833,0.47870302200317383,0.3724669814109802,0.19318535923957825,0.4831279516220093,0.37581944465637207,0.15066884458065033,0.47150564193725586,0.3838568329811096,0.11261748522520065,0.4558935761451721,0.3900142312049866,0.08784659206867218,0.44324782490730286,0.39198797941207886,0.06670618057250977,0.4010249674320221,0.3765575587749481,-0.0029982689302414656,0.5403515100479126,0.3628227710723877,0.24477022886276245,0.4292343556880951,0.34746432304382324,0.2285846620798111,0.5235371589660645,0.38158005475997925,-0.09540613740682602,0.4742199778556824,0.37681660056114197,0.03235941380262375,0.43186116218566895,0.40347421169281006,0.4361332058906555,0.43161922693252563,0.3917122483253479,0.055265914648771286,0.5200845003128052,0.3786134123802185,0.028785904869437218,0.44085168838500977,0.36227017641067505,0.20074188709259033,0.5020490288734436,0.3624473214149475,-0.02696843072772026,0.5708341598510742,0.4504354000091553,0.3845527470111847,0.41339027881622314,0.38732612133026123,0.104730024933815,0.4876742362976074,0.3595614433288574,-0.05434215068817139,0.6775758266448975,0.4342275559902191,0.16762879490852356,0.6910967230796814,0.4638451933860779,0.2058769166469574,0.5381156206130981,0.3930526077747345,0.32788610458374023,0.6548625230789185,0.42821159958839417,0.21857288479804993,0.414233535528183,0.35095611214637756,0.3281456530094147,0.7270584106445312,0.4636691212654114,0.022896647453308105,0.5222958326339722,0.3955197334289551,-0.07614162564277649,0.49536803364753723,0.375616192817688,0.04750552773475647,0.4449021518230438,0.3644551634788513,0.2776394188404083,0.44280385971069336,0.36978042125701904,0.1510172188282013,0.4366714358329773,0.3750755190849304,0.13365620374679565,0.6300240755081177,0.39576831459999084,0.040305666625499725,0.5792120695114136,0.3763669729232788,0.2321448028087616,0.7482014894485474,0.489557147026062,-0.011389986611902714,0.7304248809814453,0.47034749388694763,0.09440834820270538,0.7146010398864746,0.46682265400886536,0.1460300236940384,0.4287654757499695,0.3799290359020233,0.1190778836607933,0.42029982805252075,0.3835681080818176,0.11074088513851166,0.41570132970809937,0.3861294984817505,0.10822071880102158,0.42212212085723877,0.3464193344116211,0.26221001148223877,0.41441014409065247,0.37726688385009766,0.11475943773984909,0.41960662603378296,0.37046149373054504,0.12389536201953888,0.4259178042411804,0.364652156829834,0.13817505538463593,0.43297621607780457,0.3607463836669922,0.15509523451328278,0.4381275177001953,0.3601878881454468,0.16797606647014618,0.3978373408317566,0.3717288672924042,0.4133889377117157,0.44462963938713074,0.3662451505661011,0.16695602238178253,0.5694453716278076,0.38732072710990906,0.0028180149383842945,0.5277577638626099,0.3742659389972687,-0.027109356597065926,0.5466518998146057,0.3999762535095215,-0.047140251845121384,0.6982020139694214,0.44373825192451477,0.11870486289262772,0.7111308574676514,0.4551093578338623,0.07105829566717148,0.7339476943016052,0.4778583347797394,-0.029004866257309914,0.6616488099098206,0.4642512798309326,0.27340900897979736,0.41325533390045166,0.38324278593063354,0.10932695865631104,0.44181597232818604,0.37138572335243225,-0.007845896296203136,0.7432987689971924,0.47642782330513,0.04107272997498512,0.5815045237541199,0.407105952501297,0.3029784858226776,0.6351910829544067,0.431183397769928,-0.012531120330095291,0.644992470741272,0.42747774720191956,-0.015694867819547653,0.6554080247879028,0.4245763421058655,-0.018818054348230362,0.6638040542602539,0.42414844036102295,-0.015801668167114258,0.6670217514038086,0.4388943016529083,-0.0029349348042160273,0.596449613571167,0.39642906188964844,0.03166121989488602,0.5994595289230347,0.3903914988040924,0.038540538400411606,0.6007591485977173,0.3850395679473877,0.043902914971113205,0.6119033098220825,0.39138656854629517,0.062466636300086975,0.5843852758407593,0.3727928400039673,0.16469527781009674,0.4164121747016907,0.37766000628471375,0.016572246327996254,0.39973369240760803,0.38175106048583984,0.07204235345125198,0.4048406779766083,0.38166841864585876,0.09710225462913513,0.5929232835769653,0.4006821811199188,0.029684539884328842,0.6314353942871094,0.3980514407157898,0.18359826505184174,0.3977195918560028,0.380643367767334,0.029802672564983368,0.6814382672309875,0.4489187002182007,0.0057085370644927025,0.4267175495624542,0.3713628053665161,-0.030701063573360443,0.4795384407043457,0.3700066804885864,-0.00746380677446723,0.6846527457237244,0.46355342864990234,-0.037362586706876755,0.6585838794708252,0.4183601140975952,0.07498109340667725,0.5417201519012451,0.37920647859573364,0.04411222040653229,0.6731494069099426,0.4342692494392395,0.04139893501996994,0.5570367574691772,0.3664852976799011,0.0904642790555954,0.5696740746498108,0.37878382205963135,0.061096031218767166,0.5935630202293396,0.3756229877471924,0.11517206579446793,0.7112831473350525,0.46813154220581055,-0.03416026756167412,0.4923385977745056,0.3736085891723633,0.012707781977951527,0.6769192218780518,0.42534738779067993,0.0994967669248581,0.6898842453956604,0.4422682821750641,0.05709100142121315,0.6389803886413574,0.40248990058898926,0.10006048530340195,0.61124587059021,0.3909190595149994,0.22222045063972473,0.6476469039916992,0.40429243445396423,0.1332309991121292,0.620348334312439,0.4200059175491333,0.27276507019996643,0.6012782454490662,0.38471871614456177,0.08199818432331085,0.4576919376850128,0.3745410442352295,0.013812131248414516,0.524093508720398,0.3651953935623169,-0.04735506698489189,0.5300529599189758,0.3689571022987366,-0.02331310510635376,0.5100361108779907,0.35723090171813965,-0.06670405715703964,0.3944774270057678,0.3687436282634735,0.08530040830373764,0.39921435713768005,0.3543057441711426,0.10738861560821533,0.40730851888656616,0.3453928828239441,0.13144347071647644,0.41581618785858154,0.3409557342529297,0.15929804742336273,0.4240725338459015,0.34358927607536316,0.183895081281662,0.4424423575401306,0.36229732632637024,0.2162221074104309,0.49407655000686646,0.3804996907711029,0.3424852192401886,0.4623502194881439,0.37111079692840576,0.18066342175006866,0.4629043936729431,0.37512636184692383,0.15080803632736206,0.4556860327720642,0.3820141851902008,0.12236758321523666,0.4433867037296295,0.3882196545600891,0.10017690062522888,0.4325566291809082,0.3909808397293091,0.08278616517782211,0.4240119755268097,0.3915988802909851,0.07239681482315063,0.4733022451400757,0.4253295063972473,0.4367516040802002,0.5318266749382019,0.3762885630130768,-0.01566603034734726,0.4639325439929962,0.3662261962890625,-0.02817275933921337,0.521868109703064,0.3633235692977905,-0.07698562741279602,0.5233973860740662,0.3803904056549072,-0.08234784752130508,0.5230579376220703,0.37116971611976624,-0.06780532002449036,0.5328753590583801,0.385063111782074,-0.01777942106127739,0.5247069597244263,0.37987661361694336,-0.09048440307378769,0.523963451385498,0.39212846755981445,-0.07153141498565674,0.4120441973209381,0.3883480131626129,0.09067763388156891,0.4130171537399292,0.3903752565383911,0.06380229443311691,0.41687631607055664,0.388949453830719,0.040807124227285385,0.4409930408000946,0.3607928156852722,0.1789574921131134,0.43398094177246094,0.3549520969390869,0.18835633993148804,0.2669212818145752,0.49549400806427,-0.05240090563893318,0.2823719084262848,0.47844958305358887,-0.05240090563893318,0.2518097162246704,0.49040544033050537,-0.05240090563893318,0.2516157925128937,0.5122517347335815,-0.05240090563893318,0.28187939524650574,0.5005011558532715,-0.05240090563893318,0.42145463824272156,0.364417165517807,0.14079487323760986,0.4306579828262329,0.35757678747177124,0.14079487323760986,0.4084577262401581,0.3572406768798828,0.14079487323760986,0.4118458032608032,0.3713563084602356,0.14079487323760986,0.43376269936561584,0.37143874168395996,0.14079487323760986,0,0,0,0,0,1,1,0,0,0,0,0,0.0829155296087265,0.07240977883338928,0.11746973544359207,0.06385519355535507,0.03518771380186081,0.06289912760257721,0.11623871326446533,0.06057953089475632,0.08280807733535767,0.10488520562648773,0.7965624332427979,0.22010920941829681,Neutral,2.4878227710723877,-3.8507699966430664
210,7.0,31.067111132412286,-17.316777403857927,1.222627387857038,0.5156523585319519,0.4489445388317108,-0.07575645297765732,0.4439775049686432,0.3869014382362366,-0.11528312414884567,0.46475422382354736,0.41847363114356995,-0.06752746552228928,0.36547186970710754,0.4124511778354645,-0.09368759393692017,0.42229530215263367,0.3825439214706421,-0.11924602836370468,0.39408522844314575,0.388296902179718,-0.10645291954278946,0.31567350029945374,0.41181814670562744,-0.03995136916637421,0.24142488837242126,0.5736980438232422,-0.07860618829727173,0.2654823958873749,0.4135955274105072,-0.016551462933421135,0.23825624585151672,0.4077586233615875,-0.014657946303486824,0.1311022937297821,0.40504714846611023,0.02826087549328804,0.5229189991950989,0.4490775465965271,-0.07402090728282928,0.529647171497345,0.44970035552978516,-0.06805049628019333,0.5337296724319458,0.4505177140235901,-0.05737004801630974,0.6326247453689575,0.4632922410964966,-0.05254295840859413,0.6434677839279175,0.46432796120643616,-0.05454183369874954,0.6536080837249756,0.4653448164463043,-0.0597030334174633,0.6609554886817932,0.4655706286430359,-0.05676363781094551,0.6260982155799866,0.44759654998779297,-0.03937164321541786,0.4558180570602417,0.3975035548210144,-0.10633830726146698,0.4481736421585083,0.425693154335022,-0.09134338796138763,0.11862842738628387,0.6871764063835144,-0.037703897804021835,0.28847721219062805,0.5077530145645142,-0.05800285562872887,0.28231239318847656,0.5303173661231995,-0.07303693890571594,0.2731112837791443,0.5531638860702515,-0.0826774463057518,0.24510639905929565,0.5821536183357239,-0.08540496230125427,0.2890763580799103,0.49028411507606506,-0.03880368173122406,0.20548278093338013,0.5403389930725098,-0.07719551026821136,0.21872124075889587,0.5149042010307312,-0.056069184094667435,0.19950416684150696,0.5646119713783264,-0.08780119568109512,0.20304356515407562,0.5799923539161682,-0.09027183800935745,0.25525379180908203,0.6000324487686157,-0.08807893842458725,0.6352174878120422,0.534368097782135,-0.07712604105472565,0.23102815449237823,0.5819810032844543,-0.07766364514827728,0.21900469064712524,0.6992096900939941,-0.049451980739831924,0.22600790858268738,0.6214857697486877,-0.08343225717544556,0.38966500759124756,0.5229760408401489,-0.09534665942192078,0.5019912719726562,0.4720952808856964,-0.09252288937568665,0.5209660530090332,0.46913835406303406,-0.08371294289827347,0.497963547706604,0.49471932649612427,-0.10274215787649155,0.5009043216705322,0.5083514451980591,-0.10319988429546356,0.5154637098312378,0.48578688502311707,-0.09302274882793427,0.514563798904419,0.4975585639476776,-0.0905672013759613,0.560276985168457,0.5403748750686646,-0.08935494720935822,0.43846312165260315,0.40182435512542725,-0.12437965720891953,0.41707301139831543,0.39982181787490845,-0.12986013293266296,0.16557441651821136,0.6122061610221863,-0.10757024586200714,0.3417896330356598,0.4830394983291626,-0.06234943866729736,0.41912516951560974,0.4702155888080597,-0.11025146394968033,0.40501466393470764,0.474871426820755,-0.10392403602600098,0.3665982186794281,0.5892314314842224,-0.12325548380613327,0.39068126678466797,0.405087947845459,-0.11696995049715042,0.15973421931266785,0.5626389980316162,-0.09545736014842987,0.1564096212387085,0.5923346877098083,-0.10647411644458771,0.0895528495311737,0.6406583786010742,-0.05243200063705444,0.22039994597434998,0.46669095754623413,-0.04360901936888695,0.23734712600708008,0.4939783811569214,-0.03591669350862503,0.531851053237915,0.5509047508239746,-0.09867686033248901,0.4673408567905426,0.7391625642776489,-0.018968628719449043,0.43669116497039795,0.4602057933807373,-0.09102587401866913,0.44782406091690063,0.4470560550689697,-0.07766539603471756,0.5192478895187378,0.5196754336357117,-0.08908920735120773,0.523404061794281,0.51334148645401,-0.08495213836431503,0.1352035105228424,0.6033410429954529,-0.10173045098781586,0.4289710819721222,0.47922733426094055,-0.09956607967615128,0.17755737900733948,0.522598922252655,-0.07355844974517822,0.15673847496509552,0.526763916015625,-0.07699507474899292,0.08454465866088867,0.5186157822608948,-0.04845504090189934,0.11588121950626373,0.6048339605331421,-0.07915880531072617,0.12725575268268585,0.4991871118545532,-0.06214502826333046,0.14808814227581024,0.6248871088027954,-0.09814530611038208,0.13710655272006989,0.6470780968666077,-0.06676886230707169,0.5120639801025391,0.4711137115955353,-0.09121581166982651,0.5068876147270203,0.49083441495895386,-0.09939350932836533,0.5076601505279541,0.5034172534942627,-0.0982627123594284,0.44263988733291626,0.4591625928878784,-0.0813768208026886,0.5218751430511475,0.5164374709129333,-0.0860699713230133,0.5443539619445801,0.5177451372146606,-0.0871303379535675,0.5245441198348999,0.5109458565711975,-0.0838850662112236,0.43150973320007324,0.4371022582054138,-0.11585673689842224,0.5179270505905151,0.4927361011505127,-0.08413343131542206,0.5202213525772095,0.48146092891693115,-0.08201321214437485,0.5260597467422485,0.4671388864517212,-0.07430147379636765,0.6179132461547852,0.47454527020454407,-0.05738828703761101,0.6419178247451782,0.49454307556152344,-0.07582371681928635,0.6359298825263977,0.4923502802848816,-0.07876189053058624,0.6264646053314209,0.48815324902534485,-0.07325257360935211,0.6172596216201782,0.4840109348297119,-0.06999945640563965,0.5684086084365845,0.5036998391151428,-0.08066003769636154,0.5694392919540405,0.5092174410820007,-0.08316582441329956,0.5704054236412048,0.5161967873573303,-0.08818263560533524,0.5709487199783325,0.5214634537696838,-0.08906900882720947,0.4875938892364502,0.5127189755439758,-0.103858083486557,0.3309357166290283,0.7581555843353271,0.008710922673344612,0.46034616231918335,0.4086660146713257,-0.08046233654022217,0.5474809408187866,0.5073631405830383,-0.08205792307853699,0.5463423728942871,0.5124655365943909,-0.08454854041337967,0.4591907262802124,0.44222092628479004,-0.08007488399744034,0.4453052878379822,0.48037785291671753,-0.07730625569820404,0.4539686143398285,0.4444188177585602,-0.07893729209899902,0.3482687771320343,0.504927396774292,-0.07513942569494247,0.3538832664489746,0.5356228947639465,-0.0967155396938324,0.41411787271499634,0.4842263460159302,-0.09544724971055984,0.07687926292419434,0.5848186016082764,-0.05841544270515442,0.11107821762561798,0.5563684105873108,-0.0767386257648468,0.1376188099384308,0.5706353783607483,-0.0938752144575119,0.5797955393791199,0.5238122344017029,-0.08618146926164627,0.18576747179031372,0.4732924997806549,-0.05031251162290573,0.15007004141807556,0.45118775963783264,-0.03553028777241707,0.10350993275642395,0.46071383357048035,-0.017778154462575912,0.2598058879375458,0.571860671043396,-0.08643854409456253,0.26329344511032104,0.6227461695671082,-0.09532975405454636,0.28638169169425964,0.479650616645813,-0.02801342122256756,0.20397377014160156,0.6018089056015015,-0.09429649263620377,0.3321029543876648,0.4654669165611267,-0.057535480707883835,0.41397202014923096,0.4476484954357147,-0.1200605109333992,0.2810961604118347,0.6627339124679565,-0.09757853299379349,0.288006067276001,0.6111990809440613,-0.10713677853345871,0.31021663546562195,0.5847001671791077,-0.10491660982370377,0.3232631981372833,0.5413709878921509,-0.08436170220375061,0.32507434487342834,0.5090714693069458,-0.06392581015825272,0.32298800349235535,0.4863012731075287,-0.04988817870616913,0.3136402666568756,0.430266410112381,-0.050204019993543625,0.33775678277015686,0.6616306900978088,-0.1105247288942337,0.19280803203582764,0.6186525225639343,-0.09745023399591446,0.4519205093383789,0.4057353734970093,-0.113872230052948,0.36782604455947876,0.4785297214984894,-0.07260844111442566,0.21461528539657593,0.7445784211158752,0.006523740012198687,0.3175153136253357,0.4692792594432831,-0.03865639492869377,0.4144369065761566,0.49375656247138977,-0.07511284947395325,0.22569870948791504,0.5900472402572632,-0.08167723566293716,0.39808163046836853,0.453422486782074,-0.11086565256118774,0.39615148305892944,0.755463182926178,-0.001439012587070465,0.2774394154548645,0.4802597165107727,-0.02254421077668667,0.39142733812332153,0.42737287282943726,-0.11845584213733673,0.5558133721351624,0.6474959254264832,-0.07782145589590073,0.5798321962356567,0.6720385551452637,-0.05637342110276222,0.332180917263031,0.7156190276145935,-0.05545088276267052,0.5094830393791199,0.679847776889801,-0.07521362602710724,0.17270568013191223,0.6750487685203552,-0.05297624319791794,0.660947322845459,0.547642707824707,-0.07458026707172394,0.45661866664886475,0.41563937067985535,-0.0845300629734993,0.37899985909461975,0.49974802136421204,-0.0791078731417656,0.22188928723335266,0.638404369354248,-0.07914306223392487,0.25879836082458496,0.5501345992088318,-0.07609838247299194,0.2683626115322113,0.5298056602478027,-0.06845127791166306,0.5417163372039795,0.5224741101264954,-0.08865769952535629,0.39013808965682983,0.6668352484703064,-0.10453678667545319,0.7032794952392578,0.5163754224777222,-0.055083755403757095,0.6567634344100952,0.5945004224777222,-0.06378016620874405,0.6258097290992737,0.6303829550743103,-0.061888884752988815,0.17649142444133759,0.404421329498291,0.0043044318445026875,0.7146492600440979,0.4748731255531311,-0.025221265852451324,0.27378541231155396,0.5113502144813538,-0.05475667119026184,0.2760469913482666,0.49503394961357117,-0.04017617180943489,0.2771908640861511,0.48504894971847534,-0.028113776817917824,0.18021540343761444,0.6333457827568054,-0.08758315443992615,0.25988858938217163,0.49693191051483154,-0.04070929437875748,0.24882382154464722,0.515393853187561,-0.055080097168684006,0.2400372475385666,0.5355324745178223,-0.06805824488401413,0.2336277961730957,0.5560170412063599,-0.07768551260232925,0.2318030595779419,0.5688788890838623,-0.08015231043100357,0.1581365466117859,0.7199283242225647,-0.012524380348622799,0.24987393617630005,0.563912034034729,-0.07867700606584549,0.48089802265167236,0.418819397687912,-0.06529786437749863,0.47626471519470215,0.4912755489349365,-0.09720781445503235,0.4328073561191559,0.45562270283699036,-0.09607521444559097,0.47690045833587646,0.44455885887145996,-0.0847751572728157,0.28815406560897827,0.41777849197387695,-0.019704893231391907,0.5980194807052612,0.6164045929908752,-0.07389633357524872,0.6304548978805542,0.5844467878341675,-0.07271990925073624,0.6850150227546692,0.5056509375572205,-0.06618358194828033,0.5296956300735474,0.7082305550575256,-0.04043203592300415,0.2707914710044861,0.48586657643318176,-0.03014618344604969,0.34710365533828735,0.4394998550415039,-0.07260718941688538,0.6968914866447449,0.4635900855064392,-0.03714913874864578,0.6830864548683167,0.5560052990913391,-0.06722392141819,0.3916749358177185,0.7164911031723022,-0.05836350843310356,0.5942496061325073,0.4966840445995331,-0.07796188443899155,0.5988583564758301,0.5025020837783813,-0.0815339908003807,0.6041771769523621,0.5090991258621216,-0.08730510622262955,0.6091988682746887,0.513703465461731,-0.08693817257881165,0.6002340316772461,0.5021359324455261,-0.07896662503480911,0.5172818303108215,0.5065686106681824,-0.08918625861406326,0.5126103162765503,0.5119695663452148,-0.09469155967235565,0.5072312355041504,0.5165439248085022,-0.09865375608205795,0.5072876811027527,0.5328457951545715,-0.10558947920799255,0.41439563035964966,0.6212056279182434,-0.1191200539469719,0.3213147222995758,0.44719651341438293,-0.051646117120981216,0.2662912607192993,0.46388131380081177,-0.01521593052893877,0.26369065046310425,0.4764552414417267,-0.023133637383580208,0.5194504857063293,0.5023714900016785,-0.08465443551540375,0.47597938776016235,0.6457081437110901,-0.09804193675518036,0.27532973885536194,0.4462205469608307,-0.027547884732484818,0.6153988838195801,0.5200919508934021,-0.0750945582985878,0.3680310845375061,0.3968691825866699,-0.08313858509063721,0.3410269021987915,0.4214894771575928,-0.0712670311331749,0.3429429531097412,0.40437811613082886,-0.060272280126810074,0.3787309229373932,0.45507508516311646,-0.08615873008966446,0.6710755228996277,0.45582807064056396,-0.0440872386097908,0.6448814868927002,0.45227769017219543,-0.04056448116898537,0.6356121897697449,0.4848986864089966,-0.060476671904325485,0.5599258542060852,0.5661900639533997,-0.09016038477420807,0.42755886912345886,0.5132867097854614,-0.08597321063280106,0.5909507870674133,0.5474269986152649,-0.08287294209003448,0.4089750051498413,0.5562987327575684,-0.11381978541612625,0.4475204050540924,0.5316042900085449,-0.10203571617603302,0.4445033371448517,0.5846327543258667,-0.11591736972332001,0.6598776578903198,0.4946160316467285,-0.07031422108411789,0.38727089762687683,0.47522255778312683,-0.08306022733449936,0.5717453360557556,0.5942002534866333,-0.08690690249204636,0.6057460308074951,0.5658619403839111,-0.07842572033405304,0.523780882358551,0.5760239958763123,-0.10365889221429825,0.43581604957580566,0.6705945730209351,-0.09562485665082932,0.5163193941116333,0.6131045818328857,-0.10176853090524673,0.4501590430736542,0.7079049348831177,-0.06512197852134705,0.4786810874938965,0.5528885722160339,-0.10928194224834442,0.3569585978984833,0.45938920974731445,-0.07250125706195831,0.42639732360839844,0.441071480512619,-0.12191840261220932,0.42886096239089966,0.46372997760772705,-0.10601163655519485,0.4141438603401184,0.42277079820632935,-0.12866796553134918,0.2336890697479248,0.4815428853034973,-0.03300042450428009,0.20292861759662628,0.5173936486244202,-0.060720957815647125,0.1874750256538391,0.5495090484619141,-0.08343654870986938,0.18240691721439362,0.5763453245162964,-0.09752634167671204,0.18719454109668732,0.5939412117004395,-0.10083398222923279,0.2265413999557495,0.6037333011627197,-0.08400319516658783,0.27437347173690796,0.7105273008346558,-0.056094568222761154,0.27130448818206787,0.5892038345336914,-0.0915386900305748,0.28924357891082764,0.5673831105232239,-0.08780860155820847,0.30075541138648987,0.5365682244300842,-0.0757828950881958,0.305604487657547,0.5076663494110107,-0.05749441683292389,0.30548253655433655,0.4868708848953247,-0.03931630030274391,0.30359771847724915,0.4728628993034363,-0.028872042894363403,0.27191826701164246,0.7543567419052124,0.013169113546609879,0.43527641892433167,0.4695347547531128,-0.09577067196369171,0.3696683943271637,0.4323006272315979,-0.09277959913015366,0.43130314350128174,0.41856950521469116,-0.12574446201324463,0.4444041848182678,0.4186815917491913,-0.10954298824071884,0.43462324142456055,0.4248664081096649,-0.1166563406586647,0.44381219148635864,0.4697606563568115,-0.08358128368854523,0.4480847418308258,0.4127277135848999,-0.11310761421918869,0.45322537422180176,0.4216550886631012,-0.08792036771774292,0.2814120054244995,0.4720443785190582,-0.01699700951576233,0.29446500539779663,0.4614158272743225,-0.018958376720547676,0.3036893904209137,0.4558800458908081,-0.029495030641555786,0.2313724160194397,0.5764920115470886,-0.0799139142036438,0.21061724424362183,0.5898779034614563,-0.08794192969799042,0.37524914741516113,0.38620316982269287,-0.05922099947929382,0.33547934889793396,0.38168033957481384,0.16857896745204926,0.45921361446380615,0.3964563310146332,-0.06521404534578323,0.26410412788391113,0.3589949607849121,0.3596870005130768,0.34542906284332275,0.39167144894599915,0.10150881111621857,0.34904924035072327,0.3864843249320984,0.11866765469312668,0.3523986041545868,0.3829648494720459,0.13844488561153412,0.3476068377494812,0.38733237981796265,0.1759474277496338,0.3408450484275818,0.3955949544906616,0.08700620383024216,0.31175220012664795,0.3846909701824188,0.12083818018436432,0.31073522567749023,0.39067912101745605,0.10054676234722137,0.31482750177383423,0.381335973739624,0.1416756957769394,0.32052257657051086,0.3811512887477875,0.15854251384735107,0.3678591847419739,0.3866995573043823,0.19261562824249268,0.6582076549530029,0.4167930483818054,0.03858917951583862,0.3345111310482025,0.38352441787719727,0.18097954988479614,0.3528532385826111,0.3636382818222046,0.3386673629283905,0.3586835265159607,0.39386552572250366,0.23288647830486298,0.44392168521881104,0.37000858783721924,0.06533987820148468,0.5201340913772583,0.4262588322162628,-0.051367804408073425,0.5361785888671875,0.43147096037864685,-0.04586943984031677,0.5319106578826904,0.40721791982650757,-0.01725633442401886,0.5447791814804077,0.3973797559738159,0.014090081676840782,0.5433305501937866,0.41813427209854126,-0.01908932439982891,0.5517739653587341,0.4100620150566101,0.008013044483959675,0.6008206605911255,0.3920568823814392,0.06005189195275307,0.44756582379341125,0.3773290514945984,-0.10202386230230331,0.42767685651779175,0.37122994661331177,-0.10335683822631836,0.31141284108161926,0.38271644711494446,0.18819333612918854,0.3767285645008087,0.38975656032562256,0.0428968109190464,0.4522755444049835,0.36951953172683716,-0.010701353661715984,0.4391516447067261,0.3718104958534241,-0.0013903533108532429,0.453032910823822,0.3508944809436798,0.14244787395000458,0.4006841480731964,0.3773750066757202,-0.08316611498594284,0.2912429869174957,0.3793085515499115,0.10976185649633408,0.29830682277679443,0.3784483075141907,0.15092656016349792,0.23171812295913696,0.34510067105293274,0.30313608050346375,0.29247432947158813,0.39300113916397095,0.02366088330745697,0.31275704503059387,0.39695966243743896,0.09168397635221481,0.5816320180892944,0.38289082050323486,0.0820147693157196,0.559491753578186,0.4288722574710846,0.35589438676834106,0.4611716568470001,0.384199857711792,-0.01723160780966282,0.4634261727333069,0.3966289460659027,-0.04107261821627617,0.5742841362953186,0.3927997350692749,0.06697806715965271,0.5736325979232788,0.39996105432510376,0.05168555676937103,0.2886430025100708,0.3815114498138428,0.17199954390525818,0.4611762762069702,0.37695741653442383,-0.0018480774015188217,0.2881808578968048,0.38318729400634766,0.06672722846269608,0.27255019545555115,0.382320374250412,0.06824814528226852,0.17665240168571472,0.3478449881076813,0.15430276095867157,0.2501811385154724,0.3356148898601532,0.22396361827850342,0.21027560532093048,0.3496178686618805,0.10607670247554779,0.30422377586364746,0.3865145444869995,0.21919430792331696,0.27788782119750977,0.3436840772628784,0.2779199779033661,0.5291276574134827,0.4283037781715393,-0.05048104375600815,0.5384349822998047,0.4123261570930481,-0.019082220271229744,0.5486580729484558,0.40300819277763367,0.008507256396114826,0.46343132853507996,0.3905409276485443,-0.02116229571402073,0.5744743943214417,0.3965227007865906,0.05787277966737747,0.5947785973548889,0.39913681149482727,0.03455270454287529,0.5729548931121826,0.40246474742889404,0.04892038181424141,0.45283272862434387,0.37842077016830444,-0.04809189215302467,0.5518335103988647,0.41514191031455994,0.009307822212576866,0.5453508496284485,0.4229990839958191,-0.012248271144926548,0.5394138097763062,0.43493351340293884,-0.035291410982608795,0.628537654876709,0.42822855710983276,-0.020082172006368637,0.6627436280250549,0.4367618262767792,-0.0345640555024147,0.6556617021560669,0.43829038739204407,-0.036013104021549225,0.6445186138153076,0.44017142057418823,-0.030346130952239037,0.6336163282394409,0.44181740283966064,-0.029536975547671318,0.6056822538375854,0.4166925549507141,0.013246255926787853,0.6100283265113831,0.4116835296154022,0.010613829828798771,0.6155087351799011,0.4053700864315033,0.00910454336553812,0.6194311380386353,0.399771511554718,0.01586071029305458,0.5280588865280151,0.3771810531616211,0.032171111553907394,0.44976091384887695,0.41649505496025085,0.42597946524620056,0.5901828408241272,0.4100640118122101,0.03423136845231056,0.5930155515670776,0.4047471284866333,0.03241054341197014,0.47074586153030396,0.40244048833847046,-0.04402070492506027,0.4724436402320862,0.3886265754699707,0.0007558443467132747,0.4672461748123169,0.39951807260513306,-0.04339774698019028,0.3942100703716278,0.3818513751029968,0.06482690572738647,0.4173414409160614,0.36614322662353516,0.09223074465990067,0.44902074337005615,0.375806987285614,0.010692927986383438,0.20266413688659668,0.34021228551864624,0.23113209009170532,0.22828476130962372,0.338075190782547,0.1674291044473648,0.2776336073875427,0.3794788718223572,0.12334981560707092,0.6107182502746582,0.39976781606674194,0.036827825009822845,0.26885226368904114,0.3908942937850952,0.023575542494654655,0.19459134340286255,0.3714046776294708,0.05249614268541336,0.15408726036548615,0.3682088851928711,0.08428265154361725,0.3524382710456848,0.38437068462371826,0.1596967875957489,0.38829830288887024,0.3886811137199402,0.21727916598320007,0.3364581763744354,0.3990994691848755,0.08416663110256195,0.33065855503082275,0.38740092515945435,0.19175836443901062,0.3594949543476105,0.39360928535461426,0.026344479992985725,0.44208961725234985,0.3677455186843872,-0.03960799425840378,0.4017811715602875,0.3477413058280945,0.25754451751708984,0.400169312953949,0.3762569725513458,0.1869661509990692,0.40364307165145874,0.3684433400630951,0.14414823055267334,0.39297938346862793,0.3733799457550049,0.10588128864765167,0.3790489137172699,0.3823734223842621,0.08097218722105026,0.3673195242881775,0.38680922985076904,0.059021901339292526,0.3258991539478302,0.400436133146286,-0.014674722217023373,0.45025181770324707,0.35031068325042725,0.24419021606445312,0.33114972710609436,0.38851267099380493,0.21537229418754578,0.4576261043548584,0.3908018171787262,-0.09592660516500473,0.400150328874588,0.3871375322341919,0.029177505522966385,0.34708672761917114,0.3963911533355713,0.4346556067466736,0.3548327088356018,0.3908916115760803,0.046294476836919785,0.44967490434646606,0.38240617513656616,0.031201155856251717,0.3375440537929535,0.3878246545791626,0.1898346245288849,0.4263751804828644,0.3715866208076477,-0.029025627300143242,0.504070520401001,0.42312532663345337,0.3987422287464142,0.33016467094421387,0.4015338718891144,0.09447292238473892,0.41121116280555725,0.3725471794605255,-0.058778438717126846,0.6178852319717407,0.3969985246658325,0.186228409409523,0.639083743095398,0.4242055416107178,0.22616258263587952,0.45366746187210083,0.37302273511886597,0.3328489065170288,0.5881567001342773,0.39418208599090576,0.23665548861026764,0.3105772137641907,0.35443925857543945,0.316611647605896,0.6828359365463257,0.4211224317550659,0.05126205459237099,0.46139591932296753,0.4035820960998535,-0.07365430146455765,0.42066413164138794,0.3815383017063141,0.04636824503540993,0.3661767840385437,0.40049439668655396,0.2692314684391022,0.33579954504966736,0.3815549314022064,0.14107410609722137,0.334825336933136,0.3844352662563324,0.12362240999937057,0.5955856442451477,0.39381247758865356,0.04212005436420441,0.4943191111087799,0.35945993661880493,0.2372722029685974,0.7145326137542725,0.4464815855026245,0.018011542037129402,0.6869090795516968,0.42749688029289246,0.11840343475341797,0.66781085729599,0.42497485876083374,0.16720597445964813,0.3328164517879486,0.3891805410385132,0.10904892534017563,0.330535888671875,0.39474308490753174,0.10058967769145966,0.33041733503341675,0.3990459740161896,0.0978686586022377,0.3298455476760864,0.3950807452201843,0.24952425062656403,0.3199952244758606,0.3929697573184967,0.10287094861268997,0.31788021326065063,0.38652706146240234,0.1114303395152092,0.3188674747943878,0.38069361448287964,0.12571881711483002,0.3226239085197449,0.3773949146270752,0.14290767908096313,0.32767191529273987,0.3778109550476074,0.15644453465938568,0.2999332547187805,0.3756014406681061,0.4064284563064575,0.33547088503837585,0.3808346390724182,0.15697936713695526,0.507655918598175,0.3821156322956085,0.006119958590716124,0.4584530293941498,0.3797052502632141,-0.025968452915549278,0.4901127219200134,0.3999827206134796,-0.04234547168016434,0.6447622776031494,0.40323933959007263,0.13962848484516144,0.6632418632507324,0.41352495551109314,0.09597413241863251,0.6968215703964233,0.43604153394699097,0.002177958143875003,0.6048734188079834,0.4279922842979431,0.2940734028816223,0.32566002011299133,0.3978565037250519,0.09821046143770218,0.3664127588272095,0.38887056708335876,-0.015937775373458862,0.7036237716674805,0.43285876512527466,0.06768698990345001,0.5023389458656311,0.38177937269210815,0.3140203058719635,0.6227593421936035,0.4267621338367462,-0.00707525247707963,0.6305629014968872,0.42244091629981995,-0.007861112244427204,0.6389762163162231,0.4177180528640747,-0.01017138920724392,0.6463295221328735,0.4137135148048401,-0.0063361371867358685,0.6209228038787842,0.4113526940345764,0.01030320767313242,0.5618659853935242,0.40422624349594116,0.03261148929595947,0.5609210133552551,0.3980441689491272,0.038733720779418945,0.5584778785705566,0.3921703100204468,0.0439135879278183,0.554499626159668,0.3772508502006531,0.06239311024546623,0.5022444128990173,0.35904717445373535,0.1681845337152481,0.3412950038909912,0.3975020945072174,0.006900431588292122,0.3175319731235504,0.40377098321914673,0.05964941531419754,0.3210762143135071,0.40206289291381836,0.08496887981891632,0.5608740448951721,0.4089495837688446,0.032049164175987244,0.5571920275688171,0.3737212121486664,0.1944199651479721,0.3150671422481537,0.39927202463150024,0.016365287825465202,0.6364815831184387,0.41696932911872864,0.024649277329444885,0.3518304228782654,0.39290642738342285,-0.04086140915751457,0.40522634983062744,0.38147252798080444,-0.011177070438861847,0.6457608938217163,0.43190157413482666,-0.012610966339707375,0.6058813333511353,0.3897148072719574,0.08308056741952896,0.4712291657924652,0.3774266541004181,0.04639846459031105,0.6242324113845825,0.40298721194267273,0.054700031876564026,0.47760435938835144,0.35977065563201904,0.09174934029579163,0.4996534585952759,0.3708151876926422,0.06206553801894188,0.5174973011016846,0.3621023893356323,0.11849050968885422,0.6719587445259094,0.43115201592445374,-0.006732783745974302,0.41899994015693665,0.3822311758995056,0.011284895241260529,0.6210509538650513,0.3909638524055481,0.11346492171287537,0.6401586532592773,0.405904084444046,0.07657450437545776,0.5809874534606934,0.3787919878959656,0.10553117841482162,0.5313605666160583,0.36880040168762207,0.23207251727581024,0.5820714831352234,0.3772204518318176,0.14229638874530792,0.5469268560409546,0.38973861932754517,0.28880739212036133,0.536331295967102,0.37088003754615784,0.083383709192276,0.38295263051986694,0.3881579637527466,0.008285501040518284,0.45084473490715027,0.3722549080848694,-0.04860356077551842,0.4586537480354309,0.3733561038970947,-0.022008609026670456,0.43396490812301636,0.36789360642433167,-0.06991928815841675,0.30624133348464966,0.398489773273468,0.06997105479240417,0.30328652262687683,0.3895968198776245,0.08970671892166138,0.30365386605262756,0.38283148407936096,0.11336969584226608,0.30677029490470886,0.3788639307022095,0.14216771721839905,0.31533363461494446,0.3810694217681885,0.16805480420589447,0.349682480096817,0.391703337430954,0.20570601522922516,0.4036577343940735,0.36654648184776306,0.34135615825653076,0.373449444770813,0.38060200214385986,0.17270056903362274,0.37596654891967773,0.3771498501300812,0.1424441635608673,0.3700128495693207,0.38092026114463806,0.1139310970902443,0.3611823618412018,0.38812196254730225,0.09211142361164093,0.3537929356098175,0.39324912428855896,0.07418151944875717,0.3464434742927551,0.3971525728702545,0.06351827830076218,0.39672186970710754,0.41006791591644287,0.44035786390304565,0.46345657110214233,0.38005954027175903,-0.013331354595720768,0.388411283493042,0.38179367780685425,-0.03408044949173927,0.44803398847579956,0.3726562261581421,-0.07911743968725204,0.45597970485687256,0.38856661319732666,-0.08258882910013199,0.451863557100296,0.3795037865638733,-0.06889919936656952,0.4679626524448395,0.3887200951576233,-0.014344343915581703,0.457533597946167,0.38843679428100586,-0.09098710119724274,0.4613751173019409,0.39972996711730957,-0.06936478614807129,0.3309036195278168,0.40250876545906067,0.08081897348165512,0.3350412845611572,0.40195563435554504,0.05359937995672226,0.3379695415496826,0.3962688446044922,0.030125925317406654,0.33122518658638,0.3798227608203888,0.16785641014575958,0.3275633752346039,0.38457709550857544,0.17637570202350616,0.24873460829257965,0.5202527046203613,-0.05980205535888672,0.25689223408699036,0.49857550859451294,-0.05980205535888672,0.22891123592853546,0.5174954533576965,-0.05980205535888672,0.24008235335350037,0.5409917235374451,-0.05980205535888672,0.26798468828201294,0.5222170352935791,-0.05980205535888672,0.33051028847694397,0.3748095631599426,0.12991586327552795,0.334674596786499,0.3674318194389343,0.12991586327552795,0.31481289863586426,0.3721722364425659,0.12991586327552795,0.32643598318099976,0.3824317157268524,0.12991586327552795,0.34618496894836426,0.377544105052948,0.12991586327552795,0,0,0,0,0,1,1,0,0,0,0,0,0.07717090100049973,0.059092193841934204,0.05559417977929115,0.08063878118991852,0.023040171712636948,0.04601422697305679,0.12606455385684967,0.08902937173843384,0.09569516777992249,0.18250185251235962,0.9952058792114258,0.3684534430503845,Neutral,7.456632614135742,-33.86738586425781
212,7.066666666666666,24.36862918856082,-8.700077261768252,0.5949729672419783,0.5110341310501099,0.46047836542129517,-0.07905663549900055,0.45696592330932617,0.39209526777267456,-0.11666643619537354,0.47669702768325806,0.4238801598548889,-0.07116065174341202,0.3791477084159851,0.40524813532829285,-0.08882056921720505,0.43562206625938416,0.3849443793296814,-0.11972327530384064,0.4086185693740845,0.38603490591049194,-0.10562458634376526,0.33637404441833496,0.39689886569976807,-0.034794941544532776,0.2463439404964447,0.5409789085388184,-0.052643246948719025,0.2885025441646576,0.391263484954834,-0.007018323056399822,0.2629215717315674,0.3826184570789337,-0.002982091624289751,0.17361539602279663,0.3656877875328064,0.04334315285086632,0.5169805288314819,0.46142321825027466,-0.07770732045173645,0.5222835540771484,0.4623769223690033,-0.07252196967601776,0.5254379510879517,0.4629281759262085,-0.06424539536237717,0.6067452430725098,0.48076140880584717,-0.05768607184290886,0.6149520874023438,0.4827013313770294,-0.06204662472009659,0.6229500770568848,0.48442554473876953,-0.06859984248876572,0.6296029090881348,0.4854264557361603,-0.06814201921224594,0.6263643503189087,0.4706248641014099,-0.054813943803310394,0.46900445222854614,0.4034222960472107,-0.10824288427829742,0.4590114653110504,0.4301130771636963,-0.09173639863729477,0.12683816254138947,0.6335864067077637,0.00894214864820242,0.29605183005332947,0.49438345432281494,-0.04012361168861389,0.28863540291786194,0.5105716586112976,-0.05265458673238754,0.27822187542915344,0.5282255411148071,-0.05971970409154892,0.24675455689430237,0.553476095199585,-0.05868063494563103,0.2994800806045532,0.48028117418289185,-0.02347000502049923,0.2160627841949463,0.4987994432449341,-0.05249274894595146,0.23155096173286438,0.48081067204475403,-0.03481767699122429,0.20746208727359772,0.5195266604423523,-0.06083289533853531,0.20839142799377441,0.5363723635673523,-0.06228078156709671,0.2534368634223938,0.5729568600654602,-0.06017351895570755,0.6238596439361572,0.5568646192550659,-0.08372315764427185,0.23345671594142914,0.5488986968994141,-0.05027160793542862,0.2155565321445465,0.659817099571228,-0.012921920977532864,0.2221623659133911,0.5922471284866333,-0.05155244842171669,0.3877198100090027,0.5168695449829102,-0.08426050841808319,0.49344760179519653,0.48287370800971985,-0.09291968494653702,0.510054349899292,0.4816093146800995,-0.08516370505094528,0.4853941798210144,0.5058252811431885,-0.099378801882267,0.4848228394985199,0.5209982991218567,-0.095991350710392,0.5016044974327087,0.49894335865974426,-0.09068573266267776,0.49805426597595215,0.5119107365608215,-0.08515430986881256,0.5395842790603638,0.5581936836242676,-0.08163904398679733,0.44916832447052,0.40624383091926575,-0.12390659004449844,0.4275044798851013,0.40154463052749634,-0.1280445158481598,0.17298993468284607,0.5547953248023987,-0.07384840399026871,0.352780282497406,0.4698076844215393,-0.05150790512561798,0.4222172200679779,0.4703620672225952,-0.10393258184194565,0.4084676504135132,0.47264185547828674,-0.09692017734050751,0.35525840520858765,0.5781295895576477,-0.10228775441646576,0.40244102478027344,0.4020751118659973,-0.11346491426229477,0.17761869728565216,0.49756306409835815,-0.06729378551244736,0.16901417076587677,0.5276830196380615,-0.07460305839776993,0.10317228734493256,0.5859503746032715,-0.007096347399055958,0.24741053581237793,0.427743524312973,-0.028310036286711693,0.25178754329681396,0.4685060977935791,-0.017736321315169334,0.5080834627151489,0.5662400722503662,-0.08768244087696075,0.45053255558013916,0.7292210459709167,0.0073586939834058285,0.44225719571113586,0.4628702998161316,-0.08768606930971146,0.45490384101867676,0.4510851502418518,-0.07792793214321136,0.4964793622493744,0.536700963973999,-0.07819981127977371,0.5010009407997131,0.5309934020042419,-0.07511754333972931,0.14935636520385742,0.5346585512161255,-0.06802542507648468,0.430634468793869,0.4804721474647522,-0.09423179179430008,0.20111915469169617,0.4651373028755188,-0.05115820840001106,0.18378040194511414,0.4619584083557129,-0.053191594779491425,0.11154624819755554,0.46996644139289856,-0.014681973494589329,0.12560561299324036,0.5573124885559082,-0.041757624596357346,0.14745019376277924,0.45866554975509644,-0.03329814225435257,0.15479838848114014,0.5665504932403564,-0.062494032084941864,0.14260637760162354,0.6004824042320251,-0.02806132845580578,0.5022497773170471,0.48296213150024414,-0.09164156019687653,0.49356043338775635,0.5030063986778259,-0.09624463319778442,0.4911724925041199,0.5170725584030151,-0.09195352345705032,0.44823533296585083,0.4625548720359802,-0.0793251097202301,0.49900054931640625,0.5338991284370422,-0.07582223415374756,0.5196374654769897,0.5341030955314636,-0.07926677912473679,0.5025591254234314,0.5283732414245605,-0.07433489710092545,0.4402640163898468,0.4399838447570801,-0.11188086122274399,0.5023375153541565,0.5072367191314697,-0.08043594658374786,0.5068098902702332,0.4948718845844269,-0.08176355808973312,0.5149455666542053,0.47971630096435547,-0.07772751152515411,0.612594723701477,0.4971596896648407,-0.0692322701215744,0.6061307787895203,0.5130813717842102,-0.08318272233009338,0.6012483835220337,0.5103009343147278,-0.08395736664533615,0.5950924158096313,0.5055641531944275,-0.07688896358013153,0.588931679725647,0.5009428262710571,-0.07163260132074356,0.5440592169761658,0.520249605178833,-0.07552263140678406,0.5434651374816895,0.5254064798355103,-0.07953120023012161,0.542572557926178,0.5320738554000854,-0.08492644131183624,0.5420418977737427,0.5373108983039856,-0.08550426363945007,0.4757566750049591,0.5236508846282959,-0.0945727750658989,0.32129156589508057,0.7287079095840454,0.04481938108801842,0.4735545814037323,0.4142664074897766,-0.08335950970649719,0.524802565574646,0.5240062475204468,-0.07386956363916397,0.5224682092666626,0.5289615988731384,-0.07699929177761078,0.46573591232299805,0.4477013647556305,-0.08104760944843292,0.4460909962654114,0.4835721254348755,-0.07464329898357391,0.46079304814338684,0.4491432011127472,-0.07958850264549255,0.35488614439964294,0.492357462644577,-0.062480296939611435,0.3529183864593506,0.5235139727592468,-0.08101848512887955,0.4160725474357605,0.4830658733844757,-0.08882693946361542,0.09661416709423065,0.5314906239509583,-0.017271550372242928,0.12592937052249908,0.5107306838035583,-0.04261519014835358,0.15860503911972046,0.49937236309051514,-0.06384527683258057,0.5641321539878845,0.5434574484825134,-0.08311810344457626,0.2182694673538208,0.42170602083206177,-0.03246647119522095,0.17563529312610626,0.4151601195335388,-0.012947267852723598,0.13785193860530853,0.4168049991130829,0.006652322132140398,0.26281362771987915,0.5445389151573181,-0.06138663366436958,0.25653088092803955,0.5988971590995789,-0.06564214080572128,0.29911863803863525,0.47041088342666626,-0.013553873635828495,0.20735010504722595,0.5603735446929932,-0.06320963054895401,0.3460332751274109,0.4513808786869049,-0.04752999171614647,0.42008155584335327,0.4477755129337311,-0.11459548026323318,0.2723320424556732,0.6344382762908936,-0.06563173979520798,0.2813837230205536,0.5871630311012268,-0.07996777445077896,0.3063976764678955,0.5622028112411499,-0.08199924975633621,0.32416489720344543,0.5250681042671204,-0.06634998321533203,0.3299482464790344,0.4977109730243683,-0.04912399500608444,0.3318661153316498,0.4767279624938965,-0.037485890090465546,0.331741601228714,0.41468679904937744,-0.042329877614974976,0.3230540156364441,0.6425891518592834,-0.0815020352602005,0.19451595842838287,0.5757193565368652,-0.06376896798610687,0.4636632800102234,0.41133812069892883,-0.11432608217000961,0.3761947453022003,0.4697011113166809,-0.06370898336172104,0.21327638626098633,0.6989607214927673,0.04995499923825264,0.3306131958961487,0.4590158462524414,-0.027409957721829414,0.415920227766037,0.4919155240058899,-0.06876357644796371,0.22722169756889343,0.5575502514839172,-0.05315396562218666,0.4046596586704254,0.4504942297935486,-0.10471539199352264,0.38259848952293396,0.7350651621818542,0.03005056083202362,0.2903398871421814,0.4707000255584717,-0.007063603959977627,0.400797575712204,0.4241052567958832,-0.11337065696716309,0.5357232093811035,0.6551036238670349,-0.06773563474416733,0.5602656602859497,0.6786094307899475,-0.04297279566526413,0.3187735974788666,0.6920981407165527,-0.025469722226262093,0.4895671308040619,0.6813101172447205,-0.06020494922995567,0.1741584986448288,0.6313234567642212,-0.014910467900335789,0.6484845876693726,0.5708808302879333,-0.0829785168170929,0.4684935212135315,0.4209645986557007,-0.086527019739151,0.3829476237297058,0.49211376905441284,-0.06951047480106354,0.21420404314994812,0.6133440136909485,-0.04514434188604355,0.26636385917663574,0.5208954811096191,-0.05282795801758766,0.2767816483974457,0.5062428116798401,-0.04727804660797119,0.5167635679244995,0.5387441515922546,-0.08034249395132065,0.3724701404571533,0.6555995941162109,-0.07987608015537262,0.6930046081542969,0.5427162647247314,-0.07097932696342468,0.6398007869720459,0.6117168664932251,-0.06392785161733627,0.6070934534072876,0.6428609490394592,-0.055073074996471405,0.20899704098701477,0.3721839189529419,0.019331960007548332,0.7115270495414734,0.504733145236969,-0.048080336302518845,0.2828509211540222,0.494087815284729,-0.03582150116562843,0.2868431508541107,0.4825119376182556,-0.023007147014141083,0.28947094082832336,0.4747160077095032,-0.012050438672304153,0.17912618815898895,0.5921286940574646,-0.052050087600946426,0.2678263485431671,0.4789421558380127,-0.02193540893495083,0.2527225911617279,0.49041545391082764,-0.033779826015233994,0.2419591248035431,0.5045441389083862,-0.04459554702043533,0.23484298586845398,0.5214852094650269,-0.05232668295502663,0.2331346869468689,0.534038245677948,-0.05369642749428749,0.16166071593761444,0.6690540313720703,0.033255964517593384,0.25654441118240356,0.5320518612861633,-0.05380501225590706,0.4916608929634094,0.4271548390388489,-0.06920014321804047,0.47086551785469055,0.49993565678596497,-0.09209577739238739,0.4390043616294861,0.45803722739219666,-0.09233114868402481,0.48127061128616333,0.4532785713672638,-0.08552462607622147,0.31113702058792114,0.39822494983673096,-0.012621783651411533,0.5795248746871948,0.6288896799087524,-0.06966464221477509,0.6144928932189941,0.6024646759033203,-0.07485214620828629,0.6778026223182678,0.5333633422851562,-0.08130624890327454,0.5109111070632935,0.7075133323669434,-0.020304562523961067,0.282662034034729,0.47314518690109253,-0.013148291036486626,0.3605997860431671,0.42878687381744385,-0.06515756249427795,0.6970137357711792,0.494287371635437,-0.058174584060907364,0.6686558723449707,0.5781331062316895,-0.0748240277171135,0.37524938583374023,0.7015296816825867,-0.033172741532325745,0.5672406554222107,0.5132632255554199,-0.07607907056808472,0.5691590905189514,0.5188804864883423,-0.0812140479683876,0.5716180205345154,0.5255012512207031,-0.08754491060972214,0.5748637914657593,0.5302733778953552,-0.08795759081840515,0.5893052816390991,0.5236397385597229,-0.08220580965280533,0.4977113604545593,0.5224454402923584,-0.08096618205308914,0.4928506314754486,0.5273064970970154,-0.08522746711969376,0.4877411127090454,0.5312063694000244,-0.08847435563802719,0.48847949504852295,0.5464365482330322,-0.09359658509492874,0.397502601146698,0.6168416142463684,-0.09976702183485031,0.33755943179130554,0.43222784996032715,-0.0427103191614151,0.2852462828159332,0.4473486542701721,-0.0018271342851221561,0.279119074344635,0.46141472458839417,-0.007189490832388401,0.5008217096328735,0.5179990530014038,-0.07750119268894196,0.4560376703739166,0.646892786026001,-0.08176770806312561,0.2988506257534027,0.42577579617500305,-0.016992883756756783,0.604597806930542,0.5418831706047058,-0.0805455893278122,0.38427239656448364,0.39021241664886475,-0.08091434836387634,0.3566305637359619,0.41035574674606323,-0.06509409099817276,0.36128491163253784,0.3937932550907135,-0.05646098777651787,0.38776323199272156,0.4486267566680908,-0.07937519997358322,0.6723507642745972,0.48444610834121704,-0.06320489197969437,0.6461180448532104,0.47763341665267944,-0.05809571221470833,0.6305303573608398,0.5094195604324341,-0.07375839352607727,0.540137529373169,0.5803383588790894,-0.0829332172870636,0.42432552576065063,0.5130055546760559,-0.07818157970905304,0.5752834677696228,0.5654371976852417,-0.0816468819975853,0.3988741934299469,0.5533735752105713,-0.10068880766630173,0.43818628787994385,0.5347772836685181,-0.09141996502876282,0.42844289541244507,0.5859121680259705,-0.10167597234249115,0.6540884971618652,0.5212455987930298,-0.08394504338502884,0.3936068117618561,0.46949294209480286,-0.07570814341306686,0.5521357655525208,0.6064192056655884,-0.08048368245363235,0.5898903012275696,0.5835965275764465,-0.0790412575006485,0.5019089579582214,0.5869110822677612,-0.09237047284841537,0.416545569896698,0.6650654077529907,-0.0750461146235466,0.4952899217605591,0.6202912330627441,-0.08927364647388458,0.43168237805366516,0.7006094455718994,-0.04455309361219406,0.461578905582428,0.5605048537254333,-0.09705562144517899,0.368186891078949,0.44942066073417664,-0.06414680927991867,0.4337841272354126,0.44318002462387085,-0.11725519597530365,0.4330008924007416,0.46549373865127563,-0.10139258950948715,0.4226982593536377,0.4235248565673828,-0.12462502717971802,0.2536565959453583,0.45289847254753113,-0.015887757763266563,0.22122833132743835,0.4741670489311218,-0.03874703124165535,0.20207105576992035,0.4974184036254883,-0.05751866474747658,0.19325554370880127,0.52141273021698,-0.06851726025342941,0.19403143227100372,0.5427639484405518,-0.06997235864400864,0.22699162364006042,0.5727907419204712,-0.0538807213306427,0.265499472618103,0.6785950660705566,-0.022135358303785324,0.26985350251197815,0.5635865330696106,-0.06560356169939041,0.290068119764328,0.5443404912948608,-0.06507530063390732,0.30422693490982056,0.5190147161483765,-0.05654891952872276,0.31207770109176636,0.4957897365093231,-0.041374508291482925,0.314994215965271,0.4781271815299988,-0.025632014498114586,0.3160844147205353,0.464640736579895,-0.01662500575184822,0.2665850520133972,0.7162328958511353,0.05324281007051468,0.4386180341243744,0.47189560532569885,-0.09170061349868774,0.38110682368278503,0.4251161515712738,-0.08654036372900009,0.44087105989456177,0.42202287912368774,-0.12320883572101593,0.4554573595523834,0.4233008325099945,-0.10923129320144653,0.4447779953479767,0.42848581075668335,-0.11424891650676727,0.44689011573791504,0.4731558561325073,-0.08109566569328308,0.45918887853622437,0.4178564250469208,-0.11324449628591537,0.46439632773399353,0.4265681505203247,-0.08906342089176178,0.2958596348762512,0.4626900553703308,-0.0032264485489577055,0.3101508319377899,0.4517102837562561,-0.00730522908270359,0.3211961090564728,0.4429902732372284,-0.019317034631967545,0.2331906259059906,0.54231196641922,-0.052945930510759354,0.21409279108047485,0.5503491759300232,-0.05939725413918495,0.39433491230010986,0.38047176599502563,-0.06012853980064392,0.3945605158805847,0.3546462059020996,0.15315775573253632,0.4773029685020447,0.4014470875263214,-0.0700497254729271,0.3360167443752289,0.3251296281814575,0.33210185170173645,0.39256173372268677,0.37977516651153564,0.09281766414642334,0.40005823969841003,0.3725232183933258,0.1070815771818161,0.4043857753276825,0.36518847942352295,0.12452983856201172,0.3996529281139374,0.3590192496776581,0.15896736085414886,0.38370439410209656,0.383732408285141,0.08137321472167969,0.356190949678421,0.3505558967590332,0.11216854304075241,0.3515450358390808,0.35994952917099,0.09540395438671112,0.3632879853248596,0.344592809677124,0.13005568087100983,0.37214070558547974,0.34387481212615967,0.14477229118347168,0.4108508229255676,0.35931456089019775,0.17380735278129578,0.6756759881973267,0.4412480592727661,0.013842050917446613,0.3916849195957184,0.35294920206069946,0.16497580707073212,0.41676148772239685,0.3454325199127197,0.31060531735420227,0.3985874652862549,0.35463815927505493,0.21183302998542786,0.4777563214302063,0.3673856556415558,0.05032636597752571,0.5210555791854858,0.43701064586639404,-0.058189310133457184,0.5327986478805542,0.4432355761528015,-0.0529637336730957,0.5381431579589844,0.41772791743278503,-0.027364226058125496,0.5524882078170776,0.40691566467285156,0.0031719766557216644,0.5434167981147766,0.4286115765571594,-0.027994444593787193,0.5533734560012817,0.41884511709213257,-0.0015383324353024364,0.6188071966171265,0.40720775723457336,0.044912032783031464,0.46382755041122437,0.38265877962112427,-0.10531119257211685,0.44438013434410095,0.37420380115509033,-0.10598047077655792,0.3566780090332031,0.32894814014434814,0.1724252998828888,0.4077141284942627,0.38015690445899963,0.036257848143577576,0.47865167260169983,0.37184375524520874,-0.0210496187210083,0.4663963317871094,0.3720043897628784,-0.011577168479561806,0.49663856625556946,0.34599971771240234,0.12029458582401276,0.4183262586593628,0.37577134370803833,-0.08524070680141449,0.33141013979911804,0.32960808277130127,0.10392087697982788,0.34318315982818604,0.325575590133667,0.1401490420103073,0.2999410927295685,0.31051647663116455,0.28181180357933044,0.32013729214668274,0.36288052797317505,0.028036927804350853,0.35147973895072937,0.37034255266189575,0.08844224363565445,0.6020755767822266,0.39410537481307983,0.0651623085141182,0.6149994134902954,0.42396512627601624,0.31334516406059265,0.48534518480300903,0.3872565031051636,-0.025978583842515945,0.4839346408843994,0.4002387225627899,-0.04726547747850418,0.5777515172958374,0.40010055899620056,0.054235365241765976,0.5752047300338745,0.40619832277297974,0.04101314768195152,0.33139967918395996,0.3203076124191284,0.16042174398899078,0.4877004027366638,0.37904855608940125,-0.012680944055318832,0.3223719000816345,0.34050440788269043,0.06597860902547836,0.3068521320819855,0.33348941802978516,0.06797470897436142,0.23248934745788574,0.3125872015953064,0.14997968077659607,0.3073338270187378,0.30660492181777954,0.21094270050525665,0.2546521723270416,0.3201393485069275,0.106643445789814,0.3474998474121094,0.3265150785446167,0.2019907534122467,0.33961448073387146,0.3162120580673218,0.25892606377601624,0.5280593633651733,0.4398701786994934,-0.05732463300228119,0.5415215492248535,0.42303669452667236,-0.028313811868429184,0.5534014701843262,0.41231203079223633,-0.0014498962555080652,0.48657459020614624,0.3933607339859009,-0.029097823426127434,0.5767221450805664,0.40325820446014404,0.04637676104903221,0.5932163000106812,0.40934985876083374,0.02394085004925728,0.5738793015480042,0.40841519832611084,0.03850724920630455,0.47520965337753296,0.3826195001602173,-0.055621061474084854,0.5519331097602844,0.42366012930870056,-0.0011259724851697683,0.5434287786483765,0.43317294120788574,-0.022648140788078308,0.5346102118492126,0.44631636142730713,-0.04463104158639908,0.6345598101615906,0.4507067799568176,-0.03727174177765846,0.639581561088562,0.4558998942375183,-0.04796087369322777,0.6326241493225098,0.4565306305885315,-0.0474202036857605,0.6229737997055054,0.45759642124176025,-0.04032611846923828,0.6136233806610107,0.45873552560806274,-0.03713379055261612,0.5980019569396973,0.4288787245750427,0.004142058547586203,0.6028676629066467,0.42429572343826294,-4.2822572140721604e-05,0.6093065738677979,0.41851943731307983,-0.002444958547130227,0.6145576238632202,0.41393181681632996,0.003402645932510495,0.5509113669395447,0.38546645641326904,0.019871409982442856,0.5148047208786011,0.399081289768219,0.38584133982658386,0.5866590142250061,0.41967692971229553,0.024761587381362915,0.5901491045951843,0.41457897424697876,0.02216111682355404,0.4882907271385193,0.40712809562683105,-0.05095304548740387,0.4969025254249573,0.3909819424152374,-0.009458385407924652,0.4863255023956299,0.40369999408721924,-0.04978565126657486,0.4280945360660553,0.37322568893432617,0.05447852239012718,0.45459747314453125,0.359534353017807,0.07722566276788712,0.47684669494628906,0.37625497579574585,-0.0004332182288635522,0.2653276324272156,0.30534422397613525,0.21780581772327423,0.2794106900691986,0.30813539028167725,0.1606599986553192,0.316677451133728,0.3226611018180847,0.11715645343065262,0.6266550421714783,0.4180542230606079,0.02103673852980137,0.29692062735557556,0.3508126735687256,0.02929511107504368,0.2333126664161682,0.3413429856300354,0.06017088517546654,0.20399776101112366,0.3316071033477783,0.08969059586524963,0.40456539392471313,0.3611546754837036,0.14371643960475922,0.42402184009552,0.3610418736934662,0.194985032081604,0.376707524061203,0.38591405749320984,0.0799272283911705,0.3785429000854492,0.3447417616844177,0.17484846711158752,0.3882226347923279,0.38274842500686646,0.02235909178853035,0.466139018535614,0.37029629945755005,-0.04773565009236336,0.4583454132080078,0.3359670042991638,0.23068642616271973,0.4374609589576721,0.36004847288131714,0.16525597870349884,0.44172239303588867,0.3624494671821594,0.12600545585155487,0.4306952953338623,0.37259453535079956,0.09258660674095154,0.4157862663269043,0.38158202171325684,0.0717562884092331,0.4021371901035309,0.3859577775001526,0.053226396441459656,0.3496577739715576,0.3866513967514038,-0.012734547257423401,0.5043282508850098,0.3421902060508728,0.2146815061569214,0.37554672360420227,0.3412197232246399,0.1963936686515808,0.4728814363479614,0.39697521924972534,-0.09941405057907104,0.4291101098060608,0.38068562746047974,0.02101435512304306,0.41757625341415405,0.3703502118587494,0.39943310618400574,0.38860031962394714,0.38787078857421875,0.04328230395913124,0.47841763496398926,0.3814760446548462,0.019768767058849335,0.3910561800003052,0.35380852222442627,0.1729547679424286,0.4511822760105133,0.3712863624095917,-0.036800816655159,0.5654813051223755,0.41126197576522827,0.3571232557296753,0.3714125156402588,0.3849812150001526,0.09048369526863098,0.43244341015815735,0.3716728687286377,-0.0637420192360878,0.6551359295845032,0.41095662117004395,0.15347982943058014,0.6767792701721191,0.43621236085891724,0.18860062956809998,0.514005720615387,0.3631032407283783,0.29844239354133606,0.6338155269622803,0.40143412351608276,0.2006942331790924,0.3744180202484131,0.33110225200653076,0.29280802607536316,0.7000933885574341,0.44872981309890747,0.02290010079741478,0.47627967596054077,0.4090745151042938,-0.0774882584810257,0.4519711434841156,0.37664294242858887,0.03516087681055069,0.4010013937950134,0.3589601516723633,0.24504506587982178,0.39560362696647644,0.36082619428634644,0.12797777354717255,0.39177820086479187,0.36748674511909485,0.11272996664047241,0.5958641767501831,0.4045877754688263,0.030576040968298912,0.5469061136245728,0.3550502359867096,0.20584212243556976,0.7202895879745483,0.477394700050354,-0.0105368010699749,0.7087808847427368,0.4518527090549469,0.08537634462118149,0.6962780356407166,0.44458267092704773,0.13286034762859344,0.3853508234024048,0.37405478954315186,0.10076913237571716,0.3780233860015869,0.3793131709098816,0.09448184818029404,0.37395310401916504,0.38307392597198486,0.09310917556285858,0.370121568441391,0.3420737385749817,0.22875694930553436,0.3689548671245575,0.3737988770008087,0.0975465252995491,0.3708166778087616,0.3655399680137634,0.10477658361196518,0.3742673993110657,0.3581230640411377,0.11658165603876114,0.37988999485969543,0.35247236490249634,0.13129040598869324,0.38541218638420105,0.35118186473846436,0.14295753836631775,0.372457355260849,0.34489309787750244,0.37471139430999756,0.3957078754901886,0.3567647337913513,0.14242339134216309,0.5296511054039001,0.3896462917327881,-0.005117333028465509,0.4827011823654175,0.38328540325164795,-0.03403638303279877,0.5057474970817566,0.40804460644721985,-0.04982050135731697,0.674768328666687,0.42327702045440674,0.10949806123971939,0.6867924928665161,0.4371674060821533,0.06669040769338608,0.7059828042984009,0.46662357449531555,-0.023549197241663933,0.6516847610473633,0.4315946698188782,0.25323429703712463,0.36994659900665283,0.3805542588233948,0.09374867379665375,0.39035284519195557,0.38060128688812256,-0.0180747639387846,0.7178767323493958,0.46132248640060425,0.03584444150328636,0.5601376891136169,0.37653589248657227,0.27755314111709595,0.609160304069519,0.44186872243881226,-0.01586582511663437,0.616618275642395,0.4378148019313812,-0.018678460270166397,0.6250351667404175,0.43384772539138794,-0.022195110097527504,0.6326452493667603,0.43108728528022766,-0.01950415037572384,0.6328546404838562,0.4320163130760193,-0.006167131010442972,0.5637198686599731,0.41118037700653076,0.02258739434182644,0.5648950934410095,0.4056442379951477,0.02796916663646698,0.5650362968444824,0.4004597067832947,0.032343726605176926,0.5764172077178955,0.38675591349601746,0.04818931594491005,0.548039436340332,0.35730284452438354,0.14155122637748718,0.3674321174621582,0.3849888741970062,0.006147326435893774,0.35077741742134094,0.38318270444869995,0.06014165282249451,0.35836872458457947,0.381695419549942,0.08271785080432892,0.5616660118103027,0.41538143157958984,0.021608825773000717,0.6013382077217102,0.3784148097038269,0.16368423402309418,0.34508442878723145,0.3829362392425537,0.019446255639195442,0.6516104936599731,0.43868228793144226,0.003875086084008217,0.3731698989868164,0.38342493772506714,-0.039828699082136154,0.43040066957473755,0.3776630759239197,-0.017144298180937767,0.6542061567306519,0.45617541670799255,-0.033016227185726166,0.6288332939147949,0.4061128497123718,0.06349420547485352,0.5010998249053955,0.3786112666130066,0.032696567475795746,0.6439136266708374,0.4225911498069763,0.03451278805732727,0.5146677494049072,0.359210729598999,0.07211556285619736,0.52996426820755,0.3748529553413391,0.0464567132294178,0.5556188225746155,0.3645811378955841,0.09574218839406967,0.6817921996116638,0.4589909017086029,-0.03010965697467327,0.44662368297576904,0.37879323959350586,0.0027074478566646576,0.6488624811172485,0.40889960527420044,0.08811679482460022,0.6623413562774658,0.4272724390029907,0.051396336406469345,0.6076467037200928,0.39047497510910034,0.08434423059225082,0.5818194150924683,0.3687094449996948,0.19934210181236267,0.6170039772987366,0.38776665925979614,0.11622972786426544,0.6005208492279053,0.39004039764404297,0.2510669529438019,0.5651330947875977,0.37745755910873413,0.06563687324523926,0.40951618552207947,0.3808192014694214,0.0030180523172020912,0.47393661737442017,0.3761293292045593,-0.056320399045944214,0.4840312600135803,0.37668976187705994,-0.03141959011554718,0.4545936584472656,0.370627760887146,-0.0756227970123291,0.33944016695022583,0.3696821630001068,0.0696079432964325,0.33986830711364746,0.3532409071922302,0.08647160977125168,0.34596893191337585,0.3420189619064331,0.10644076019525528,0.35462331771850586,0.3356527090072632,0.1311105638742447,0.36557212471961975,0.33673685789108276,0.15362443029880524,0.39448854327201843,0.3547630310058594,0.18731743097305298,0.466138631105423,0.3527131974697113,0.3095524311065674,0.4186110496520996,0.3604290783405304,0.15464343130588531,0.4202154278755188,0.36453956365585327,0.1270461082458496,0.4139101803302765,0.37294670939445496,0.1018349751830101,0.402835488319397,0.3815808594226837,0.08316892385482788,0.39182528853416443,0.3863586187362671,0.06881167739629745,0.38232842087745667,0.3887220621109009,0.06014490872621536,0.4645577371120453,0.3880666196346283,0.40260785818099976,0.48871517181396484,0.3829234540462494,-0.022985143586993217,0.4105783700942993,0.376975417137146,-0.037791889160871506,0.4680304229259491,0.3774843215942383,-0.08440421521663666,0.47424980998039246,0.3939961791038513,-0.08688604831695557,0.47259682416915894,0.38432323932647705,-0.07453878968954086,0.49190306663513184,0.3912694454193115,-0.023359695449471474,0.474373459815979,0.39439356327056885,-0.09486067295074463,0.4779807925224304,0.40507712960243225,-0.07368908077478409,0.3689435124397278,0.38711726665496826,0.0781451165676117,0.3691292107105255,0.38980990648269653,0.05287035554647446,0.3709331750869751,0.3879971504211426,0.03031012788414955,0.3888435363769531,0.35152116417884827,0.153157576918602,0.38065600395202637,0.3468623161315918,0.160587877035141,0.2566813826560974,0.5017853379249573,-0.03794979304075241,0.267608642578125,0.4837365746498108,-0.03794979304075241,0.23890161514282227,0.4989493787288666,-0.03794979304075241,0.24564623832702637,0.5198143720626831,-0.03794979304075241,0.2745968997478485,0.5046879649162292,-0.03794979304075241,0.36817386746406555,0.36248844861984253,0.12001047283411026,0.3752284049987793,0.3538980185985565,0.12001047283411026,0.35133546590805054,0.3572363257408142,0.12001047283411026,0.36073362827301025,0.37125658988952637,0.12001047283411026,0.3843942880630493,0.3678191006183624,0.12001047283411026,0,0,0,0,0,1,1,0,0,0,0,0,0.1084490418434143,0.07187693566083908,0.10709796100854874,0.0760556012392044,0.02489602379500866,0.06159292533993721,0.1052977591753006,0.08866019546985626,0.10737738013267517,0.16098850965499878,0.9773751497268677,0.3002868592739105,Sadness,0.9738151431083679,-10.874205589294434
213,7.1,32.02045102251694,-12.650534712680937,0.9312784400714793,0.535964846611023,0.42659950256347656,-0.08796339482069016,0.47331345081329346,0.3701024651527405,-0.11336087435483932,0.492451012134552,0.4070761203765869,-0.07459922134876251,0.3998090624809265,0.3872590661048889,-0.08203567564487457,0.4534323513507843,0.36298468708992004,-0.1138235330581665,0.4285375475883484,0.366316556930542,-0.09728381037712097,0.36156976222991943,0.384568989276886,-0.020764261484146118,0.2585323452949524,0.5340753793716431,-0.06324422359466553,0.3218947649002075,0.38174253702163696,0.011527170427143574,0.2984219789505005,0.3729916214942932,0.019878625869750977,0.20863328874111176,0.35915157198905945,0.07712186127901077,0.5407525300979614,0.42856115102767944,-0.08818503469228745,0.5431210994720459,0.43138912320137024,-0.08441317826509476,0.5431283116340637,0.4341951310634613,-0.07826492935419083,0.6226674318313599,0.4601321220397949,-0.06788848340511322,0.6345575451850891,0.46323341131210327,-0.07395495474338531,0.6454387903213501,0.4672102928161621,-0.08078830689191818,0.6525492668151855,0.4715511202812195,-0.08041547238826752,0.655777096748352,0.4650675356388092,-0.0694558396935463,0.48491066694259644,0.38302865624427795,-0.10677733272314072,0.47328630089759827,0.41061991453170776,-0.09476568549871445,0.13675157725811005,0.6281319260597229,-0.008986755274236202,0.3132028877735138,0.48589813709259033,-0.042709678411483765,0.304262638092041,0.5031472444534302,-0.05876873433589935,0.29157447814941406,0.5212094187736511,-0.06888634711503983,0.25842446088790894,0.5449010133743286,-0.07178470492362976,0.3177222013473511,0.4711649715900421,-0.023607803508639336,0.23648467659950256,0.49215248227119446,-0.05460403114557266,0.2534460723400116,0.47356441617012024,-0.03262186795473099,0.22582438588142395,0.5125226974487305,-0.06664272397756577,0.22446510195732117,0.5288239121437073,-0.07052905112504959,0.26301610469818115,0.5631012320518494,-0.07736529409885406,0.6463846564292908,0.5531784296035767,-0.11567991226911545,0.24543529748916626,0.540885329246521,-0.061959296464920044,0.22307467460632324,0.6585724949836731,-0.042113643139600754,0.23209665715694427,0.5802857875823975,-0.07120689004659653,0.39969825744628906,0.502673864364624,-0.09797179698944092,0.5132919549942017,0.4497053921222687,-0.10493842512369156,0.5266046524047852,0.4522477090358734,-0.10002299398183823,0.4991491436958313,0.4775919020175934,-0.11587325483560562,0.49294549226760864,0.497103214263916,-0.11581550538539886,0.5137070417404175,0.47306132316589355,-0.10844394564628601,0.5056654214859009,0.4897758364677429,-0.10512237995862961,0.5538628101348877,0.550865888595581,-0.1090390533208847,0.4646347165107727,0.38361144065856934,-0.12251900881528854,0.4443237781524658,0.37882786989212036,-0.12450820952653885,0.19138941168785095,0.5455687642097473,-0.08392701297998428,0.3703582286834717,0.4568082094192505,-0.05349493771791458,0.43455982208251953,0.45211929082870483,-0.11135236918926239,0.42141857743263245,0.45543205738067627,-0.10369299352169037,0.36321842670440674,0.5662619471549988,-0.12717464566230774,0.42138469219207764,0.38145384192466736,-0.10830750316381454,0.20402967929840088,0.4909686744213104,-0.06601178646087646,0.19128470122814178,0.5203119516372681,-0.07950243353843689,0.11703173816204071,0.5757900476455688,-0.01471914816647768,0.2791607081890106,0.42122212052345276,-0.015574651770293713,0.2740570902824402,0.4603106677532196,-0.013531670905649662,0.5191841721534729,0.5568216443061829,-0.11655978113412857,0.460466206073761,0.7438492774963379,-0.05024868994951248,0.4545441269874573,0.4454156160354614,-0.09403959661722183,0.4686058759689331,0.43367063999176025,-0.08343789726495743,0.49686866998672485,0.5232332944869995,-0.10462705790996552,0.5031179785728455,0.5176135897636414,-0.09922528266906738,0.1717006117105484,0.5258899927139282,-0.07221405953168869,0.44279736280441284,0.4639924168586731,-0.10329395532608032,0.23147894442081451,0.4584549069404602,-0.0434233732521534,0.21422766149044037,0.4549987018108368,-0.04299372062087059,0.1367015689611435,0.45587676763534546,-4.9098893214249983e-05,0.1448824256658554,0.542895495891571,-0.04551694914698601,0.1743907630443573,0.44174790382385254,-0.01862785406410694,0.17291072010993958,0.555395781993866,-0.07346969097852707,0.1578931361436844,0.5900919437408447,-0.039934396743774414,0.5211093425750732,0.45140010118484497,-0.10504403710365295,0.5067692399024963,0.4755876660346985,-0.11345823109149933,0.49917280673980713,0.4939039349555969,-0.11178186535835266,0.4609086513519287,0.44573265314102173,-0.08620259165763855,0.5003810524940491,0.5204209089279175,-0.10096399486064911,0.5236565470695496,0.5211362242698669,-0.10174944251775742,0.5052125453948975,0.5150513648986816,-0.09817707538604736,0.45350182056427,0.41966772079467773,-0.11553803086280823,0.5089325904846191,0.4865768849849701,-0.10119106620550156,0.5173131227493286,0.4706621766090393,-0.10094674676656723,0.5293927192687988,0.4526357352733612,-0.09474869817495346,0.638526439666748,0.4918577969074249,-0.08731482923030853,0.6257356405258179,0.5005286335945129,-0.0988493338227272,0.6203935146331787,0.4943588674068451,-0.09906402230262756,0.6116632223129272,0.48699310421943665,-0.09166031330823898,0.6030031442642212,0.48057159781455994,-0.0848577469587326,0.5527510643005371,0.5043048858642578,-0.09354076534509659,0.5523207187652588,0.5107398629188538,-0.09836876392364502,0.5513020157814026,0.5188743472099304,-0.10422603040933609,0.5501736998558044,0.525827169418335,-0.10632257908582687,0.486436665058136,0.5098289847373962,-0.114131398499012,0.3269043266773224,0.7401734590530396,-0.004475997760891914,0.4892103374004364,0.3957298994064331,-0.08505138754844666,0.5302034616470337,0.5099775195121765,-0.09481462836265564,0.5273036360740662,0.5154702663421631,-0.09855438768863678,0.48035842180252075,0.43054744601249695,-0.08765334635972977,0.4585743546485901,0.46865206956863403,-0.08444613218307495,0.47504812479019165,0.4317776560783386,-0.08553820103406906,0.3702943027019501,0.4794178605079651,-0.06999366730451584,0.36516037583351135,0.5099456310272217,-0.09535175561904907,0.42861056327819824,0.4671133756637573,-0.09759889543056488,0.11574646830558777,0.5181940793991089,-0.014026785269379616,0.14930149912834167,0.4940437078475952,-0.03746592625975609,0.18465806543827057,0.4919152557849884,-0.060553912073373795,0.5818177461624146,0.5375922322273254,-0.10834523290395737,0.2515734136104584,0.4153692126274109,-0.01606585457921028,0.20550327003002167,0.40067270398139954,0.010160978883504868,0.16796773672103882,0.4051967263221741,0.03159167245030403,0.2749130427837372,0.5371376276016235,-0.07304541021585464,0.26491549611091614,0.5865302085876465,-0.08771742880344391,0.3186003565788269,0.4609758257865906,-0.012127394787967205,0.22105005383491516,0.5509750843048096,-0.07567715644836426,0.36553674936294556,0.4380781054496765,-0.046123769134283066,0.43340855836868286,0.427276611328125,-0.11818531155586243,0.2795625627040863,0.6277008652687073,-0.09493035823106766,0.28883516788482666,0.577933669090271,-0.10121868550777435,0.31485044956207275,0.5553086400032043,-0.0987301841378212,0.3357641398906708,0.5184485912322998,-0.07758807390928268,0.3442195653915405,0.4906187653541565,-0.054844994097948074,0.34822261333465576,0.46945467591285706,-0.038576867431402206,0.355455607175827,0.4013780653476715,-0.0322110690176487,0.3286902606487274,0.6369709372520447,-0.11596623063087463,0.20764224231243134,0.5652444362640381,-0.07814934104681015,0.4788464903831482,0.39039814472198486,-0.11439378559589386,0.3920735716819763,0.455705463886261,-0.06768012046813965,0.21904796361923218,0.7041146755218506,0.012665940448641777,0.34899136424064636,0.4517700672149658,-0.02498347871005535,0.4286235272884369,0.47764748334884644,-0.07856934517621994,0.23945242166519165,0.5482456088066101,-0.06647717207670212,0.4191655218601227,0.4314979910850525,-0.10724203288555145,0.3891386389732361,0.7489563226699829,-0.023708658292889595,0.3103010952472687,0.4611610770225525,-0.005234695505350828,0.4179467260837555,0.4037753939628601,-0.1118328645825386,0.5498738288879395,0.6579310297966003,-0.11427651345729828,0.5773103833198547,0.6885128617286682,-0.09602080285549164,0.32380953431129456,0.6952086687088013,-0.06729087978601456,0.5009146928787231,0.686518669128418,-0.11015843600034714,0.18498830497264862,0.6255552768707275,-0.03523646295070648,0.6736544370651245,0.5694724321365356,-0.12024380266666412,0.48359793424606323,0.4018370509147644,-0.0890423133969307,0.3969045877456665,0.4784904718399048,-0.0779457837343216,0.22336912155151367,0.5982646942138672,-0.06860186159610748,0.28085583448410034,0.5147151350975037,-0.06046489253640175,0.29278498888015747,0.49933671951293945,-0.05254177376627922,0.5195652842521667,0.526551365852356,-0.10427366942167282,0.3780633509159088,0.6528444886207581,-0.11962099373340607,0.7247361540794373,0.5428304672241211,-0.10571027547121048,0.6640468835830688,0.61611008644104,-0.10754024237394333,0.6277533769607544,0.6497804522514343,-0.10292557626962662,0.24295863509178162,0.3623107671737671,0.050153180956840515,0.7456134557723999,0.5039550065994263,-0.07681098580360413,0.30008915066719055,0.48589643836021423,-0.038437068462371826,0.3051557242870331,0.4733213186264038,-0.023580675944685936,0.30879533290863037,0.46520715951919556,-0.011294838972389698,0.1917600780725479,0.5792558789253235,-0.06897934526205063,0.2868645191192627,0.47037360072135925,-0.020182063803076744,0.27077773213386536,0.48249372839927673,-0.03408805653452873,0.2584678530693054,0.49712875485420227,-0.047501008957624435,0.24935172498226166,0.5142417550086975,-0.05818398296833038,0.24625033140182495,0.5266329646110535,-0.061630964279174805,0.16860929131507874,0.6685146689414978,0.005448243580758572,0.2695712745189667,0.5257588624954224,-0.06335538625717163,0.5071731805801392,0.4109242558479309,-0.07441630959510803,0.4821373522281647,0.4850156009197235,-0.10750234872102737,0.45130452513694763,0.43965157866477966,-0.09756942838430405,0.49490541219711304,0.436569482088089,-0.09432753175497055,0.3401166796684265,0.3882935047149658,0.003796217031776905,0.5969911813735962,0.6302269101142883,-0.11312196403741837,0.6357851028442383,0.6027005314826965,-0.11531613022089005,0.7058418393135071,0.5304072499275208,-0.1138957068324089,0.5250270366668701,0.7204154133796692,-0.07708282023668289,0.3020593822002411,0.4639855623245239,-0.011326353065669537,0.3806362748146057,0.4130249619483948,-0.060211487114429474,0.7281221151351929,0.4910978674888611,-0.0850890502333641,0.6968628764152527,0.5800943374633789,-0.1144137978553772,0.381067156791687,0.7072046995162964,-0.07986648380756378,0.5791302919387817,0.4947142004966736,-0.09189850091934204,0.5822709798812866,0.5023026466369629,-0.09819190949201584,0.5859873294830322,0.5111163258552551,-0.10481087863445282,0.589493989944458,0.5187548995018005,-0.10640310496091843,0.6108928918838501,0.518377423286438,-0.10453838109970093,0.5015696287155151,0.504741907119751,-0.10313402116298676,0.4960865378379822,0.5090097784996033,-0.1080995574593544,0.49048173427581787,0.5123815536499023,-0.11186038702726364,0.4987214505672455,0.5346155762672424,-0.11770127713680267,0.4043736457824707,0.6095665693283081,-0.13335999846458435,0.35925284028053284,0.4187474846839905,-0.03666241466999054,0.3088906705379486,0.4384501874446869,0.006627771072089672,0.30079135298728943,0.45222416520118713,-0.002733315574005246,0.5046754479408264,0.5011430978775024,-0.10000474750995636,0.4649389684200287,0.6451822519302368,-0.1234605684876442,0.324028342962265,0.4186306297779083,-0.00512774009257555,0.62575364112854,0.5374965667724609,-0.10731862485408783,0.406042218208313,0.37307536602020264,-0.07061773538589478,0.3786543905735016,0.39454221725463867,-0.05567755177617073,0.3846033811569214,0.379016637802124,-0.04390575736761093,0.40410661697387695,0.4319360852241516,-0.07980301976203918,0.7015818357467651,0.4797888696193695,-0.08599472790956497,0.6748313307762146,0.47253239154815674,-0.07685393840074539,0.6558595895767212,0.504357099533081,-0.09654799848794937,0.5540284514427185,0.5743623971939087,-0.11444118618965149,0.43626588582992554,0.4987785220146179,-0.09190686047077179,0.5925391912460327,0.5607656836509705,-0.11121512204408646,0.40828225016593933,0.5401110053062439,-0.12191814929246902,0.44890296459198,0.5210375189781189,-0.11039111763238907,0.43694061040878296,0.575485110282898,-0.1297955960035324,0.6799370050430298,0.5164694786071777,-0.11197079718112946,0.40817832946777344,0.45424824953079224,-0.08027477562427521,0.5671660900115967,0.6032465100288391,-0.11814851313829422,0.6089657545089722,0.580643355846405,-0.11421041190624237,0.5129975080490112,0.5789426565170288,-0.12477438896894455,0.42353129386901855,0.6648398041725159,-0.11849165707826614,0.5064245462417603,0.6160099506378174,-0.1265314519405365,0.4397565424442291,0.7074233293533325,-0.09530238062143326,0.4714049696922302,0.5487895607948303,-0.1219361424446106,0.38604724407196045,0.4343673586845398,-0.06384403258562088,0.44682472944259644,0.4225022792816162,-0.12065520137548447,0.44508886337280273,0.4470611810684204,-0.10819380730390549,0.4379037022590637,0.4012893736362457,-0.12495213747024536,0.27966904640197754,0.4447045922279358,-0.007428465876728296,0.24634665250778198,0.46717017889022827,-0.034146200865507126,0.2248522937297821,0.4907594919204712,-0.05799754336476326,0.21285128593444824,0.514497697353363,-0.07401402294635773,0.21071968972682953,0.5350937247276306,-0.07903784513473511,0.23788169026374817,0.5620347261428833,-0.0697479248046875,0.2711695730686188,0.6793582439422607,-0.05843706429004669,0.279572069644928,0.555168092250824,-0.0812845528125763,0.30105769634246826,0.5368098616600037,-0.0775085985660553,0.317671000957489,0.5116748809814453,-0.06515520811080933,0.32781413197517395,0.48778843879699707,-0.04511340707540512,0.33249545097351074,0.4696102440357208,-0.026056045666337013,0.3351350724697113,0.4559922218322754,-0.014315296895802021,0.2722876965999603,0.7250581383705139,0.009711351245641708,0.45074817538261414,0.4547876715660095,-0.0995670035481453,0.4000626802444458,0.4072449207305908,-0.08342883735895157,0.4553818702697754,0.39958229660987854,-0.12387266755104065,0.4701360762119293,0.4024379253387451,-0.11033771187067032,0.458995521068573,0.40722784399986267,-0.11587410420179367,0.4594810903072357,0.45718473196029663,-0.08906210213899612,0.4740150272846222,0.39672359824180603,-0.11380700021982193,0.47918257117271423,0.4072021245956421,-0.0918530821800232,0.3166276812553406,0.4533112645149231,0.00020020357624161988,0.33134299516677856,0.4430391788482666,-0.0015831819036975503,0.3422723412513733,0.4355993866920471,-0.012843271717429161,0.24553927779197693,0.5346460938453674,-0.06285332888364792,0.22793518006801605,0.541706383228302,-0.07013574242591858,0.41656410694122314,0.36512961983680725,-0.04750032722949982,0.41687673330307007,0.36194658279418945,0.18446548283100128,0.4934301972389221,0.38553088903427124,-0.06871232390403748,0.37467721104621887,0.34263020753860474,0.377923846244812,0.408093124628067,0.3847426474094391,0.11724759638309479,0.416855126619339,0.37988269329071045,0.13353419303894043,0.4225253164768219,0.37409698963165283,0.15265096724033356,0.4161141812801361,0.3679684102535248,0.18990680575370789,0.399911493062973,0.38581761717796326,0.10289447009563446,0.39226192235946655,0.35040509700775146,0.14364229142665863,0.38508427143096924,0.35733646154403687,0.12428993731737137,0.3990324139595032,0.3470373749732971,0.16293244063854218,0.4043261706829071,0.3488577604293823,0.1784505546092987,0.4228307604789734,0.3711543083190918,0.2040816843509674,0.7043541669845581,0.4411963224411011,0.0015421806601807475,0.4132574796676636,0.35999178886413574,0.1971236914396286,0.4531009793281555,0.3612975478172302,0.3473551869392395,0.4102908968925476,0.3641660511493683,0.24564845860004425,0.5016669034957886,0.3636355400085449,0.06365916877985,0.5462497472763062,0.40432077646255493,-0.06359417736530304,0.553752064704895,0.41481077671051025,-0.06182214245200157,0.5603708624839783,0.38976192474365234,-0.030148707330226898,0.5732829570770264,0.38429903984069824,0.002629397204145789,0.5637800097465515,0.4037066102027893,-0.03392446041107178,0.573060154914856,0.3979414701461792,-0.005478858947753906,0.645602822303772,0.4056220054626465,0.043064046651124954,0.4809165596961975,0.36252087354660034,-0.1001526489853859,0.4629443287849426,0.35450565814971924,-0.0979577898979187,0.397490918636322,0.3322363495826721,0.21190223097801208,0.432217001914978,0.37459537386894226,0.05148053169250488,0.49766039848327637,0.3600500822067261,-0.012193664908409119,0.4862495958805084,0.3611275851726532,-0.0015701560769230127,0.524691104888916,0.3487091660499573,0.14027051627635956,0.4388771951198578,0.3579827547073364,-0.07439327985048294,0.3866316080093384,0.3258228302001953,0.14040707051753998,0.39308515191078186,0.32531678676605225,0.1786365509033203,0.3397226333618164,0.3241265118122101,0.3311567008495331,0.36982789635658264,0.3534170389175415,0.05267815291881561,0.38089123368263245,0.36624956130981445,0.11441907286643982,0.6273741722106934,0.39282429218292236,0.06733766943216324,0.6504436731338501,0.43976891040802,0.31620681285858154,0.5027201771736145,0.3750700354576111,-0.020954841747879982,0.5005658268928528,0.38730672001838684,-0.047080766409635544,0.5984436869621277,0.3877255320549011,0.0545516163110733,0.5955582857131958,0.39441177248954773,0.04025375097990036,0.3833174705505371,0.3178272247314453,0.20216871798038483,0.5064653158187866,0.3683541715145111,-0.005735981743782759,0.3780767023563385,0.33357352018356323,0.09779272973537445,0.36836186051368713,0.3231614828109741,0.10293122380971909,0.2718542218208313,0.3171147108078003,0.1978072077035904,0.3482299745082855,0.3164861798286438,0.25779616832733154,0.2931382656097412,0.32109150290489197,0.14995412528514862,0.3862733244895935,0.32834896445274353,0.2440798580646515,0.3798381984233856,0.329477995634079,0.30479899048805237,0.5519428849220276,0.40902915596961975,-0.06416494399309158,0.5633893013000488,0.3964444696903229,-0.03272058069705963,0.5739730596542358,0.39029988646507263,-0.003769456874579191,0.5034996271133423,0.3814358413219452,-0.026026876643300056,0.5973725914955139,0.39113080501556396,0.04596085101366043,0.6143715381622314,0.3965737819671631,0.022015903145074844,0.5937811136245728,0.3968900740146637,0.03726324066519737,0.49252843856811523,0.3677087426185608,-0.04809145629405975,0.5703815221786499,0.40390199422836304,-0.006502735428512096,0.5617868304252625,0.4099571704864502,-0.03064247965812683,0.5530675649642944,0.4201379418373108,-0.0554659478366375,0.6647371053695679,0.44596463441848755,-0.048848722130060196,0.6640199422836304,0.44320738315582275,-0.05675366893410683,0.6559571027755737,0.44091519713401794,-0.05584598332643509,0.6430490016937256,0.4403405785560608,-0.04838809743523598,0.6302258968353271,0.4411355257034302,-0.043959490954875946,0.617119312286377,0.4156618118286133,0.001614773296751082,0.6236753463745117,0.4108119010925293,-0.0032585440203547478,0.6317269802093506,0.4053426682949066,-0.0053876121528446674,0.6379399299621582,0.4014536738395691,0.0006059941952116787,0.5732234120368958,0.37829041481018066,0.023057425394654274,0.5511841773986816,0.41933631896972656,0.4053143262863159,0.6063933372497559,0.40703633427619934,0.02341630682349205,0.6107960343360901,0.4017062187194824,0.020281726494431496,0.5053036212921143,0.39327213168144226,-0.051736462861299515,0.5153810977935791,0.38084322214126587,-0.006208616308867931,0.5031822919845581,0.3903310000896454,-0.050189051777124405,0.45310914516448975,0.36929556727409363,0.07032857090234756,0.4805496335029602,0.35815325379371643,0.0946376621723175,0.49661269783973694,0.36644941568374634,0.008199521340429783,0.3051479756832123,0.31502655148506165,0.2675464451313019,0.319526344537735,0.31455308198928833,0.20684468746185303,0.37674710154533386,0.31551724672317505,0.1574345976114273,0.6550012826919556,0.41547948122024536,0.017130829393863678,0.35669538378715515,0.33712583780288696,0.058619074523448944,0.26971542835235596,0.3369268774986267,0.09835498780012131,0.2421257495880127,0.3306652307510376,0.13152483105659485,0.42182910442352295,0.3707539737224579,0.17322511970996857,0.4292367696762085,0.37577056884765625,0.22559094429016113,0.39399847388267517,0.385233610868454,0.10067763179540634,0.40487781167030334,0.3509863018989563,0.21064309775829315,0.41276323795318604,0.3760518729686737,0.03757522627711296,0.4848926067352295,0.3563365638256073,-0.038117729127407074,0.492470920085907,0.3465786278247833,0.26158377528190613,0.44672730565071106,0.37821510434150696,0.1935563087463379,0.45664656162261963,0.3810279667377472,0.15118074417114258,0.44754037261009216,0.38743340969085693,0.11351259797811508,0.4325365424156189,0.3919824957847595,0.09040211886167526,0.4214511513710022,0.392312228679657,0.07009896636009216,0.3753425180912018,0.3764405846595764,0.003466655034571886,0.5370846390724182,0.351138710975647,0.2401340901851654,0.4010125398635864,0.34709370136260986,0.2342645525932312,0.48903095722198486,0.3778260350227356,-0.09655334055423737,0.45195868611335754,0.37280935049057007,0.033803075551986694,0.4538939595222473,0.3918226361274719,0.43285080790519714,0.4114719033241272,0.39049607515335083,0.059971313923597336,0.4988395571708679,0.37310606241226196,0.027873188257217407,0.4105204641819,0.36154019832611084,0.205815851688385,0.47111672163009644,0.3584575057029724,-0.026033373549580574,0.6014580130577087,0.4291022717952728,0.3684402406215668,0.3886757493019104,0.3831387162208557,0.11269515007734299,0.4529205560684204,0.35654687881469727,-0.052371613681316376,0.6853773593902588,0.41901883482933044,0.15185335278511047,0.7086130380630493,0.44548583030700684,0.18184910714626312,0.5491646528244019,0.37819474935531616,0.32210084795951843,0.6661853790283203,0.41216105222702026,0.2033482789993286,0.41241419315338135,0.34643328189849854,0.33437979221343994,0.7305082082748413,0.44998228549957275,0.0068350909277796745,0.49215954542160034,0.3915032744407654,-0.0783194825053215,0.4749682545661926,0.37068066000938416,0.0475347526371479,0.4053361415863037,0.36905568838119507,0.28049734234809875,0.41763657331466675,0.36786991357803345,0.1571643203496933,0.41187354922294617,0.37333977222442627,0.14015254378318787,0.6171995401382446,0.39201241731643677,0.028820235282182693,0.5793357491493225,0.3633885681629181,0.22380594909191132,0.753781259059906,0.4774888753890991,-0.0332694910466671,0.739543616771698,0.45579665899276733,0.07138831913471222,0.7269504070281982,0.4505409002304077,0.12245124578475952,0.4037746787071228,0.3778175115585327,0.12595978379249573,0.3953092396259308,0.38038408756256104,0.11794246733188629,0.3909190893173218,0.38227760791778564,0.1156063824892044,0.39036378264427185,0.3475169539451599,0.2683985233306885,0.3892105519771576,0.3725067973136902,0.12356510013341904,0.3935072422027588,0.36571943759918213,0.1324683129787445,0.3994123637676239,0.3596121668815613,0.14636443555355072,0.4061083495616913,0.35576489567756653,0.16256536543369293,0.41068235039711,0.35606664419174194,0.1750938594341278,0.40954717993736267,0.36508187651634216,0.4148333966732025,0.4183923602104187,0.3640611171722412,0.1727883517742157,0.5498185157775879,0.3796614408493042,-0.003431707853451371,0.5002820491790771,0.37032729387283325,-0.02794359251856804,0.5230069160461426,0.39401817321777344,-0.05175294727087021,0.7042601704597473,0.4290963113307953,0.10206250101327896,0.7160899043083191,0.44084447622299194,0.054534461349248886,0.736945629119873,0.46528440713882446,-0.04463667795062065,0.6855551600456238,0.4445648193359375,0.24987182021141052,0.38868841528892517,0.3785390555858612,0.11754950881004333,0.4138143062591553,0.3696276545524597,-0.003667209530249238,0.749779224395752,0.46303489804267883,0.01833733543753624,0.5952743887901306,0.3903942406177521,0.29330775141716003,0.6271675825119019,0.42676031589508057,-0.02028817869722843,0.637330174446106,0.42290204763412476,-0.02364233508706093,0.6483919620513916,0.41983067989349365,-0.02672705613076687,0.6578788161277771,0.418935090303421,-0.024056781083345413,0.6626205444335938,0.42833566665649414,-0.012925039045512676,0.5831677317619324,0.3950996398925781,0.020410481840372086,0.5849656462669373,0.38858550786972046,0.027244847267866135,0.5851492881774902,0.38276419043540955,0.03294677287340164,0.6004247665405273,0.38249677419662476,0.05252416804432869,0.5773494243621826,0.3617611825466156,0.15628992021083832,0.3924589157104492,0.37667518854141235,0.021671803668141365,0.37887561321258545,0.3769513964653015,0.08097199350595474,0.3820834755897522,0.3772112727165222,0.105839304625988,0.5804322361946106,0.3998814821243286,0.018643733114004135,0.6318018436431885,0.38533490896224976,0.17144764959812164,0.38118305802345276,0.3750404119491577,0.03902192413806915,0.6795986890792847,0.43720543384552,-0.005707215517759323,0.3969404399394989,0.37051501870155334,-0.025233037769794464,0.4518337547779083,0.3666583299636841,-0.005448856391012669,0.6831362843513489,0.4525996148586273,-0.04768550395965576,0.6556534767150879,0.40685516595840454,0.061766840517520905,0.5227470397949219,0.37263745069503784,0.04101086035370827,0.6710836291313171,0.4224435091018677,0.028825154528021812,0.5401393175125122,0.3585618734359741,0.08590244501829147,0.5532387495040894,0.37107720971107483,0.05514775589108467,0.5821459889411926,0.3662583827972412,0.1077730804681778,0.7110152244567871,0.45627593994140625,-0.04737219214439392,0.46803221106529236,0.3693242073059082,0.01352760475128889,0.6766596436500549,0.41255250573158264,0.08465737849473953,0.6902917623519897,0.4292439818382263,0.042654141783714294,0.6341874599456787,0.39165234565734863,0.087704598903656,0.6143369674682617,0.3771183490753174,0.21115772426128387,0.6454266309738159,0.39223241806030273,0.12050807476043701,0.634909987449646,0.402962863445282,0.25943946838378906,0.5900107026100159,0.3758748173713684,0.07315061241388321,0.43251359462738037,0.37159550189971924,0.01657971739768982,0.49170637130737305,0.3613725006580353,-0.0475972518324852,0.5022751092910767,0.3642752170562744,-0.024532567709684372,0.47324731945991516,0.3537749648094177,-0.06678180396556854,0.37551796436309814,0.36301183700561523,0.09522558003664017,0.3819117844104767,0.34886622428894043,0.11666207760572433,0.39034563302993774,0.3404645621776581,0.13966573774814606,0.3976760506629944,0.3368374705314636,0.16638651490211487,0.4024563133716583,0.340816855430603,0.19015710055828094,0.41049882769584656,0.3632963299751282,0.2203475385904312,0.5017738342285156,0.3685935139656067,0.3406332731246948,0.43240299820899963,0.3738328814506531,0.18347199261188507,0.4361356198787689,0.37775036692619324,0.15331926941871643,0.4303308129310608,0.3838856518268585,0.1253117173910141,0.4183787703514099,0.38898515701293945,0.10487935692071915,0.4085308909416199,0.3901762366294861,0.08761592954397202,0.4011777341365814,0.38976210355758667,0.07830599695444107,0.500796914100647,0.4096144139766693,0.4292934536933899,0.5066751837730408,0.37143534421920776,-0.017305217683315277,0.432694673538208,0.3638862371444702,-0.025107556954026222,0.485417902469635,0.3598596453666687,-0.07720937579870224,0.4906756579875946,0.3769809603691101,-0.08341887593269348,0.4896976351737976,0.3679940700531006,-0.0682564228773117,0.5095824003219604,0.3801112174987793,-0.01996651105582714,0.49073606729507446,0.37627410888671875,-0.09176602214574814,0.49404579401016235,0.3883807063102722,-0.07350602000951767,0.3880895674228668,0.38417136669158936,0.09850607812404633,0.3910757899284363,0.38717424869537354,0.07116696238517761,0.3979330062866211,0.3859054446220398,0.046894922852516174,0.4127456545829773,0.35767197608947754,0.1853264421224594,0.407339870929718,0.3532361686229706,0.19437052309513092,0.2724716365337372,0.5045068264007568,-0.04224241152405739,0.28455185890197754,0.4871838390827179,-0.04224241152405739,0.25576215982437134,0.5004920959472656,-0.04224241152405739,0.2602398991584778,0.5216149687767029,-0.04224241152405739,0.28884413838386536,0.5085104703903198,-0.04224241152405739,0.39376169443130493,0.36451488733291626,0.1479269415140152,0.40253746509552,0.3577114939689636,0.1479269415140152,0.38049963116645813,0.3575993776321411,0.1479269415140152,0.38419798016548157,0.37166357040405273,0.1479269415140152,0.4061757028102875,0.3716455399990082,0.1479269415140152,0,0,0,0,0,1,1,0,0,0,0,0,0.15337443351745605,0.08062255382537842,0.10685405880212784,0.07466430962085724,0.03350061923265457,0.06546926498413086,0.10685398429632187,0.06277412176132202,0.08429958671331406,0.11549672484397888,0.8941687345504761,0.31972405314445496,Neutral,-1.358738660812378,6.161358833312988
216,7.2,32.988251069603315,-8.048903107553555,0.9660315214168186,0.5442551970481873,0.42224186658859253,-0.07593756914138794,0.48713284730911255,0.36694350838661194,-0.10425073653459549,0.4989631772041321,0.404378741979599,-0.06658758223056793,0.40991419553756714,0.38192665576934814,-0.08053859323263168,0.4680625796318054,0.3594319224357605,-0.1057494729757309,0.44175294041633606,0.36209869384765625,-0.09207043796777725,0.3673722743988037,0.37842679023742676,-0.02567417174577713,0.24968072772026062,0.5219950079917908,-0.0749022364616394,0.3214426338672638,0.3743211030960083,0.0008795146713964641,0.29864540696144104,0.3654395043849945,0.006664901040494442,0.21681463718414307,0.3537387549877167,0.04848206788301468,0.5500660538673401,0.42478442192077637,-0.0754002258181572,0.553455114364624,0.42873233556747437,-0.07147278636693954,0.5538553595542908,0.4327263832092285,-0.06534545868635178,0.6228560209274292,0.4570484757423401,-0.053729575127363205,0.6360353231430054,0.4602399468421936,-0.058502551168203354,0.6483371257781982,0.46469807624816895,-0.06394882500171661,0.6565102338790894,0.4700360894203186,-0.06236663833260536,0.6550077199935913,0.4639488458633423,-0.051017217338085175,0.4962073266506195,0.3799258768558502,-0.09751372784376144,0.480663001537323,0.4065552353858948,-0.08701006323099136,0.11897411942481995,0.6114625334739685,-0.04369627311825752,0.3022710680961609,0.4787975549697876,-0.052233707159757614,0.2928241789340973,0.4951576292514801,-0.06774470210075378,0.28074783086776733,0.5119836926460266,-0.07795292884111404,0.250427782535553,0.5329868197441101,-0.08258585631847382,0.3088434338569641,0.46345314383506775,-0.033321183174848557,0.23363545536994934,0.47598332166671753,-0.06679937243461609,0.2515864670276642,0.4586603343486786,-0.045221589505672455,0.2211431860923767,0.49643486738204956,-0.07847418636083603,0.21834033727645874,0.5130258202552795,-0.08245313912630081,0.25396326184272766,0.5523955225944519,-0.0877486988902092,0.6359879374504089,0.5465126037597656,-0.09395986795425415,0.23814386129379272,0.5280125737190247,-0.07429368793964386,0.2030232548713684,0.6394661068916321,-0.05961235985159874,0.22836647927761078,0.5631778240203857,-0.08419401198625565,0.3984520435333252,0.49300694465637207,-0.09617604315280914,0.5201387405395508,0.44443783164024353,-0.09307567775249481,0.5356848239898682,0.44898003339767456,-0.08706267923116684,0.5057190656661987,0.47232699394226074,-0.10380443185567856,0.49853643774986267,0.49251002073287964,-0.10362445563077927,0.5212224125862122,0.4698300063610077,-0.09564429521560669,0.511726438999176,0.4868786633014679,-0.09257985651493073,0.5449202060699463,0.5440298914909363,-0.09415465593338013,0.4774171710014343,0.3799564242362976,-0.11347013711929321,0.45804616808891296,0.3745929002761841,-0.11657021194696426,0.18463961780071259,0.526744544506073,-0.09838828444480896,0.37099260091781616,0.44785991311073303,-0.05675353854894638,0.43881428241729736,0.44524917006492615,-0.10616570711135864,0.4248847961425781,0.4483667314052582,-0.09981697052717209,0.35789260268211365,0.5522559881210327,-0.1268753707408905,0.43382158875465393,0.3766719102859497,-0.10340956598520279,0.198772594332695,0.47170132398605347,-0.07959990203380585,0.18519893288612366,0.5006189942359924,-0.09346199780702591,0.10587452352046967,0.5616610646247864,-0.04983803629875183,0.2731659710407257,0.4081684947013855,-0.027419021353125572,0.2725551724433899,0.44652432203292847,-0.026422366499900818,0.5097630620002747,0.5484957098960876,-0.10380293428897858,0.4311695396900177,0.723302960395813,-0.055147234350442886,0.45811164379119873,0.43920964002609253,-0.08884577453136444,0.4730599522590637,0.42864954471588135,-0.07645154744386673,0.49898141622543335,0.5213167667388916,-0.09216650575399399,0.5051928758621216,0.5162364840507507,-0.0867132842540741,0.16702280938625336,0.5043527483940125,-0.08875347673892975,0.44484907388687134,0.45679959654808044,-0.09795141220092773,0.22648754715919495,0.4415111541748047,-0.056371815502643585,0.21120630204677582,0.43622565269470215,-0.057362623512744904,0.13973493874073029,0.4464719295501709,-0.03161822631955147,0.13731275498867035,0.5290110111236572,-0.06706999987363815,0.17668212950229645,0.4321417808532715,-0.03916693478822708,0.1684112250804901,0.5354072451591492,-0.09062838554382324,0.1449887752532959,0.5737367868423462,-0.06191127002239227,0.5293108820915222,0.44688183069229126,-0.09246473759412766,0.514045238494873,0.4710371196269989,-0.10080250352621078,0.5052042007446289,0.48990246653556824,-0.09918822348117828,0.46416378021240234,0.4397414028644562,-0.08040697127580643,0.5024949312210083,0.5186930894851685,-0.08842699974775314,0.5247579216957092,0.5186242461204529,-0.08751647174358368,0.5074281096458435,0.5139524340629578,-0.08550883084535599,0.4610714316368103,0.41434961557388306,-0.10888021439313889,0.5150778889656067,0.48489099740982056,-0.08862563222646713,0.524804949760437,0.4687584638595581,-0.08817335218191147,0.538589596748352,0.4507109522819519,-0.0817824974656105,0.6363449096679688,0.4897797703742981,-0.0686931312084198,0.6288224458694458,0.49763888120651245,-0.08084343373775482,0.622193455696106,0.4907255470752716,-0.08213584125041962,0.6118487119674683,0.48311179876327515,-0.07638642191886902,0.6019957065582275,0.476753830909729,-0.0707867443561554,0.5516935586929321,0.5015337467193604,-0.08016292005777359,0.5517609715461731,0.5078637003898621,-0.0839683935046196,0.5516595244407654,0.5157608985900879,-0.08890417963266373,0.5514897704124451,0.522734522819519,-0.09041901677846909,0.48298776149749756,0.5021713972091675,-0.1039828434586525,0.297437459230423,0.7173712253570557,-0.02431172877550125,0.4977983236312866,0.39266425371170044,-0.07674331218004227,0.5303483009338379,0.5080720782279968,-0.08177114278078079,0.5278320908546448,0.5131608247756958,-0.08482448756694794,0.48516130447387695,0.42630985379219055,-0.07973488420248032,0.4592377841472626,0.46171391010284424,-0.07892109453678131,0.47970402240753174,0.42717409133911133,-0.07805461436510086,0.36949238181114197,0.46945682168006897,-0.07229028642177582,0.3633151948451996,0.4987236559391022,-0.09641386568546295,0.4302326738834381,0.45970475673675537,-0.0936664417386055,0.11149197816848755,0.5065867304801941,-0.047570761293172836,0.1468324214220047,0.48228487372398376,-0.05868428945541382,0.18149787187576294,0.4706393778324127,-0.07658787071704865,0.5749686360359192,0.5323895215988159,-0.09163608402013779,0.24868401885032654,0.3988546133041382,-0.02969582937657833,0.21078670024871826,0.39269202947616577,-0.009856969118118286,0.17493094503879547,0.3979349136352539,0.001964344410225749,0.2653087377548218,0.5260375738143921,-0.08284963667392731,0.2549628019332886,0.5764414668083191,-0.09746035933494568,0.311570405960083,0.45215386152267456,-0.022672999650239944,0.21561037003993988,0.5340379476547241,-0.08871448785066605,0.3676358759403229,0.42981576919555664,-0.05008552223443985,0.44111767411231995,0.42123517394065857,-0.11230900138616562,0.2661726176738739,0.6100044250488281,-0.10414807498455048,0.27287089824676514,0.5730504989624023,-0.10797344148159027,0.29596060514450073,0.5534482598304749,-0.10373636335134506,0.3179756700992584,0.5170984864234924,-0.08202141523361206,0.32917195558547974,0.4881157875061035,-0.060122210532426834,0.33507847785949707,0.4654650092124939,-0.044263921678066254,0.36044132709503174,0.3945305347442627,-0.03736623004078865,0.3154400885105133,0.6187480092048645,-0.12007949501276016,0.2039465606212616,0.5460511445999146,-0.09237897396087646,0.48975029587745667,0.38686829805374146,-0.10520011186599731,0.393655002117157,0.44751372933387756,-0.0684400126338005,0.1912592351436615,0.6834515929222107,-0.017764434218406677,0.3378291130065918,0.4464455842971802,-0.03185093775391579,0.4281933307647705,0.4699026644229889,-0.07598473131656647,0.23280645906925201,0.5343042612075806,-0.07901367545127869,0.4257504940032959,0.425132691860199,-0.1030983254313469,0.35941019654273987,0.7268258333206177,-0.036567091941833496,0.3047034442424774,0.450680136680603,-0.017222775146365166,0.4279906749725342,0.39834070205688477,-0.10714869946241379,0.5291573405265808,0.644000232219696,-0.10161027312278748,0.5531759262084961,0.6728054285049438,-0.08643247187137604,0.30188634991645813,0.674308717250824,-0.07567256689071655,0.47826167941093445,0.6699137091636658,-0.10177839547395706,0.16812224686145782,0.6077182292938232,-0.05571293085813522,0.6603517532348633,0.5623242259025574,-0.09641966223716736,0.4919673800468445,0.3983992338180542,-0.08090414851903915,0.3964917063713074,0.4697525203227997,-0.07771355658769608,0.22267034649848938,0.5790173411369324,-0.08274266868829727,0.2699146866798401,0.5045593976974487,-0.07110372930765152,0.28195059299468994,0.4903485178947449,-0.06286673247814178,0.5212622880935669,0.5240318775177002,-0.08985776454210281,0.3624974489212036,0.634515643119812,-0.11919716745615005,0.7143990397453308,0.5365038514137268,-0.07973389327526093,0.6464808583259583,0.6048386693000793,-0.08931436389684677,0.6069504022598267,0.636539876461029,-0.08859145641326904,0.24898386001586914,0.35570353269577026,0.030226852744817734,0.7371068000793457,0.49966391921043396,-0.04906216636300087,0.29014551639556885,0.4773334264755249,-0.049065444618463516,0.2970750331878662,0.46436282992362976,-0.03475669398903847,0.30225515365600586,0.4555361270904541,-0.023053335025906563,0.19212335348129272,0.5574042201042175,-0.0851903110742569,0.28258809447288513,0.4586336016654968,-0.03276018053293228,0.2667614817619324,0.4703066945075989,-0.04655200242996216,0.2537301480770111,0.4844704866409302,-0.05971129611134529,0.24325992166996002,0.5012909173965454,-0.07020682841539383,0.23927715420722961,0.5136395692825317,-0.07397761940956116,0.14536121487617493,0.6498169302940369,-0.028168799355626106,0.25952234864234924,0.5145062208175659,-0.07454760372638702,0.5128751993179321,0.4081260561943054,-0.06544074416160583,0.48158323764801025,0.4782506823539734,-0.09825370460748672,0.45606112480163574,0.43351590633392334,-0.09228929132223129,0.4992712140083313,0.43250492215156555,-0.08484724164009094,0.34187594056129456,0.38130900263786316,-0.004906406160444021,0.5780550241470337,0.6186907887458801,-0.0961499884724617,0.6193428635597229,0.593073844909668,-0.09493051469326019,0.6961439847946167,0.5256844758987427,-0.08748673647642136,0.49779391288757324,0.7022191286087036,-0.07427259534597397,0.29720890522003174,0.45278200507164,-0.023549983277916908,0.3869422972202301,0.40634697675704956,-0.061820633709430695,0.7203974723815918,0.48847585916519165,-0.058251406997442245,0.6831073760986328,0.571415901184082,-0.09192318469285965,0.35758256912231445,0.686573326587677,-0.08280050754547119,0.5774512887001038,0.491193950176239,-0.07816924154758453,0.5815794467926025,0.49866172671318054,-0.08326021581888199,0.5866246819496155,0.5074167847633362,-0.08875884860754013,0.5915017127990723,0.5154174566268921,-0.08945764601230621,0.6064419150352478,0.5148040056228638,-0.08648914843797684,0.5060670375823975,0.502497136592865,-0.09048305451869965,0.5005456209182739,0.5060284733772278,-0.09554216265678406,0.4947824478149414,0.5089845657348633,-0.09959299862384796,0.4923728406429291,0.526279866695404,-0.1067379042506218,0.3940449059009552,0.5938949584960938,-0.12924890220165253,0.36307036876678467,0.4111837148666382,-0.04155583307147026,0.3046555817127228,0.42730867862701416,-0.0054207476787269115,0.2977329194545746,0.44018933176994324,-0.015065477229654789,0.5094152688980103,0.4997180104255676,-0.0874909907579422,0.4485441744327545,0.6297677755355835,-0.11582861095666885,0.31784045696258545,0.4090009927749634,-0.014915741048753262,0.6179612874984741,0.5320510864257812,-0.08759003132581711,0.41677799820899963,0.36827585101127625,-0.0689162090420723,0.38644513487815857,0.3885449171066284,-0.057460881769657135,0.3931276202201843,0.37360990047454834,-0.045672688633203506,0.40948429703712463,0.4250103235244751,-0.0786668136715889,0.6962559223175049,0.47742554545402527,-0.06093289703130722,0.6714782118797302,0.4707697033882141,-0.05521538481116295,0.6509246826171875,0.5009480118751526,-0.07489733397960663,0.5424151420593262,0.5657420754432678,-0.09901921451091766,0.4340774714946747,0.49043381214141846,-0.08763690292835236,0.5821396112442017,0.5537437200546265,-0.09333252906799316,0.40506455302238464,0.5285899043083191,-0.11760832369327545,0.44527962803840637,0.511706531047821,-0.10350637137889862,0.42945584654808044,0.5626348257064819,-0.12318596988916397,0.6727177500724792,0.5121507048606873,-0.08733747899532318,0.4106144905090332,0.4466978907585144,-0.07893622666597366,0.55255126953125,0.5928939580917358,-0.10209217667579651,0.5959869623184204,0.5721204280853271,-0.09489168226718903,0.5015988945960999,0.5689423084259033,-0.112118661403656,0.40550047159194946,0.6472074389457703,-0.11456742137670517,0.4920708239078522,0.6035809516906738,-0.11494769155979156,0.41562002897262573,0.6882637143135071,-0.09252554178237915,0.4643268883228302,0.5386170148849487,-0.11286608874797821,0.3901405930519104,0.4269184470176697,-0.06510782986879349,0.4547189772129059,0.4169292151927948,-0.11404688656330109,0.4496394693851471,0.4405018091201782,-0.10231424123048782,0.44883644580841064,0.39636626839637756,-0.11772637814283371,0.27645209431648254,0.43147364258766174,-0.02046867087483406,0.24333319067955017,0.4517223834991455,-0.046961113810539246,0.22117763757705688,0.47379666566848755,-0.0704568400979042,0.2083580046892166,0.4964112639427185,-0.08612112700939178,0.20543338358402252,0.5167480707168579,-0.09140074253082275,0.23245097696781158,0.5474071502685547,-0.08244543522596359,0.2503114640712738,0.659116268157959,-0.07156013697385788,0.2677476406097412,0.5468832850456238,-0.09024238586425781,0.2872888743877411,0.5307817459106445,-0.08506154268980026,0.30421146750450134,0.506385087966919,-0.0720253586769104,0.31585830450057983,0.4824926555156708,-0.052857521921396255,0.3222725987434387,0.46368274092674255,-0.0340597964823246,0.3263225555419922,0.448867529630661,-0.0230089221149683,0.24291953444480896,0.7028464078903198,-0.01629907824099064,0.45368215441703796,0.44808995723724365,-0.09395208954811096,0.4084642231464386,0.40117084980010986,-0.08212917298078537,0.4660502076148987,0.3951460123062134,-0.1158088967204094,0.4792286157608032,0.39834415912628174,-0.10183117538690567,0.4680064916610718,0.402478963136673,-0.10832110792398453,0.46152234077453613,0.45063841342926025,-0.08326775580644608,0.48420169949531555,0.3929252624511719,-0.10475760698318481,0.48703551292419434,0.40344858169555664,-0.08390709012746811,0.31109142303466797,0.4431414008140564,-0.011278500780463219,0.3243136703968048,0.4344712495803833,-0.011591125279664993,0.33373111486434937,0.42812514305114746,-0.02079511620104313,0.23809972405433655,0.5215958952903748,-0.07522134482860565,0.22101084887981415,0.5265659093856812,-0.08237814158201218,0.4266512095928192,0.3609275221824646,-0.04630191996693611,0.4056291878223419,0.3613680601119995,0.1706666201353073,0.500783383846283,0.3824455738067627,-0.06113472953438759,0.35207507014274597,0.3432154655456543,0.3502790927886963,0.39999738335609436,0.3796871602535248,0.1066376194357872,0.40772929787635803,0.3761447072029114,0.12316439300775528,0.4127562642097473,0.37185138463974,0.1418822854757309,0.40594565868377686,0.36777013540267944,0.17700719833374023,0.3930169641971588,0.3800225853919983,0.09230295568704605,0.38351866602897644,0.3484298586845398,0.1300109177827835,0.3773031234741211,0.35388725996017456,0.11061222851276398,0.38949036598205566,0.34636110067367554,0.14926156401634216,0.39430493116378784,0.3488556146621704,0.16441284120082855,0.41317400336265564,0.3718873858451843,0.19150985777378082,0.6959362030029297,0.4409554600715637,0.0219107735902071,0.4027750790119171,0.3602040410041809,0.18248912692070007,0.42986080050468445,0.3613664507865906,0.3256751298904419,0.4004152715206146,0.3660973012447357,0.22985364496707916,0.49955451488494873,0.36362725496292114,0.06427904963493347,0.5548142194747925,0.4008196294307709,-0.05207907781004906,0.5646231174468994,0.4126507043838501,-0.04912654310464859,0.5698786973953247,0.38791972398757935,-0.01876106858253479,0.5830973982810974,0.3839033842086792,0.013793084770441055,0.5744117498397827,0.4022655785083771,-0.02171827293932438,0.5833585262298584,0.3970012068748474,0.006371091585606337,0.6399409770965576,0.40548577904701233,0.05658134073019028,0.4938852787017822,0.3596654534339905,-0.09139221161603928,0.47659406065940857,0.35154229402542114,-0.09026957303285599,0.38623905181884766,0.3336697816848755,0.19506330788135529,0.4316871762275696,0.3718233108520508,0.04771032929420471,0.5025558471679688,0.35883766412734985,-0.007792930584400892,0.4905882477760315,0.3597245216369629,0.0015512378886342049,0.5164777636528015,0.351546049118042,0.1384844034910202,0.4513068199157715,0.3544480502605438,-0.06984126567840576,0.37588855624198914,0.32473671436309814,0.12549322843551636,0.381513774394989,0.32579225301742554,0.16295181214809418,0.32537323236465454,0.32317671179771423,0.3026425838470459,0.36348026990890503,0.347176730632782,0.04055759683251381,0.37400081753730774,0.3613801598548889,0.10054362565279007,0.6206328272819519,0.3932168185710907,0.07834720611572266,0.6169633865356445,0.44623297452926636,0.31690144538879395,0.5064096450805664,0.3732672333717346,-0.01627229154109955,0.5050275325775146,0.3849219083786011,-0.04030495136976242,0.6061112284660339,0.387906014919281,0.06540541350841522,0.6032644510269165,0.3938763439655304,0.05141662433743477,0.37181103229522705,0.31901124119758606,0.18366608023643494,0.509391188621521,0.36749136447906494,-0.0012905970215797424,0.36894458532333374,0.3302478790283203,0.08400989323854446,0.35910263657569885,0.3200794458389282,0.08750015497207642,0.2729170024394989,0.31428495049476624,0.16997092962265015,0.338092565536499,0.31333643198013306,0.23365700244903564,0.2932714819908142,0.3161773085594177,0.1280437856912613,0.3755253553390503,0.3304297924041748,0.22415666282176971,0.3636319637298584,0.32774728536605835,0.2794850468635559,0.5618153810501099,0.40596193075180054,-0.05182642489671707,0.5736572742462158,0.39459556341171265,-0.020688531920313835,0.5841824412345886,0.38949012756347656,0.007891012355685234,0.506879985332489,0.3796335458755493,-0.020719677209854126,0.605109691619873,0.3909197747707367,0.05705752968788147,0.620869517326355,0.396452397108078,0.0350494310259819,0.6013891696929932,0.3963320553302765,0.04862213879823685,0.4997481107711792,0.36513036489486694,-0.04201090335845947,0.5804968476295471,0.4030880630016327,0.005329385865479708,0.5724829435348511,0.4088161885738373,-0.01846092939376831,0.5641804933547974,0.4187394380569458,-0.042801905423402786,0.6642743349075317,0.4450589716434479,-0.030527187511324883,0.668667197227478,0.44300925731658936,-0.039148859679698944,0.6594663262367249,0.4397815465927124,-0.03923577442765236,0.6453643441200256,0.43840867280960083,-0.033404335379600525,0.6314002275466919,0.43860945105552673,-0.03013893961906433,0.6211268901824951,0.41415902972221375,0.014179525896906853,0.6283383369445801,0.40984728932380676,0.010324242524802685,0.6370176076889038,0.405170738697052,0.008995000272989273,0.6438581347465515,0.4021325707435608,0.015363323502242565,0.5712940096855164,0.3788146674633026,0.03199468180537224,0.5135156512260437,0.4265614449977875,0.3912894129753113,0.6119807958602905,0.40601903200149536,0.03534151613712311,0.6168900728225708,0.4010075032711029,0.032964032143354416,0.5104075074195862,0.3912000060081482,-0.044070642441511154,0.5167849063873291,0.38010311126708984,-0.0014284338103607297,0.5080053806304932,0.388028085231781,-0.04296597093343735,0.4506624639034271,0.3677361011505127,0.06726673990488052,0.47648733854293823,0.3580901622772217,0.09248838573694229,0.49934452772140503,0.36545172333717346,0.011278356425464153,0.29898643493652344,0.3125781714916229,0.23953603208065033,0.31482943892478943,0.3102588951587677,0.1836307793855667,0.36609527468681335,0.3149312734603882,0.13989484310150146,0.6517985463142395,0.41505834460258484,0.03259168192744255,0.3500082790851593,0.33104079961776733,0.04453729838132858,0.2737506628036499,0.3314523696899414,0.07758384943008423,0.24773456156253815,0.32697248458862305,0.10345900058746338,0.4114867150783539,0.3696786165237427,0.16155597567558289,0.4195769727230072,0.3779379725456238,0.21315127611160278,0.3877004086971283,0.37921079993247986,0.0892718955874443,0.3945247530937195,0.35209739208221436,0.1951967030763626,0.4138701856136322,0.3723129630088806,0.03329117223620415,0.49255287647247314,0.35436198115348816,-0.03294936940073967,0.47565218806266785,0.3490371108055115,0.24888768792152405,0.4370850920677185,0.37976008653640747,0.18433015048503876,0.4474591314792633,0.3812902867794037,0.14439833164215088,0.4400101602077484,0.38526034355163574,0.10796932131052017,0.4262130558490753,0.3878914713859558,0.08443202078342438,0.4161275029182434,0.3869839310646057,0.06390780955553055,0.3800243139266968,0.37112703919410706,-0.001864478224888444,0.5199398994445801,0.3559783697128296,0.2324858009815216,0.3903155028820038,0.3490065336227417,0.2173386961221695,0.4999101758003235,0.3748306930065155,-0.08751488476991653,0.4529241621494293,0.37080758810043335,0.03240222483873367,0.4183480739593506,0.39514315128326416,0.40917789936065674,0.406337708234787,0.3842499554157257,0.05281197652220726,0.4995121359825134,0.37216895818710327,0.029467815533280373,0.40035176277160645,0.36203253269195557,0.19102716445922852,0.47806671261787415,0.3564131259918213,-0.022476676851511,0.5652244091033936,0.4366110563278198,0.3609428107738495,0.3825699985027313,0.3772050738334656,0.09964965283870697,0.46313217282295227,0.35354799032211304,-0.04821954667568207,0.6675961017608643,0.42131245136260986,0.1614871323108673,0.6852693557739258,0.4484767019748688,0.19545944035053253,0.523117184638977,0.3830235004425049,0.309275358915329,0.6446415781974792,0.41602060198783875,0.20805664360523224,0.3922742009162903,0.34529048204421997,0.3101206123828888,0.7195938229560852,0.4495319724082947,0.02909703552722931,0.5005768537521362,0.38860130310058594,-0.07022366672754288,0.47432294487953186,0.3693675994873047,0.04689502343535423,0.3954775929450989,0.3715820610523224,0.2629850208759308,0.40640923380851746,0.36533743143081665,0.14489296078681946,0.4016278088092804,0.3694022297859192,0.1283637434244156,0.6241310834884644,0.39265674352645874,0.04186776280403137,0.5607807040214539,0.36866581439971924,0.22066783905029297,0.7447583079338074,0.47395026683807373,-0.005831797141581774,0.7241058349609375,0.4546780586242676,0.0927925854921341,0.7082462310791016,0.4510350823402405,0.1404450386762619,0.3948344588279724,0.37285566329956055,0.11421170085668564,0.3877575993537903,0.3748634457588196,0.10578068345785141,0.38438987731933594,0.3764886260032654,0.1029057726264,0.3797590136528015,0.3498314917087555,0.24897481501102448,0.38368988037109375,0.3678968846797943,0.10993644595146179,0.3877832591533661,0.36240658164024353,0.11886211484670639,0.3927653431892395,0.357496440410614,0.13276724517345428,0.3980638086795807,0.35478293895721436,0.14887267351150513,0.4015639126300812,0.3557441532611847,0.1609252244234085,0.38014888763427734,0.36650121212005615,0.38827240467071533,0.40695077180862427,0.36259907484054565,0.15975680947303772,0.5505317449569702,0.3796941936016083,0.004907781258225441,0.5049129128456116,0.3683823049068451,-0.023176908493041992,0.5279054641723633,0.3924146592617035,-0.04256408289074898,0.6891570091247559,0.42972004413604736,0.1165710985660553,0.70271897315979,0.4410337507724762,0.07302863895893097,0.728665828704834,0.4639432430267334,-0.019042838364839554,0.6571687459945679,0.4491904675960541,0.2576602101325989,0.3827827572822571,0.37307673692703247,0.10433083027601242,0.41973692178726196,0.3656451106071472,-0.005655217915773392,0.7379332184791565,0.4607393741607666,0.04334832355380058,0.5688639879226685,0.39585763216018677,0.28607016801834106,0.6294932961463928,0.42470860481262207,-0.007052786648273468,0.6406906843185425,0.4216504693031311,-0.009363471530377865,0.6526048183441162,0.41948401927948,-0.011426514945924282,0.6629912853240967,0.41950345039367676,-0.008065193891525269,0.6612566709518433,0.42771613597869873,0.004174403380602598,0.5922821164131165,0.39485353231430054,0.03193644806742668,0.5941829681396484,0.388671338558197,0.038627706468105316,0.5942279696464539,0.3834006190299988,0.04387184977531433,0.5958715081214905,0.38335996866226196,0.06194944307208061,0.5642266273498535,0.36635756492614746,0.1577777862548828,0.3953850269317627,0.3721159100532532,0.016614966094493866,0.37320035696029663,0.3700943887233734,0.06840675324201584,0.3759828507900238,0.3711165189743042,0.09257519990205765,0.589404821395874,0.39948856830596924,0.03011423908174038,0.6160334348678589,0.3886016607284546,0.17582692205905914,0.37614506483078003,0.36764827370643616,0.02885071188211441,0.6740119457244873,0.43687593936920166,0.012993566691875458,0.404655396938324,0.36580169200897217,-0.027227653190493584,0.45705026388168335,0.3640071153640747,-0.0048223696649074554,0.6793167591094971,0.4517616033554077,-0.026689164340496063,0.6473881006240845,0.4070240259170532,0.07541795819997787,0.5213817358016968,0.37245070934295654,0.044165026396512985,0.664063572883606,0.4221864342689514,0.04524208605289459,0.5351152420043945,0.36072802543640137,0.08858220279216766,0.549551248550415,0.3719111382961273,0.060598719865083694,0.5732865333557129,0.36918944120407104,0.11230233311653137,0.7049362659454346,0.45523983240127563,-0.023543471470475197,0.4706231355667114,0.3674659729003906,0.014195938594639301,0.6657218337059021,0.4128948748111725,0.09859780222177505,0.6802973747253418,0.429291307926178,0.06015722081065178,0.6250330209732056,0.3926681876182556,0.0983797162771225,0.5951259732246399,0.3816351890563965,0.2113359123468399,0.6333088278770447,0.3941054344177246,0.12947548925876617,0.6096609830856323,0.4079967141151428,0.25803154706954956,0.5831008553504944,0.37738245725631714,0.0806291401386261,0.43598341941833496,0.3686444163322449,0.014803665690124035,0.4994579553604126,0.35918116569519043,-0.04160499945282936,0.5069839358329773,0.3628833591938019,-0.01934906281530857,0.4842796325683594,0.3511584401130676,-0.06007438153028488,0.3686099052429199,0.35718563199043274,0.08142892271280289,0.3733580708503723,0.34526151418685913,0.10274405777454376,0.380508691072464,0.33880263566970825,0.12577293813228607,0.3869517743587494,0.3367574214935303,0.152366042137146,0.3914227783679962,0.3415070176124573,0.17554521560668945,0.4006715714931488,0.36439424753189087,0.20531907677650452,0.47694921493530273,0.37129586935043335,0.3232216238975525,0.42261558771133423,0.37390241026878357,0.17245957255363464,0.42709943652153015,0.37661826610565186,0.14418449997901917,0.4221518635749817,0.38092172145843506,0.1172311082482338,0.4114519953727722,0.38432514667510986,0.09631713479757309,0.40266478061676025,0.38455092906951904,0.07901163399219513,0.39568156003952026,0.3834715485572815,0.06907890737056732,0.46308043599128723,0.4150024950504303,0.40978455543518066,0.5099890232086182,0.37024354934692383,-0.012368311174213886,0.4408760368824005,0.3604048192501068,-0.024251099675893784,0.4962071180343628,0.3571489155292511,-0.0696285143494606,0.4997310936450958,0.3739498555660248,-0.07523766160011292,0.4984588921070099,0.365070104598999,-0.061151448637247086,0.5121073722839355,0.37899744510650635,-0.014715512283146381,0.5009027123451233,0.3733004927635193,-0.08289369940757751,0.5019447207450867,0.3854343891143799,-0.06567376106977463,0.3819778561592102,0.3777850866317749,0.08615089952945709,0.3855082094669342,0.3801632523536682,0.06070983409881592,0.39273351430892944,0.378928542137146,0.0388341099023819,0.40285247564315796,0.35765790939331055,0.1709570735692978,0.39722853899002075,0.3538151979446411,0.17984606325626373,0.2532137632369995,0.4908469021320343,-0.05398697033524513,0.26728978753089905,0.4718426764011383,-0.05398697033524513,0.23645974695682526,0.48600348830223083,-0.05398697033524513,0.23887500166893005,0.5094835758209229,-0.05398697033524513,0.26881152391433716,0.4953119456768036,-0.05398697033524513,0.38115620613098145,0.3560205101966858,0.13471053540706635,0.3888440430164337,0.3499336838722229,0.13471053540706635,0.3673366904258728,0.34903568029403687,0.13471053540706635,0.37300512194633484,0.36236071586608887,0.13471053540706635,0.39411741495132446,0.3631592392921448,0.13471053540706635,0,0,0,0,0,1,1,0,0,0,0,0,0.14912062883377075,0.08206741511821747,0.14769747853279114,0.07278630882501602,0.029162965714931488,0.06917805969715118,0.07179054617881775,0.06544933468103409,0.08431376516819,0.10931562632322311,0.8017703294754028,0.2744152843952179,Sadness,-27.919076919555664,-30.781543731689453
217,7.233333333333333,29.730210543535808,-1.5331683136793068,0.3904804528194891,0.5549871921539307,0.41707131266593933,-0.10576601326465607,0.5199882984161377,0.3984052538871765,-0.1368483453989029,0.5181206464767456,0.43653661012649536,-0.08956455439329147,0.43124106526374817,0.3998580276966095,-0.09595395624637604,0.5024731755256653,0.3876376748085022,-0.13763822615146637,0.4738543629646301,0.3854019045829773,-0.11820419132709503,0.3928651213645935,0.38528144359588623,-0.026334967464208603,0.19345586001873016,0.5074599385261536,-0.05093977600336075,0.3516910970211029,0.3734307289123535,0.011839897371828556,0.33245569467544556,0.36049550771713257,0.020917179062962532,0.24390441179275513,0.3272724449634552,0.09224006533622742,0.5646941661834717,0.42335981130599976,-0.10573587566614151,0.5716214179992676,0.4322241246700287,-0.10104158520698547,0.5745468735694885,0.4408889710903168,-0.09375129640102386,0.6019959449768066,0.4624776542186737,-0.08040335774421692,0.6155053973197937,0.4673120975494385,-0.08764152973890305,0.6277660131454468,0.474906325340271,-0.0949426218867302,0.636131763458252,0.48497623205184937,-0.0926012396812439,0.6652384996414185,0.5393031239509583,-0.0769914910197258,0.5246233940124512,0.4126162528991699,-0.1285886913537979,0.49711257219314575,0.4359125792980194,-0.11082810163497925,0.023981451988220215,0.5658416152000427,0.01916966773569584,0.27519339323043823,0.47386372089385986,-0.036016546189785004,0.25453680753707886,0.4890905022621155,-0.05149879306554794,0.23152542114257812,0.5040974617004395,-0.06023017317056656,0.18453989923000336,0.5219489932060242,-0.059288572520017624,0.2909389138221741,0.4592464864253998,-0.01636253297328949,0.2046569436788559,0.4557916522026062,-0.04645157977938652,0.2324123978614807,0.44143980741500854,-0.024606455117464066,0.18029005825519562,0.4747907519340515,-0.057310204952955246,0.1667155623435974,0.4927414357662201,-0.059774626046419144,0.17646341025829315,0.5454649329185486,-0.06379101425409317,0.5962969064712524,0.6189832091331482,-0.11615412682294846,0.17661915719509125,0.5126527547836304,-0.048088233917951584,0.09692901372909546,0.6162940263748169,-0.011193113401532173,0.13529345393180847,0.5596002340316772,-0.052753251045942307,0.36390170454978943,0.5111380219459534,-0.09965771436691284,0.5270163416862488,0.43726393580436707,-0.1210591271519661,0.5489116311073303,0.4516189694404602,-0.11515776813030243,0.5073776245117188,0.4700133800506592,-0.12846404314041138,0.496191143989563,0.49366456270217896,-0.12397165596485138,0.5288131833076477,0.4737464487552643,-0.12051567435264587,0.514263391494751,0.4927080273628235,-0.11339867860078812,0.4993622899055481,0.5961012244224548,-0.10991047322750092,0.5027529001235962,0.41030749678611755,-0.1452578753232956,0.483349472284317,0.4023241400718689,-0.14741940796375275,0.11959539353847504,0.5046629309654236,-0.0696997418999672,0.35920730233192444,0.4586416482925415,-0.05335859954357147,0.4303740859031677,0.46980902552604675,-0.12296733260154724,0.4141250252723694,0.4704197943210602,-0.11354899406433105,0.29041051864624023,0.5642922520637512,-0.12266163527965546,0.4569834768772125,0.39970389008522034,-0.1275295466184616,0.17274810373783112,0.44288763403892517,-0.05773549899458885,0.13873663544654846,0.47355082631111145,-0.06820682436227798,0.033031731843948364,0.5145155191421509,0.010139932855963707,0.2939774692058563,0.38841521739959717,-0.013043849729001522,0.2602062225341797,0.4335359036922455,-0.0050535546615719795,0.458610862493515,0.5917360782623291,-0.11664874851703644,0.2916826009750366,0.7429289221763611,-0.032962437719106674,0.4558901786804199,0.4659733176231384,-0.10547532886266708,0.4782194197177887,0.4569767117500305,-0.09592609852552414,0.49272000789642334,0.5281585454940796,-0.1054072231054306,0.4994509220123291,0.522618293762207,-0.10127155482769012,0.11448293924331665,0.47650355100631714,-0.058645132929086685,0.43225932121276855,0.48181241750717163,-0.11328837275505066,0.2232169806957245,0.41427838802337646,-0.038726091384887695,0.2098316252231598,0.40590760111808777,-0.038107980042696,0.11765839159488678,0.4086577892303467,0.016559811308979988,0.08530271053314209,0.4931434690952301,-0.02461843565106392,0.16950705647468567,0.40454205870628357,-0.008004543371498585,0.09573712944984436,0.5135821104049683,-0.05555184930562973,0.07186490297317505,0.5384606122970581,-0.013502134941518307,0.5396914482116699,0.4444143772125244,-0.12098325788974762,0.5190320014953613,0.47145727276802063,-0.12585054337978363,0.5056864023208618,0.49282148480415344,-0.12028630077838898,0.462790846824646,0.4671075940132141,-0.09695928543806076,0.49675649404525757,0.5250973701477051,-0.10236251354217529,0.5150243043899536,0.5239150524139404,-0.10492011159658432,0.5015451312065125,0.5210062861442566,-0.1001277044415474,0.4702832102775574,0.44162264466285706,-0.13154269754886627,0.5198330879211426,0.49291279911994934,-0.10924097150564194,0.5353043079376221,0.4756602644920349,-0.1120772734284401,0.5540364980697632,0.45751073956489563,-0.10858084261417389,0.6289259195327759,0.5628533363342285,-0.09375438839197159,0.6039329171180725,0.5059882402420044,-0.10951822251081467,0.5969142317771912,0.49445855617523193,-0.11067696660757065,0.5877829790115356,0.48503124713897705,-0.10312434285879135,0.5796734094619751,0.47877365350723267,-0.09531310945749283,0.5367246866226196,0.5079200267791748,-0.09891493618488312,0.536686897277832,0.513112485408783,-0.10417765378952026,0.5361068248748779,0.5201303958892822,-0.11015943437814713,0.5366084575653076,0.5288783311843872,-0.11119920015335083,0.44926413893699646,0.5368998646736145,-0.12024352699518204,0.1530265212059021,0.7087867856025696,0.022886410355567932,0.5212734341621399,0.42497631907463074,-0.10221942514181137,0.5200287103652954,0.5162168145179749,-0.0978243425488472,0.5179696083068848,0.5190540552139282,-0.10183759778738022,0.4918059706687927,0.45684272050857544,-0.10103824734687805,0.4462031126022339,0.4885198473930359,-0.09270874410867691,0.4856726825237274,0.45666801929473877,-0.09850098192691803,0.3459559679031372,0.480549693107605,-0.06900430470705032,0.32363879680633545,0.5102879405021667,-0.0934578999876976,0.41488751769065857,0.4823845326900482,-0.10571277886629105,0.06288206577301025,0.4622645974159241,0.006496679037809372,0.11676588654518127,0.44895464181900024,-0.021854009479284286,0.15389344096183777,0.43943408131599426,-0.05109976977109909,0.5380431413650513,0.5920137763023376,-0.11062157154083252,0.2741546630859375,0.37413012981414795,-0.013888572342693806,0.22281403839588165,0.3700707256793976,0.01746654324233532,0.1766824722290039,0.36591821908950806,0.04655759409070015,0.20522554218769073,0.5168701410293579,-0.06236721947789192,0.15930692851543427,0.5752457976341248,-0.07264367491006851,0.2992633283138275,0.4480222463607788,-0.004129800479859114,0.1455981731414795,0.5193447470664978,-0.0613040067255497,0.36546000838279724,0.4396017789840698,-0.0471014678478241,0.443954199552536,0.44623297452926636,-0.13347546756267548,0.1692308485507965,0.6023733615875244,-0.07648589462041855,0.19131793081760406,0.5667850375175476,-0.09045698493719101,0.23312431573867798,0.5457941293716431,-0.09184756875038147,0.2772728204727173,0.5120826363563538,-0.07293564081192017,0.3025876581668854,0.4859555661678314,-0.051021043211221695,0.3214491903781891,0.4637892246246338,-0.035413794219493866,0.37656790018081665,0.40150684118270874,-0.03604620695114136,0.21438263356685638,0.6214412450790405,-0.10062422603368759,0.12449990212917328,0.5331592559814453,-0.06138968840241432,0.5143581628799438,0.418728768825531,-0.13574577867984772,0.3826374411582947,0.46282559633255005,-0.07081931084394455,0.06279328465461731,0.6534364223480225,0.04363720491528511,0.33441147208213806,0.44404172897338867,-0.022041788324713707,0.40831270813941956,0.491627037525177,-0.08272875845432281,0.1651889979839325,0.5206195712089539,-0.05205575376749039,0.4256158471107483,0.4474254846572876,-0.12040229141712189,0.21276310086250305,0.7307716012001038,-0.0007379089365713298,0.29213911294937134,0.44546985626220703,0.004128053784370422,0.440324068069458,0.42101073265075684,-0.128619983792305,0.4315592646598816,0.6905977725982666,-0.10202290117740631,0.44663119316101074,0.722114086151123,-0.08997303247451782,0.17643988132476807,0.6710326671600342,-0.0391124002635479,0.3647708296775818,0.7048028111457825,-0.09324827790260315,0.0778743326663971,0.5773010849952698,-0.005295919254422188,0.6143307089805603,0.6390078067779541,-0.11896850168704987,0.5124965906143188,0.42980489134788513,-0.10566660761833191,0.3743290901184082,0.48597007989883423,-0.08031344413757324,0.11164411902427673,0.5826601386070251,-0.04651801660656929,0.22630101442337036,0.49223554134368896,-0.05091097950935364,0.24758809804916382,0.4803626537322998,-0.04414204880595207,0.5119872093200684,0.5302822589874268,-0.10677246749401093,0.25651341676712036,0.6463644504547119,-0.10469316691160202,0.6901711225509644,0.6265383362770081,-0.1084553599357605,0.578827440738678,0.6781837344169617,-0.10666035115718842,0.5211774706840515,0.6995454430580139,-0.10023090243339539,0.28146427869796753,0.338225781917572,0.05548679456114769,0.7380287647247314,0.5925418138504028,-0.07955902814865112,0.26410967111587524,0.46926820278167725,-0.03050117939710617,0.2786213457584381,0.4577583372592926,-0.015254429541528225,0.2878818213939667,0.44990813732147217,-0.0020311721600592136,0.09971284866333008,0.5485954284667969,-0.04806681349873543,0.26480624079704285,0.4488082826137543,-0.011687268503010273,0.24187785387039185,0.45715194940567017,-0.025944992899894714,0.22119306027889252,0.4686322510242462,-0.038875967264175415,0.2015094757080078,0.48384779691696167,-0.04848784953355789,0.18948860466480255,0.49633368849754333,-0.050829142332077026,0.03230077028274536,0.6099729537963867,0.035797324031591415,0.20887264609336853,0.5009206533432007,-0.052372779697179794,0.5302319526672363,0.44303691387176514,-0.08951661735773087,0.459711492061615,0.5109184980392456,-0.1165749728679657,0.45596957206726074,0.46009504795074463,-0.10974249243736267,0.501487135887146,0.4664648473262787,-0.10802137106657028,0.3673233687877655,0.38338103890419006,0.00246876641176641,0.49623364210128784,0.6766734719276428,-0.10406401008367538,0.5535928010940552,0.6602717638015747,-0.109984390437603,0.67453932762146,0.6100779175758362,-0.11680334806442261,0.373635858297348,0.738135039806366,-0.06600409746170044,0.2834557592868805,0.44583460688591003,-0.002184981945902109,0.3963574767112732,0.4200952649116516,-0.06701880693435669,0.7248507142066956,0.5760743021965027,-0.08958161622285843,0.6357412338256836,0.6540941596031189,-0.1157715693116188,0.22840118408203125,0.6945903301239014,-0.05402766913175583,0.557584822177887,0.4947645366191864,-0.09986303746700287,0.560687780380249,0.5011780261993408,-0.10656452924013138,0.5649255514144897,0.5101426243782043,-0.11307798326015472,0.5698013305664062,0.5210940837860107,-0.11372926831245422,0.5820090174674988,0.5818583369255066,-0.10897364467382431,0.5048743486404419,0.5092609524726868,-0.10794255882501602,0.49816080927848816,0.5111485123634338,-0.11260966956615448,0.4907333254814148,0.5132564902305603,-0.11638450622558594,0.44882380962371826,0.5644412040710449,-0.12053105980157852,0.30963993072509766,0.6128621697425842,-0.12661904096603394,0.3704618215560913,0.4194176495075226,-0.03870099410414696,0.30600422620773315,0.4194943904876709,0.01358429342508316,0.2894810438156128,0.4329529404640198,0.0063219922594726086,0.5089138746261597,0.507538378238678,-0.10449093580245972,0.3519987165927887,0.6596446633338928,-0.1128123328089714,0.33413165807724,0.4008418321609497,-0.003043948905542493,0.5846275687217712,0.601290762424469,-0.10914181917905807,0.446136474609375,0.38637575507164,-0.08620484173297882,0.4048478305339813,0.40132200717926025,-0.06449073553085327,0.42032957077026367,0.38637304306030273,-0.05410443991422653,0.40950194001197815,0.4439205825328827,-0.08826290816068649,0.7048484086990356,0.5602884888648987,-0.09148631989955902,0.6810638308525085,0.5489562153816223,-0.0824945792555809,0.6392892599105835,0.5769630670547485,-0.10063362121582031,0.48495733737945557,0.6170349717140198,-0.11269832402467728,0.4043002724647522,0.5142455101013184,-0.09506383538246155,0.5338806509971619,0.6145637035369873,-0.11110337823629379,0.3530987501144409,0.5494407415390015,-0.1223316416144371,0.40520790219306946,0.5394904613494873,-0.11297746002674103,0.3635309636592865,0.5886107683181763,-0.12802830338478088,0.6567009687423706,0.5921685695648193,-0.11575116217136383,0.40038514137268066,0.4655272364616394,-0.0866067036986351,0.48202764987945557,0.6464757919311523,-0.11327841877937317,0.5391836762428284,0.6357544660568237,-0.11138948798179626,0.43949094414711,0.6103301048278809,-0.12285289168357849,0.2972239851951599,0.6676833033561707,-0.1038702055811882,0.4116646349430084,0.6433605551719666,-0.12082383781671524,0.2891843914985657,0.7087799906730652,-0.07250186055898666,0.4132334887981415,0.5709732174873352,-0.12294458597898483,0.389279305934906,0.44156694412231445,-0.06862969696521759,0.4613543152809143,0.4436255097389221,-0.13717496395111084,0.4449186325073242,0.46648815274238586,-0.12081818282604218,0.4635821580886841,0.42266687750816345,-0.1442534476518631,0.2757801413536072,0.41691580414772034,-0.0005751292337663472,0.22993358969688416,0.4307970106601715,-0.026941904798150063,0.1937502920627594,0.4497873783111572,-0.049858953803777695,0.16571712493896484,0.4731740653514862,-0.06406582146883011,0.14805781841278076,0.49645528197288513,-0.06693978607654572,0.1526009887456894,0.5384095907211304,-0.05401741713285446,0.1328158974647522,0.6453609466552734,-0.028713731095194817,0.1984131932258606,0.5389506816864014,-0.06986125558614731,0.23176003992557526,0.523412823677063,-0.06902560591697693,0.26346930861473083,0.5014073252677917,-0.05880286917090416,0.28866803646087646,0.4795035123825073,-0.03978044539690018,0.3061367869377136,0.4611682891845703,-0.020501239225268364,0.3182319104671478,0.44669029116630554,-0.00851165596395731,0.10536493360996246,0.6831008791923523,0.040022026747465134,0.44629237055778503,0.47447288036346436,-0.11046427488327026,0.4197871685028076,0.41967034339904785,-0.09471098333597183,0.48372676968574524,0.4237765371799469,-0.1440843790769577,0.49854937195777893,0.427997350692749,-0.12976008653640747,0.48363643884658813,0.4308374226093292,-0.13418059051036835,0.4541356861591339,0.47786110639572144,-0.09925173223018646,0.5058385133743286,0.42373737692832947,-0.13445790112018585,0.5050805807113647,0.4339141249656677,-0.1081414446234703,0.3026541471481323,0.4387268126010895,0.00880693830549717,0.32303234934806824,0.4310898780822754,0.004372652620077133,0.33879354596138,0.4245307147502899,-0.010361474938690662,0.18249954283237457,0.5050296783447266,-0.05080386996269226,0.15965373814105988,0.5092484951019287,-0.057482678443193436,0.46232959628105164,0.379430890083313,-0.06249365583062172,0.46564826369285583,0.34719783067703247,0.19072987139225006,0.5310903191566467,0.41407227516174316,-0.08565644174814224,0.42179372906684875,0.3213823735713959,0.413771390914917,0.4386376738548279,0.37697625160217285,0.12000653147697449,0.45284268260002136,0.3702579140663147,0.13628046214580536,0.46505558490753174,0.3629864752292633,0.15614590048789978,0.4714205861091614,0.3488829433917999,0.1960109919309616,0.42584821581840515,0.38053858280181885,0.10682349652051926,0.4271145761013031,0.3345617651939392,0.14692266285419464,0.4131343960762024,0.34436750411987305,0.12830494344234467,0.44228237867355347,0.32930248975753784,0.16665522754192352,0.4543943405151367,0.329902321100235,0.18299588561058044,0.4872196912765503,0.35110312700271606,0.21067456901073456,0.732123076915741,0.5122487545013428,-0.0011204509064555168,0.4659133553504944,0.34192368388175964,0.2043982595205307,0.49817338585853577,0.3552233874797821,0.36853155493736267,0.48444700241088867,0.3388654887676239,0.25614264607429504,0.5522425770759583,0.3865233063697815,0.05818933621048927,0.5747846364974976,0.4034477472305298,-0.0811251848936081,0.5887971520423889,0.42217743396759033,-0.078447125852108,0.5979039669036865,0.40009427070617676,-0.04563479870557785,0.6121184825897217,0.40233659744262695,-0.008972601033747196,0.6002703905105591,0.4176330268383026,-0.048731207847595215,0.6084508895874023,0.41593703627586365,-0.016509555280208588,0.686023473739624,0.46211737394332886,0.03983084857463837,0.5324437618255615,0.39118677377700806,-0.12359487265348434,0.5175986289978027,0.3800169825553894,-0.12169099599123001,0.45763012766838074,0.3122212290763855,0.21786294877529144,0.4730151891708374,0.3842732310295105,0.048681680113077164,0.5504987239837646,0.3868075907230377,-0.027014179155230522,0.5387088656425476,0.3847348690032959,-0.014577996917068958,0.5833240151405334,0.3713037371635437,0.1383492350578308,0.4898802936077118,0.3779664635658264,-0.09461919963359833,0.4247046113014221,0.3124450445175171,0.14285285770893097,0.44259411096572876,0.3084096312522888,0.1827988475561142,0.39829790592193604,0.29898932576179504,0.3630536198616028,0.3824635148048401,0.3509727716445923,0.05316384509205818,0.40474840998649597,0.35635626316070557,0.1193859726190567,0.6698367595672607,0.44315439462661743,0.06459572911262512,0.6498250961303711,0.4809949994087219,0.34047746658325195,0.5456618070602417,0.40317291021347046,-0.03424769267439842,0.5369215607643127,0.41589152812957764,-0.06066405400633812,0.6230792999267578,0.4143573045730591,0.05118435248732567,0.616917610168457,0.4180225133895874,0.03586462140083313,0.437400221824646,0.29913830757141113,0.20854699611663818,0.5544726252555847,0.3964690566062927,-0.019109059125185013,0.40458643436431885,0.3247488737106323,0.0990586131811142,0.39692461490631104,0.31456196308135986,0.10407303273677826,0.3332820534706116,0.28958219289779663,0.21971146762371063,0.41594111919403076,0.2961342930793762,0.2710290253162384,0.3560192584991455,0.2996324300765991,0.1567102074623108,0.4541865885257721,0.30471163988113403,0.25339826941490173,0.44037872552871704,0.3116840124130249,0.32211682200431824,0.5837994813919067,0.4117323160171509,-0.08151435106992722,0.6012042760848999,0.40828585624694824,-0.04804471880197525,0.6116503477096558,0.40839552879333496,-0.015469732694327831,0.5430090427398682,0.4099038243293762,-0.03845205903053284,0.620291531085968,0.4161677062511444,0.042207006365060806,0.6311002969741821,0.4246887266635895,0.016509851440787315,0.6141363382339478,0.41965317726135254,0.03286026418209076,0.5404306650161743,0.39492762088775635,-0.06640281528234482,0.6029557585716248,0.4229576885700226,-0.017048070207238197,0.597338080406189,0.42654556035995483,-0.04421496391296387,0.5887252688407898,0.43207988142967224,-0.0709618479013443,0.6889817714691162,0.5183107852935791,-0.05639281123876572,0.6547892093658447,0.46749234199523926,-0.06916771084070206,0.6442505121231079,0.45844078063964844,-0.06951762735843658,0.6296685934066772,0.45332756638526917,-0.06167001649737358,0.6155574321746826,0.4519686996936798,-0.05656766891479492,0.6207758188247681,0.4370138645172119,-0.006530918180942535,0.6311607360839844,0.43521761894226074,-0.011582163162529469,0.64207923412323,0.43412303924560547,-0.014311238192021847,0.6526293754577637,0.4354341924190521,-0.007028916850686073,0.6190407276153564,0.4183160066604614,0.01342171709984541,0.5542353987693787,0.43360635638237,0.4406236708164215,0.6182563304901123,0.42975467443466187,0.018091265112161636,0.6248155832290649,0.4270450174808502,0.014742325991392136,0.5391952991485596,0.4232308864593506,-0.06636670976877213,0.5560038685798645,0.41054844856262207,-0.017087297514081,0.5383014678955078,0.41958147287368774,-0.06422268599271774,0.49713876843452454,0.38179412484169006,0.06780064105987549,0.5326202511787415,0.374525785446167,0.09226182848215103,0.5460937023162842,0.39195048809051514,-0.003321303753182292,0.3689592778682709,0.2878531813621521,0.2943781018257141,0.3870216906070709,0.2930182218551636,0.21651336550712585,0.4179026484489441,0.3019014596939087,0.1613374799489975,0.6946325302124023,0.47753608226776123,0.012730168178677559,0.3710440695285797,0.33387184143066406,0.058940667659044266,0.32331109046936035,0.31492459774017334,0.10345414280891418,0.2945261001586914,0.30208224058151245,0.14888566732406616,0.4716563820838928,0.35579758882522583,0.17791371047496796,0.5049143433570862,0.35265251994132996,0.2331211119890213,0.4167819023132324,0.381352961063385,0.10573473572731018,0.46634697914123535,0.32969892024993896,0.21793490648269653,0.45234590768814087,0.38305699825286865,0.034079644829034805,0.5397716164588928,0.3819440007209778,-0.05601548030972481,0.5487585663795471,0.35490119457244873,0.271418958902359,0.5134457945823669,0.36121082305908203,0.19752445816993713,0.5094308257102966,0.37115365266799927,0.15195469558238983,0.4856255054473877,0.38302963972091675,0.11372272670269012,0.46193355321884155,0.3895877003669739,0.09037594497203827,0.4442784786224365,0.3921979069709778,0.07021532952785492,0.41259920597076416,0.3786018490791321,-0.0013579436345025897,0.5907213687896729,0.3707345426082611,0.2468850314617157,0.47010499238967896,0.32412993907928467,0.2430560141801834,0.5319406390190125,0.40772154927253723,-0.11851903051137924,0.49501651525497437,0.38770484924316406,0.0278874933719635,0.4719506800174713,0.38298681378364563,0.4724571704864502,0.4296380281448364,0.392167866230011,0.06045788154006004,0.5438305139541626,0.3980075418949127,0.02018791250884533,0.46827951073646545,0.3402709364891052,0.21353942155838013,0.5247824192047119,0.38047176599502563,-0.0418444462120533,0.6009085774421692,0.45677733421325684,0.3992524743080139,0.4106493890285492,0.37838178873062134,0.1195119097828865,0.506329357624054,0.37731045484542847,-0.07093571871519089,0.714560329914093,0.47564685344696045,0.15901264548301697,0.7218700647354126,0.505715012550354,0.19408561289310455,0.5842989683151245,0.39493417739868164,0.34036824107170105,0.692527174949646,0.46181192994117737,0.21336667239665985,0.4644443392753601,0.33334052562713623,0.3550279140472412,0.7535232305526733,0.5258153676986694,0.005132803227752447,0.5267753601074219,0.42093342542648315,-0.09530824422836304,0.5200029611587524,0.3891832232475281,0.04200132191181183,0.4892534911632538,0.33877697587013245,0.2939114570617676,0.457326740026474,0.35730457305908203,0.16160492599010468,0.4462161660194397,0.36429905891418457,0.1440289467573166,0.6375699043273926,0.42363154888153076,0.023746134713292122,0.6262596845626831,0.39312273263931274,0.23000462353229523,0.7646456956863403,0.5625101327896118,-0.03488372266292572,0.7585123777389526,0.5282347202301025,0.07650087773799896,0.7448630928993225,0.5174355506896973,0.13086941838264465,0.43390774726867676,0.37013107538223267,0.13013042509555817,0.4216312766075134,0.374606192111969,0.12317469716072083,0.41432255506515503,0.3773214817047119,0.12222452461719513,0.4692222476005554,0.31941312551498413,0.2802611291408539,0.41357389092445374,0.36463403701782227,0.12908899784088135,0.4216143488883972,0.35469871759414673,0.13696372509002686,0.43308159708976746,0.34647491574287415,0.1505904346704483,0.4463016986846924,0.3413596451282501,0.16699323058128357,0.4561379551887512,0.3406027853488922,0.18013428151607513,0.4428505599498749,0.34868568181991577,0.4536413550376892,0.46305233240127563,0.35188382863998413,0.17818784713745117,0.5937207341194153,0.4161195755004883,-0.015368742868304253,0.5459567308425903,0.3980984389781952,-0.04237423464655876,0.5572278499603271,0.42764461040496826,-0.06673736125230789,0.7337063550949097,0.49214234948158264,0.1072864830493927,0.7425297498703003,0.5091955661773682,0.05654435604810715,0.751583993434906,0.5474353432655334,-0.049149539321660995,0.6913434267044067,0.4966586232185364,0.2669715881347656,0.4114468991756439,0.3733283281326294,0.12386802583932877,0.4574415385723114,0.3803253173828125,-0.012291215360164642,0.7674108743667603,0.5420466065406799,0.020125113427639008,0.6238582134246826,0.41937896609306335,0.3096809685230255,0.6210880279541016,0.4441283941268921,-0.03081534430384636,0.634145200252533,0.44367748498916626,-0.03479394316673279,0.6481512784957886,0.4455983638763428,-0.03795265778899193,0.6607154607772827,0.45135122537612915,-0.0341152586042881,0.697616696357727,0.49610358476638794,-0.0193715188652277,0.6126102209091187,0.416236013174057,0.01335484255105257,0.6175576448440552,0.4117506146430969,0.020367823541164398,0.6206421852111816,0.4070909023284912,0.025977179408073425,0.645330548286438,0.4274594783782959,0.04636632651090622,0.6279357671737671,0.39511439204216003,0.15668490529060364,0.43071696162223816,0.38086700439453125,0.017764711752533913,0.3968287408351898,0.37319719791412354,0.08600503206253052,0.4033803343772888,0.3714163899421692,0.11166241019964218,0.6071343421936035,0.42059072852134705,0.011735688894987106,0.6733658313751221,0.42981842160224915,0.1763712614774704,0.39251384139060974,0.3769049644470215,0.03964093700051308,0.7098297476768494,0.5047329068183899,-0.009354687295854092,0.4387761950492859,0.3792060613632202,-0.03503435105085373,0.4992562532424927,0.38406553864479065,-0.016401711851358414,0.7047082781791687,0.5260677933692932,-0.05291292816400528,0.695947527885437,0.4630167484283447,0.06089740991592407,0.5693022012710571,0.40142226219177246,0.03421260416507721,0.7074096202850342,0.4841940402984619,0.026894520968198776,0.5944235324859619,0.3884974718093872,0.08116555213928223,0.6016668677330017,0.4056275486946106,0.04894537106156349,0.6326595544815063,0.4040721654891968,0.10508536547422409,0.730547308921814,0.5340110063552856,-0.05248261243104935,0.514321506023407,0.3881455957889557,0.004308166913688183,0.7154592275619507,0.47139498591423035,0.08668152242898941,0.7236400842666626,0.4934370517730713,0.042894620448350906,0.6770988702774048,0.44168850779533386,0.08655070513486862,0.6554253101348877,0.4154530167579651,0.21818751096725464,0.6886129975318909,0.4426177740097046,0.12196113914251328,0.6597254872322083,0.44272398948669434,0.2732641100883484,0.6359708309173584,0.4174858033657074,0.0685277134180069,0.4759291410446167,0.3842741549015045,0.0093871233984828,0.5433617234230042,0.3885992169380188,-0.06646205484867096,0.5519238114356995,0.39237409830093384,-0.03992392122745514,0.5293284058570862,0.3790770173072815,-0.08752283453941345,0.39589500427246094,0.35601407289505005,0.09964048117399216,0.4099142253398895,0.337032675743103,0.12051590532064438,0.4273739159107208,0.3254818022251129,0.14302465319633484,0.44417521357536316,0.32027098536491394,0.17013050615787506,0.4569418430328369,0.3219032287597656,0.19533371925354004,0.4752957820892334,0.34028160572052,0.22912688553333282,0.5430061221122742,0.3735462725162506,0.36026984453201294,0.489738404750824,0.35781317949295044,0.1878959983587265,0.4840097725391388,0.3668803572654724,0.15625311434268951,0.46786215901374817,0.3762478232383728,0.12707902491092682,0.4483918249607086,0.3832038342952728,0.10655638575553894,0.4329371154308319,0.3867073059082031,0.09010542184114456,0.42182472348213196,0.3878227174282074,0.08109965175390244,0.5092236995697021,0.4107668995857239,0.4675425887107849,0.5521572232246399,0.4000347852706909,-0.031082822009921074,0.4805889129638672,0.3796788454055786,-0.03811982646584511,0.5385526418685913,0.38780856132507324,-0.09890442341566086,0.5337658524513245,0.40577584505081177,-0.10371927171945572,0.5377682447433472,0.39569973945617676,-0.08821198344230652,0.5502169132232666,0.40942901372909546,-0.03263726830482483,0.534478485584259,0.40585172176361084,-0.11303389072418213,0.530465841293335,0.4175366163253784,-0.09043706953525543,0.40871188044548035,0.3805227279663086,0.10460110753774643,0.40901774168014526,0.3856674134731293,0.07455714046955109,0.41284993290901184,0.3881438672542572,0.047670409083366394,0.46219944953918457,0.34109848737716675,0.19141477346420288,0.46288150548934937,0.3330388069152832,0.2006424367427826,0.2338041514158249,0.4854747951030731,-0.0324329137802124,0.2557215690612793,0.4696671962738037,-0.0324329137802124,0.221717968583107,0.4752841889858246,-0.0324329137802124,0.2117404043674469,0.5009063482284546,-0.0324329137802124,0.2457141876220703,0.4954531788825989,-0.0324329137802124,0.44601961970329285,0.35151463747024536,0.15331530570983887,0.4596725106239319,0.34414589405059814,0.15331530570983887,0.4327542781829834,0.34100502729415894,0.15331530570983887,0.4318842887878418,0.358974814414978,0.15331530570983887,0.4588451385498047,0.3617632985115051,0.15331530570983887,0,0,0,0,0,1,1,0,0,0,0,0,0.06608645617961884,0.05271393433213234,0.08434915542602539,0.05358811840415001,0.025504618883132935,0.059705376625061035,0.1015317291021347,0.07254230231046677,0.08717803657054901,0.08788082748651505,1.2217034101486206,0.23658065497875214,Neutral,-16.323570251464844,-33.90207290649414
219,7.3,31.906667174336608,3.452239612323359,0.2835260249437721,0.6103380918502808,0.46292442083358765,-0.09328186511993408,0.5738329887390137,0.39141029119491577,-0.12702041864395142,0.5622928738594055,0.4317617416381836,-0.08203987032175064,0.4774567186832428,0.3884066343307495,-0.09396679699420929,0.5564199686050415,0.37924426794052124,-0.12848320603370667,0.5244123935699463,0.3756603002548218,-0.11125188320875168,0.4342419505119324,0.37294358015060425,-0.028174713253974915,0.20694324374198914,0.49041324853897095,-0.07066641747951508,0.3891869783401489,0.3602488040924072,0.005946365650743246,0.36994659900665283,0.3463055491447449,0.013139091432094574,0.27496838569641113,0.30871111154556274,0.07701133191585541,0.6173323392868042,0.46904420852661133,-0.09257345646619797,0.6231710314750671,0.4767979681491852,-0.08794295787811279,0.6256604194641113,0.4829683303833008,-0.08094117790460587,0.6255877614021301,0.483067125082016,-0.0727771744132042,0.6338365077972412,0.4878332018852234,-0.07964334636926651,0.6415313482284546,0.49468404054641724,-0.08750654757022858,0.646215558052063,0.5024381875991821,-0.08768048882484436,0.6809685230255127,0.5350069403648376,-0.07590506970882416,0.575960636138916,0.40639668703079224,-0.11890439689159393,0.5449459552764893,0.4286959767341614,-0.10442735999822617,0.03447848558425903,0.53834068775177,-0.018096288666129112,0.29904791712760925,0.45653897523880005,-0.04905956611037254,0.27387937903404236,0.47296157479286194,-0.06606660783290863,0.2469978928565979,0.48867422342300415,-0.07659388333559036,0.1999201476573944,0.5025142431259155,-0.07899557799100876,0.3175109922885895,0.44102975726127625,-0.027921142056584358,0.21862703561782837,0.43961474299430847,-0.0642525926232338,0.2516145706176758,0.4242746829986572,-0.04029172286391258,0.19115515053272247,0.4584479331970215,-0.0765683725476265,0.17742480337619781,0.475257933139801,-0.08010812848806381,0.19043909013271332,0.5260565876960754,-0.08376433700323105,0.6136449575424194,0.6159833669662476,-0.11913517862558365,0.19050605595111847,0.49414563179016113,-0.06894463300704956,0.10654126107692719,0.5926015377044678,-0.04266508296132088,0.1523829847574234,0.5337816476821899,-0.07684890180826187,0.39583638310432434,0.4980756938457489,-0.10631313920021057,0.5795104503631592,0.4798223078250885,-0.11174260824918747,0.59715735912323,0.4936230480670929,-0.10442017018795013,0.5506529808044434,0.5040935277938843,-0.12202705442905426,0.5326636433601379,0.5220485925674438,-0.12009166181087494,0.5712022185325623,0.5098391771316528,-0.11235225945711136,0.551314115524292,0.5232146978378296,-0.10779901593923569,0.5119636654853821,0.5871692299842834,-0.1113046258687973,0.5559208393096924,0.40234673023223877,-0.13670191168785095,0.5361260175704956,0.39278852939605713,-0.1397913247346878,0.12414954602718353,0.48421236872673035,-0.09405430406332016,0.39396101236343384,0.44577276706695557,-0.05960311368107796,0.47131964564323425,0.45889878273010254,-0.12224184721708298,0.45341575145721436,0.45867419242858887,-0.11407825350761414,0.3142452836036682,0.5483235716819763,-0.1349433958530426,0.5066458582878113,0.3889486789703369,-0.12272948026657104,0.1734984815120697,0.4272812604904175,-0.07645941525697708,0.13982824981212616,0.4561792314052582,-0.09010188281536102,0.04795369505882263,0.48693349957466125,-0.024913866072893143,0.30762919783592224,0.37354928255081177,-0.023032596334815025,0.2847324013710022,0.41526171565055847,-0.01917608268558979,0.47198015451431274,0.5824849605560303,-0.11955882608890533,0.29058414697647095,0.732485830783844,-0.05509372800588608,0.49752214550971985,0.45696544647216797,-0.10378681123256683,0.5210589170455933,0.4491710960865021,-0.0913127064704895,0.5179114937782288,0.5468743443489075,-0.10579881817102432,0.5247924327850342,0.5427947640419006,-0.10021106898784637,0.11742028594017029,0.45647740364074707,-0.08313202112913132,0.4704521894454956,0.4712940454483032,-0.11266807466745377,0.22577236592769623,0.3997264504432678,-0.05360906943678856,0.21270786225795746,0.39139068126678467,-0.05408061295747757,0.14325860142707825,0.38319599628448486,-0.008843999356031418,0.10549873113632202,0.46737492084503174,-0.05456667020916939,0.19974538683891296,0.3814321756362915,-0.029717259109020233,0.10266247391700745,0.4896884858608246,-0.08287037909030914,0.08807656168937683,0.5127022862434387,-0.04627539962530136,0.5888903737068176,0.48690977692604065,-0.11069808900356293,0.5613700151443481,0.5069981217384338,-0.11823536455631256,0.5422558784484863,0.5225254893302917,-0.11525387316942215,0.5037695169448853,0.45851218700408936,-0.09438609331846237,0.5217134952545166,0.544729471206665,-0.10182931274175644,0.5376678109169006,0.5411096811294556,-0.10366746038198471,0.5277877449989319,0.5410274267196655,-0.09885242581367493,0.5178730487823486,0.43274301290512085,-0.12773077189922333,0.5575658082962036,0.5233407616615295,-0.10340485721826553,0.5777038931846619,0.5114980936050415,-0.10394060611724854,0.6015962362289429,0.4977218806743622,-0.09818266332149506,0.6443953514099121,0.5561568140983582,-0.09445889294147491,0.6154645681381226,0.5205791592597961,-0.10685379803180695,0.6119601726531982,0.5119308829307556,-0.10632960498332977,0.6065391302108765,0.5036361813545227,-0.09803152829408646,0.6017107367515564,0.4981521964073181,-0.0902542918920517,0.5583263039588928,0.5242606997489929,-0.09696172177791595,0.5577929615974426,0.5290576219558716,-0.10250677913427353,0.5566105842590332,0.5356349349021912,-0.10875935852527618,0.5553457736968994,0.5425472855567932,-0.11054305732250214,0.47673413157463074,0.5277957916259766,-0.11922532320022583,0.15287183225154877,0.6898189187049866,-0.008379603736102581,0.5692569613456726,0.41925397515296936,-0.09391600638628006,0.5425323247909546,0.5329602360725403,-0.09669860452413559,0.5406299233436584,0.5364946126937866,-0.10057071596384048,0.5344083309173584,0.4500390887260437,-0.09585510194301605,0.48267555236816406,0.4789584279060364,-0.09162349998950958,0.5284819602966309,0.4493262767791748,-0.09346216917037964,0.3789535462856293,0.4669813811779022,-0.07653508335351944,0.35412806272506714,0.49545592069625854,-0.10279495269060135,0.4518367648124695,0.4709550738334656,-0.10660102218389511,0.08282351493835449,0.4350961744785309,-0.02396540902554989,0.14134418964385986,0.4239405691623688,-0.04820176959037781,0.15595760941505432,0.42272141575813293,-0.07208126038312912,0.5522557497024536,0.583135724067688,-0.11192260682582855,0.28522631525993347,0.359186589717865,-0.025446100160479546,0.2566325068473816,0.3496426045894623,0.00031361199216917157,0.20586593449115753,0.3431791067123413,0.026384150609374046,0.21992625296115875,0.4995763897895813,-0.0806729644536972,0.17387664318084717,0.5533141493797302,-0.0938793271780014,0.3272714912891388,0.42941993474960327,-0.015663495287299156,0.15767720341682434,0.49808624386787415,-0.08381523191928864,0.4019085466861725,0.4269194006919861,-0.05249587073922157,0.48980048298835754,0.43557190895080566,-0.13095548748970032,0.18535810708999634,0.5808674097061157,-0.09975793212652206,0.20002247393131256,0.5515638589859009,-0.10867156833410263,0.23939496278762817,0.535735011100769,-0.10641976445913315,0.28889068961143494,0.502159595489502,-0.08416333794593811,0.3203555941581726,0.4743853211402893,-0.060526032000780106,0.34248560667037964,0.4519757032394409,-0.04352540150284767,0.41670119762420654,0.3884982168674469,-0.039898935705423355,0.22976508736610413,0.6025537848472595,-0.12053380906581879,0.13601799309253693,0.5095045566558838,-0.08647872507572174,0.5655938386917114,0.41191360354423523,-0.12700580060482025,0.418813556432724,0.4505153298377991,-0.07496394217014313,0.06578019261360168,0.6287441253662109,0.006820682901889086,0.35734787583351135,0.43260204792022705,-0.029494071379303932,0.44273462891578674,0.4801638126373291,-0.08506004512310028,0.18039606511592865,0.4995231628417969,-0.07328756153583527,0.4688605070114136,0.43594077229499817,-0.11923044174909592,0.21222706139087677,0.7153666019439697,-0.028040912002325058,0.32159292697906494,0.42575088143348694,-0.008932012133300304,0.48730748891830444,0.40980303287506104,-0.12562592327594757,0.4380451440811157,0.6842336654663086,-0.11234776675701141,0.4512444734573364,0.7180401086807251,-0.10166490077972412,0.18397347629070282,0.6515092849731445,-0.06484120339155197,0.3680841028690338,0.6965208053588867,-0.10699652880430222,0.09103578329086304,0.552234947681427,-0.03840920701622963,0.630792498588562,0.6374272704124451,-0.12165342271327972,0.5606077909469604,0.4234957695007324,-0.09802503883838654,0.4081362783908844,0.4733782708644867,-0.08538941293954849,0.13229501247406006,0.5517355799674988,-0.07330890744924545,0.2417488843202591,0.4769296944141388,-0.0680408701300621,0.2667709290981293,0.46431687474250793,-0.05966395139694214,0.5340608358383179,0.5461596846580505,-0.10603657364845276,0.2688620686531067,0.6308126449584961,-0.12194643169641495,0.7088886499404907,0.628487765789032,-0.10775607079267502,0.5924192070960999,0.6772909164428711,-0.11234113574028015,0.5308697819709778,0.6973294615745544,-0.10842105746269226,0.31699904799461365,0.32118910551071167,0.043042853474617004,0.7570054531097412,0.5972340106964111,-0.0751427486538887,0.28756168484687805,0.45163893699645996,-0.044666558504104614,0.3055146336555481,0.43857401609420776,-0.02851932682096958,0.3165653944015503,0.43004897236824036,-0.015225774608552456,0.11437010765075684,0.5204578042030334,-0.07602095603942871,0.2941446006298065,0.43171969056129456,-0.02663896046578884,0.26881498098373413,0.44248732924461365,-0.041935864835977554,0.24407261610031128,0.4555288255214691,-0.05640103667974472,0.2198001891374588,0.4705794155597687,-0.06736084818840027,0.20528697967529297,0.4815777838230133,-0.07052446156740189,0.03926718235015869,0.5831525921821594,-0.002095302101224661,0.22273486852645874,0.48504093289375305,-0.07097367942333221,0.5730071663856506,0.4392751455307007,-0.08117978274822235,0.4932188391685486,0.5020365715026855,-0.1144104078412056,0.49926167726516724,0.450922429561615,-0.10751346498727798,0.5424134135246277,0.4604714512825012,-0.10227137058973312,0.405591756105423,0.37051135301589966,-0.0022191964089870453,0.5063969492912292,0.6719967126846313,-0.11146387457847595,0.5669171810150146,0.6572667956352234,-0.11521337926387787,0.6934092044830322,0.6103430986404419,-0.11621695756912231,0.3739795982837677,0.731697678565979,-0.08287695795297623,0.31267648935317993,0.42725735902786255,-0.016072776168584824,0.43750572204589844,0.4077684283256531,-0.06907305121421814,0.744471549987793,0.5789144039154053,-0.08569071441888809,0.6525898575782776,0.6543295383453369,-0.11857423931360245,0.23381376266479492,0.6785300970077515,-0.07600614428520203,0.5783679485321045,0.5123190879821777,-0.09661128371953964,0.58014976978302,0.5179939866065979,-0.10373464226722717,0.5823252201080322,0.5256639122962952,-0.11094633489847183,0.5844615697860718,0.5341312289237976,-0.11258047074079514,0.5969313383102417,0.5734714269638062,-0.11024419218301773,0.5364546179771423,0.5338136553764343,-0.1048954576253891,0.5291128158569336,0.5351616740226746,-0.11030308157205582,0.5216512680053711,0.5360620617866516,-0.11473631858825684,0.4687258303165436,0.555526614189148,-0.12182196974754333,0.32655227184295654,0.5996401906013489,-0.1391235738992691,0.4088427722454071,0.40653789043426514,-0.043396517634391785,0.33373895287513733,0.40176644921302795,0.002670725341886282,0.3178834915161133,0.41377395391464233,-0.006520862691104412,0.542303740978241,0.532189130783081,-0.10107990354299545,0.36143240332603455,0.6496859788894653,-0.12509223818778992,0.35907986760139465,0.3873969316482544,-0.01085599884390831,0.6009239554405212,0.5960366129875183,-0.11204002797603607,0.49320951104164124,0.37574225664138794,-0.08218572288751602,0.448100209236145,0.38900047540664673,-0.06531830877065659,0.46450746059417725,0.3748873472213745,-0.053315117955207825,0.450231671333313,0.4321804940700531,-0.08921774476766586,0.7252664566040039,0.56142657995224,-0.08891803026199341,0.6993054151535034,0.5475247502326965,-0.08136436343193054,0.6566908359527588,0.5734760761260986,-0.10177681595087051,0.49909475445747375,0.6090551614761353,-0.1167638972401619,0.4360446035861969,0.5028623938560486,-0.09883122891187668,0.549109160900116,0.6078172922134399,-0.11445480585098267,0.3795398473739624,0.5366243720054626,-0.13068777322769165,0.4327230155467987,0.5288795232772827,-0.11726080626249313,0.38327842950820923,0.5776251554489136,-0.137067511677742,0.6760135889053345,0.5910651087760925,-0.1162363812327385,0.4379420578479767,0.4536537528038025,-0.08864769339561462,0.4948710501194,0.6397637724876404,-0.11942759901285172,0.5542105436325073,0.6309193968772888,-0.11596555262804031,0.4539024829864502,0.6013625860214233,-0.1286401003599167,0.3061157166957855,0.6551960706710815,-0.11912048608064651,0.4235950708389282,0.6345677971839905,-0.12931813299655914,0.29238903522491455,0.696756899356842,-0.09085099399089813,0.433675080537796,0.5614694356918335,-0.12799163162708282,0.4278646409511566,0.42931389808654785,-0.07170642912387848,0.5086878538131714,0.43408578634262085,-0.1336670070886612,0.4871373772621155,0.4565263092517853,-0.11881718039512634,0.5136083364486694,0.41248077154159546,-0.13946551084518433,0.2968395948410034,0.39930981397628784,-0.013611973263323307,0.24301794171333313,0.41453200578689575,-0.04243537411093712,0.20201385021209717,0.4342230558395386,-0.06743527203798294,0.17195749282836914,0.4569731652736664,-0.08374074101448059,0.15578435361385345,0.47799259424209595,-0.08847129344940186,0.16920560598373413,0.5152541399002075,-0.0761706680059433,0.1414615511894226,0.6234357357025146,-0.05768276005983353,0.20998787879943848,0.522782564163208,-0.08799606561660767,0.24311742186546326,0.5103234648704529,-0.08454684913158417,0.2794683575630188,0.48781391978263855,-0.07171144336462021,0.3101777732372284,0.4644860625267029,-0.05108294263482094,0.33110207319259644,0.4453275203704834,-0.030189573764801025,0.34504517912864685,0.4308488070964813,-0.01760455034673214,0.10609306395053864,0.6613355278968811,0.004956619814038277,0.48620545864105225,0.4648376703262329,-0.108860544860363,0.4637095630168915,0.4079446792602539,-0.09440692514181137,0.5349202156066895,0.4150879979133606,-0.1377720683813095,0.5485459566116333,0.4206200838088989,-0.12232077866792679,0.5332170724868774,0.42260855436325073,-0.12848705053329468,0.49278920888900757,0.4687555730342865,-0.09715895354747772,0.5566254258155823,0.41658899188041687,-0.12620700895786285,0.5530490875244141,0.4271903336048126,-0.10111112147569656,0.3320421576499939,0.4198053479194641,-0.002722281264141202,0.3518119752407074,0.41481146216392517,-0.004614780656993389,0.364005982875824,0.41238778829574585,-0.017298240214586258,0.1970292180776596,0.48861169815063477,-0.07100676000118256,0.17224526405334473,0.4896552562713623,-0.07866419851779938,0.5087726712226868,0.3702964186668396,-0.05707155540585518,0.48874348402023315,0.34022098779678345,0.19595348834991455,0.5775588154792786,0.4087737202644348,-0.07654371857643127,0.4296455979347229,0.3236238956451416,0.41330739855766296,0.47072452306747437,0.36468350887298584,0.12286539375782013,0.48309943079948425,0.35993432998657227,0.14081503450870514,0.493621826171875,0.3547340929508209,0.16203734278678894,0.4976136088371277,0.342001736164093,0.20259878039360046,0.45829904079437256,0.36730146408081055,0.10771749168634415,0.44924408197402954,0.3277055323123932,0.14973877370357513,0.4377775490283966,0.33504951000213623,0.12882430851459503,0.4630065858364105,0.3240365982055664,0.17116986215114594,0.4752861559391022,0.3249814808368683,0.18816883862018585,0.5171343684196472,0.345724493265152,0.21862736344337463,0.7505888938903809,0.520139217376709,0.007510712835937738,0.48876601457595825,0.3354467451572418,0.20957891643047333,0.5069479942321777,0.3617710471153259,0.37501177191734314,0.5142567753791809,0.3344495892524719,0.2635636031627655,0.5851801633834839,0.38714563846588135,0.0679374560713768,0.6308029890060425,0.44674497842788696,-0.06717785447835922,0.6414263248443604,0.4643764793872833,-0.06341187655925751,0.650735080242157,0.4366854429244995,-0.029693571850657463,0.6636472344398499,0.4325287342071533,0.007986895740032196,0.6533787846565247,0.4546368718147278,-0.03213781118392944,0.6614905595779419,0.4478922188282013,0.00041852088179439306,0.7035963535308838,0.46652472019195557,0.05544634163379669,0.5853734612464905,0.385046124458313,-0.11288192868232727,0.5701684355735779,0.37296614050865173,-0.11145941913127899,0.477242648601532,0.3105541467666626,0.2236807942390442,0.5082625150680542,0.379800409078598,0.053113847970962524,0.5937907695770264,0.3839465081691742,-0.016393855214118958,0.5802679061889648,0.3818083107471466,-0.004806292708963156,0.6099846363067627,0.37518805265426636,0.15280593931674957,0.5396331548690796,0.36970198154449463,-0.08638930320739746,0.44023141264915466,0.3100477457046509,0.14510859549045563,0.4586682915687561,0.3069325089454651,0.18720762431621552,0.4116648733615875,0.2983280420303345,0.3610275685787201,0.40900492668151855,0.3429979085922241,0.04998018220067024,0.43204420804977417,0.3448273539543152,0.11836162209510803,0.6906357407569885,0.4475668966770172,0.08188692480325699,0.6469644904136658,0.49556636810302734,0.3516957759857178,0.5885989665985107,0.3996005654335022,-0.02480209432542324,0.5803045034408569,0.41181719303131104,-0.052087392657995224,0.6778343319892883,0.4351091980934143,0.06873614341020584,0.6729743480682373,0.4385030269622803,0.05301438271999359,0.4523722529411316,0.29773616790771484,0.21235501766204834,0.5954456329345703,0.39425575733184814,-0.008835096843540668,0.4228017330169678,0.3207961618900299,0.09878867119550705,0.4126148819923401,0.31090015172958374,0.1029379665851593,0.3587813973426819,0.27982255816459656,0.2130206823348999,0.43601882457733154,0.2945898771286011,0.27204984426498413,0.3862084150314331,0.29009437561035156,0.1522185355424881,0.4744982123374939,0.3029901385307312,0.2580951452255249,0.4558503031730652,0.31308484077453613,0.32416439056396484,0.637465238571167,0.4550871253013611,-0.06660719960927963,0.6530849933624268,0.4456918239593506,-0.03151101619005203,0.6631927490234375,0.4401274025440216,0.0016350604128092527,0.5854548215866089,0.40631985664367676,-0.029837634414434433,0.6754814386367798,0.43684250116348267,0.0595378503203392,0.6763690710067749,0.44474053382873535,0.03203723579645157,0.6710124015808105,0.440066933631897,0.04973237216472626,0.5877019762992859,0.38991668820381165,-0.05581742152571678,0.6586830615997314,0.45418646931648254,-0.0003306662547402084,0.652272641658783,0.46186935901641846,-0.02799808792769909,0.6417877078056335,0.4714576303958893,-0.05599008873105049,0.7039979696273804,0.5176384449005127,-0.05262191221117973,0.6673399209976196,0.4857548773288727,-0.061605632305145264,0.6610521078109741,0.47894829511642456,-0.06005852669477463,0.6509964466094971,0.47374171018600464,-0.051542650908231735,0.6414461135864258,0.471630334854126,-0.04675889015197754,0.6583177447319031,0.45461153984069824,0.006450892426073551,0.6670907139778137,0.45386701822280884,0.0013603050028905272,0.6759322881698608,0.45390766859054565,-0.0015871517825871706,0.6836252808570862,0.45532774925231934,0.005764758680015802,0.6509360074996948,0.4215691089630127,0.02929523028433323,0.5500771403312683,0.4449627995491028,0.4462001919746399,0.6634153723716736,0.44788652658462524,0.032942622900009155,0.6703078746795654,0.44613590836524963,0.0298058670014143,0.5823994874954224,0.41991108655929565,-0.057370517402887344,0.5953208208084106,0.4087029695510864,-0.008205619640648365,0.5816670656204224,0.41589438915252686,-0.05550055578351021,0.5304956436157227,0.379453182220459,0.07442962378263474,0.5637007355690002,0.37477415800094604,0.10196473449468613,0.5855606198310852,0.389953076839447,0.006241939961910248,0.3883266746997833,0.2831316590309143,0.2908291816711426,0.41164475679397583,0.2878285050392151,0.21535523235797882,0.4310353696346283,0.2997324466705322,0.16270898282527924,0.710838794708252,0.48168402910232544,0.02553090639412403,0.3930206298828125,0.3270113170146942,0.05476246029138565,0.3570900857448578,0.3016875982284546,0.09523093700408936,0.32390087842941284,0.2878497838973999,0.13814577460289001,0.49884164333343506,0.34845009446144104,0.1846025437116623,0.5378004312515259,0.3485965132713318,0.24282091856002808,0.4489401578903198,0.3677494525909424,0.1052994504570961,0.48989903926849365,0.325469434261322,0.2239726334810257,0.489177405834198,0.37675511837005615,0.03735768795013428,0.5865361094474792,0.3774638772010803,-0.045436467975378036,0.5641959309577942,0.3618636131286621,0.2831524908542633,0.5457813739776611,0.35795968770980835,0.20844721794128418,0.5419108867645264,0.3677471876144409,0.16231510043144226,0.5203328132629395,0.376911997795105,0.12151308357715607,0.49836093187332153,0.3804142475128174,0.0954350158572197,0.4810492694377899,0.38143157958984375,0.07327716797590256,0.4530524015426636,0.3682103753089905,-0.0015691264998167753,0.6075117588043213,0.3788064122200012,0.2617277503013611,0.4949028491973877,0.321169376373291,0.24955646693706512,0.582675039768219,0.40197503566741943,-0.10812893509864807,0.5320626497268677,0.3838039040565491,0.033939506858587265,0.47075241804122925,0.3896922469139099,0.474408894777298,0.4656502604484558,0.3803596496582031,0.06158456578850746,0.5806705951690674,0.3965219259262085,0.028232516720891,0.4923402667045593,0.333904504776001,0.2193830907344818,0.569616973400116,0.3758092522621155,-0.03250172734260559,0.5968098044395447,0.47005805373191833,0.407146155834198,0.44226640462875366,0.36435627937316895,0.11816743016242981,0.5539470314979553,0.37081605195999146,-0.061888862401247025,0.72480309009552,0.4883033037185669,0.17465826869010925,0.7259187698364258,0.5206363201141357,0.20743754506111145,0.5912376046180725,0.40586036443710327,0.35247352719306946,0.7006865739822388,0.47480231523513794,0.23000004887580872,0.4763665795326233,0.33686068654060364,0.3588402569293976,0.7709463834762573,0.535344660282135,0.01475061010569334,0.5745159387588501,0.41547927260398865,-0.08659171313047409,0.5548461079597473,0.3875129520893097,0.04959816858172417,0.5216283202171326,0.3346193730831146,0.3016863763332367,0.48231732845306396,0.3485545516014099,0.16620948910713196,0.473337858915329,0.353787362575531,0.14767979085445404,0.6817805171012878,0.44390037655830383,0.03984738141298294,0.6422363519668579,0.4027261734008789,0.24646776914596558,0.7825134992599487,0.5705219507217407,-0.02728400193154812,0.7715677618980408,0.5409432649612427,0.08729755133390427,0.7537537217140198,0.5315592885017395,0.1432315856218338,0.46292322874069214,0.3578706979751587,0.13232102990150452,0.4519950747489929,0.36116647720336914,0.12378460168838501,0.4454273581504822,0.36341574788093567,0.12159309536218643,0.4951907694339752,0.316464364528656,0.28610849380493164,0.44302597641944885,0.35236260294914246,0.1290104240179062,0.44941234588623047,0.34441760182380676,0.13819487392902374,0.45895373821258545,0.33842748403549194,0.15317019820213318,0.4704524874687195,0.33507609367370605,0.1708013266324997,0.4793069362640381,0.334663450717926,0.1845947951078415,0.4461095631122589,0.3527183532714844,0.4540034532546997,0.4867286682128906,0.34416258335113525,0.18328410387039185,0.6296741962432861,0.4179508090019226,-0.0019231553887948394,0.5901815295219421,0.39422017335891724,-0.03314301744103432,0.5985857248306274,0.42629382014274597,-0.05630287528038025,0.7462117671966553,0.5047008395195007,0.12106675654649734,0.7575100660324097,0.5206286907196045,0.0681004598736763,0.7703628540039062,0.5542223453521729,-0.04193505644798279,0.6916458606719971,0.511640727519989,0.280416876077652,0.44200244545936584,0.35990941524505615,0.1230933666229248,0.4990823566913605,0.3724566102027893,-0.008520265109837055,0.7833716869354248,0.5527291893959045,0.029681120067834854,0.629920482635498,0.4319927990436554,0.3238503932952881,0.651882529258728,0.462198406457901,-0.019233841449022293,0.6617032289505005,0.4626584053039551,-0.02326943539083004,0.6716457009315491,0.4652394652366638,-0.02687755413353443,0.6798352599143982,0.47009485960006714,-0.023732131347060204,0.712673544883728,0.498565673828125,-0.010221695527434349,0.6675515174865723,0.44236037135124207,0.030765008181333542,0.6707905530929565,0.437208890914917,0.03824516013264656,0.6729074716567993,0.43197235465049744,0.043954093009233475,0.6724073886871338,0.4313904643058777,0.06381314247846603,0.650076150894165,0.4021897315979004,0.1734428107738495,0.4693141579627991,0.37236618995666504,0.01923011988401413,0.42777347564697266,0.3598557114601135,0.0831448957324028,0.4336549639701843,0.3579931855201721,0.10972102731466293,0.6637833118438721,0.4474967420101166,0.028809674084186554,0.6892766356468201,0.44003012776374817,0.19313661754131317,0.42455822229385376,0.3643512725830078,0.036449480801820755,0.726633608341217,0.5103787183761597,-0.0013702077558264136,0.48227399587631226,0.36939477920532227,-0.03271469101309776,0.5410616397857666,0.3787451386451721,-0.00971054658293724,0.7222945690155029,0.528494656085968,-0.04914327338337898,0.713344931602478,0.47052592039108276,0.07600067555904388,0.6035256385803223,0.40210074186325073,0.044232096523046494,0.7239362001419067,0.49162164330482483,0.038501568138599396,0.6240935325622559,0.3915662169456482,0.09401074051856995,0.6328554153442383,0.4081653952598572,0.062242258340120316,0.6586002111434937,0.4093710780143738,0.12042785435914993,0.7502373456954956,0.5390941500663757,-0.04667076840996742,0.553507387638092,0.3845445513725281,0.011634591035544872,0.7311493158340454,0.4815589189529419,0.1015409380197525,0.7399642467498779,0.5030578970909119,0.05428091809153557,0.6969254016876221,0.44852668046951294,0.10369303822517395,0.6694903373718262,0.4264588952064514,0.2351064532995224,0.7054556608200073,0.45200806856155396,0.13880345225334167,0.6657141447067261,0.45606529712677,0.28956934809684753,0.6630080938339233,0.42157047986984253,0.08469316363334656,0.5152460932731628,0.37838804721832275,0.014421893283724785,0.5909073352813721,0.3838315010070801,-0.05560019612312317,0.5958517789840698,0.3892117738723755,-0.029510516673326492,0.5794696807861328,0.37316271662712097,-0.07661603391170502,0.42309999465942383,0.3457038700580597,0.09751079231500626,0.43214088678359985,0.330049991607666,0.12060829997062683,0.44651177525520325,0.32089048624038696,0.145439013838768,0.4623866677284241,0.31700560450553894,0.17452897131443024,0.4765191376209259,0.31856590509414673,0.20082852244377136,0.5024101138114929,0.33481720089912415,0.23579107224941254,0.5508118271827698,0.38254815340042114,0.37022632360458374,0.5194755792617798,0.35261571407318115,0.19620558619499207,0.514837384223938,0.3608304262161255,0.1638263463973999,0.5005631446838379,0.36785587668418884,0.13313931226730347,0.48285147547721863,0.37227657437324524,0.11024663597345352,0.46798059344291687,0.3743683695793152,0.09165221452713013,0.45675140619277954,0.3748975992202759,0.08120108395814896,0.5057899951934814,0.41989603638648987,0.47107067704200745,0.5943554639816284,0.3972325325012207,-0.021213408559560776,0.5251083374023438,0.37236249446868896,-0.03177442029118538,0.589279055595398,0.38225191831588745,-0.0880030170083046,0.582294225692749,0.4003382921218872,-0.0936138778924942,0.58659827709198,0.39022839069366455,-0.07782705128192902,0.5913636684417725,0.4066491723060608,-0.02353586070239544,0.5843316316604614,0.400326669216156,-0.10264602303504944,0.5775643587112427,0.4122905731201172,-0.0815417468547821,0.44073745608329773,0.36647117137908936,0.10271624475717545,0.44298726320266724,0.37183818221092224,0.0727575421333313,0.447415828704834,0.37537240982055664,0.04685826599597931,0.48504579067230225,0.3351021111011505,0.19626982510089874,0.4850716292858124,0.32779812812805176,0.20620299875736237,0.25589194893836975,0.4619865417480469,-0.04909837245941162,0.2792537212371826,0.44800713658332825,-0.04909837245941162,0.24219466745853424,0.4521639049053192,-0.04909837245941162,0.23180171847343445,0.4762195348739624,-0.04909837245941162,0.2692062556743622,0.47186407446861267,-0.04909837245941162,0.46247345209121704,0.34918951988220215,0.1558566689491272,0.47427940368652344,0.34372657537460327,0.1558566689491272,0.44917356967926025,0.33888429403305054,0.1558566689491272,0.450531929731369,0.35451701283454895,0.1558566689491272,0.4755023121833801,0.3593529462814331,0.1558566689491272,0,0,0,0,0,1,0,0,0,0,0,0,0.04672125354409218,0.04218273609876633,0.08260876685380936,0.05212389677762985,0.028587840497493744,0.05110548809170723,0.08456568419933319,0.09485922753810883,0.0721815675497055,0.09956157952547073,0.7547653913497925,0.21989363431930542,Happiness,-6.404880523681641,-20.393712997436523
221,7.366666666666666,32.93276005325013,-5.151120425634578,0.6208747704462678,0.5629432797431946,0.4428998529911041,-0.09366830438375473,0.5362882614135742,0.3819059133529663,-0.12197218835353851,0.5406901836395264,0.4223255217075348,-0.07975489646196365,0.45564958453178406,0.39314591884613037,-0.08942754566669464,0.5181727409362793,0.3726951777935028,-0.12264113128185272,0.4915664494037628,0.37428197264671326,-0.105498768389225,0.4168136715888977,0.3872399926185608,-0.025117872282862663,0.2566487491130829,0.5288693308830261,-0.07039391994476318,0.3783106505870819,0.3808143734931946,0.007831236347556114,0.35829514265060425,0.3694358468055725,0.01574188470840454,0.2676037549972534,0.34528887271881104,0.07243593782186508,0.5704723000526428,0.44636070728302,-0.0938279926776886,0.5776017904281616,0.45112189650535583,-0.08973808586597443,0.5816439390182495,0.45513129234313965,-0.0833858773112297,0.6186650991439819,0.4694752097129822,-0.07077362388372421,0.630058765411377,0.473944753408432,-0.07737759500741959,0.6424304246902466,0.4800023138523102,-0.08410120010375977,0.6521111726760864,0.48645639419555664,-0.08257114887237549,0.6922661066055298,0.5020834803581238,-0.06934045255184174,0.5432990789413452,0.39651596546173096,-0.11470165848731995,0.5223066806793213,0.42274126410484314,-0.10159589350223541,0.10836133360862732,0.6037930846214294,-0.025246519595384598,0.32432273030281067,0.4877015948295593,-0.048326507210731506,0.31061050295829773,0.5037151575088501,-0.0654609352350235,0.29319217801094055,0.5197010040283203,-0.076201893389225,0.2546955347061157,0.5387179255485535,-0.07929586619138718,0.33277958631515503,0.4734134078025818,-0.027938643470406532,0.25307416915893555,0.4836718738079071,-0.06176571175456047,0.27569401264190674,0.46759629249572754,-0.03818283602595329,0.23491181433200836,0.5023239850997925,-0.07424057275056839,0.22664327919483185,0.5182576775550842,-0.07820165902376175,0.25523465871810913,0.5565036535263062,-0.08532553166151047,0.6533591747283936,0.5893758535385132,-0.11849416792392731,0.24179869890213013,0.5341200232505798,-0.06906828284263611,0.1891520768404007,0.6440473198890686,-0.04814615100622177,0.22252920269966125,0.5673881769180298,-0.07910958677530289,0.4167726933956146,0.5090166330337524,-0.10532376915216446,0.5368254780769348,0.4645816683769226,-0.11182504892349243,0.5573419332504272,0.47230392694473267,-0.10638657212257385,0.520216703414917,0.49209606647491455,-0.12299929559230804,0.5124309659004211,0.5113316178321838,-0.12215567380189896,0.540507972240448,0.4926155209541321,-0.11488573998212814,0.5299720168113708,0.5083919763565063,-0.11073534190654755,0.5574507713317871,0.5755960941314697,-0.1130356416106224,0.5232670307159424,0.39451634883880615,-0.13169297575950623,0.5040988326072693,0.3876817226409912,-0.13418734073638916,0.1861710399389267,0.5292895436286926,-0.09353809058666229,0.40204885601997375,0.4601900577545166,-0.058426570147275925,0.46922680735588074,0.4609268605709076,-0.11996077746152878,0.45450830459594727,0.46335431933403015,-0.11177448183298111,0.35932034254074097,0.5686979293823242,-0.13665013015270233,0.47964543104171753,0.3887500762939453,-0.11726444959640503,0.21870021522045135,0.4760851263999939,-0.07499179244041443,0.19492261111736298,0.5040634274482727,-0.08928921818733215,0.10523521900177002,0.5499425530433655,-0.031247084960341454,0.31613391637802124,0.4180911183357239,-0.021385421976447105,0.29836148023605347,0.4572632312774658,-0.017624981701374054,0.5187842845916748,0.577018141746521,-0.12253117561340332,0.3966464102268219,0.7592608332633972,-0.06044573336839676,0.49138343334198,0.45607393980026245,-0.10119229555130005,0.5092399716377258,0.4455808997154236,-0.08927614241838455,0.516565203666687,0.5372812747955322,-0.10921517014503479,0.522679328918457,0.532551646232605,-0.10321725904941559,0.17195840179920197,0.5069867372512817,-0.08212157338857651,0.4728684425354004,0.47363215684890747,-0.11101216077804565,0.25818848609924316,0.44791993498802185,-0.05119738727807999,0.24206191301345825,0.44157740473747253,-0.051304515451192856,0.16446056962013245,0.43393808603286743,-0.013907014392316341,0.14805622398853302,0.519629716873169,-0.054304998368024826,0.21071642637252808,0.42295515537261963,-0.02666870877146721,0.16527557373046875,0.5366327166557312,-0.08302079141139984,0.14567279815673828,0.5677865147590637,-0.047715574502944946,0.5473968982696533,0.46869945526123047,-0.1118101105093956,0.5300804376602173,0.4925263822078705,-0.1202862486243248,0.5209421515464783,0.5100219249725342,-0.11777102947235107,0.49747684597969055,0.4569505453109741,-0.09258143603801727,0.5198240280151367,0.5348834991455078,-0.10514182597398758,0.5388683080673218,0.534438967704773,-0.10517796128988266,0.5250833630561829,0.5306169986724854,-0.1020270362496376,0.49972444772720337,0.4297558069229126,-0.12430968135595322,0.5360599756240845,0.5069234371185303,-0.1065274327993393,0.5477466583251953,0.4921267032623291,-0.10698617994785309,0.5634263753890991,0.4743633568286896,-0.10082878917455673,0.6658828258514404,0.5274761915206909,-0.08840329945087433,0.6243913173675537,0.5106486678123474,-0.10227002948522568,0.6159170866012573,0.5033034682273865,-0.10300404578447342,0.6054090857505798,0.4952566623687744,-0.09598419815301895,0.597460150718689,0.48926258087158203,-0.08860757946968079,0.559079647064209,0.5177192091941833,-0.0971645787358284,0.5595811605453491,0.5230928659439087,-0.10211930423974991,0.5604392886161804,0.5303064584732056,-0.10796521604061127,0.5618390440940857,0.5370894074440002,-0.10990989953279495,0.49955666065216064,0.5252035856246948,-0.12057026475667953,0.2629069983959198,0.7386370301246643,-0.016284918412566185,0.5423712134361267,0.4101507067680359,-0.09123591333627701,0.5433177351951599,0.5254369378089905,-0.09821145981550217,0.5412009954452515,0.5296273231506348,-0.1019059494137764,0.5215345025062561,0.4439566731452942,-0.09362077713012695,0.48641788959503174,0.47987863421440125,-0.09048468619585037,0.5160362720489502,0.4444750249385834,-0.09141527116298676,0.394338458776474,0.4826166331768036,-0.07611016184091568,0.3795812129974365,0.5124744772911072,-0.10307594388723373,0.4573216140270233,0.4758254885673523,-0.10501047968864441,0.12286977469921112,0.49321210384368896,-0.02974776364862919,0.1687537282705307,0.47165682911872864,-0.04639262706041336,0.19863873720169067,0.474262535572052,-0.06997130811214447,0.5913566946983337,0.5666531324386597,-0.11145949363708496,0.2915867567062378,0.4081382751464844,-0.02289225347340107,0.25428470969200134,0.3856669068336487,0.003935740329325199,0.21209433674812317,0.38702285289764404,0.022001875564455986,0.27280348539352417,0.5330727696418762,-0.08043525367975235,0.2534556984901428,0.5778137445449829,-0.09610746800899506,0.336674302816391,0.46313774585723877,-0.01573922671377659,0.21651320159435272,0.5384168028831482,-0.08395630866289139,0.40358489751815796,0.44111889600753784,-0.050934676080942154,0.47681543231010437,0.4356350302696228,-0.1273595243692398,0.2556694746017456,0.6200374364852905,-0.10340229421854019,0.2766839861869812,0.5748715400695801,-0.11007337272167206,0.30708011984825134,0.5570552945137024,-0.10704893618822098,0.3377031981945038,0.5231625437736511,-0.08467835932970047,0.3539440929889679,0.4964069724082947,-0.060474298894405365,0.36400777101516724,0.47573786973953247,-0.04293384775519371,0.4055633544921875,0.40352189540863037,-0.03728163614869118,0.3013347387313843,0.6354349255561829,-0.12479246407747269,0.20057347416877747,0.5497851967811584,-0.08672156929969788,0.5350949168205261,0.40298157930374146,-0.12284550070762634,0.4244442582130432,0.46120238304138184,-0.07331793010234833,0.1663776934146881,0.6896131038665771,-0.0013842128682881594,0.3700536787509918,0.4580993354320526,-0.028806397691369057,0.45329636335372925,0.486594021320343,-0.08450891822576523,0.23461611568927765,0.5396940112113953,-0.0740530788898468,0.46062183380126953,0.4390459656715393,-0.11578639596700668,0.32216009497642517,0.7555407881736755,-0.03450963273644447,0.3280061185359955,0.462301641702652,-0.008775640279054642,0.4687657952308655,0.4111533463001251,-0.12082862854003906,0.5186901688575745,0.6833479404449463,-0.11827503144741058,0.5358801484107971,0.7166413068771362,-0.10352359712123871,0.2770923376083374,0.6931994557380676,-0.07247389853000641,0.45926445722579956,0.707176923751831,-0.11460063606500626,0.16119445860385895,0.6067323684692383,-0.04172937199473381,0.6757638454437256,0.6080199480056763,-0.1225181594491005,0.5351635217666626,0.4154542088508606,-0.09542923420667648,0.4214113652706146,0.4844721257686615,-0.08418800681829453,0.2116856724023819,0.5824488401412964,-0.07638809084892273,0.2840649485588074,0.512459397315979,-0.06756076961755753,0.29973387718200684,0.49896520376205444,-0.05908666551113129,0.5364444255828857,0.5393685102462769,-0.10789276659488678,0.3454396426677704,0.6578423380851746,-0.12745219469070435,0.7373283505439758,0.5873280167579651,-0.10415498167276382,0.6498904228210449,0.6528521776199341,-0.11103343963623047,0.6011487245559692,0.682660698890686,-0.10859060287475586,0.30305618047714233,0.35147303342819214,0.04660549387335777,0.770483672618866,0.5510175824165344,-0.0711292177438736,0.3104586601257324,0.4865671396255493,-0.044200096279382706,0.31888481974601746,0.4743773341178894,-0.028379084542393684,0.325167179107666,0.46624675393104553,-0.015208391472697258,0.18342328071594238,0.5601019263267517,-0.07737238705158234,0.30451005697250366,0.469683438539505,-0.02490833029150963,0.28645455837249756,0.48036646842956543,-0.039959218353033066,0.2703542411327362,0.4932495355606079,-0.054155491292476654,0.25560852885246277,0.5085977911949158,-0.0652625560760498,0.24784913659095764,0.5201560854911804,-0.06903782486915588,0.12695127725601196,0.6481287479400635,-0.009903432801365852,0.2698187232017517,0.5220022201538086,-0.07065720111131668,0.5533374547958374,0.4271259903907776,-0.07919338345527649,0.503835916519165,0.49901512265205383,-0.11403661221265793,0.490401953458786,0.449723482131958,-0.10503263771533966,0.5328024625778198,0.45150041580200195,-0.10036562383174896,0.39344415068626404,0.3891916275024414,0.00027012309874407947,0.5761798620223999,0.660211443901062,-0.11593292653560638,0.6254451870918274,0.6369744539260864,-0.11771858483552933,0.7220816612243652,0.5723758339881897,-0.11529944092035294,0.47096896171569824,0.743524968624115,-0.08570170402526855,0.32001349329948425,0.46426403522491455,-0.015197386965155602,0.427730917930603,0.41748714447021484,-0.0659242570400238,0.7575434446334839,0.5357275009155273,-0.08417302370071411,0.6960065960884094,0.620960533618927,-0.11601386964321136,0.3304847478866577,0.712774395942688,-0.08445394784212112,0.5778439044952393,0.5055777430534363,-0.09573433548212051,0.5813443660736084,0.5119059085845947,-0.10240738838911057,0.5872759819030762,0.520060658454895,-0.10880871117115021,0.5939832329750061,0.5277456641197205,-0.10993809252977371,0.6284602880477905,0.5511327385902405,-0.10703568160533905,0.5241957902908325,0.5215674042701721,-0.10777515172958374,0.5172173976898193,0.5241414904594421,-0.11317677050828934,0.5104185342788696,0.5262200832366943,-0.11752015352249146,0.5043373703956604,0.5518925189971924,-0.12421388924121857,0.3865980803966522,0.6173995733261108,-0.14207857847213745,0.40366724133491516,0.4212350845336914,-0.041389305144548416,0.33692508935928345,0.4390774667263031,0.004018493928015232,0.3243367373943329,0.4520018398761749,-0.005854479502886534,0.5292434692382812,0.5190966725349426,-0.1044413223862648,0.4364173710346222,0.6610994935035706,-0.13017675280570984,0.3582906723022461,0.4212643504142761,-0.008919664658606052,0.6371772289276123,0.5721718072891235,-0.10964718461036682,0.4663122892379761,0.379524290561676,-0.07730836421251297,0.4316529631614685,0.3987163305282593,-0.061592116951942444,0.44236040115356445,0.3837278485298157,-0.04916008189320564,0.44498056173324585,0.4386034905910492,-0.08638419955968857,0.7352684140205383,0.5216130018234253,-0.08599086850881577,0.7100670337677002,0.5117714405059814,-0.07693257927894592,0.6799590587615967,0.5420932173728943,-0.09793124347925186,0.5501626133918762,0.5993247628211975,-0.1189674362540245,0.4540649950504303,0.5085529088973999,-0.09798714518547058,0.5947350263595581,0.590973973274231,-0.11427240073680878,0.413531094789505,0.5475999712944031,-0.13033340871334076,0.4595647156238556,0.5327227115631104,-0.1170283779501915,0.4307851195335388,0.5865322947502136,-0.13828620314598083,0.700782299041748,0.5561015009880066,-0.11395270377397537,0.44124293327331543,0.46128222346305847,-0.08671989291906357,0.5548462867736816,0.6298357248306274,-0.12252574414014816,0.6055286526679993,0.6125342845916748,-0.11734846234321594,0.506144642829895,0.5987054109573364,-0.1313721090555191,0.387764573097229,0.675838053226471,-0.12535926699638367,0.48823779821395874,0.6359630823135376,-0.1327737271785736,0.38998496532440186,0.7206959128379822,-0.09945614635944366,0.47288087010383606,0.5633100271224976,-0.12913425266742706,0.4259583055973053,0.43939781188964844,-0.06948160380125046,0.4920647442340851,0.43198859691619873,-0.12993714213371277,0.4816756248474121,0.45666593313217163,-0.11633681505918503,0.4903219938278198,0.40984469652175903,-0.1344635784626007,0.30900809168815613,0.44182032346725464,-0.011352878995239735,0.27072396874427795,0.4594779908657074,-0.04014813154935837,0.24124778807163239,0.4798668622970581,-0.06575474888086319,0.22034186124801636,0.501825749874115,-0.08251417428255081,0.21028824150562286,0.5219098925590515,-0.08773490786552429,0.230457603931427,0.5515660643577576,-0.07760995626449585,0.2302711009979248,0.6704678535461426,-0.06426024436950684,0.2727082669734955,0.5518039464950562,-0.08905641734600067,0.29867300391197205,0.5365520119667053,-0.08487588167190552,0.3219265043735504,0.513777494430542,-0.07165361940860748,0.33857277035713196,0.49139389395713806,-0.05046668276190758,0.348300039768219,0.4738709628582001,-0.03000544384121895,0.35520127415657043,0.4602614939212799,-0.017554454505443573,0.21336480975151062,0.7165148258209229,-0.0029895626939833164,0.4842875599861145,0.4650663733482361,-0.10699159651994705,0.4493746757507324,0.413369357585907,-0.09056739509105682,0.5086835622787476,0.40964454412460327,-0.1332598179578781,0.5223263502120972,0.4140154719352722,-0.11845708638429642,0.5096380710601807,0.41763344407081604,-0.12455733865499496,0.4916427731513977,0.4684300422668457,-0.09551597386598587,0.5281392931938171,0.4087855815887451,-0.12218540906906128,0.5292170643806458,0.4200599193572998,-0.0984872430562973,0.3375464379787445,0.45508521795272827,-0.0028103089425712824,0.355852335691452,0.44663313031196594,-0.004396543372422457,0.3690500855445862,0.44093436002731323,-0.016431035473942757,0.24421662092208862,0.5278877019882202,-0.07030666619539261,0.22536896169185638,0.5313692688941956,-0.07773157209157944,0.47919419407844543,0.3726992607116699,-0.05246215686202049,0.47585180401802063,0.3480973243713379,0.19564206898212433,0.5487488508224487,0.4004114270210266,-0.07373099774122238,0.43162721395492554,0.34808751940727234,0.4051308333873749,0.4593585729598999,0.37712621688842773,0.1237676739692688,0.47190770506858826,0.3696914315223694,0.14159196615219116,0.48187148571014404,0.3621683716773987,0.16219031810760498,0.4826306700706482,0.34965038299560547,0.20189592242240906,0.44654393196105957,0.38140225410461426,0.10828839987516403,0.4388315677642822,0.3400721848011017,0.1508324295282364,0.4266452491283417,0.3497830033302307,0.13009639084339142,0.4519716799259186,0.3342745006084442,0.1717870831489563,0.46294528245925903,0.33389097452163696,0.1887197196483612,0.5011773109436035,0.3509206771850586,0.217351496219635,0.7468099594116211,0.4822787344455719,0.008551429957151413,0.4745218753814697,0.3436291813850403,0.2091715931892395,0.5049118995666504,0.375640869140625,0.37019675970077515,0.4941183924674988,0.34160345792770386,0.26127704977989197,0.5613321661949158,0.38086754083633423,0.06925763189792633,0.5790208578109741,0.4208779036998749,-0.06742756813764572,0.5944745540618896,0.432992160320282,-0.06540560722351074,0.6008356213569641,0.40470051765441895,-0.030849523842334747,0.6175724267959595,0.396246075630188,0.005664090160280466,0.6083329916000366,0.41910600662231445,-0.03486468270421028,0.6198002696037292,0.40968459844589233,-0.0029233985114842653,0.6938639283180237,0.438266783952713,0.052562057971954346,0.5458754301071167,0.3752289116382599,-0.10779224336147308,0.529839277267456,0.36554116010665894,-0.10565965622663498,0.46380022168159485,0.3184981644153595,0.22321061789989471,0.48928481340408325,0.3844325840473175,0.05423269420862198,0.5597432255744934,0.37567007541656494,-0.013598961755633354,0.5481703281402588,0.375593364238739,-0.0021747543942183256,0.5876944661140442,0.36871761083602905,0.15171319246292114,0.5041930675506592,0.3672381043434143,-0.08084140717983246,0.43293988704681396,0.3209577798843384,0.14625881612300873,0.4489428997039795,0.3158961534500122,0.18737450242042542,0.4049012064933777,0.32408326864242554,0.35329827666282654,0.400906503200531,0.35829463601112366,0.0517861507833004,0.419882208108902,0.3611454963684082,0.1192779466509819,0.6769022941589355,0.42288827896118164,0.07764983177185059,0.6726576089859009,0.4833260476589203,0.3485909402370453,0.5590940117835999,0.3915802538394928,-0.02288038656115532,0.5532410144805908,0.4035271406173706,-0.050339482724666595,0.6446620225906372,0.3941192030906677,0.06395980715751648,0.6411008238792419,0.3993546962738037,0.048624712973833084,0.4410181939601898,0.3083212375640869,0.21178825199604034,0.5647267699241638,0.38535410165786743,-0.006517922040075064,0.41622865200042725,0.3335892856121063,0.10030940920114517,0.4061029851436615,0.32487624883651733,0.10503186285495758,0.3425418734550476,0.3096936345100403,0.20664192736148834,0.4186916649341583,0.31536898016929626,0.27047404646873474,0.3640594184398651,0.31519120931625366,0.15411369502544403,0.45828884840011597,0.3125852942466736,0.25707128643989563,0.44496026635169983,0.3325854539871216,0.3217107653617859,0.5878453254699707,0.42615556716918945,-0.06786741316318512,0.6054396629333496,0.41160568594932556,-0.033528346568346024,0.6193132400512695,0.40236854553222656,-0.001183628453873098,0.5574996471405029,0.3982211947441101,-0.02780125103890896,0.643000602722168,0.3968676030635834,0.054876647889614105,0.6543903350830078,0.40705835819244385,0.029320139437913895,0.6394065618515015,0.40151697397232056,0.04535467550158501,0.5535233020782471,0.3821255564689636,-0.052045535296201706,0.6190721988677979,0.4155631363391876,-0.004141737706959248,0.6091556549072266,0.42566177248954773,-0.031379904597997665,0.5970331430435181,0.43881887197494507,-0.058791615068912506,0.7075859308242798,0.48262009024620056,-0.04685796797275543,0.6702022552490234,0.4626346230506897,-0.057044293731451035,0.6596411466598511,0.4573442041873932,-0.056961435824632645,0.6456800699234009,0.4532639980316162,-0.04972846060991287,0.6338415145874023,0.45175158977508545,-0.04499467462301254,0.6451784372329712,0.4244738817214966,0.005718971602618694,0.6532700061798096,0.4220965802669525,0.0008212948450818658,0.6629560589790344,0.4199257493019104,-0.0010549372527748346,0.6716616153717041,0.419161856174469,0.006168704014271498,0.6271334886550903,0.4015246331691742,0.027801504358649254,0.5763444900512695,0.45225977897644043,0.44083088636398315,0.6436805725097656,0.4137992858886719,0.03022105060517788,0.6494432687759399,0.4102790653705597,0.027242818847298622,0.5562684535980225,0.40998440980911255,-0.05515528470277786,0.5683800578117371,0.39905640482902527,-0.006228691432625055,0.5549206733703613,0.4068124294281006,-0.05357185751199722,0.5108976364135742,0.3812852203845978,0.0751018077135086,0.5414782762527466,0.37311995029449463,0.10209327191114426,0.5560868382453918,0.3824000358581543,0.0085041718557477,0.3750595450401306,0.31082683801651,0.28343820571899414,0.3912130296230316,0.3107118606567383,0.2154070883989334,0.4227447509765625,0.31201794743537903,0.16371779143810272,0.703685998916626,0.4498528838157654,0.025170359760522842,0.38575616478919983,0.3437787890434265,0.05730993673205376,0.337054967880249,0.3288857042789459,0.09846382588148117,0.30945292115211487,0.32028770446777344,0.13302551209926605,0.48554277420043945,0.35550498962402344,0.18408778309822083,0.5201660394668579,0.3519471287727356,0.2407374531030655,0.43701356649398804,0.3830464482307434,0.10566870123147964,0.474273145198822,0.3331634998321533,0.22349591553211212,0.47002822160720825,0.3839045763015747,0.038805145770311356,0.5495051145553589,0.3700330853462219,-0.041577037423849106,0.5521552562713623,0.3647681176662445,0.2799782454967499,0.5321199893951416,0.35846754908561707,0.20722395181655884,0.5311405658721924,0.3676001727581024,0.16202624142169952,0.51003098487854,0.3798452913761139,0.12148679047822952,0.4877501130104065,0.3868454396724701,0.09599336236715317,0.47033360600471497,0.3902261555194855,0.07374010235071182,0.4330533742904663,0.3804919719696045,0.0010849443497136235,0.5956411361694336,0.37415844202041626,0.2583673894405365,0.4771583676338196,0.32876133918762207,0.24817314743995667,0.5487442016601562,0.3917738199234009,-0.10380486398935318,0.5097649097442627,0.3844195008277893,0.035634495317935944,0.4889923334121704,0.41122543811798096,0.46712756156921387,0.45547932386398315,0.3909965455532074,0.062422022223472595,0.5552582144737244,0.38962870836257935,0.0300922729074955,0.4768821895122528,0.3421357274055481,0.21863476932048798,0.5351195335388184,0.3709934651851654,-0.028804942965507507,0.6242783665657043,0.46782612800598145,0.4028380811214447,0.4300011694431305,0.38095176219940186,0.11838784068822861,0.5183883905410767,0.3671831786632538,-0.057091355323791504,0.7270308136940002,0.46021345257759094,0.16916662454605103,0.7367899417877197,0.4927437901496887,0.20690296590328217,0.5957232713699341,0.4049132764339447,0.34590786695480347,0.7074166536331177,0.45182591676712036,0.2231266051530838,0.4704759120941162,0.3548191785812378,0.3547528088092804,0.7692822217941284,0.4945962131023407,0.014591419138014317,0.5463501811027527,0.40636706352233887,-0.08394812047481537,0.5326331257820129,0.3848989009857178,0.05093315988779068,0.4982512891292572,0.3429616093635559,0.2986137866973877,0.471863329410553,0.35749679803848267,0.16654902696609497,0.4633604884147644,0.3649113178253174,0.1483049839735031,0.6592105627059937,0.40438762307167053,0.03674785792827606,0.6343767642974854,0.39135217666625977,0.24200156331062317,0.785057783126831,0.5246208906173706,-0.02323203533887863,0.7708545923233032,0.5026556849479675,0.08920281380414963,0.7569681406021118,0.4977111220359802,0.1437467634677887,0.4524320662021637,0.3713952898979187,0.13277770578861237,0.44057679176330566,0.37647250294685364,0.1241670474410057,0.4334929883480072,0.3796067237854004,0.12161921709775925,0.4744449555873871,0.32583287358283997,0.28420373797416687,0.4293964207172394,0.36792048811912537,0.12967605888843536,0.4356074631214142,0.3582848906517029,0.13898076117038727,0.44567403197288513,0.3498963713645935,0.15390701591968536,0.4574061632156372,0.3444232940673828,0.17146922647953033,0.46602863073349,0.3430926203727722,0.18519526720046997,0.4562820792198181,0.3765875995159149,0.44621041417121887,0.47514379024505615,0.35220587253570557,0.18334221839904785,0.6032984256744385,0.40046417713165283,-0.0017467638244852424,0.5587546825408936,0.38618016242980957,-0.030432559549808502,0.5736362934112549,0.41185683012008667,-0.05457329377532005,0.7452021241188049,0.4715137779712677,0.11652824282646179,0.7554851770401001,0.48426058888435364,0.06573086231946945,0.7731046676635742,0.51033616065979,-0.040634188801050186,0.7104222774505615,0.4906289279460907,0.2783719301223755,0.42917728424072266,0.3761242926120758,0.12335243076086044,0.47435882687568665,0.3773951828479767,-0.005579295102506876,0.7821992635726929,0.5099611878395081,0.032686516642570496,0.638385534286499,0.4229872226715088,0.31639745831489563,0.6427019834518433,0.4371004104614258,-0.01873795874416828,0.653052568435669,0.4362896680831909,-0.022365035489201546,0.665776789188385,0.4372403919696808,-0.02474217675626278,0.6771115064620972,0.4402821660041809,-0.02086920291185379,0.7096715569496155,0.464128315448761,-0.007369535975158215,0.630116879940033,0.403117299079895,0.026306692510843277,0.6316787600517273,0.39749675989151,0.033805001527071,0.6320691108703613,0.39211171865463257,0.03974664583802223,0.6528593301773071,0.40887391567230225,0.060524437576532364,0.6355270147323608,0.388378381729126,0.17027750611305237,0.44981247186660767,0.38249140977859497,0.020964473485946655,0.41592493653297424,0.37679362297058105,0.08336487412452698,0.4210391044616699,0.37494805455207825,0.11033862084150314,0.6280027031898499,0.40814968943595886,0.024416448548436165,0.6835507154464722,0.4187714457511902,0.18827448785305023,0.4147651493549347,0.3795187473297119,0.03818904981017113,0.7237248420715332,0.4751957058906555,0.0008788182167336345,0.4572611451148987,0.37658190727233887,-0.029101533815264702,0.5130634903907776,0.37761348485946655,-0.006893390789628029,0.7244220972061157,0.4914036989212036,-0.04509362578392029,0.7039475440979004,0.4416687488555908,0.0728856548666954,0.5788453221321106,0.39205729961395264,0.04524852707982063,0.7173804044723511,0.4593047797679901,0.03820895031094551,0.6012336015701294,0.3802357316017151,0.0944620817899704,0.6100665330886841,0.3935997188091278,0.06212272867560387,0.6403224468231201,0.39273130893707275,0.11911766231060028,0.7509610652923584,0.49822312593460083,-0.04414573684334755,0.52729731798172,0.3820895850658417,0.013916295021772385,0.7236911058425903,0.45067375898361206,0.09761419147253036,0.7344063520431519,0.46902644634246826,0.05286182835698128,0.6848093271255493,0.4237905442714691,0.09970758855342865,0.6660130023956299,0.4093419909477234,0.22966308891773224,0.6966629028320312,0.42669597268104553,0.1346987634897232,0.675876259803772,0.4399965703487396,0.28158053755760193,0.6444791555404663,0.4024849534034729,0.08233631402254105,0.4917175769805908,0.38129183650016785,0.01665371097624302,0.5547197461128235,0.37576285004615784,-0.05167365074157715,0.5626587271690369,0.38042590022087097,-0.026741348206996918,0.5397834777832031,0.36599019169807434,-0.07225074619054794,0.41185981035232544,0.3617851138114929,0.09829048067331314,0.4227941334247589,0.3438290059566498,0.12155575305223465,0.4376606345176697,0.33227425813674927,0.14651034772396088,0.452201783657074,0.326090931892395,0.175400972366333,0.4641905426979065,0.32662081718444824,0.20122337341308594,0.48487722873687744,0.34243112802505493,0.2342185080051422,0.5513384938240051,0.3892468214035034,0.36452457308769226,0.5058408975601196,0.3566935062408447,0.19545844197273254,0.5031209588050842,0.3649154007434845,0.16358916461467743,0.4892987608909607,0.37439966201782227,0.13337144255638123,0.47137701511383057,0.3820810317993164,0.11113066226243973,0.45627185702323914,0.3863334059715271,0.09221481531858444,0.44518396258354187,0.3882244825363159,0.08183728158473969,0.5291666388511658,0.43580353260040283,0.4646124243736267,0.5639783143997192,0.388433039188385,-0.01883888803422451,0.49541717767715454,0.3730085492134094,-0.028207261115312576,0.5503870248794556,0.3732163906097412,-0.08318282663822174,0.5497314929962158,0.39125552773475647,-0.08965077251195908,0.5514326095581055,0.3818281590938568,-0.0735945776104927,0.5634685754776001,0.39766961336135864,-0.02148469351232052,0.5505674481391907,0.39043155312538147,-0.0984983816742897,0.5488711595535278,0.403384804725647,-0.07884963601827621,0.42857685685157776,0.38300222158432007,0.10301315784454346,0.43153655529022217,0.38710856437683105,0.07340767979621887,0.43738365173339844,0.38839784264564514,0.047738801687955856,0.47130540013313293,0.343161404132843,0.196456179022789,0.47091320157051086,0.33605146408081055,0.2061685025691986,0.2814823091030121,0.5027487874031067,-0.04825984686613083,0.29950910806655884,0.48596036434173584,-0.04825984686613083,0.26551568508148193,0.49635085463523865,-0.04825984686613083,0.2632410526275635,0.5196096301078796,-0.04825984686613083,0.2969040274620056,0.5092430114746094,-0.04825984686613083,0.4443231225013733,0.36336207389831543,0.15618741512298584,0.4564172327518463,0.3549301028251648,0.15618741512298584,0.4305851459503174,0.3547576069831848,0.15618741512298584,0.4320393204689026,0.37156975269317627,0.15618741512298584,0.4576966166496277,0.37163081765174866,0.15618741512298584,0,0,0,0,0,1,1,0,0,0,0,0,0.07698576897382736,0.06486906111240387,0.09844575822353363,0.06145615875720978,0.02845301292836666,0.06300891190767288,0.10617076605558395,0.07609038800001144,0.09329347312450409,0.11602425575256348,1.3159759044647217,0.3295714259147644,Neutral,-7.845102310180664,-17.772132873535156
222,7.4,36.10208817471676,-9.814109318027889,0.8646012989969161,0.5529395937919617,0.41446173191070557,-0.10221214592456818,0.5250586867332458,0.37486952543258667,-0.12270063161849976,0.5334876775741577,0.41515740752220154,-0.08300841599702835,0.4435352683067322,0.38830819725990295,-0.08422483503818512,0.5060707330703735,0.36619052290916443,-0.12202128022909164,0.4789961576461792,0.36855465173721313,-0.10278040915727615,0.4043475389480591,0.38362568616867065,-0.015311305411159992,0.2545827031135559,0.5261282324790955,-0.05762489140033722,0.36050522327423096,0.37695497274398804,0.022352607920765877,0.3389659821987152,0.3659036159515381,0.032907359302043915,0.2550099790096283,0.3473708927631378,0.09910532832145691,0.5568414926528931,0.4170665740966797,-0.10309585928916931,0.5593903064727783,0.42230820655822754,-0.09928634762763977,0.5600284337997437,0.42798957228660583,-0.09329286962747574,0.6210119724273682,0.4647442400455475,-0.0823424831032753,0.6337046027183533,0.4685097336769104,-0.08963441103696823,0.6468899250030518,0.4740891456604004,-0.09693600237369537,0.6550894975662231,0.48109138011932373,-0.09623976796865463,0.6868393421173096,0.490342915058136,-0.08367301523685455,0.5333092212677002,0.38936614990234375,-0.11615050584077835,0.5139483213424683,0.4159872531890869,-0.10307244211435318,0.10759136080741882,0.6048165559768677,0.0030814490746706724,0.3180289566516876,0.4873127341270447,-0.03876432776451111,0.3034663796424866,0.5044830441474915,-0.05517607182264328,0.28630954027175903,0.5206648707389832,-0.06503470987081528,0.2545689344406128,0.5361713767051697,-0.06665642559528351,0.32713139057159424,0.47137323021888733,-0.01815115660429001,0.25032955408096313,0.47906073927879333,-0.04808931425213814,0.2726019620895386,0.46199333667755127,-0.02510884962975979,0.2331300675868988,0.4979691505432129,-0.06000622361898422,0.22589783370494843,0.5139129161834717,-0.06382087618112564,0.25344327092170715,0.55677330493927,-0.07300180196762085,0.6495435237884521,0.5783427953720093,-0.13415925204753876,0.2425442337989807,0.5301973223686218,-0.05544224753975868,0.18954096734523773,0.6428061127662659,-0.032817091792821884,0.2279510647058487,0.5629522800445557,-0.06437593698501587,0.41131868958473206,0.5040856599807739,-0.10246049612760544,0.5240458846092224,0.43787816166877747,-0.11919581890106201,0.5370826721191406,0.4453528821468353,-0.11517953127622604,0.505427896976471,0.4694819450378418,-0.1302008479833603,0.4959218502044678,0.4938531517982483,-0.13019952178001404,0.5191696882247925,0.46957850456237793,-0.12349218875169754,0.5092853903770447,0.490103155374527,-0.11989925056695938,0.5579595565795898,0.5659506916999817,-0.12472421675920486,0.5124332904815674,0.3877679705619812,-0.13203907012939453,0.4923815131187439,0.3815430998802185,-0.133043572306633,0.18846234679222107,0.5230033993721008,-0.07385340332984924,0.39372414350509644,0.4564201235771179,-0.05192266404628754,0.46152549982070923,0.45550423860549927,-0.11879776418209076,0.4469277858734131,0.458240807056427,-0.11003150045871735,0.3566839396953583,0.5642417669296265,-0.1310136765241623,0.46758022904396057,0.38330596685409546,-0.11401927471160889,0.21657060086727142,0.46964576840400696,-0.055177632719278336,0.1949724406003952,0.49731481075286865,-0.06847774237394333,0.10147866606712341,0.5516387820243835,-0.0007486633257940412,0.30731526017189026,0.4133561849594116,-0.0054055447690188885,0.29510414600372314,0.4508731961250305,-0.005661269184201956,0.5202496647834778,0.5682096481323242,-0.13168787956237793,0.4006270170211792,0.7536152601242065,-0.0610908642411232,0.4837190806865692,0.4503198564052582,-0.10157807916402817,0.5022820234298706,0.4394228458404541,-0.09073550999164581,0.5018289089202881,0.5300166010856628,-0.11942703276872635,0.5078400373458862,0.5247348546981812,-0.11390680819749832,0.1747017651796341,0.498012900352478,-0.059837691485881805,0.46666455268859863,0.4683048129081726,-0.1107156053185463,0.2533433437347412,0.4421965479850769,-0.03313792869448662,0.23765556514263153,0.43406814336776733,-0.03150605782866478,0.15524552762508392,0.43609192967414856,0.016266394406557083,0.1398601233959198,0.5207122564315796,-0.0296921543776989,0.19753725826740265,0.42428094148635864,-0.0024386055301874876,0.17111723124980927,0.5281286835670471,-0.061886753886938095,0.14082249999046326,0.5679384469985962,-0.024960508570075035,0.5309242010116577,0.4414762854576111,-0.12004661560058594,0.5123683214187622,0.4694373905658722,-0.12841379642486572,0.5024637579917908,0.4920824468135834,-0.12657290697097778,0.49040284752845764,0.4511353373527527,-0.09311601519584656,0.5052111148834229,0.5272945165634155,-0.115611732006073,0.529413104057312,0.5305104851722717,-0.11689992249011993,0.5098638534545898,0.5226883292198181,-0.11267437040805817,0.4904090166091919,0.42352962493896484,-0.12372855097055435,0.5137212872505188,0.48877525329589844,-0.11603274196386337,0.5246198177337646,0.4694187045097351,-0.11606203019618988,0.5406678915023804,0.44878509640693665,-0.11004278808832169,0.6612141132354736,0.515641450881958,-0.10211638361215591,0.6266733407974243,0.5082747936248779,-0.11513151973485947,0.6191918849945068,0.5002651810646057,-0.11508703976869583,0.6080322265625,0.4920129179954529,-0.1074058935046196,0.5987901091575623,0.4858361780643463,-0.09940481930971146,0.553742527961731,0.5146495699882507,-0.10789501667022705,0.5546768307685852,0.520514190196991,-0.11346520483493805,0.5555779337882996,0.5287016034126282,-0.12012933939695358,0.5564963221549988,0.5363732576370239,-0.12247895449399948,0.4977076053619385,0.517166793346405,-0.12630465626716614,0.26752790808677673,0.7350349426269531,-0.00624088803306222,0.5335896015167236,0.40296459197998047,-0.09358737617731094,0.5341202616691589,0.5208874940872192,-0.10906783491373062,0.5321990251541138,0.5252154469490051,-0.11332114040851593,0.5152385830879211,0.4373721182346344,-0.09630060940980911,0.48149365186691284,0.47431492805480957,-0.09179183095693588,0.5094777345657349,0.43811240792274475,-0.09329579025506973,0.38730573654174805,0.47895631194114685,-0.07001376897096634,0.3740133047103882,0.5086361765861511,-0.0965702161192894,0.45098671317100525,0.4706791937351227,-0.10398034006357193,0.11614379286766052,0.49527981877326965,0.001105002244003117,0.15758764743804932,0.4734216034412384,-0.02155676670372486,0.19783714413642883,0.4655911922454834,-0.04853786528110504,0.5899808406829834,0.5559723973274231,-0.12438936531543732,0.2841116189956665,0.40080928802490234,-0.004492816515266895,0.24092824757099152,0.38634419441223145,0.026948953047394753,0.20123951137065887,0.3891794979572296,0.05029923468828201,0.26904457807540894,0.5327085852622986,-0.06851670891046524,0.2519761323928833,0.5802778005599976,-0.0843920186161995,0.33173608779907227,0.4597194194793701,-0.005797058809548616,0.2190100997686386,0.5330727100372314,-0.0680997371673584,0.39406654238700867,0.4373396933078766,-0.04370325431227684,0.4675096869468689,0.4298752546310425,-0.12581680715084076,0.2544947564601898,0.6174712181091309,-0.09233299642801285,0.2677331566810608,0.5821635723114014,-0.10020063072443008,0.2914123833179474,0.5673252940177917,-0.09877289086580276,0.3207373023033142,0.5321353673934937,-0.07683634757995605,0.3382645845413208,0.5027337074279785,-0.05304745212197304,0.348727285861969,0.4800248444080353,-0.03514115512371063,0.39375096559524536,0.3999369740486145,-0.027384765446186066,0.30123454332351685,0.6312682628631592,-0.11756575107574463,0.20525647699832916,0.5436861515045166,-0.06944622844457626,0.5253206491470337,0.39592474699020386,-0.12400204688310623,0.4164760708808899,0.45665961503982544,-0.06908214092254639,0.16963247954845428,0.6889745593070984,0.018604198470711708,0.3553638458251953,0.46037203073501587,-0.020296940580010414,0.44789615273475647,0.48154416680336,-0.08402727544307709,0.23667551577091217,0.5351805686950684,-0.06000377610325813,0.4514845311641693,0.43370112776756287,-0.11333306133747101,0.3267461955547333,0.7508530020713806,-0.02968861348927021,0.3251723349094391,0.45741114020347595,0.0018004169687628746,0.45792028307914734,0.4056951701641083,-0.1178283765912056,0.5183348059654236,0.6750783920288086,-0.12826409935951233,0.5369266271591187,0.7091313600540161,-0.11273346841335297,0.27912405133247375,0.6886489391326904,-0.06544069945812225,0.4600105583667755,0.6992712616920471,-0.12090443819761276,0.1593347042798996,0.606317400932312,-0.02230636030435562,0.6719903349876404,0.5972575545310974,-0.13974405825138092,0.5266034603118896,0.40842464566230774,-0.09756559878587723,0.4149067997932434,0.47994378209114075,-0.08078151196241379,0.22187082469463348,0.5767120122909546,-0.06137002632021904,0.2783069610595703,0.5116040110588074,-0.05603998899459839,0.2937560975551605,0.49808141589164734,-0.04817381128668785,0.525850236415863,0.5357557535171509,-0.11968676745891571,0.3460780084133148,0.6520907878875732,-0.12444757670164108,0.7338528037071228,0.575904130935669,-0.12363570183515549,0.6480503082275391,0.6436111927032471,-0.12606100738048553,0.6005204319953918,0.6742668747901917,-0.12103676050901413,0.2893627882003784,0.35151588916778564,0.06823886930942535,0.7668761014938354,0.5385488271713257,-0.09267573058605194,0.3052612245082855,0.48476314544677734,-0.033530645072460175,0.314861536026001,0.47099554538726807,-0.017794882878661156,0.32179492712020874,0.46197307109832764,-0.004463230259716511,0.19362668693065643,0.5512213110923767,-0.05900740250945091,0.30115318298339844,0.46421730518341064,-0.01344031561166048,0.2826280891895294,0.47598421573638916,-0.02765536867082119,0.26661646366119385,0.48987773060798645,-0.04130040854215622,0.2528999447822571,0.5054726600646973,-0.0519975908100605,0.2463097870349884,0.5168581008911133,-0.05574428290128708,0.12861038744449615,0.6484565138816833,0.014908815734088421,0.26554757356643677,0.520300030708313,-0.05841358006000519,0.5464696884155273,0.41922810673713684,-0.08424804359674454,0.5004444718360901,0.4918784201145172,-0.11829274892807007,0.4820392429828644,0.44398486614227295,-0.10463957488536835,0.5269681215286255,0.44380801916122437,-0.10477772355079651,0.379300057888031,0.3858310580253601,0.012256348505616188,0.5745476484298706,0.6513039469718933,-0.12930135428905487,0.6226553916931152,0.6272285580635071,-0.1333068311214447,0.7177355885505676,0.5608078837394714,-0.13409897685050964,0.473674476146698,0.7368783950805664,-0.090735524892807,0.3165900707244873,0.4589995741844177,-0.004095933400094509,0.41674163937568665,0.41307514905929565,-0.05953643098473549,0.7530961036682129,0.5231931209564209,-0.10439996421337128,0.6932053565979004,0.6105983853340149,-0.13334420323371887,0.33275800943374634,0.7068259716033936,-0.08193957060575485,0.5769580602645874,0.5024986267089844,-0.1063481792807579,0.5809966325759888,0.5097882151603699,-0.11363621801137924,0.587433397769928,0.5191552042961121,-0.12095729261636734,0.5934854745864868,0.5276263356208801,-0.12283322215080261,0.6252700090408325,0.5396636128425598,-0.12041735649108887,0.5051798224449158,0.5090100765228271,-0.11750311404466629,0.49959269165992737,0.5119432806968689,-0.12266211956739426,0.4937604069709778,0.514448881149292,-0.1265856921672821,0.5044708251953125,0.5432996153831482,-0.1313624233007431,0.385955274105072,0.6111019253730774,-0.1405373215675354,0.3929103910923004,0.4175693988800049,-0.032829705625772476,0.3310824930667877,0.43362897634506226,0.01525686401873827,0.3209095001220703,0.44589221477508545,0.005662835203111172,0.5090581178665161,0.506478488445282,-0.11447572708129883,0.43662169575691223,0.6534679532051086,-0.13381972908973694,0.34618160128593445,0.4182393550872803,0.0029413802549242973,0.6337956190109253,0.5608885288238525,-0.12405646592378616,0.45371580123901367,0.37448832392692566,-0.07245072722434998,0.41968560218811035,0.3945084810256958,-0.05402230843901634,0.4298998713493347,0.3793601989746094,-0.041891779750585556,0.43565213680267334,0.43349820375442505,-0.08259259909391403,0.7298762798309326,0.5090734958648682,-0.10426561534404755,0.704582691192627,0.4996170699596405,-0.09318685531616211,0.6752040982246399,0.5300688743591309,-0.1135215163230896,0.5496031045913696,0.5901337265968323,-0.13039644062519073,0.44977447390556335,0.5030337572097778,-0.09831307083368301,0.5928303599357605,0.5808240175247192,-0.1277615875005722,0.4099423885345459,0.5417567491531372,-0.12870453298091888,0.4563799500465393,0.5260134339332581,-0.11916016042232513,0.4291054904460907,0.5796226263046265,-0.1397940069437027,0.6959067583084106,0.5441996455192566,-0.1310727298259735,0.4334944486618042,0.456310898065567,-0.08389557152986526,0.553481936454773,0.6209970116615295,-0.13440808653831482,0.602913498878479,0.602607250213623,-0.13167992234230042,0.5060806274414062,0.5904728174209595,-0.13951605558395386,0.38851621747016907,0.6689876317977905,-0.12597714364528656,0.48777979612350464,0.6280195116996765,-0.14000128209590912,0.39171648025512695,0.7136974930763245,-0.10131785273551941,0.4718518555164337,0.5555828809738159,-0.1333031952381134,0.4164036512374878,0.43484756350517273,-0.06421218812465668,0.48264080286026,0.42591822147369385,-0.12884247303009033,0.47369539737701416,0.4510210454463959,-0.11596035957336426,0.4796842932701111,0.40386319160461426,-0.13271464407444,0.3045601546764374,0.4354478120803833,0.0016595402266830206,0.267075777053833,0.4537609815597534,-0.02512940764427185,0.2385897934436798,0.47467705607414246,-0.049535077065229416,0.21866783499717712,0.4965110421180725,-0.06574098020792007,0.21067127585411072,0.516521155834198,-0.07072185724973679,0.23364688456058502,0.5472139716148376,-0.06319519132375717,0.23160597681999207,0.6675657033920288,-0.05301973223686218,0.266927570104599,0.5545379519462585,-0.07804431766271591,0.28822457790374756,0.541537880897522,-0.0748344287276268,0.31037142872810364,0.518295407295227,-0.06251731514930725,0.3280681371688843,0.4939776659011841,-0.042247433215379715,0.33850497007369995,0.47461575269699097,-0.021196013316512108,0.345620721578598,0.4596053659915924,-0.008768845349550247,0.21739855408668518,0.7144790291786194,0.012400690466165543,0.47732746601104736,0.4594877064228058,-0.10702011734247208,0.43836072087287903,0.40844058990478516,-0.08589837700128555,0.49848371744155884,0.40317273139953613,-0.13287295401096344,0.5132167339324951,0.4071376621723175,-0.11936336755752563,0.5001091957092285,0.4110834002494812,-0.12441261112689972,0.48568016290664673,0.462686687707901,-0.09638608247041702,0.5187390446662903,0.4018212556838989,-0.12328004837036133,0.5208706855773926,0.4131721258163452,-0.10031010955572128,0.33368101716041565,0.45011961460113525,0.007451302837580442,0.34750404953956604,0.4439399242401123,0.005354281049221754,0.3558236360549927,0.4404640197753906,-0.00661823945119977,0.24370980262756348,0.5242735743522644,-0.05680786818265915,0.22631971538066864,0.526696503162384,-0.06339918076992035,0.4667030870914459,0.36720511317253113,-0.04850218817591667,0.4632258117198944,0.34807997941970825,0.20013056695461273,0.5396942496299744,0.39310234785079956,-0.0761229619383812,0.42390063405036926,0.34499743580818176,0.4162972867488861,0.4443986713886261,0.377389132976532,0.12762467563152313,0.4570755660533905,0.3703416585922241,0.14511843025684357,0.46710044145584106,0.36271288990974426,0.16563768684864044,0.4686054289340973,0.34934520721435547,0.20568585395812988,0.4320748746395111,0.3810526728630066,0.11353122442960739,0.4264827072620392,0.33827874064445496,0.15762968361377716,0.41466084122657776,0.3479667901992798,0.13767185807228088,0.4392443895339966,0.332541286945343,0.1782303750514984,0.4498537480831146,0.3324170708656311,0.19467109441757202,0.4840547740459442,0.3505299985408783,0.22019660472869873,0.7415136694908142,0.4698328971862793,-0.011271562427282333,0.46181508898735046,0.3432103395462036,0.21417634189128876,0.4965512454509735,0.3718845248222351,0.3737186789512634,0.47728607058525085,0.33982551097869873,0.2656952440738678,0.5523921847343445,0.37332260608673096,0.06579121202230453,0.5676764249801636,0.39016810059547424,-0.07643872499465942,0.5751250982284546,0.4037187099456787,-0.07588795572519302,0.5873567461967468,0.37471258640289307,-0.041456498205661774,0.6029362678527832,0.3712061047554016,-0.007078693713992834,0.588455855846405,0.39109963178634644,-0.04658875614404678,0.6003108620643616,0.38608527183532715,-0.01630993001163006,0.6889535188674927,0.428469181060791,0.03482484072446823,0.534723699092865,0.36795908212661743,-0.10886488109827042,0.5178062319755554,0.35869744420051575,-0.10541784763336182,0.44939959049224854,0.31498709321022034,0.23309051990509033,0.4796196222305298,0.3785431981086731,0.05665924772620201,0.5503683686256409,0.3680253326892853,-0.01615159958600998,0.5385844111442566,0.36830008029937744,-0.0042550405487418175,0.5782791376113892,0.3616998791694641,0.1477471888065338,0.491719126701355,0.3610570728778839,-0.07880382984876633,0.42182406783103943,0.31745705008506775,0.15884971618652344,0.4364333748817444,0.3121768832206726,0.19924764335155487,0.39518997073173523,0.32166582345962524,0.368256539106369,0.3899599015712738,0.35655492544174194,0.0652085393667221,0.40794846415519714,0.3593940734863281,0.12679548561573029,0.6716973781585693,0.41416680812835693,0.061280280351638794,0.6663796305656433,0.4760739207267761,0.33247771859169006,0.5505759716033936,0.38367193937301636,-0.02593815140426159,0.545207679271698,0.39617544412612915,-0.05311788618564606,0.627000093460083,0.38480669260025024,0.04744555801153183,0.6226235628128052,0.38966408371925354,0.03225594758987427,0.42814281582832336,0.3036552667617798,0.2248671054840088,0.5563665628433228,0.37788867950439453,-0.009846759028732777,0.4059186577796936,0.3307250738143921,0.1134047582745552,0.3957388401031494,0.32114648818969727,0.11982899159193039,0.32981550693511963,0.3095240592956543,0.22783002257347107,0.4071683883666992,0.3117172122001648,0.2854427397251129,0.35048145055770874,0.3124142289161682,0.17285016179084778,0.44307559728622437,0.3081756830215454,0.2679724395275116,0.43470823764801025,0.3289795517921448,0.33362680673599243,0.5727968215942383,0.39553141593933105,-0.0777825117111206,0.5895435214042664,0.3822425305843353,-0.04494813457131386,0.6026281714439392,0.37755724787712097,-0.014387564733624458,0.5494129657745361,0.39063215255737305,-0.03058997169137001,0.6251523494720459,0.3873390853404999,0.03850019723176956,0.6428555250167847,0.398030549287796,0.012584542855620384,0.6201472282409668,0.3915902376174927,0.029165903106331825,0.5437000393867493,0.3744024634361267,-0.0538802333176136,0.59633469581604,0.3935251235961914,-0.017603762447834015,0.5860364437103271,0.4000740647315979,-0.04339469596743584,0.5745720267295837,0.41178280115127563,-0.06966796517372131,0.7014956474304199,0.47104522585868835,-0.06228563189506531,0.6735801696777344,0.45524314045906067,-0.07164203375577927,0.6634179353713989,0.4495497941970825,-0.07089947909116745,0.6479629874229431,0.4462589919567108,-0.06298449635505676,0.6342178583145142,0.44573071599006653,-0.0576065331697464,0.6375281810760498,0.4170454442501068,-0.008952348493039608,0.6469757556915283,0.41393378376960754,-0.01440872810781002,0.6579113006591797,0.4108056128025055,-0.017341824248433113,0.6666510105133057,0.40982431173324585,-0.01079015713185072,0.620498776435852,0.39312654733657837,0.016740169376134872,0.5701325535774231,0.447054922580719,0.4338090121746063,0.6313216090202332,0.4060298800468445,0.014496080577373505,0.6376246213912964,0.4019087553024292,0.01099381037056446,0.5489168763160706,0.40257692337036133,-0.05921377241611481,0.5612061023712158,0.39179158210754395,-0.010638230480253696,0.5472713708877563,0.399457722902298,-0.05675363168120384,0.5019931793212891,0.37486663460731506,0.07580673694610596,0.5325420498847961,0.36609962582588196,0.10142166167497635,0.5472345948219299,0.3751147985458374,0.005527717527002096,0.36343860626220703,0.30935919284820557,0.30147460103034973,0.37869513034820557,0.3072804808616638,0.23221434652805328,0.41150155663490295,0.3074605464935303,0.17770367860794067,0.6981810331344604,0.43919429183006287,0.007219537161290646,0.3755742609500885,0.34083425998687744,0.07310930639505386,0.3232383131980896,0.32744359970092773,0.11863783001899719,0.296434611082077,0.32133257389068604,0.15686726570129395,0.4712168574333191,0.35574424266815186,0.18765704333782196,0.500989556312561,0.3513280749320984,0.24218621850013733,0.42316198348999023,0.38220125436782837,0.11158325523138046,0.45984652638435364,0.3312908411026001,0.2298651486635208,0.4595201313495636,0.3785095512866974,0.04280819371342659,0.5389633178710938,0.36259472370147705,-0.042934756726026535,0.542637825012207,0.3595726490020752,0.2796640992164612,0.5123398303985596,0.3585851788520813,0.20712533593177795,0.5118683576583862,0.3678959608078003,0.16152401268482208,0.49206650257110596,0.38003742694854736,0.1222815066576004,0.4704754948616028,0.38706934452056885,0.09787064045667648,0.4537610709667206,0.3901806175708771,0.07740230858325958,0.42071518301963806,0.3764023184776306,0.009614710696041584,0.5854483246803284,0.368460476398468,0.254043310880661,0.46152886748313904,0.3260624408721924,0.2553976774215698,0.538640022277832,0.3844876289367676,-0.10557114332914352,0.5000928640365601,0.37814897298812866,0.03600289672613144,0.4837011694908142,0.40699276328086853,0.4689355492591858,0.43977266550064087,0.3908143639564514,0.06768196821212769,0.5471928715705872,0.3824635148048401,0.026373248547315598,0.4635661840438843,0.34141355752944946,0.22358933091163635,0.5244698524475098,0.3640100359916687,-0.0294052604585886,0.6178094148635864,0.46185243129730225,0.39144203066825867,0.41692495346069336,0.3797188401222229,0.12486597895622253,0.506534993648529,0.36065873503685,-0.05623484402894974,0.7199459075927734,0.45008736848831177,0.15055716037750244,0.7332207560539246,0.48221006989479065,0.18595728278160095,0.585606575012207,0.4002198576927185,0.3410125970840454,0.6980525255203247,0.4435446262359619,0.206901416182518,0.461561918258667,0.35121670365333557,0.36280202865600586,0.7649356722831726,0.4817599654197693,-0.006797196809202433,0.5374817252159119,0.3991055488586426,-0.0864807665348053,0.5237244367599487,0.37800028920173645,0.049464207142591476,0.48083406686782837,0.3403005003929138,0.30254438519477844,0.45861807465553284,0.3580930531024933,0.17065255343914032,0.4494342505931854,0.36536169052124023,0.1526191681623459,0.647093653678894,0.39518994092941284,0.01957757957279682,0.623616099357605,0.38523322343826294,0.23366974294185638,0.7820562720298767,0.5119485259056091,-0.04630625620484352,0.769007682800293,0.4903450310230255,0.06617049872875214,0.7549586296081543,0.48594388365745544,0.12135141342878342,0.4382997155189514,0.37139588594436646,0.1377684324979782,0.42680075764656067,0.3758656978607178,0.1298254281282425,0.4200872480869293,0.378540962934494,0.12798435986042023,0.45824965834617615,0.3221108317375183,0.29177650809288025,0.41720789670944214,0.36658942699432373,0.1361096054315567,0.4237027168273926,0.3571265935897827,0.14541511237621307,0.43342381715774536,0.3490467369556427,0.15999871492385864,0.4447588324546814,0.34373044967651367,0.1771419495344162,0.453329861164093,0.3425372242927551,0.19038444757461548,0.45014631748199463,0.37311381101608276,0.4530765116214752,0.4623328745365143,0.35258638858795166,0.18753959238529205,0.5966987013816833,0.39231932163238525,-0.010029252618551254,0.5498182773590088,0.3782227039337158,-0.03263159468770027,0.566532552242279,0.40374717116355896,-0.06067948415875435,0.7398872375488281,0.45999079942703247,0.09612405300140381,0.7508800625801086,0.47197839617729187,0.04460274428129196,0.7686903476715088,0.4973915219306946,-0.0618499293923378,0.7051035165786743,0.48184677958488464,0.25964826345443726,0.4165385067462921,0.3747568428516388,0.1299976408481598,0.46258920431137085,0.371902197599411,-0.001195232500322163,0.7799752950668335,0.4974018633365631,0.009239775128662586,0.6276527643203735,0.41759195923805237,0.30746322870254517,0.6394201517105103,0.4302588701248169,-0.032371245324611664,0.6516816020011902,0.428568571805954,-0.036612365394830704,0.6664113998413086,0.42839205265045166,-0.040114592760801315,0.6781539916992188,0.4316413700580597,-0.03709448501467705,0.7037175893783569,0.4528656601905823,-0.02458822727203369,0.610794186592102,0.3859335780143738,0.011531521566212177,0.6139811277389526,0.38003480434417725,0.018882960081100464,0.6156836748123169,0.37405556440353394,0.025045447051525116,0.6468291282653809,0.4004565179347992,0.046772632747888565,0.6252182722091675,0.38135236501693726,0.16162900626659393,0.4383932650089264,0.377694308757782,0.027237920090556145,0.40316617488861084,0.37548187375068665,0.09194884449243546,0.4084373116493225,0.3735320568084717,0.11805504560470581,0.6065343618392944,0.39098918437957764,0.009421981871128082,0.6736565232276917,0.4108197093009949,0.17463426291942596,0.4015044867992401,0.37873226404190063,0.04834596440196037,0.7180432081222534,0.4634477496147156,-0.01749531365931034,0.4449199140071869,0.37169069051742554,-0.022620009258389473,0.5022448897361755,0.37126046419143677,-0.005872695706784725,0.7184869050979614,0.47934144735336304,-0.06250450015068054,0.698561429977417,0.43115469813346863,0.05465858802199364,0.5712283849716187,0.38413310050964355,0.03975404426455498,0.7121396660804749,0.4478946924209595,0.019353872165083885,0.5918875932693481,0.3723320960998535,0.0881057009100914,0.6022210717201233,0.38507556915283203,0.053521301597356796,0.631355345249176,0.38452476263046265,0.10865022987127304,0.7453962564468384,0.4855244755744934,-0.06353000551462173,0.517609715461731,0.37542301416397095,0.01316594798117876,0.718173623085022,0.4394787549972534,0.0786372646689415,0.7292604446411133,0.4570823907852173,0.032947152853012085,0.6785680055618286,0.4142177999019623,0.08347002416849136,0.6551833152770996,0.4025344252586365,0.21816237270832062,0.6891251802444458,0.4171704053878784,0.11879954487085342,0.6651129722595215,0.4334474503993988,0.2685679495334625,0.6372795104980469,0.393777072429657,0.07059698551893234,0.4810260236263275,0.3753625154495239,0.01887764222919941,0.5445535182952881,0.3680044412612915,-0.05320563167333603,0.5535207986831665,0.3725401759147644,-0.02943367324769497,0.5283702611923218,0.3588324785232544,-0.0724344551563263,0.4003329575061798,0.35990065336227417,0.10780787467956543,0.4111005365848541,0.34140104055404663,0.13145363330841064,0.4253963828086853,0.3295244574546814,0.15595358610153198,0.4393908679485321,0.32333245873451233,0.18407636880874634,0.45075857639312744,0.3242226839065552,0.2091578245162964,0.4696195721626282,0.3411593735218048,0.2390364706516266,0.542238712310791,0.3849983215332031,0.363477498292923,0.488875150680542,0.35670197010040283,0.19736962020397186,0.4860978424549103,0.3652111887931824,0.1655036211013794,0.47286108136177063,0.37477773427963257,0.13568684458732605,0.455342561006546,0.38222789764404297,0.1137998029589653,0.44072166085243225,0.38613688945770264,0.09672161936759949,0.4301547706127167,0.38768282532691956,0.08712349086999893,0.5237128734588623,0.4310894310474396,0.46192339062690735,0.5555470585823059,0.3807114362716675,-0.02195829525589943,0.48356154561042786,0.3670816421508789,-0.025687482208013535,0.5395605564117432,0.36575356125831604,-0.08439802378416061,0.5399200916290283,0.3839465081691742,-0.09145276993513107,0.5412344932556152,0.374360591173172,-0.07511136680841446,0.5557377338409424,0.39027905464172363,-0.02498149313032627,0.5405738353729248,0.3831161558628082,-0.10032042860984802,0.5399194955825806,0.3960720896720886,-0.08128175884485245,0.41523367166519165,0.3818783760070801,0.10978806763887405,0.4174194037914276,0.38637107610702515,0.08041559159755707,0.42275193333625793,0.3879774808883667,0.05517751723527908,0.45863932371139526,0.3426448106765747,0.20153792202472687,0.4576883912086487,0.33479297161102295,0.2116541862487793,0.27819395065307617,0.4910251796245575,-0.036295291036367416,0.2936311662197113,0.47565457224845886,-0.036295291036367416,0.26162034273147583,0.48598676919937134,-0.036295291036367416,0.26211267709732056,0.5063177347183228,-0.036295291036367416,0.29401639103889465,0.49608808755874634,-0.036295291036367416,0.4404361844062805,0.35686784982681274,0.16163423657417297,0.45276039838790894,0.3485812544822693,0.16163423657417297,0.4257638454437256,0.3476521372795105,0.16163423657417297,0.4278288781642914,0.3651280403137207,0.16163423657417297,0.4546019434928894,0.3657824397087097,0.16163423657417297,0,0,0,0,0,1,1,0,0,0,0,0,0.10198191553354263,0.07452508807182312,0.11646048724651337,0.06534537672996521,0.03160397708415985,0.06202080100774765,0.11195148527622223,0.07196269929409027,0.0913555771112442,0.12069680541753769,1.0981215238571167,0.3207603693008423,Happiness,-17.900623321533203,-28.035184860229492
223,7.433333333333334,33.95133772877756,-14.614178739911106,1.2966050278260774,0.5274336934089661,0.4509093165397644,-0.06930278986692429,0.46629416942596436,0.3740518093109131,-0.10948287695646286,0.48637130856513977,0.40956246852874756,-0.06347563117742538,0.3869519531726837,0.3973015248775482,-0.09343200922012329,0.44401249289512634,0.3685920834541321,-0.11374050378799438,0.41551101207733154,0.37384527921676636,-0.10250165313482285,0.3368569016456604,0.39741355180740356,-0.04189600795507431,0.26523029804229736,0.5578920841217041,-0.09629987925291061,0.2852921783924103,0.39773207902908325,-0.02170019969344139,0.25816217064857483,0.39075377583503723,-0.020726403221488,0.15989921987056732,0.38905566930770874,0.014879346825182438,0.5347839593887329,0.4501805603504181,-0.06750180572271347,0.5406976342201233,0.44903892278671265,-0.06176374852657318,0.5443819761276245,0.4477327764034271,-0.052386414259672165,0.6378690004348755,0.4492003321647644,-0.04287366569042206,0.649996817111969,0.45021167397499084,-0.045113589614629745,0.6615750789642334,0.4507051408290863,-0.049224138259887695,0.671752393245697,0.44941821694374084,-0.04518900439143181,0.6581708192825317,0.445122092962265,-0.027470558881759644,0.47826308012008667,0.38587185740470886,-0.10083933174610138,0.46992185711860657,0.41463083028793335,-0.08828834444284439,0.14312326908111572,0.67267245054245,-0.07196132838726044,0.3096461296081543,0.4999392330646515,-0.06978204846382141,0.3043055534362793,0.5201534032821655,-0.08611679077148438,0.2956628203392029,0.5411591529846191,-0.09731265902519226,0.26820945739746094,0.5703116655349731,-0.1033344641327858,0.3107292950153351,0.4827514886856079,-0.049670182168483734,0.22971688210964203,0.5188165903091431,-0.09175141900777817,0.24216122925281525,0.49660739302635193,-0.06881772726774216,0.22432707250118256,0.5421434044837952,-0.10382507741451263,0.22770807147026062,0.5591593980789185,-0.10738788545131683,0.2777044177055359,0.5906603932380676,-0.10735727101564407,0.6648634672164917,0.5305854082107544,-0.07012291997671127,0.25411877036094666,0.5665839314460754,-0.096415214240551,0.24191218614578247,0.6859129667282104,-0.07925331592559814,0.24999961256980896,0.6149113178253174,-0.10616368800401688,0.4115242063999176,0.5096447467803955,-0.10159610211849213,0.5124629139900208,0.47163641452789307,-0.08763876557350159,0.5308341383934021,0.4661857485771179,-0.07870963215827942,0.5074971914291382,0.49003419280052185,-0.09927807003259659,0.5101631879806519,0.5000684857368469,-0.10026568919420242,0.5245638489723206,0.4802493751049042,-0.08901354670524597,0.5228780508041382,0.4894447922706604,-0.08685145527124405,0.584773063659668,0.5340772271156311,-0.08545950800180435,0.4606253504753113,0.3886329233646393,-0.11957719922065735,0.4386586546897888,0.38503801822662354,-0.12557362020015717,0.19549749791622162,0.5855948328971863,-0.12878064811229706,0.3642301559448242,0.4687001407146454,-0.06852946430444717,0.44063055515289307,0.4573686122894287,-0.1115993782877922,0.4263685941696167,0.4620943069458008,-0.10606807470321655,0.38838285207748413,0.5746853351593018,-0.13623203337192535,0.4121822714805603,0.3899458646774292,-0.11471862345933914,0.19313231110572815,0.5265483260154724,-0.11162204295396805,0.18825675547122955,0.5591893196105957,-0.12567082047462463,0.11489063501358032,0.6224092841148376,-0.08390937000513077,0.2537989318370819,0.4387231171131134,-0.052726395428180695,0.26047977805137634,0.47904229164123535,-0.04772627353668213,0.5535111427307129,0.5431572198867798,-0.09844022989273071,0.49511903524398804,0.7376432418823242,-0.03950704634189606,0.45831021666526794,0.44873514771461487,-0.09112095087766647,0.46916836500167847,0.43656638264656067,-0.07577790319919586,0.5289931893348694,0.5062143802642822,-0.0869588702917099,0.5327563881874084,0.5006340146064758,-0.08146492391824722,0.1680665761232376,0.5691958665847778,-0.12283820658922195,0.45020821690559387,0.46777474880218506,-0.10107214748859406,0.21281053125858307,0.4870057702064514,-0.08599503338336945,0.19293631613254547,0.48752474784851074,-0.09014139324426651,0.11153356730937958,0.4975898265838623,-0.07090611010789871,0.14058691263198853,0.5839748382568359,-0.10418535023927689,0.15152904391288757,0.4774013161659241,-0.07897137850522995,0.1784563809633255,0.599378764629364,-0.12196256220340729,0.1614556908607483,0.629300594329834,-0.0948626697063446,0.5227765440940857,0.46956244111061096,-0.08607188612222672,0.5165738463401794,0.485610693693161,-0.09549769014120102,0.5164206027984619,0.49527937173843384,-0.09471385180950165,0.4641006290912628,0.4482833445072174,-0.08118576556444168,0.5313513875007629,0.5033884644508362,-0.08311190456151962,0.5548034310340881,0.5015465617179871,-0.08123183995485306,0.5335426330566406,0.49820539355278015,-0.08010293543338776,0.45345109701156616,0.42444950342178345,-0.11470234394073486,0.5258962512016296,0.4848492741584778,-0.08086778968572617,0.5287850499153137,0.47552716732025146,-0.07873514294624329,0.5358904600143433,0.462960422039032,-0.07041746377944946,0.6495410203933716,0.4715275168418884,-0.046813275665044785,0.6511750221252441,0.47636210918426514,-0.06547501683235168,0.6423385739326477,0.47514617443084717,-0.06930531561374664,0.6320362091064453,0.4715867340564728,-0.06490340083837509,0.622374415397644,0.4676385819911957,-0.061494577676057816,0.5788196325302124,0.48752543330192566,-0.07397719472646713,0.5800331830978394,0.49244529008865356,-0.07614797353744507,0.5811879634857178,0.4980940520763397,-0.08061368763446808,0.5828102231025696,0.502225399017334,-0.08156236261129379,0.5089755058288574,0.5030956268310547,-0.10279389470815659,0.3565967082977295,0.7534344792366028,-0.02201632782816887,0.4823031425476074,0.39842307567596436,-0.0761580765247345,0.5584746599197388,0.4926099479198456,-0.07647193223237991,0.5567646622657776,0.497101366519928,-0.07878489047288895,0.48045414686203003,0.4326055347919464,-0.07752223312854767,0.46624991297721863,0.46996891498565674,-0.078102245926857,0.4752843976020813,0.43434232473373413,-0.07676968723535538,0.37051141262054443,0.49096038937568665,-0.08275176584720612,0.3758009672164917,0.5209853053092957,-0.10649969428777695,0.4354153573513031,0.47248542308807373,-0.09792524576187134,0.10290002822875977,0.5640773773193359,-0.08565077930688858,0.135915607213974,0.5340034365653992,-0.09805639088153839,0.17212213575839996,0.5315710306167603,-0.11133811622858047,0.6069795489311218,0.5188073515892029,-0.07962022721767426,0.22127585113048553,0.43886828422546387,-0.06016675382852554,0.17418749630451202,0.4313744604587555,-0.04801545292139053,0.13156117498874664,0.44146963953971863,-0.03531874343752861,0.282867968082428,0.5596797466278076,-0.10278543829917908,0.2854600250720978,0.6174006462097168,-0.11609562486410141,0.3087306022644043,0.4715113639831543,-0.03878925368189812,0.22961971163749695,0.5846741199493408,-0.11434944719076157,0.35443344712257385,0.45064592361450195,-0.0630655586719513,0.4355674386024475,0.4336581826210022,-0.11986804008483887,0.30369025468826294,0.6474447250366211,-0.12078532576560974,0.308530330657959,0.6026212573051453,-0.12485755980014801,0.3295348286628723,0.5740641355514526,-0.11903819441795349,0.34231850504875183,0.5320952534675598,-0.09566184878349304,0.3442775011062622,0.500987708568573,-0.07333149015903473,0.3426089882850647,0.47741952538490295,-0.05763859301805496,0.3350253403186798,0.41504472494125366,-0.05406327173113823,0.36002135276794434,0.6481714248657227,-0.13110150396823883,0.21970447897911072,0.6027123928070068,-0.11932002753019333,0.47417277097702026,0.39372754096984863,-0.10908568650484085,0.38992395997047424,0.46511197090148926,-0.07718460261821747,0.23828370869159698,0.7358300089836121,-0.02952580340206623,0.3377498388290405,0.4585057199001312,-0.046021223068237305,0.43576300144195557,0.4828731417655945,-0.07856175303459167,0.24960793554782867,0.576692521572113,-0.10126901417970657,0.41959643363952637,0.4394288957118988,-0.1116122156381607,0.42292511463165283,0.7525768876075745,-0.027696089819073677,0.29988181591033936,0.4721725285053253,-0.03431343659758568,0.41302525997161865,0.412348210811615,-0.11761128902435303,0.582676887512207,0.641940712928772,-0.08477190881967545,0.6081715822219849,0.6691083312034607,-0.06378372758626938,0.3559904396533966,0.7057955265045166,-0.08149626106023788,0.5360260009765625,0.6743990182876587,-0.08784034848213196,0.19600366055965424,0.6598073244094849,-0.08243000507354736,0.6910601854324341,0.5444991588592529,-0.06813377887010574,0.4785175919532776,0.40515652298927307,-0.08073651790618896,0.4007987380027771,0.4871023893356323,-0.08446051180362701,0.24540582299232483,0.63720703125,-0.104271300137043,0.28225281834602356,0.5353878736495972,-0.09146833419799805,0.29086729884147644,0.5174978971481323,-0.08242588490247726,0.5529592633247375,0.505661129951477,-0.0833304300904274,0.41312935948371887,0.655847430229187,-0.12246073782444,0.7329524159431458,0.5150710940361023,-0.044964972883462906,0.686238169670105,0.5912691950798035,-0.06176482513546944,0.6546952128410339,0.6270480751991272,-0.0640181228518486,0.2010115683078766,0.3874324560165405,-0.004192058462649584,0.743921160697937,0.4754703640937805,-0.011787228286266327,0.29539114236831665,0.5015828013420105,-0.06764402240514755,0.29796549677848816,0.4865865707397461,-0.052520789206027985,0.29962897300720215,0.4769144058227539,-0.0402420349419117,0.2070140242576599,0.6208544969558716,-0.11230961233377457,0.2773810029029846,0.4867604374885559,-0.05327519401907921,0.26374971866607666,0.5028465986251831,-0.06874579936265945,0.2552042305469513,0.5197403430938721,-0.08282825350761414,0.25093206763267517,0.5383934378623962,-0.09370420128107071,0.2513960599899292,0.5515637993812561,-0.09726394712924957,0.18187318742275238,0.7083621025085449,-0.04857710376381874,0.27379873394966125,0.5481311678886414,-0.09542535245418549,0.503818690776825,0.4102449417114258,-0.060436803847551346,0.4976597726345062,0.48151710629463196,-0.09588273614645004,0.454558789730072,0.44345822930336,-0.09611551463603973,0.4995054304599762,0.43522077798843384,-0.08118780702352524,0.30887237191200256,0.40300536155700684,-0.02360018901526928,0.6257713437080383,0.6112833023071289,-0.07533031702041626,0.6594338417053223,0.5803809762001038,-0.06998951733112335,0.7156455516815186,0.5035568475723267,-0.055575355887413025,0.5578211545944214,0.7062183618545532,-0.05422312766313553,0.29165974259376526,0.47669854760169983,-0.04220816120505333,0.3689284324645996,0.4244192838668823,-0.07520610094070435,0.727475106716156,0.4632583260536194,-0.023233182728290558,0.7129698991775513,0.5535671710968018,-0.061270225793123245,0.41652604937553406,0.7091208696365356,-0.08091916143894196,0.6016812920570374,0.4795747697353363,-0.0704626813530922,0.6067198514938354,0.48471325635910034,-0.07392754405736923,0.6125768423080444,0.4901503622531891,-0.07878321409225464,0.6198552846908569,0.4936455190181732,-0.0779789537191391,0.6299223899841309,0.49828076362609863,-0.07016419619321823,0.5252190828323364,0.4960862398147583,-0.08553165942430496,0.5209172964096069,0.5010949373245239,-0.09152308106422424,0.5157409906387329,0.5054293870925903,-0.09617260843515396,0.5285397171974182,0.523915708065033,-0.10531829297542572,0.4370192885398865,0.6094740033149719,-0.1314530074596405,0.3432464301586151,0.43210306763648987,-0.05644345283508301,0.29065749049186707,0.45048171281814575,-0.024196116253733635,0.28686487674713135,0.4654563069343567,-0.034315843135118484,0.5270954370498657,0.49193546175956726,-0.08123819530010223,0.5005119442939758,0.6371646523475647,-0.10904037207365036,0.2999876141548157,0.42871350049972534,-0.03399324044585228,0.6446954011917114,0.516225278377533,-0.06708130240440369,0.38938748836517334,0.38238725066185,-0.08122478425502777,0.3625546991825104,0.40628522634506226,-0.07270371913909912,0.36430811882019043,0.3899143636226654,-0.06028370186686516,0.40053874254226685,0.4409048855304718,-0.08833783119916916,0.7019573450088501,0.4545971751213074,-0.030380142852663994,0.6761357188224792,0.45047783851623535,-0.02804599143564701,0.6664193868637085,0.48216965794563293,-0.0499207079410553,0.5847432613372803,0.5592772960662842,-0.08813713490962982,0.4489983022212982,0.5021715760231018,-0.08918143063783646,0.6182141304016113,0.5421818494796753,-0.07738805562257767,0.43094542622566223,0.5429227352142334,-0.12097221612930298,0.46915203332901,0.5200448036193848,-0.10461512207984924,0.4667782485485077,0.5726707577705383,-0.12321547418832779,0.6905571222305298,0.491947203874588,-0.05971095338463783,0.4089537560939789,0.4623771905899048,-0.08619558811187744,0.5978655815124512,0.5875305533409119,-0.08705426007509232,0.6337136030197144,0.5609123706817627,-0.07464410364627838,0.5465099215507507,0.5673989057540894,-0.10559511929750443,0.459913969039917,0.6615077257156372,-0.1110205128788948,0.5407207012176514,0.6046683192253113,-0.10685190558433533,0.4760925769805908,0.7020390033721924,-0.08362117409706116,0.500036895275116,0.5422491431236267,-0.11199218779802322,0.379033625125885,0.4449995756149292,-0.07619265466928482,0.44831719994544983,0.4278292953968048,-0.12097519636154175,0.4505443572998047,0.4511796832084656,-0.10633891820907593,0.4358164370059967,0.40824761986732483,-0.12644104659557343,0.26152315735816956,0.4622291624546051,-0.043139003217220306,0.23164750635623932,0.4922088086605072,-0.07305258512496948,0.21582156419754028,0.5211537480354309,-0.09837367385625839,0.21023014187812805,0.5483080744743347,-0.11448627710342407,0.21418754756450653,0.5698575973510742,-0.11933688819408417,0.25095945596694946,0.5933095812797546,-0.10483910888433456,0.29764804244041443,0.6985981464385986,-0.08462519198656082,0.29297658801078796,0.5788769721984863,-0.10879187285900116,0.3100513517856598,0.5565098524093628,-0.10238499939441681,0.32120606303215027,0.5272952318191528,-0.08800757676362991,0.32598158717155457,0.500038206577301,-0.06796260178089142,0.32623645663261414,0.4793119430541992,-0.048666175454854965,0.324788361787796,0.4642777740955353,-0.037632983177900314,0.2964840531349182,0.747969388961792,-0.020995141938328743,0.4567071497440338,0.45805078744888306,-0.09646901488304138,0.3913823068141937,0.4172263741493225,-0.0938745066523552,0.4532846212387085,0.40518349409103394,-0.12263772636651993,0.46636831760406494,0.40676799416542053,-0.10566296428442001,0.45664530992507935,0.41222038865089417,-0.11404137313365936,0.46502232551574707,0.4590582847595215,-0.08375877141952515,0.4701175093650818,0.4007101058959961,-0.10864585638046265,0.47504597902297974,0.41086992621421814,-0.08447729051113129,0.3040851354598999,0.46355679631233215,-0.027642585337162018,0.3162320852279663,0.45143380761146545,-0.027487769722938538,0.32496052980422974,0.44292891025543213,-0.03635644167661667,0.2528957426548004,0.5599488019943237,-0.0979141816496849,0.2351142168045044,0.5724657773971558,-0.10634783655405045,0.39665207266807556,0.3728833794593811,-0.05620824173092842,0.3697587549686432,0.3681218922138214,0.17114196717739105,0.48056459426879883,0.38720500469207764,-0.0601392462849617,0.2905566096305847,0.36712124943733215,0.3551884889602661,0.3749086558818817,0.383337140083313,0.10302776098251343,0.3798154890537262,0.3784021735191345,0.12139032036066055,0.3830500841140747,0.37396639585494995,0.14187662303447723,0.3788144588470459,0.37282702326774597,0.17948955297470093,0.36830031871795654,0.38631999492645264,0.08685972541570663,0.34058672189712524,0.3683724105358124,0.1222698912024498,0.33812373876571655,0.3744047284126282,0.10051857680082321,0.3449528217315674,0.36460915207862854,0.14407691359519958,0.3517242670059204,0.36403271555900574,0.1614881306886673,0.39373457431793213,0.37288588285446167,0.19694837927818298,0.6867850422859192,0.4190109372138977,0.05492885783314705,0.36841872334480286,0.3681555390357971,0.18345777690410614,0.37601542472839355,0.3720243275165558,0.34143781661987305,0.3836517333984375,0.3729363679885864,0.23664911091327667,0.46567076444625854,0.36676210165023804,0.07237739861011505,0.5331180691719055,0.4289862811565399,-0.04375286027789116,0.5478383302688599,0.4304914176464081,-0.03834391385316849,0.5467978715896606,0.40792936086654663,-0.007883070036768913,0.5606776475906372,0.393329918384552,0.02548888884484768,0.5557012557983398,0.41492387652397156,-0.010006552562117577,0.5646696090698242,0.4023507535457611,0.01859225146472454,0.6265242099761963,0.3919709026813507,0.07552534341812134,0.46967771649360657,0.36527490615844727,-0.09552978724241257,0.4491933584213257,0.3583821654319763,-0.09701785445213318,0.3387768864631653,0.35736197233200073,0.19176654517650604,0.39860671758651733,0.38254407048225403,0.04522067308425903,0.4740449786186218,0.3622094988822937,-0.004595347214490175,0.4609743654727936,0.3644430339336395,0.0041848476976156235,0.4745103418827057,0.35275429487228394,0.1523052603006363,0.42212361097335815,0.364213764667511,-0.07826089859008789,0.3162596523761749,0.3573814630508423,0.1118558943271637,0.32584434747695923,0.35491877794265747,0.15404434502124786,0.25921645760536194,0.34729355573654175,0.2979816794395447,0.31171247363090515,0.3771277666091919,0.021113725379109383,0.33895498514175415,0.3810129165649414,0.09026578813791275,0.604810357093811,0.3828105330467224,0.09675447642803192,0.5836395025253296,0.4461560845375061,0.36408373713493347,0.4827781915664673,0.37707021832466125,-0.01232533622533083,0.4847184121608734,0.38906562328338623,-0.03666475787758827,0.5914546251296997,0.3766987919807434,0.08110935986042023,0.5903164744377136,0.38316330313682556,0.06540582329034805,0.3147667646408081,0.3531377911567688,0.17416886985301971,0.4829643964767456,0.3706720173358917,0.0039626178331673145,0.31030726432800293,0.3639189600944519,0.06662053614854813,0.29379892349243164,0.36004918813705444,0.06761855632066727,0.20482195913791656,0.34050488471984863,0.14708860218524933,0.27369290590286255,0.3334152400493622,0.22410647571086884,0.23301352560520172,0.33968937397003174,0.10348550975322723,0.33035001158714294,0.3572448492050171,0.22159650921821594,0.3011553883552551,0.34639623761177063,0.27839940786361694,0.5420050024986267,0.4295293688774109,-0.04260809347033501,0.5524401664733887,0.4113730192184448,-0.009634541347622871,0.563194751739502,0.39736407995224,0.01961052231490612,0.48487043380737305,0.38370317220687866,-0.016491616144776344,0.5913117527961731,0.3800410032272339,0.0717436894774437,0.6119709014892578,0.3831633925437927,0.049129460006952286,0.589360237121582,0.3855293393135071,0.06256826967000961,0.4742080271244049,0.3691633343696594,-0.04194606468081474,0.5640684962272644,0.40576308965682983,0.019069720059633255,0.5566704273223877,0.41759753227233887,-0.004401329439133406,0.5506595969200134,0.4316805601119995,-0.028903905302286148,0.6605072617530823,0.425778865814209,-0.006787201855331659,0.6770384907722473,0.42215245962142944,-0.021674279123544693,0.6672767400741577,0.4246284067630768,-0.02401581034064293,0.6546235680580139,0.4272826611995697,-0.019486745819449425,0.6422563791275024,0.429606556892395,-0.018556978553533554,0.6219133734703064,0.4020552933216095,0.026335427537560463,0.627248227596283,0.3971140384674072,0.02383001148700714,0.6337052583694458,0.3905644416809082,0.02336430549621582,0.6391723155975342,0.3847571611404419,0.030857060104608536,0.5505079030990601,0.3741440773010254,0.04334258288145065,0.473694384098053,0.4352587163448334,0.4276343584060669,0.6068955063819885,0.3939089775085449,0.048108991235494614,0.6098442077636719,0.38862502574920654,0.04650971293449402,0.4923592209815979,0.3950376510620117,-0.038805339485406876,0.4941069483757019,0.3833293318748474,0.005913499742746353,0.4886985421180725,0.3920398950576782,-0.038701996207237244,0.41606634855270386,0.37651219964027405,0.0689767599105835,0.4389226734638214,0.3634284734725952,0.09882360696792603,0.47094258666038513,0.36920443177223206,0.016200199723243713,0.2305518239736557,0.3372364044189453,0.22528673708438873,0.25155794620513916,0.33165261149406433,0.1665760725736618,0.3009761571884155,0.3539612889289856,0.12451090663671494,0.6385407447814941,0.398934543132782,0.052641067653894424,0.28741803765296936,0.37092119455337524,0.02077498286962509,0.21798965334892273,0.3582291603088379,0.04748210310935974,0.1826743483543396,0.3568057715892792,0.0743754431605339,0.3831099569797516,0.3726743757724762,0.16329951584339142,0.410124272108078,0.3745473325252533,0.22269484400749207,0.36272627115249634,0.3883679509162903,0.08284127712249756,0.35966381430625916,0.3663155138492584,0.19547134637832642,0.3810955882072449,0.3845527172088623,0.027683114632964134,0.4635225832462311,0.3585270047187805,-0.03338497877120972,0.42370983958244324,0.35402077436447144,0.26425841450691223,0.421445369720459,0.37019407749176025,0.1937399059534073,0.42472919821739197,0.36895155906677246,0.1509208232164383,0.414738267660141,0.375212699174881,0.11090517044067383,0.40150186419487,0.38214394450187683,0.08393482118844986,0.3890172243118286,0.3854961395263672,0.06021656468510628,0.34688135981559753,0.3875322639942169,-0.015429947525262833,0.47207915782928467,0.35761934518814087,0.2534896433353424,0.35802146792411804,0.36486169695854187,0.21908673644065857,0.47981664538383484,0.3794575035572052,-0.08981816470623016,0.4220394790172577,0.37998855113983154,0.032556381076574326,0.3717536926269531,0.4121374785900116,0.43156179785728455,0.3762328028678894,0.38759660720825195,0.04609418660402298,0.4717181324958801,0.37687233090400696,0.03615012392401695,0.36971554160118103,0.37057119607925415,0.1928446739912033,0.44800394773483276,0.3624756634235382,-0.023617634549736977,0.52778160572052,0.44154372811317444,0.403272807598114,0.3573903739452362,0.388286292552948,0.09255104511976242,0.4327363669872284,0.3610248267650604,-0.05339890718460083,0.6424305438995361,0.4060235321521759,0.2012587934732437,0.6625946164131165,0.4373939633369446,0.23998743295669556,0.47631025314331055,0.3850398659706116,0.3393116295337677,0.6126964092254639,0.40501442551612854,0.24980874359607697,0.33371397852897644,0.360602468252182,0.3176538050174713,0.7110435962677002,0.4249844551086426,0.06796658039093018,0.48328983783721924,0.3938058614730835,-0.06904447078704834,0.4425326883792877,0.3760591149330139,0.05099799111485481,0.3901020586490631,0.3774295449256897,0.27313435077667236,0.37046754360198975,0.37064313888549805,0.14365747570991516,0.3686155676841736,0.3746129274368286,0.12558382749557495,0.6138567328453064,0.37787529826164246,0.05702992156147957,0.5166558027267456,0.36770761013031006,0.2480103224515915,0.7426241636276245,0.44931653141975403,0.033589959144592285,0.7118222713470459,0.4352658987045288,0.13374431431293488,0.6916972398757935,0.43511003255844116,0.1820533275604248,0.36498016119003296,0.3791579604148865,0.10985372215509415,0.36054885387420654,0.3832681179046631,0.10014822334051132,0.3586486577987671,0.3865184783935547,0.09637224674224854,0.35507485270500183,0.367509126663208,0.25266510248184204,0.3508506119251251,0.3805393576622009,0.10177817195653915,0.3507908880710602,0.37491461634635925,0.11123787611722946,0.35280150175094604,0.36977171897888184,0.12651695311069489,0.35708263516426086,0.3660523295402527,0.14474770426750183,0.36209988594055176,0.365520715713501,0.1586199402809143,0.3254183232784271,0.3879515528678894,0.40198996663093567,0.3700610399246216,0.3685905933380127,0.15967683494091034,0.5299188494682312,0.37784215807914734,0.015013407915830612,0.4800306260585785,0.37210673093795776,-0.020925302058458328,0.5131019353866577,0.3928924798965454,-0.03575672581791878,0.670275866985321,0.41029590368270874,0.15563702583312988,0.6896470785140991,0.4195690453052521,0.11229952424764633,0.7267887592315674,0.43744415044784546,0.018436862155795097,0.6287657022476196,0.44346073269844055,0.3053371012210846,0.3540137708187103,0.38498425483703613,0.09660905599594116,0.3879622220993042,0.37746936082839966,-0.014021756127476692,0.7300766110420227,0.43805447220802307,0.08357688039541245,0.5256156325340271,0.3943968117237091,0.32227975130081177,0.6359538435935974,0.41420650482177734,0.004946007858961821,0.6453210711479187,0.4092172384262085,0.0043303775601089,0.6554070711135864,0.4042375683784485,0.003260620404034853,0.6649332046508789,0.3994442820549011,0.008115183562040329,0.6509984731674194,0.4097120463848114,0.02553914301097393,0.5756233334541321,0.39137059450149536,0.04480070620775223,0.575638473033905,0.3864572048187256,0.05150807648897171,0.5741775631904602,0.3820872902870178,0.05691147968173027,0.5771331191062927,0.37565428018569946,0.07570292800664902,0.5242998600006104,0.3642158508300781,0.1800343096256256,0.36255860328674316,0.38651275634765625,0.006970013491809368,0.34018760919570923,0.3894152343273163,0.05629640817642212,0.3460478186607361,0.38760972023010254,0.08267436921596527,0.5741247534751892,0.39488163590431213,0.043852947652339935,0.5808844566345215,0.3808553218841553,0.2075861394405365,0.3352564573287964,0.3880387544631958,0.013468894176185131,0.6653311252593994,0.41773420572280884,0.04046783223748207,0.37311556935310364,0.3797755241394043,-0.039842937141656876,0.4270578920841217,0.37209877371788025,-0.007577554788440466,0.6765159368515015,0.4310376048088074,0.0017472805920988321,0.6305225491523743,0.3919232189655304,0.09890538454055786,0.4932888448238373,0.37389713525772095,0.053411975502967834,0.6512064933776855,0.40481144189834595,0.07101987302303314,0.4992756247520447,0.3597278296947479,0.10203055292367935,0.5215730667114258,0.3689339756965637,0.0725327730178833,0.5391961336135864,0.36477944254875183,0.13094738125801086,0.7023947238922119,0.4311304986476898,0.00910312682390213,0.4410018026828766,0.3748784065246582,0.015359017997980118,0.6458866000175476,0.39558112621307373,0.12950734794139862,0.6667273044586182,0.40998131036758423,0.09289748966693878,0.6037694215774536,0.38123631477355957,0.12055055797100067,0.5545454025268555,0.37735193967819214,0.24381257593631744,0.6053205728530884,0.3826577067375183,0.15714076161384583,0.5711111426353455,0.40202319622039795,0.2993759214878082,0.5579702854156494,0.3708667457103729,0.09607162326574326,0.40468645095825195,0.3790266513824463,0.010942116379737854,0.47232586145401,0.3630799353122711,-0.04220643639564514,0.48039987683296204,0.36600038409233093,-0.016163920983672142,0.45535939931869507,0.3567374646663666,-0.0636092945933342,0.3289921283721924,0.3818446695804596,0.06773138791322708,0.3277348577976227,0.3716896176338196,0.08981000632047653,0.33037492632865906,0.36437809467315674,0.11534330248832703,0.33569422364234924,0.3598771393299103,0.14553296566009521,0.34541022777557373,0.360798716545105,0.17205668985843658,0.3770652711391449,0.37234821915626526,0.209077849984169,0.4263016879558563,0.3771130442619324,0.34626784920692444,0.40004751086235046,0.37143057584762573,0.17750872671604156,0.4016454815864563,0.37218791246414185,0.14712144434452057,0.396315336227417,0.3772802948951721,0.11765962839126587,0.38717523217201233,0.38352689146995544,0.09418414533138275,0.3781487047672272,0.3873156011104584,0.07445576041936874,0.36992764472961426,0.38968580961227417,0.06258805841207504,0.421018123626709,0.42787793278694153,0.4392821490764618,0.48520398139953613,0.3733710050582886,-0.007875453680753708,0.4100125730037689,0.370267391204834,-0.03062058798968792,0.46974337100982666,0.3616302013397217,-0.07246451824903488,0.4775533676147461,0.3781867027282715,-0.07669314742088318,0.47329777479171753,0.3691994547843933,-0.06270869821310043,0.4895719885826111,0.3825938105583191,-0.009363453835248947,0.47942423820495605,0.3775027394294739,-0.08487679064273834,0.483008474111557,0.3903067111968994,-0.06453989446163177,0.356308251619339,0.3900388479232788,0.07828692346811295,0.3580845892429352,0.39183270931243896,0.05122245103120804,0.35934048891067505,0.3893084228038788,0.02846800535917282,0.365316241979599,0.36631032824516296,0.17022621631622314,0.35937315225601196,0.3663254380226135,0.1794937551021576,0.26161015033721924,0.5141695737838745,-0.07454341650009155,0.27112066745758057,0.4900926649570465,-0.07454341650009155,0.24055364727973938,0.5117570757865906,-0.07454341650009155,0.2516770362854004,0.5378624200820923,-0.07454341650009155,0.28159233927726746,0.5164267420768738,-0.07454341650009155,0.3456586003303528,0.3683927059173584,0.13076119124889374,0.35066869854927063,0.36135178804397583,0.13076119124889374,0.3287181854248047,0.3643810451030731,0.13076119124889374,0.3405808210372925,0.3756408095359802,0.13076119124889374,0.3623931407928467,0.3724339008331299,0.13076119124889374,0,0,0,0,0,1,1,0,0,0,0,0,0.12965914607048035,0.0800890102982521,0.11029697209596634,0.08703111112117767,0.02621731534600258,0.07076592743396759,0.10621372610330582,0.0923617035150528,0.10895247757434845,0.15166805684566498,0.925567626953125,0.4014337658882141,Sadness,-20.097871780395508,1.9997892379760742
229,7.633333333333334,29.68450259608041,-13.014079668780232,0.9721059316650235,0.5205281376838684,0.45401531457901,-0.07144775241613388,0.4549229145050049,0.3791975677013397,-0.1055792048573494,0.4776001274585724,0.41241076588630676,-0.06367726624011993,0.38046109676361084,0.40049082040786743,-0.0844053104519844,0.4334155321121216,0.37391671538352966,-0.1085357666015625,0.40714049339294434,0.3784216046333313,-0.09609124809503555,0.33555614948272705,0.39965322613716125,-0.03320201858878136,0.25538307428359985,0.5479297637939453,-0.07319745421409607,0.28813114762306213,0.39968782663345337,-0.00970593374222517,0.2621983289718628,0.3931639790534973,-0.0065945470705628395,0.16606377065181732,0.3886038064956665,0.03417816013097763,0.5278080701828003,0.4537811279296875,-0.07011909782886505,0.5338804125785828,0.45338016748428345,-0.06512142717838287,0.5377238988876343,0.452881395816803,-0.056901007890701294,0.6293932199478149,0.4676499664783478,-0.04982956871390343,0.6402865648269653,0.468656986951828,-0.053015634417533875,0.6504820585250854,0.46934303641319275,-0.05824487283825874,0.6586596965789795,0.46851715445518494,-0.05633773282170296,0.6392567753791809,0.4480515420436859,-0.042444560676813126,0.46748268604278564,0.39036092162132263,-0.09783388674259186,0.46055328845977783,0.4170709252357483,-0.08512145280838013,0.14978186786174774,0.6544538736343384,-0.03667096793651581,0.3015541434288025,0.4949934184551239,-0.05278538912534714,0.29649436473846436,0.5126713514328003,-0.06732874363660812,0.2882000803947449,0.5316567420959473,-0.07681834697723389,0.2571287751197815,0.5606778860092163,-0.08020690828561783,0.30291470885276794,0.4799559414386749,-0.03477548062801361,0.2252039909362793,0.5079082250595093,-0.06900756061077118,0.2371390461921692,0.4885362386703491,-0.04884180799126625,0.21951119601726532,0.5293493270874023,-0.07972009479999542,0.22151371836662292,0.5461821556091309,-0.08277193456888199,0.26778319478034973,0.5806795954704285,-0.08385349810123444,0.6469961404800415,0.5311383008956909,-0.0799935907125473,0.24269656836986542,0.5571069717407227,-0.07254376262426376,0.24404487013816833,0.6715676188468933,-0.05129430815577507,0.23839539289474487,0.6053858399391174,-0.07993245124816895,0.4034254550933838,0.5083083510398865,-0.09152071177959442,0.5058385133743286,0.4744546711444855,-0.08760315179824829,0.523934006690979,0.4703807532787323,-0.08011895418167114,0.4987703561782837,0.4933132529258728,-0.09744998812675476,0.4997679591178894,0.5047619342803955,-0.09747671335935593,0.5167245864868164,0.48437681794166565,-0.08866006880998611,0.514411449432373,0.4944251775741577,-0.08594881743192673,0.5659506320953369,0.5361480712890625,-0.08594053983688354,0.44919654726982117,0.3929409682750702,-0.11423353850841522,0.42784827947616577,0.3897567391395569,-0.1186244934797287,0.19311504065990448,0.5702432990074158,-0.09918482601642609,0.36030951142311096,0.4678310751914978,-0.05770305544137955,0.4313523769378662,0.4584796130657196,-0.1032484844326973,0.41792261600494385,0.46269935369491577,-0.09722757339477539,0.38035887479782104,0.5710089802742004,-0.11928460747003555,0.4034479558467865,0.39388442039489746,-0.10633497685194016,0.19529291987419128,0.5099415183067322,-0.08523891866207123,0.18901307880878448,0.5420151948928833,-0.09692051261663437,0.12109732627868652,0.6073315739631653,-0.04731070622801781,0.253290057182312,0.4326632618904114,-0.03574404865503311,0.254482626914978,0.4741324782371521,-0.030179258435964584,0.5357868075370789,0.5451768636703491,-0.09510435163974762,0.4912763237953186,0.7249509692192078,-0.030359499156475067,0.4494563341140747,0.44991612434387207,-0.08558204025030136,0.460267037153244,0.4380943477153778,-0.07341650128364563,0.515766978263855,0.513513445854187,-0.08469735831022263,0.5201008915901184,0.5078708529472351,-0.0801158994436264,0.1688833385705948,0.5521388053894043,-0.09243784099817276,0.4411930441856384,0.46834519505500793,-0.09404207020998001,0.2146715372800827,0.47380876541137695,-0.0638379231095314,0.19680467247962952,0.472690612077713,-0.06625423580408096,0.1170969307422638,0.4909488260746002,-0.038522567600011826,0.1440994143486023,0.5727753639221191,-0.07138336449861526,0.15476343035697937,0.4732591211795807,-0.05089136213064194,0.1748758852481842,0.5852907299995422,-0.09089101105928421,0.1651429384946823,0.6156296133995056,-0.0621715746819973,0.5155189037322998,0.4730541706085205,-0.08644908666610718,0.5081145763397217,0.48940059542655945,-0.09431514889001846,0.5068899393081665,0.5000537037849426,-0.09289708733558655,0.45539629459381104,0.44951894879341125,-0.07699990272521973,0.5185645222663879,0.5105977654457092,-0.08146875351667404,0.5392597913742065,0.5122214555740356,-0.08181847631931305,0.5210328102111816,0.5059135556221008,-0.07906478643417358,0.4437747001647949,0.4268375039100647,-0.10747469961643219,0.5178970098495483,0.48946404457092285,-0.08074692636728287,0.5216899514198303,0.4797586500644684,-0.07957703620195389,0.5289119482040405,0.46749621629714966,-0.07284218072891235,0.6296595335006714,0.47380581498146057,-0.05947831645607948,0.6362348794937134,0.49426931142807007,-0.07416756451129913,0.6297519207000732,0.4932105839252472,-0.07616492360830307,0.6208091378211975,0.48964300751686096,-0.07054115831851959,0.6123316287994385,0.48590028285980225,-0.06641124188899994,0.5634684562683105,0.5008917450904846,-0.0756256952881813,0.5639299154281616,0.5056270956993103,-0.0785522609949112,0.5641657710075378,0.5114611387252808,-0.08332256972789764,0.5643151998519897,0.5155705809593201,-0.08436886966228485,0.49479377269744873,0.5052820444107056,-0.0981479361653328,0.35800859332084656,0.7371538877487183,-0.003362961346283555,0.47278329730033875,0.40195566415786743,-0.07499383389949799,0.5432177782058716,0.5034362077713013,-0.07675058394670486,0.5416173338890076,0.5078253746032715,-0.07933694869279861,0.47101131081581116,0.43450242280960083,-0.07591874152421951,0.4571547508239746,0.470723420381546,-0.07411722838878632,0.46611154079437256,0.43603435158729553,-0.0747542679309845,0.3658140301704407,0.48912620544433594,-0.0709441676735878,0.36940595507621765,0.5184040069580078,-0.0926704853773117,0.42691442370414734,0.472565233707428,-0.09006817638874054,0.10882946848869324,0.5529033541679382,-0.049915678799152374,0.13947391510009766,0.5259473919868469,-0.06665804237127304,0.17564834654331207,0.5140555500984192,-0.08315540105104446,0.5878519415855408,0.5207440853118896,-0.08340130001306534,0.22384171187877655,0.429943710565567,-0.040611788630485535,0.17717282474040985,0.43015676736831665,-0.02466280572116375,0.13712304830551147,0.438319593667984,-0.008959686383605003,0.27365466952323914,0.5499558448791504,-0.08089864999055862,0.2749791443347931,0.6074512600898743,-0.0917806327342987,0.30106934905052185,0.4699535667896271,-0.02452946826815605,0.22230608761310577,0.5721721649169922,-0.08766880631446838,0.35116055607795715,0.45058533549308777,-0.05235496908426285,0.4258247911930084,0.4359184205532074,-0.11125419288873672,0.30098432302474976,0.6379583477973938,-0.09565211832523346,0.30132073163986206,0.5904058218002319,-0.10250154882669449,0.32587355375289917,0.5607762336730957,-0.09972034394741058,0.33879491686820984,0.5218978524208069,-0.07992628216743469,0.339799702167511,0.49489855766296387,-0.05974532663822174,0.3384842276573181,0.47421717643737793,-0.045768141746520996,0.33319172263145447,0.41665756702423096,-0.04342632740736008,0.3546689450740814,0.6405490636825562,-0.10922276973724365,0.2121342122554779,0.5902175903320312,-0.09094366431236267,0.4633253216743469,0.3977832496166229,-0.10499998927116394,0.38431406021118164,0.4647533595561981,-0.06777511537075043,0.244155153632164,0.716333270072937,-0.0019098144257441163,0.3344758450984955,0.45697668194770813,-0.034535106271505356,0.4278941750526428,0.4822350740432739,-0.07181413471698761,0.2379990667104721,0.5664486289024353,-0.0766947790980339,0.4110299050807953,0.4410719573497772,-0.10252825170755386,0.4218701124191284,0.7377907037734985,-0.013733901083469391,0.29173552989959717,0.47113236784935,-0.019121047109365463,0.4042866826057434,0.41527318954467773,-0.10848139971494675,0.5709253549575806,0.6373358964920044,-0.08301017433404922,0.5980764627456665,0.6624538898468018,-0.06364212185144424,0.35350295901298523,0.6947523951530457,-0.06080763414502144,0.526944637298584,0.6679012179374695,-0.08172062784433365,0.1993733048439026,0.645334780216217,-0.05194897949695587,0.6733378171920776,0.5439465045928955,-0.07965003699064255,0.4688265323638916,0.40826696157455444,-0.07889129966497421,0.3944409489631653,0.48581141233444214,-0.07500515878200531,0.23139622807502747,0.6293544769287109,-0.07697833329439163,0.27468883991241455,0.5253955125808716,-0.07020441442728043,0.2834511399269104,0.5093105435371399,-0.06266608089208603,0.5364841222763062,0.5161020755767822,-0.08358071744441986,0.4061560332775116,0.6491725444793701,-0.10542014986276627,0.7145527601242065,0.5144733786582947,-0.061707813292741776,0.6703843474388123,0.5879839062690735,-0.06926792860031128,0.6413295269012451,0.6224233508110046,-0.0677790716290474,0.2045036107301712,0.3884708881378174,0.013181239366531372,0.7265418767929077,0.47637948393821716,-0.03353184461593628,0.2876969575881958,0.4957237243652344,-0.04957287013530731,0.29000163078308105,0.4829760789871216,-0.03590575233101845,0.2914566695690155,0.47484850883483887,-0.024600133299827576,0.19706811010837555,0.6102105379104614,-0.08271437138319016,0.2697408199310303,0.4826432168483734,-0.03526834771037102,0.2559702396392822,0.49663645029067993,-0.04864432290196419,0.24720311164855957,0.5118117332458496,-0.061104025691747665,0.24216008186340332,0.5290996432304382,-0.07071485370397568,0.2415708601474762,0.5416550636291504,-0.07352039963006973,0.1885739266872406,0.688785970211029,-0.01656464859843254,0.26536309719085693,0.5378031730651855,-0.07303886860609055,0.49352654814720154,0.4136873781681061,-0.06183082237839699,0.4851522445678711,0.48345834016799927,-0.09244756400585175,0.44544264674186707,0.4449562430381775,-0.08983664214611053,0.48800408840179443,0.43804115056991577,-0.08045531064271927,0.3102600574493408,0.4045107960700989,-0.013559235259890556,0.6116677522659302,0.607848584651947,-0.07866132259368896,0.6433981657028198,0.5784714818000793,-0.07768010348081589,0.6972552537918091,0.5045127868652344,-0.07175896316766739,0.5508893728256226,0.6966468691825867,-0.0499296598136425,0.2841099500656128,0.47449004650115967,-0.025817977264523506,0.3640719950199127,0.4259893298149109,-0.06534037739038467,0.7101780772209167,0.4655724763870239,-0.04407472535967827,0.695146918296814,0.5516929626464844,-0.07264161854982376,0.4121738076210022,0.699165403842926,-0.06507861614227295,0.588836133480072,0.4960119128227234,-0.0735354945063591,0.5927512645721436,0.5010145902633667,-0.07770796865224838,0.5972244739532471,0.5065439343452454,-0.0831209123134613,0.6020785570144653,0.5099384188652039,-0.08324389159679413,0.6101106405258179,0.5002481937408447,-0.07783836871385574,0.5153418183326721,0.5022215247154236,-0.08422601968050003,0.5103601217269897,0.5071401000022888,-0.08926735073328018,0.5045433044433594,0.51127690076828,-0.09307209402322769,0.512391984462738,0.5264016389846802,-0.10007907450199127,0.42765671014785767,0.60606849193573,-0.11776469647884369,0.3407207727432251,0.43290042877197266,-0.04575703293085098,0.28543007373809814,0.4494641423225403,-0.010634043253958225,0.28000640869140625,0.4638075530529022,-0.018777893856167793,0.5175825357437134,0.49829140305519104,-0.08044025301933289,0.49019166827201843,0.6328999400138855,-0.10030224919319153,0.2981773316860199,0.427813321352005,-0.021509233862161636,0.626434862613678,0.5176968574523926,-0.07625309377908707,0.3833490014076233,0.3860817551612854,-0.0740046501159668,0.35822510719299316,0.4087276756763458,-0.06301108747720718,0.36051246523857117,0.3929406404495239,-0.052245788276195526,0.39365828037261963,0.44205817580223083,-0.07932330667972565,0.6845835447311401,0.4575444161891937,-0.04911253973841667,0.6584979295730591,0.45337405800819397,-0.04478875920176506,0.647770345211029,0.48445552587509155,-0.06368864327669144,0.5680703520774841,0.5593960881233215,-0.08862611651420593,0.4396488666534424,0.5014371275901794,-0.08259733766317368,0.6006720662117004,0.542812168598175,-0.08246654272079468,0.4207967519760132,0.5417457222938538,-0.11038218438625336,0.45758718252182007,0.5201975107192993,-0.09764324873685837,0.45525822043418884,0.5714526176452637,-0.11342693865299225,0.6720409989356995,0.49389925599098206,-0.07417761534452438,0.40209513902664185,0.4624209702014923,-0.07753679901361465,0.5825308561325073,0.585641622543335,-0.08821721374988556,0.6170549392700195,0.5603693723678589,-0.0808829516172409,0.531018078327179,0.5675329566001892,-0.1015879288315773,0.45183315873146057,0.6552227139472961,-0.0984683483839035,0.5274782776832581,0.6024577021598816,-0.10186706483364105,0.4697754979133606,0.6932703852653503,-0.0725514218211174,0.48629629611968994,0.543012261390686,-0.10527625679969788,0.37379780411720276,0.44557636976242065,-0.06645967066287994,0.4383538067340851,0.4302123785018921,-0.1129533126950264,0.44109246134757996,0.4525853395462036,-0.099301777780056,0.42551010847091675,0.41161230206489563,-0.11847895383834839,0.2573799788951874,0.4577493667602539,-0.026428164914250374,0.22947163879871368,0.4824545979499817,-0.05244293436408043,0.21438875794410706,0.5076327919960022,-0.07447276264429092,0.20847956836223602,0.5330503582954407,-0.08862535655498505,0.2101568728685379,0.5549480319023132,-0.09258008003234863,0.24010929465293884,0.583636462688446,-0.0794253945350647,0.29733654856681824,0.6860296726226807,-0.059672750532627106,0.2846393287181854,0.5680801868438721,-0.0867512971162796,0.3040713965892792,0.5456698536872864,-0.08279481530189514,0.3151467442512512,0.5187297463417053,-0.07100219279527664,0.3192541003227234,0.4949171543121338,-0.05297165736556053,0.3195365369319916,0.4769926965236664,-0.035568155348300934,0.318808376789093,0.4636334776878357,-0.025341490283608437,0.30046504735946655,0.729795515537262,0.002152589615434408,0.4476378262042999,0.4590442478656769,-0.09029731899499893,0.3846471607685089,0.4194832742214203,-0.08448635041713715,0.44257891178131104,0.40853458642959595,-0.11589451879262924,0.45631346106529236,0.40981876850128174,-0.10119406878948212,0.44659388065338135,0.41507673263549805,-0.10776498168706894,0.456036776304245,0.46013689041137695,-0.07933090627193451,0.45960429310798645,0.404249370098114,-0.10438740253448486,0.465523362159729,0.41357263922691345,-0.08193137496709824,0.29659274220466614,0.4630061984062195,-0.013820262625813484,0.3107602894306183,0.4517597556114197,-0.015234315767884254,0.32237592339515686,0.4423900842666626,-0.02504940889775753,0.24218904972076416,0.550055742263794,-0.07399842888116837,0.22659285366535187,0.5602124929428101,-0.0815192312002182,0.39126864075660706,0.37682223320007324,-0.05174914747476578,0.37884628772735596,0.3673791289329529,0.16082370281219482,0.4730618894100189,0.39122772216796875,-0.060448892414569855,0.304701566696167,0.3615393340587616,0.33522772789001465,0.3833209276199341,0.38441574573516846,0.09856554865837097,0.38836678862571716,0.379067599773407,0.11440213769674301,0.39138102531433105,0.37404587864875793,0.13266634941101074,0.3863696753978729,0.3722463846206665,0.16731895506381989,0.376374751329422,0.3875143527984619,0.08464031666517258,0.34791120886802673,0.3672342598438263,0.11848004162311554,0.345499187707901,0.373900830745697,0.09951648116111755,0.3522520661354065,0.3629499673843384,0.1374022662639618,0.35900723934173584,0.36219197511672974,0.1527014672756195,0.3997839391231537,0.37234246730804443,0.1823492795228958,0.6763099431991577,0.4213094711303711,0.030181685462594032,0.37685728073120117,0.3671102225780487,0.17231403291225433,0.38947349786758423,0.36711373925209045,0.3165019154548645,0.38862717151641846,0.37158432602882385,0.2196747362613678,0.4658515751361847,0.36772143840789795,0.06152033060789108,0.5275577902793884,0.43283331394195557,-0.048490531742572784,0.5424185991287231,0.4361574351787567,-0.04388955980539322,0.5407969951629639,0.4133361577987671,-0.016408339142799377,0.5541667938232422,0.4020260274410248,0.013926529325544834,0.5508724451065063,0.42253342270851135,-0.018197208642959595,0.5600091814994812,0.4133715331554413,0.007919390685856342,0.6176371574401855,0.39539259672164917,0.056272391229867935,0.4593830108642578,0.3708361089229584,-0.09315319359302521,0.4397422671318054,0.3640826940536499,-0.09359782934188843,0.34298306703567505,0.353697806596756,0.18086431920528412,0.39931121468544006,0.3829458951950073,0.04219913110136986,0.4700090289115906,0.3657951354980469,-0.00920545682311058,0.45794638991355896,0.36745935678482056,-0.0003675987827591598,0.47897905111312866,0.351499080657959,0.13373519480228424,0.4145990014076233,0.36896464228630066,-0.07430599629878998,0.32155102491378784,0.35428595542907715,0.10979253798723221,0.3304949402809143,0.35127729177474976,0.14741294085979462,0.27120161056518555,0.34525078535079956,0.2850158214569092,0.3185466229915619,0.3763960599899292,0.02859516628086567,0.346422404050827,0.3810899555683136,0.09066582471132278,0.5982784628868103,0.3857194781303406,0.07690583169460297,0.595457136631012,0.4334237575531006,0.32130900025367737,0.4782068133354187,0.3802489638328552,-0.01591922901570797,0.4791530966758728,0.3921530246734619,-0.03883945569396019,0.5816396474838257,0.39425063133239746,0.06380778551101685,0.5804526805877686,0.401388943195343,0.04991642385721207,0.31874558329582214,0.34895482659339905,0.167174831032753,0.4795927405357361,0.3735073208808899,-0.0015817059902474284,0.31629884243011475,0.3616974353790283,0.06954178959131241,0.30001431703567505,0.3574901521205902,0.07152115553617477,0.2134382724761963,0.3413953185081482,0.15063445270061493,0.28314125537872314,0.33402687311172485,0.21565411984920502,0.2396724969148636,0.34243243932724,0.10829472541809082,0.3339688777923584,0.35325396060943604,0.20955544710159302,0.31253284215927124,0.3441770076751709,0.26402243971824646,0.5359814763069153,0.43415024876594543,-0.04774349927902222,0.5467164516448975,0.41773781180381775,-0.017918402329087257,0.5574080944061279,0.4071460962295532,0.00871823076158762,0.4802647829055786,0.3864927887916565,-0.02009808085858822,0.5816057920455933,0.3980119824409485,0.055552899837493896,0.6010022759437561,0.40165871381759644,0.033725570887327194,0.5795243382453918,0.40371274948120117,0.04724164307117462,0.46777617931365967,0.37361717224121094,-0.04363986477255821,0.5592212080955505,0.41714343428611755,0.008199081756174564,0.5520864129066467,0.42612388730049133,-0.013199699111282825,0.5450029373168945,0.43823739886283875,-0.035635530948638916,0.6432856917381287,0.4296885132789612,-0.02348771132528782,0.663964033126831,0.441378653049469,-0.03467584028840065,0.655784010887146,0.4436272978782654,-0.035220272839069366,0.644098699092865,0.44568631052970886,-0.02960326336324215,0.633108377456665,0.446967750787735,-0.02764032781124115,0.6101661920547485,0.41985130310058594,0.01368072722107172,0.6148145794868469,0.41519424319267273,0.010490836575627327,0.6208682060241699,0.4091812074184418,0.009167796932160854,0.6257392168045044,0.40349775552749634,0.015334638766944408,0.544924795627594,0.37766557931900024,0.030741723254323006,0.489696204662323,0.4215204417705536,0.388689249753952,0.5959746241569519,0.41193002462387085,0.03371502459049225,0.598900556564331,0.4070349931716919,0.031686704605817795,0.4856797456741333,0.3979123532772064,-0.04180658608675003,0.4905988574028015,0.38518226146698,-0.00013839267194271088,0.48258113861083984,0.3950420022010803,-0.041113290935754776,0.4175882935523987,0.3765645921230316,0.062254663556814194,0.4411514401435852,0.36349257826805115,0.08748604357242584,0.46833693981170654,0.37189948558807373,0.010311922989785671,0.2407989501953125,0.3374811112880707,0.2203177660703659,0.259541392326355,0.3339971899986267,0.1644120216369629,0.3062115013599396,0.35034725069999695,0.12285513430833817,0.6274445056915283,0.40301284193992615,0.03366336226463318,0.2946580946445465,0.36945638060569763,0.029806839302182198,0.22312527894973755,0.36045584082603455,0.058578044176101685,0.1901444047689438,0.35738539695739746,0.08629949390888214,0.3911105692386627,0.3723466396331787,0.15218915045261383,0.4147677719593048,0.37418270111083984,0.20460745692253113,0.3705945312976837,0.38961583375930786,0.08197512477636337,0.3655593991279602,0.36421120166778564,0.18302936851978302,0.38129785656929016,0.38547658920288086,0.02726944163441658,0.45794224739074707,0.3629305958747864,-0.0353831872344017,0.43396681547164917,0.3500277101993561,0.24115486443042755,0.4266735017299652,0.370210736989975,0.176371231675148,0.4304966330528259,0.3692325949668884,0.13685356080532074,0.4208632707595825,0.37592869997024536,0.1011115312576294,0.40793368220329285,0.38321876525878906,0.07801427692174911,0.3958215117454529,0.38673096895217896,0.05754496902227402,0.34632787108421326,0.3897537291049957,-0.009643835946917534,0.4813860058784485,0.35277700424194336,0.22744613885879517,0.3630509376525879,0.3624284863471985,0.20483385026454926,0.4696730971336365,0.3844836950302124,-0.08809835463762283,0.4212920069694519,0.3810209631919861,0.028661301359534264,0.38866525888442993,0.40195757150650024,0.40021151304244995,0.38343924283981323,0.38884925842285156,0.04607244208455086,0.47018539905548096,0.3785119950771332,0.02898469939827919,0.37719085812568665,0.36942070722579956,0.18050159513950348,0.44362613558769226,0.365967333316803,-0.025357002392411232,0.5423976182937622,0.42758500576019287,0.3620259165763855,0.3655613362789154,0.38940179347991943,0.09195656329393387,0.4266059100627899,0.3654969334602356,-0.05218697339296341,0.6441812515258789,0.4033210873603821,0.16781575977802277,0.6659618616104126,0.4305739998817444,0.20157761871814728,0.4891567826271057,0.37690895795822144,0.30722352862358093,0.6184216737747192,0.39970552921295166,0.21424898505210876,0.34659209847450256,0.35680902004241943,0.29779982566833496,0.7009294033050537,0.4268941581249237,0.04001558572053909,0.47424107789993286,0.39752838015556335,-0.06861335784196854,0.4425530433654785,0.3769911527633667,0.04408048093318939,0.39357253909111023,0.3761487603187561,0.25301820039749146,0.38024449348449707,0.3706328570842743,0.13553129136562347,0.37845656275749207,0.3751610517501831,0.11939951032400131,0.6023870706558228,0.3962424695491791,0.040652796626091,0.5251806974411011,0.3621251583099365,0.2192154973745346,0.7280933856964111,0.45110684633255005,0.00739419786259532,0.7062185406684875,0.4341629147529602,0.10139409452676773,0.690178394317627,0.4318055808544159,0.14708134531974792,0.37452730536460876,0.38005441427230835,0.10580980032682419,0.3694511353969574,0.3843114972114563,0.09778249263763428,0.36704549193382263,0.3876560628414154,0.09507419914007187,0.3588868975639343,0.3648436665534973,0.2364310771226883,0.3599419593811035,0.3809008002281189,0.10067916661500931,0.3602888286113739,0.3748340606689453,0.10905974358320236,0.36245065927505493,0.369315505027771,0.12231585383415222,0.36658915877342224,0.365173876285553,0.13814736902713776,0.37116360664367676,0.3645182251930237,0.15032504498958588,0.3412855267524719,0.3800351321697235,0.37618741393089294,0.37960344552993774,0.36813244223594666,0.15020091831684113,0.5242102742195129,0.3812335729598999,0.005491456016898155,0.4750370979309082,0.3757597506046295,-0.02374381758272648,0.5043221712112427,0.3966943025588989,-0.04020093381404877,0.6679409742355347,0.4098854064941406,0.12406723946332932,0.683811604976654,0.41992440819740295,0.08241453021764755,0.7123010158538818,0.44047805666923523,-0.0063753891736269,0.6365683078765869,0.4333394765853882,0.2640330493450165,0.36260709166526794,0.3858565092086792,0.09582869708538055,0.38538283109664917,0.3801460266113281,-0.011719743721187115,0.7198255062103271,0.43897971510887146,0.05385247990489006,0.5373710989952087,0.38575708866119385,0.2878231704235077,0.6249139308929443,0.4314141571521759,-0.006051972508430481,0.633263111114502,0.4273853600025177,-0.007646707817912102,0.6423258781433105,0.4228975474834442,-0.009732753969728947,0.6506417989730835,0.4184418320655823,-0.006380748935043812,0.6369497776031494,0.41393882036209106,0.007467809598892927,0.5696415305137634,0.4063358008861542,0.031582947820425034,0.5690689086914062,0.4007384479045868,0.03751464560627937,0.5670611262321472,0.39532938599586487,0.0423174723982811,0.571286141872406,0.37903910875320435,0.05939261615276337,0.5294813513755798,0.36099278926849365,0.15593881905078888,0.36235511302948,0.3880500793457031,0.009848536923527718,0.3478010594844818,0.3900114595890045,0.05993428826332092,0.35375675559043884,0.3883828818798065,0.08365102857351303,0.568120002746582,0.41010913252830505,0.03060073032975197,0.5850169062614441,0.37771499156951904,0.17787253856658936,0.3431369960308075,0.38865339756011963,0.02006096951663494,0.6538755893707275,0.4203333854675293,0.018875902518630028,0.36998435854911804,0.38296836614608765,-0.034211233258247375,0.42382222414016724,0.37473344802856445,-0.008510859683156013,0.6613121032714844,0.4341900646686554,-0.017844971269369125,0.6245806217193604,0.3943348526954651,0.07620641589164734,0.49170172214508057,0.3755578398704529,0.0431266613304615,0.6426432132720947,0.40738552808761597,0.04846592992544174,0.5002220869064331,0.3599674105644226,0.08584471046924591,0.5194967985153198,0.37097904086112976,0.058332543820142746,0.5406779050827026,0.3640137314796448,0.11023665964603424,0.68766188621521,0.4346134066581726,-0.013292476534843445,0.4391074478626251,0.37665173411369324,0.011663720943033695,0.6420444846153259,0.39677897095680237,0.10218377411365509,0.6596584320068359,0.41143134236335754,0.06649397313594818,0.6003087759017944,0.38281166553497314,0.09765712916851044,0.5618621110916138,0.37220361828804016,0.21287348866462708,0.6053612232208252,0.38211023807525635,0.1304788887500763,0.5806843042373657,0.3943787217140198,0.2629393935203552,0.5556550025939941,0.37275004386901855,0.07824400067329407,0.4029899537563324,0.38076314330101013,0.009989080019295216,0.46602997183799744,0.3676180839538574,-0.04383469372987747,0.47575321793556213,0.3697068691253662,-0.01999353989958763,0.4477710425853729,0.3619519770145416,-0.0631275624036789,0.3360999822616577,0.3815985918045044,0.07078724354505539,0.33454442024230957,0.37052375078201294,0.09008470922708511,0.3370608687400818,0.362515389919281,0.1122356578707695,0.34218549728393555,0.3574602007865906,0.1385810673236847,0.3515521287918091,0.3582000732421875,0.16191349923610687,0.3830958604812622,0.3710813522338867,0.19490393996238708,0.4397134780883789,0.3704102337360382,0.31727567315101624,0.4066534638404846,0.37117505073547363,0.16386264562606812,0.40857478976249695,0.3723793625831604,0.135763019323349,0.40353769063949585,0.37798207998275757,0.10923118144273758,0.39454296231269836,0.38465893268585205,0.08900028467178345,0.38542893528938293,0.38855117559432983,0.07207532972097397,0.37724068760871887,0.390918493270874,0.0622367225587368,0.4377482533454895,0.4155958890914917,0.403841495513916,0.48109880089759827,0.3764677345752716,-0.012381963431835175,0.40555548667907715,0.3737276792526245,-0.029018584638834,0.46130460500717163,0.3671403229236603,-0.07186029106378555,0.4691874384880066,0.3830047845840454,-0.07581545412540436,0.46576833724975586,0.3742102384567261,-0.06274217367172241,0.485470175743103,0.38493284583091736,-0.013805587776005268,0.4701233506202698,0.3825693726539612,-0.08355619013309479,0.4747870862483978,0.39417725801467896,-0.06450264900922775,0.3641272485256195,0.39124250411987305,0.07889781892299652,0.36550506949424744,0.39299988746643066,0.05344869941473007,0.36698928475379944,0.39044374227523804,0.03155200555920601,0.3740420937538147,0.3652727007865906,0.1605735868215561,0.3666563928127289,0.36460012197494507,0.16860564053058624,0.25856712460517883,0.5241373777389526,-0.05436991900205612,0.2671456038951874,0.5034172534942627,-0.05436991900205612,0.23897981643676758,0.5210075974464417,-0.05436991900205612,0.24973025918006897,0.5447998046875,-0.05436991900205612,0.2777141034603119,0.527532696723938,-0.05436991900205612,0.3574519157409668,0.3685482144355774,0.12536387145519257,0.36223888397216797,0.36130744218826294,0.12536387145519257,0.341213583946228,0.3650510907173157,0.12536387145519257,0.35265517234802246,0.3760784864425659,0.12536387145519257,0.3736046850681305,0.3721311688423157,0.12536387145519257,0,0,0,0,0,1,1,0,0,0,0,0,0.1610817015171051,0.09508568793535233,0.09116417914628983,0.10187622159719467,0.023602329194545746,0.061073336750268936,0.10263513028621674,0.07976353168487549,0.116643525660038,0.1660436987876892,0.7765419483184814,0.3351491689682007,Sadness,-21.769865036010742,-0.8446416854858398
230,7.666666666666667,32.39942141136076,-11.891969178289099,0.876947970161632,0.5445640683174133,0.42944464087486267,-0.07554171234369278,0.5026003122329712,0.3733242154121399,-0.10882464051246643,0.5168458223342896,0.40790456533432007,-0.06666452437639236,0.42604711651802063,0.3893802762031555,-0.08572061359882355,0.4827251136302948,0.3664886951446533,-0.11155785620212555,0.4561043381690979,0.3694058656692505,-0.0984080359339714,0.3831075429916382,0.3859260678291321,-0.03210420161485672,0.26803725957870483,0.5416920781135559,-0.07219037413597107,0.33649972081184387,0.38229620456695557,-0.0071228570304811,0.3127501606941223,0.37376856803894043,-0.0035597423557192087,0.22513552010059357,0.3633967936038971,0.03905559331178665,0.5497851371765137,0.43021708726882935,-0.07446084916591644,0.5534631013870239,0.4318203032016754,-0.06949415802955627,0.5548224449157715,0.43357527256011963,-0.06173194199800491,0.6351646184921265,0.4487890899181366,-0.052746403962373734,0.6468907594680786,0.45108285546302795,-0.05664508789777756,0.6578168869018555,0.4537953734397888,-0.062278758734464645,0.6665948033332825,0.45636871457099915,-0.060936883091926575,0.6627213358879089,0.4567180275917053,-0.04757388308644295,0.5125401020050049,0.385337769985199,-0.10105598717927933,0.5003188848495483,0.41121816635131836,-0.08811495453119278,0.15483026206493378,0.6254956722259521,-0.033819474279880524,0.3259855806827545,0.4860208332538605,-0.05248326063156128,0.3157578110694885,0.5055814385414124,-0.06708444654941559,0.30287644267082214,0.5253468155860901,-0.07623573392629623,0.26875069737434387,0.5516929626464844,-0.07898124307394028,0.33152803778648376,0.4700702726840973,-0.03390401601791382,0.24581947922706604,0.5014203190803528,-0.06778580695390701,0.2640206515789032,0.48000043630599976,-0.04736722633242607,0.23444117605686188,0.5238008499145508,-0.07814370095729828,0.23305098712444305,0.5405898690223694,-0.08110683411359787,0.274487167596817,0.5689775943756104,-0.08247140794992447,0.6566118001937866,0.538951575756073,-0.08651585876941681,0.25483083724975586,0.5493842959403992,-0.07106506824493408,0.2419767826795578,0.6482945680618286,-0.047602370381355286,0.24323195219039917,0.5871390700340271,-0.07764822244644165,0.4262450039386749,0.49799585342407227,-0.09268753975629807,0.5235666632652283,0.4508781433105469,-0.09169025719165802,0.5379445552825928,0.45102277398109436,-0.08431331813335419,0.5116958618164062,0.47344037890434265,-0.10123331844806671,0.5070146322250366,0.487913578748703,-0.10079119354486465,0.5260149836540222,0.4685860574245453,-0.09243495762348175,0.5192747712135315,0.4813717305660248,-0.08921636641025543,0.5737594962120056,0.5370104312896729,-0.08902272582054138,0.4944289028644562,0.38641396164894104,-0.11755459755659103,0.4742497205734253,0.38177376985549927,-0.12176591902971268,0.19822339713573456,0.5609302520751953,-0.0965190902352333,0.39422696828842163,0.4545661211013794,-0.05713479965925217,0.4639158248901367,0.4493459463119507,-0.10585854202508926,0.45013734698295593,0.4527040719985962,-0.0995125025510788,0.390842080116272,0.5580730438232422,-0.11970856040716171,0.4496234059333801,0.3841705918312073,-0.1087188720703125,0.2114027589559555,0.5061404705047607,-0.08255872875452042,0.19770683348178864,0.5367746353149414,-0.09394122660160065,0.13723506033420563,0.5769723653793335,-0.04441152140498161,0.2923632860183716,0.42426377534866333,-0.033563870936632156,0.2859347462654114,0.4637102782726288,-0.02864045463502407,0.5424489974975586,0.5438088774681091,-0.0979524776339531,0.4677823781967163,0.7210110425949097,-0.03263507038354874,0.4826727509498596,0.44259756803512573,-0.0881279781460762,0.49523574113845825,0.432081401348114,-0.07582025974988937,0.5156922936439514,0.5053743720054626,-0.08718883246183395,0.5214832425117493,0.5003442168235779,-0.08266311138868332,0.17632965743541718,0.5429667234420776,-0.08913698047399521,0.47092321515083313,0.4599153697490692,-0.09650807082653046,0.24108080565929413,0.46904826164245605,-0.061255551874637604,0.22153156995773315,0.46740615367889404,-0.0635107085108757,0.158089280128479,0.46077513694763184,-0.03585843741893768,0.16624481976032257,0.543328583240509,-0.06711285561323166,0.19682012498378754,0.4453643560409546,-0.04716148599982262,0.17899426817893982,0.5701212286949158,-0.08773704618215561,0.1777878999710083,0.587228000164032,-0.05788134038448334,0.5318119525909424,0.45116332173347473,-0.09069371223449707,0.5190585851669312,0.47112706303596497,-0.09814547747373581,0.5131910443305969,0.48481762409210205,-0.09626569598913193,0.4882291257381439,0.44274333119392395,-0.07935401797294617,0.5189554691314697,0.5027620196342468,-0.0839277058839798,0.5425680875778198,0.50368332862854,-0.08465294539928436,0.5233485102653503,0.49829137325286865,-0.0815446674823761,0.48263105750083923,0.4192711412906647,-0.11042369902133942,0.5226849913597107,0.47910842299461365,-0.084487684071064,0.5300363302230835,0.4663950800895691,-0.08379542082548141,0.5417429208755493,0.45093756914138794,-0.0774138942360878,0.648517370223999,0.4809879660606384,-0.06438781321048737,0.6417034864425659,0.4831089973449707,-0.0786048173904419,0.6344932317733765,0.47881945967674255,-0.0799548327922821,0.6250191926956177,0.4733372926712036,-0.0739944726228714,0.6160367131233215,0.4681943953037262,-0.06905195862054825,0.5693439245223999,0.49024316668510437,-0.07806571573019028,0.5694068670272827,0.4955257773399353,-0.08177170902490616,0.5694882869720459,0.5016946792602539,-0.08701374381780624,0.5698358416557312,0.5068841576576233,-0.08833947777748108,0.513117790222168,0.5014860033988953,-0.10081730782985687,0.33763810992240906,0.7209866642951965,-0.0024650723207741976,0.5148613452911377,0.39722689986228943,-0.07809759676456451,0.5482931137084961,0.49527114629745483,-0.07908352464437485,0.54557204246521,0.49946165084838867,-0.08212066441774368,0.506127119064331,0.4293554127216339,-0.07884577661752701,0.4852326214313507,0.46384456753730774,-0.076515793800354,0.501167893409729,0.43045979738235474,-0.07731009274721146,0.3950122594833374,0.4760388135910034,-0.07076644152402878,0.3917016386985779,0.5053943991661072,-0.09267392009496689,0.4564354121685028,0.46333417296409607,-0.09222323447465897,0.1369762122631073,0.5220624208450317,-0.047258805483579636,0.17121435701847076,0.49667441844940186,-0.06269589066505432,0.18974997103214264,0.5082275867462158,-0.08023755252361298,0.5987640619277954,0.5239042639732361,-0.08732915669679642,0.26131296157836914,0.42169857025146484,-0.03812387213110924,0.22698163986206055,0.4042533040046692,-0.020713677629828453,0.18781733512878418,0.4102378487586975,-0.005449289921671152,0.2858019173145294,0.5425326228141785,-0.07996254414319992,0.2764332890510559,0.5930885672569275,-0.09034321457147598,0.3326072692871094,0.4596449136734009,-0.02348281629383564,0.22966627776622772,0.5619646310806274,-0.08567891269922256,0.38885295391082764,0.4369732439517975,-0.05169525742530823,0.4633300304412842,0.4267734885215759,-0.11405216157436371,0.3030398190021515,0.6177750825881958,-0.09409691393375397,0.30185559391975403,0.5831468105316162,-0.10178780555725098,0.32879623770713806,0.5593686103820801,-0.09930819272994995,0.3513786792755127,0.5198948979377747,-0.07933048903942108,0.36081260442733765,0.4899349510669708,-0.059163134545087814,0.3652119040489197,0.46758657693862915,-0.04472150281071663,0.3778235912322998,0.4022356867790222,-0.04251808673143387,0.3530639410018921,0.6244695782661438,-0.10856959968805313,0.21716336905956268,0.5754755139350891,-0.08837199211120605,0.5071030259132385,0.39237454533576965,-0.10833825916051865,0.41749003529548645,0.45313242077827454,-0.06817203015089035,0.23211251199245453,0.691989004611969,0.000733205524738878,0.3654440939426422,0.449790358543396,-0.03338692709803581,0.45516860485076904,0.47317683696746826,-0.07347771525382996,0.24935609102249146,0.5571587681770325,-0.0750957727432251,0.44798511266708374,0.4308842420578003,-0.10488488525152206,0.39867815375328064,0.7275220155715942,-0.01424211822450161,0.3235703706741333,0.45991945266723633,-0.01802447810769081,0.44645875692367554,0.4052625894546509,-0.11090544611215591,0.5615233182907104,0.6387912631034851,-0.0862305611371994,0.582928478717804,0.667071521282196,-0.06830508261919022,0.3421662747859955,0.6783646941184998,-0.058739449828863144,0.5134223699569702,0.6660664081573486,-0.08361119776964188,0.20442929863929749,0.6192194819450378,-0.047620560973882675,0.6803311705589294,0.5541592836380005,-0.08670978993177414,0.5099018812179565,0.40307900309562683,-0.0819144994020462,0.42256060242652893,0.47481244802474976,-0.07582388818264008,0.23405921459197998,0.6052258610725403,-0.07434951514005661,0.29012906551361084,0.5202746391296387,-0.06982476264238358,0.3024974465370178,0.5028607249259949,-0.0623425729572773,0.5393636226654053,0.5078586935997009,-0.08644478023052216,0.40069082379341125,0.6374577879905701,-0.10552994161844254,0.7275023460388184,0.5303382277488708,-0.06961365044116974,0.6683778166770935,0.5985684394836426,-0.07606851309537888,0.6328309774398804,0.6302880644798279,-0.07348645478487015,0.26113662123680115,0.3653644621372223,0.01747998408973217,0.7465564012527466,0.49405092000961304,-0.04047338292002678,0.31108102202415466,0.48712223768234253,-0.049119286239147186,0.3175904452800751,0.47284990549087524,-0.0351688377559185,0.32185959815979004,0.4640752077102661,-0.02356383576989174,0.20098884403705597,0.5884230136871338,-0.07965733110904694,0.29748624563217163,0.4718874990940094,-0.034029558300971985,0.2796270251274109,0.48598769307136536,-0.04736349359154701,0.2665937542915344,0.5021740794181824,-0.059930622577667236,0.257675439119339,0.520762026309967,-0.0694161057472229,0.2550942897796631,0.5341954827308655,-0.07236681133508682,0.1844460517168045,0.6616381406784058,-0.013684500940144062,0.2788901925086975,0.5325379967689514,-0.07236960530281067,0.5318875312805176,0.41102898120880127,-0.06515251100063324,0.5092638731002808,0.4788939654827118,-0.09532854706048965,0.4801599979400635,0.4373357594013214,-0.09236624836921692,0.5216295719146729,0.43465784192085266,-0.08383328467607498,0.35745424032211304,0.3890259861946106,-0.01172150019556284,0.6069390177726746,0.6121885180473328,-0.08313252031803131,0.6440726518630981,0.5855622291564941,-0.08352643996477127,0.7114002108573914,0.5174047946929932,-0.07960674166679382,0.5308561325073242,0.6977372765541077,-0.05302727594971657,0.3142927587032318,0.4638436436653137,-0.02463274449110031,0.4056561589241028,0.4135116934776306,-0.06550062447786331,0.7314842939376831,0.4803837239742279,-0.051933977752923965,0.7005695104598999,0.5649294257164001,-0.08049927651882172,0.3975260555744171,0.6876041293144226,-0.0643044039607048,0.5935006737709045,0.481459379196167,-0.07611542195081711,0.5974025130271912,0.4876297116279602,-0.08110655099153519,0.6023403406143188,0.4943317174911499,-0.08706202358007431,0.6081106662750244,0.4999501705169678,-0.08767717331647873,0.6247011423110962,0.5055565237998962,-0.08229439705610275,0.5174647569656372,0.49213436245918274,-0.08694090694189072,0.5124837160110474,0.4954838156700134,-0.0919308289885521,0.5070945620536804,0.49847137928009033,-0.09589936584234238,0.5245835781097412,0.5237271189689636,-0.10265824943780899,0.4294303059577942,0.5966576933860779,-0.11868461221456528,0.38212478160858154,0.41875356435775757,-0.0448887012898922,0.3221789598464966,0.437420129776001,-0.008526668883860111,0.31400036811828613,0.452193021774292,-0.017070062458515167,0.5204451084136963,0.4895733892917633,-0.08350270241498947,0.4842515289783478,0.6284709572792053,-0.10200190544128418,0.3378245532512665,0.41736963391304016,-0.019970089197158813,0.6382624506950378,0.5238496661186218,-0.081788569688797,0.4315435290336609,0.3755583167076111,-0.07526969164609909,0.40323179960250854,0.39608675241470337,-0.06308852881193161,0.4083733856678009,0.3808981478214264,-0.052278511226177216,0.4309048652648926,0.4311164915561676,-0.08046925812959671,0.7075302600860596,0.47001227736473083,-0.05666050314903259,0.6817740797996521,0.46360141038894653,-0.051457177847623825,0.6655325889587402,0.49283307790756226,-0.07030296325683594,0.5722442865371704,0.5601415634155273,-0.09223015606403351,0.46234971284866333,0.4934714734554291,-0.08413354307413101,0.6078161001205444,0.5463980436325073,-0.08701358735561371,0.4354857802391052,0.5326488614082336,-0.11193947494029999,0.47494006156921387,0.5138700604438782,-0.09944761544466019,0.4621649384498596,0.5647019743919373,-0.11553990840911865,0.6882823705673218,0.5043230652809143,-0.08163636922836304,0.4349573850631714,0.45166879892349243,-0.07883279770612717,0.5822461843490601,0.5875710248947144,-0.0921831801533699,0.6214772462844849,0.5652128458023071,-0.08613664656877518,0.5342925190925598,0.565571665763855,-0.10443703830242157,0.4434157609939575,0.6474458575248718,-0.09929191321134567,0.5254415273666382,0.6006353497505188,-0.10441973060369492,0.4539102017879486,0.68650883436203,-0.07290133088827133,0.49647092819213867,0.5385521650314331,-0.10724975913763046,0.4113155007362366,0.43340200185775757,-0.06669873744249344,0.47664675116539,0.4220748245716095,-0.11593618243932724,0.47444844245910645,0.44431087374687195,-0.1020834818482399,0.4678451418876648,0.4030457139015198,-0.12108653038740158,0.2917622923851013,0.4474512040615082,-0.024290498346090317,0.2558383345603943,0.47522789239883423,-0.05025153607130051,0.23253533244132996,0.503066897392273,-0.07257647812366486,0.21985487639904022,0.5288968086242676,-0.086641825735569,0.21816658973693848,0.5491187572479248,-0.09049280732870102,0.24790474772453308,0.5696977972984314,-0.07744543999433517,0.29022204875946045,0.6657419204711914,-0.056720469146966934,0.291820764541626,0.5602533221244812,-0.08578451722860336,0.3142286539077759,0.5402415990829468,-0.08194384723901749,0.33175140619277954,0.5130343437194824,-0.07020672410726547,0.3427557349205017,0.48712003231048584,-0.05250968039035797,0.348256915807724,0.46769681572914124,-0.03450734540820122,0.35088998079299927,0.453583687543869,-0.024259628728032112,0.28375673294067383,0.7089487314224243,0.004382787737995386,0.4790051579475403,0.4512878656387329,-0.092879518866539,0.42661479115486145,0.40829384326934814,-0.08568008989095688,0.48511019349098206,0.40138158202171326,-0.11902626603841782,0.49806779623031616,0.4037278890609741,-0.10442855209112167,0.4877736568450928,0.4081087112426758,-0.11079029738903046,0.48655813932418823,0.453180193901062,-0.08177129179239273,0.5022823810577393,0.39845049381256104,-0.10767492651939392,0.5057567358016968,0.4080897569656372,-0.08497189730405807,0.3303425908088684,0.45206964015960693,-0.012536149471998215,0.346285879611969,0.4407232105731964,-0.01380968652665615,0.35752975940704346,0.4339051842689514,-0.02362607605755329,0.25478845834732056,0.5428473949432373,-0.07272897660732269,0.23690950870513916,0.5527524948120117,-0.07987847179174423,0.4408082664012909,0.3675132989883423,-0.052660293877124786,0.43704813718795776,0.3587731122970581,0.16490964591503143,0.5172568559646606,0.38709455728530884,-0.06311257183551788,0.3642865717411041,0.34400689601898193,0.3477531969547272,0.43147891759872437,0.38065171241760254,0.10067601501941681,0.43936628103256226,0.3753315806388855,0.11700693517923355,0.4439793825149536,0.3691745400428772,0.13588260114192963,0.43938302993774414,0.36158111691474915,0.17166918516159058,0.4229549169540405,0.38285452127456665,0.0870746448636055,0.4040190875530243,0.35172927379608154,0.1218060851097107,0.3987104594707489,0.3587625324726105,0.10247180610895157,0.41091445088386536,0.34746086597442627,0.1414300501346588,0.4182637333869934,0.3475968837738037,0.15707798302173615,0.4471663534641266,0.36163246631622314,0.18738704919815063,0.7054590582847595,0.43362972140312195,0.024992186576128006,0.4339548349380493,0.3562203049659729,0.1770026683807373,0.44337227940559387,0.35864633321762085,0.3254240155220032,0.4349175691604614,0.35345250368118286,0.22625508904457092,0.5132644176483154,0.3649284839630127,0.06184463948011398,0.553598165512085,0.40713655948638916,-0.052510425448417664,0.5636258721351624,0.4131144881248474,-0.048199765384197235,0.5668250322341919,0.38926637172698975,-0.01979399472475052,0.5789979100227356,0.37892764806747437,0.011386178433895111,0.5721855163574219,0.3988242745399475,-0.021942082792520523,0.5807046890258789,0.38878142833709717,0.0049811480566859245,0.6506434679031372,0.40148887038230896,0.054669421166181564,0.5086871385574341,0.3656526803970337,-0.09622317552566528,0.490486741065979,0.3578668534755707,-0.09640220552682877,0.4062499701976776,0.33165478706359863,0.18701957166194916,0.44724181294441223,0.3758021295070648,0.043595507740974426,0.517112135887146,0.3634541630744934,-0.010826009325683117,0.5050475597381592,0.3644225001335144,-0.0015916983829811215,0.5290609002113342,0.3499728739261627,0.13635936379432678,0.4649374186992645,0.3610630929470062,-0.07632670551538467,0.38711410760879517,0.3322518467903137,0.11509015411138535,0.39599913358688354,0.32904714345932007,0.1533847153186798,0.33566614985466003,0.3252590298652649,0.2966008484363556,0.37623462080955505,0.3607420325279236,0.03157960996031761,0.39741426706314087,0.3671930432319641,0.09339749813079834,0.6337927579879761,0.3901176452636719,0.07620728760957718,0.6281993985176086,0.44000044465065,0.3286052346229553,0.5224049091339111,0.3779579997062683,-0.01804351806640625,0.5212324857711792,0.3890960216522217,-0.040992628782987595,0.6048820614814758,0.37142413854599,0.06296923756599426,0.6030367612838745,0.37777820229530334,0.04872190207242966,0.3851010501384735,0.32181769609451294,0.17358288168907166,0.5241336822509766,0.37171679735183716,-0.0032161741983145475,0.3793630003929138,0.34175240993499756,0.07372395694255829,0.3663980960845947,0.33373725414276123,0.0759640783071518,0.28045955300331116,0.318852961063385,0.15896879136562347,0.3488892614841461,0.3162437081336975,0.2234557718038559,0.3043076992034912,0.32183051109313965,0.11426138132810593,0.39597761631011963,0.32663869857788086,0.21644191443920135,0.37528955936431885,0.32878679037094116,0.272477924823761,0.5601528882980347,0.4094211459159851,-0.0519026517868042,0.570655882358551,0.39357227087020874,-0.021560246124863625,0.5806311964988708,0.38301026821136475,0.005818807519972324,0.5229450464248657,0.38411593437194824,-0.021689368411898613,0.6043224334716797,0.3746381998062134,0.05448225885629654,0.6237123012542725,0.3805074095726013,0.031899262219667435,0.6019083261489868,0.3801710605621338,0.04605884477496147,0.515483021736145,0.3702661991119385,-0.04575994983315468,0.5793943405151367,0.39353448152542114,0.004865332040935755,0.5718445777893066,0.40375271439552307,-0.017393410205841064,0.5644879341125488,0.4171575903892517,-0.040367573499679565,0.6699624061584473,0.4388427138328552,-0.02854546345770359,0.6764601469039917,0.4288122057914734,-0.03932419791817665,0.667818546295166,0.4278008043766022,-0.03954404219985008,0.655588686466217,0.42794370651245117,-0.03340347483754158,0.6433203220367432,0.428835391998291,-0.030639054253697395,0.6303524971008301,0.3997465968132019,0.011614960618317127,0.6357256174087524,0.3956289291381836,0.007689235731959343,0.6424099206924438,0.39050692319869995,0.005942659452557564,0.647678017616272,0.3866279721260071,0.012207458727061749,0.585809588432312,0.3790096044540405,0.029337335377931595,0.5278134346008301,0.42071297764778137,0.4004495441913605,0.6181379556655884,0.3900923728942871,0.03226330876350403,0.6215053200721741,0.38514986634254456,0.029866166412830353,0.5263437628746033,0.3948346674442291,-0.044434353709220886,0.5319002270698547,0.3838587999343872,-0.0017831831937655807,0.5239732265472412,0.3919673562049866,-0.04344916716217995,0.4657793343067169,0.37073007225990295,0.06378889828920364,0.4906097948551178,0.35931292176246643,0.08949776738882065,0.5138286352157593,0.3694799542427063,0.00911816768348217,0.3077629804611206,0.3158875107765198,0.23036602139472961,0.3254404067993164,0.3144209086894989,0.17134851217269897,0.3742876648902893,0.3238566219806671,0.12836897373199463,0.6597515344619751,0.4103965759277344,0.030873823910951614,0.3578068017959595,0.3486098051071167,0.033327117562294006,0.28484511375427246,0.3387952744960785,0.06370792537927628,0.2547817826271057,0.33371812105178833,0.09259334951639175,0.4442024230957031,0.36490100622177124,0.1559557020664215,0.45662564039230347,0.36231133341789246,0.21003605425357819,0.4166838526725769,0.3831721246242523,0.08429776877164841,0.42218777537345886,0.34644749760627747,0.18882521986961365,0.4295899271965027,0.37699586153030396,0.028639622032642365,0.5071796774864197,0.3594021499156952,-0.03722042590379715,0.48782777786254883,0.3462215065956116,0.24741952121257782,0.4705814719200134,0.36624675989151,0.1807669997215271,0.47617438435554504,0.3716203570365906,0.1401798576116562,0.4665805697441101,0.38021954894065857,0.10389625281095505,0.4529946446418762,0.38620230555534363,0.08027619868516922,0.4413512945175171,0.3883848786354065,0.05961195006966591,0.39522767066955566,0.37779325246810913,-0.008306602947413921,0.5319643616676331,0.352158784866333,0.23256826400756836,0.41825494170188904,0.3413916230201721,0.21129199862480164,0.5159503221511841,0.37989240884780884,-0.09126857668161392,0.4681396484375,0.37508514523506165,0.029151638969779015,0.4347364902496338,0.39182060956954956,0.4139936566352844,0.43057674169540405,0.3884471356868744,0.04820100590586662,0.5141480565071106,0.3759489059448242,0.028274161741137505,0.43216225504875183,0.3558460474014282,0.18572795391082764,0.49237269163131714,0.3615991771221161,-0.026810908690094948,0.5778787136077881,0.43079593777656555,0.3716711103916168,0.41213005781173706,0.38115519285202026,0.09447016566991806,0.4768269658088684,0.35928720235824585,-0.053938087075948715,0.6786710619926453,0.41279691457748413,0.16807761788368225,0.6951101422309875,0.441820353269577,0.20449298620224,0.5357343554496765,0.37702757120132446,0.3143148720264435,0.6553515195846558,0.4075809419155121,0.216305211186409,0.4051821827888489,0.34458106756210327,0.306746244430542,0.7287032604217529,0.4413166642189026,0.034539785236120224,0.5172184109687805,0.3930797576904297,-0.0716109424829483,0.4889296293258667,0.3725320100784302,0.04442201182246208,0.43411850929260254,0.35498493909835815,0.2602697014808655,0.4376225173473358,0.36540669202804565,0.1386459767818451,0.4325534701347351,0.37091848254203796,0.12209444493055344,0.6257655620574951,0.3763386905193329,0.03888077288866043,0.5723776817321777,0.3642336130142212,0.2231380045413971,0.7523200511932373,0.46838802099227905,0.0013472747523337603,0.7321133613586426,0.4488845765590668,0.09966488927602768,0.7172596454620361,0.44490933418273926,0.1477351188659668,0.4254428446292877,0.3754916787147522,0.1082446351647377,0.4176805913448334,0.3783942759037018,0.10023777186870575,0.41381514072418213,0.38031184673309326,0.09764805436134338,0.4103441536426544,0.3393961787223816,0.24363848567008972,0.41060367226600647,0.37241411209106445,0.10326166450977325,0.41354313492774963,0.36616235971450806,0.11195488274097443,0.41803979873657227,0.3604341745376587,0.12547875940799713,0.4241930842399597,0.3561769425868988,0.14177517592906952,0.4292406141757965,0.3552215099334717,0.15428803861141205,0.3947513699531555,0.365556538105011,0.3896755874156952,0.4382592737674713,0.3614097833633423,0.15385496616363525,0.5655091404914856,0.3813479542732239,0.0034433098044246435,0.5207228660583496,0.37328988313674927,-0.025556394830346107,0.5449634194374084,0.39526206254959106,-0.04333236441016197,0.6997480392456055,0.4214051365852356,0.12241492420434952,0.7127856016159058,0.43282845616340637,0.07873545587062836,0.7379287481307983,0.45566487312316895,-0.013707533478736877,0.6674988269805908,0.44251686334609985,0.26892298460006714,0.41092079877853394,0.3775598406791687,0.09840065985918045,0.43447595834732056,0.37127885222435,-0.011302764527499676,0.7451668977737427,0.4550358057022095,0.04993201047182083,0.580348789691925,0.3893824517726898,0.29329296946525574,0.6407742500305176,0.41268905997276306,-0.008662446402013302,0.6501566767692566,0.409206360578537,-0.011081819422543049,0.6601080894470215,0.406272292137146,-0.013694495894014835,0.6690778732299805,0.4047410786151886,-0.010485588572919369,0.6671783924102783,0.42244628071784973,0.0034577895421534777,0.5905163288116455,0.3818027377128601,0.029618460685014725,0.5913843512535095,0.37669017910957336,0.03585865721106529,0.5908006429672241,0.37222665548324585,0.04091915860772133,0.6100847125053406,0.3818037509918213,0.05872321501374245,0.5764186382293701,0.3626366853713989,0.15801185369491577,0.41087397933006287,0.377734512090683,0.01118710171431303,0.3972991406917572,0.3781317472457886,0.06248176097869873,0.40224021673202515,0.3770582973957062,0.08648014068603516,0.5888447165489197,0.3856106996536255,0.02829369343817234,0.6273124814033508,0.38267606496810913,0.1795101761817932,0.39547380805015564,0.37871652841567993,0.022049831226468086,0.6829590797424316,0.43054264783859253,0.01424360740929842,0.4192962050437927,0.37237823009490967,-0.03394060954451561,0.4717806279659271,0.36891984939575195,-0.00890882033854723,0.6878340244293213,0.4450207054615021,-0.024084532633423805,0.659040093421936,0.40169817209243774,0.0747990757226944,0.5355950593948364,0.3742283880710602,0.042574986815452576,0.6742956638336182,0.4162883758544922,0.045475319027900696,0.5479631423950195,0.359466016292572,0.0863281711935997,0.563488245010376,0.37130802869796753,0.05809495970606804,0.5860700011253357,0.3658895492553711,0.1107449010014534,0.7144331932067871,0.4476349949836731,-0.02021900564432144,0.48551705479621887,0.37206995487213135,0.011266916058957577,0.6768926382064819,0.40599972009658813,0.10088525712490082,0.6909457445144653,0.4221949875354767,0.06315174698829651,0.6377965211868286,0.38814806938171387,0.0972561463713646,0.6061840057373047,0.37635695934295654,0.21582037210464478,0.6450048685073853,0.38822805881500244,0.13069498538970947,0.6205052137374878,0.40048882365226746,0.26679524779319763,0.5971059203147888,0.37492281198501587,0.07808360457420349,0.4510330259799957,0.37347811460494995,0.010468152351677418,0.5146703720092773,0.3643430471420288,-0.045884281396865845,0.5221549272537231,0.36763429641723633,-0.02192937396466732,0.49847880005836487,0.3569370210170746,-0.0653097853064537,0.3889697790145874,0.3661707937717438,0.0736100971698761,0.3908940255641937,0.3526216745376587,0.09373704344034195,0.3973627984523773,0.34388670325279236,0.11653896421194077,0.4049808979034424,0.339036762714386,0.14352890849113464,0.41346457600593567,0.34030070900917053,0.1674567610025406,0.43362289667129517,0.3551126718521118,0.20081253349781036,0.49012690782546997,0.3665427267551422,0.3254109025001526,0.4551234841346741,0.3652997612953186,0.1679905652999878,0.4568716883659363,0.3703882694244385,0.1393069177865982,0.45149800181388855,0.377728670835495,0.11227623373270035,0.44072991609573364,0.38390910625457764,0.09131454676389694,0.4307851493358612,0.3864244818687439,0.0745256170630455,0.42299097776412964,0.3871903419494629,0.06447635591030121,0.4790797829627991,0.41008347272872925,0.41682493686676025,0.5253738164901733,0.3746078610420227,-0.014154931530356407,0.4549868404865265,0.3660557270050049,-0.029651429504156113,0.5112693309783936,0.36270880699157715,-0.07442343980073929,0.5158079862594604,0.37873029708862305,-0.07868994772434235,0.5141028165817261,0.3701961636543274,-0.06518051028251648,0.5276135206222534,0.383147656917572,-0.015658706426620483,0.5168581008911133,0.37819433212280273,-0.08653265237808228,0.5183670520782471,0.3899382948875427,-0.06734030693769455,0.4103955030441284,0.3827224373817444,0.08121980726718903,0.41238805651664734,0.38609176874160767,0.05576146021485329,0.41604048013687134,0.3860476016998291,0.03375488892197609,0.4321760833263397,0.35550403594970703,0.1648869663476944,0.42467790842056274,0.3497667908668518,0.1733875572681427,0.28544551134109497,0.504671573638916,-0.05338357016444206,0.29840895533561707,0.4851268529891968,-0.05338357016444206,0.26724961400032043,0.5003045797348022,-0.05338357016444206,0.2723974585533142,0.5240824222564697,-0.05338357016444206,0.30305078625679016,0.5091537833213806,-0.05338357016444206,0.4123309850692749,0.3619838356971741,0.12857216596603394,0.41929513216018677,0.35513055324554443,0.12857216596603394,0.3980342745780945,0.35637956857681274,0.12857216596603394,0.4047703444957733,0.3690543472766876,0.12857216596603394,0.425937294960022,0.3675963878631592,0.12857216596603394,0,0,0,0,0,1,1,0,0,0,0,0,0.13235655426979065,0.07656778395175934,0.11024956405162811,0.07360249012708664,0.024964937940239906,0.06818594038486481,0.06126873567700386,0.0781945288181305,0.08538591861724854,0.13569828867912292,0.9167069792747498,0.335000604391098,Neutral,-9.77548599243164,-19.309534072875977
234,7.8,30.773874327844812,-6.686874425370462,0.7034952943527353,0.5429642200469971,0.41497981548309326,-0.08636210113763809,0.5065144896507263,0.38099125027656555,-0.12072109431028366,0.513631284236908,0.4176536798477173,-0.07622172683477402,0.4241403341293335,0.39121294021606445,-0.08997195214033127,0.4875674247741699,0.3722939193248749,-0.12278472632169724,0.4598710238933563,0.37294358015060425,-0.107223741710186,0.38245970010757446,0.38331377506256104,-0.030708255246281624,0.24311451613903046,0.5226381421089172,-0.05849182978272438,0.3377915322780609,0.375701367855072,-5.727331881644204e-05,0.31606799364089966,0.36498093605041504,0.0060388995334506035,0.2302435040473938,0.3461557924747467,0.0555911622941494,0.5459918975830078,0.4172897934913635,-0.08564545214176178,0.5468811392784119,0.4216099679470062,-0.0809803158044815,0.5450537800788879,0.42628222703933716,-0.07343059778213501,0.6214040517807007,0.46820148825645447,-0.06400084495544434,0.6320886611938477,0.4714209735393524,-0.06955604255199432,0.6419038772583008,0.47600749135017395,-0.07642939686775208,0.6475530862808228,0.482178658246994,-0.07565704733133316,0.6571277379989624,0.48574912548065186,-0.0625186339020729,0.514163613319397,0.39406973123550415,-0.11271871626377106,0.4945964217185974,0.4204131066799164,-0.09731430560350418,0.10015404224395752,0.6012723445892334,-0.0061715953052043915,0.30484625697135925,0.48076650500297546,-0.04242338985204697,0.29185613989830017,0.49778860807418823,-0.05675514414906502,0.2761421203613281,0.5143664479255676,-0.06507743895053864,0.2421087622642517,0.5329050421714783,-0.06550713628530502,0.3128605782985687,0.465237557888031,-0.024312859401106834,0.23307539522647858,0.47719335556030273,-0.05540737137198448,0.253939688205719,0.4597945809364319,-0.03516298532485962,0.21751786768436432,0.49675580859184265,-0.06507541239261627,0.21209751069545746,0.5127448439598083,-0.06727235019207001,0.24255207180976868,0.5528899431228638,-0.06886079162359238,0.6264786124229431,0.5706822276115417,-0.09864585101604462,0.23002412915229797,0.5277037620544434,-0.056348685175180435,0.1827048659324646,0.6357285976409912,-0.024280637502670288,0.21407918632030487,0.5622822642326355,-0.06060351803898811,0.3956833779811859,0.5037797093391418,-0.0923529863357544,0.5144596099853516,0.43902450799942017,-0.10170292854309082,0.5242149829864502,0.4447198808193207,-0.09479057788848877,0.4945719242095947,0.47026774287223816,-0.10947912186384201,0.48352086544036865,0.4934610426425934,-0.10645151883363724,0.5057058930397034,0.46894511580467224,-0.10099946707487106,0.4948125183582306,0.4888925850391388,-0.09545524418354034,0.5359131097793579,0.5614748001098633,-0.09400320798158646,0.49431902170181274,0.3942858576774597,-0.12888991832733154,0.47434747219085693,0.387992262840271,-0.13229724764823914,0.17479535937309265,0.5241912603378296,-0.07942444831132889,0.37545812129974365,0.45519086718559265,-0.053455181419849396,0.4443748891353607,0.45853033661842346,-0.11117642372846603,0.4297391176223755,0.4605027735233307,-0.1035383939743042,0.34490692615509033,0.5618158578872681,-0.11521276831626892,0.449074387550354,0.38800573348999023,-0.11643434315919876,0.19745132327079773,0.47157520055770874,-0.06838499009609222,0.17910581827163696,0.4991706609725952,-0.07817612588405609,0.09223863482475281,0.5512441992759705,-0.017800798639655113,0.28237947821617126,0.4114125967025757,-0.0243386197835207,0.2762485444545746,0.4479888081550598,-0.01656358689069748,0.5000129342079163,0.5649049282073975,-0.1009821966290474,0.3944718539714813,0.735585629940033,-0.02145790494978428,0.46563059091567993,0.4530635476112366,-0.09387020766735077,0.4828322231769562,0.44236671924591064,-0.08358845859766006,0.48586350679397583,0.5290769934654236,-0.0900210291147232,0.49223923683166504,0.5242005586624146,-0.08580226451158524,0.15894633531570435,0.5015381574630737,-0.07079550623893738,0.4489958882331848,0.47018498182296753,-0.10164211690425873,0.23055614531040192,0.4429394602775574,-0.04938741400837898,0.2147974818944931,0.4366951286792755,-0.050414588302373886,0.13953177630901337,0.4380418062210083,-0.014535455964505672,0.12994322180747986,0.521619975566864,-0.042989179491996765,0.18183821439743042,0.4267558455467224,-0.02753785438835621,0.156804159283638,0.5310431718826294,-0.06798440217971802,0.13255615532398224,0.5663281679153442,-0.03229730576276779,0.5205169320106506,0.4418163001537323,-0.10087890923023224,0.5001382827758789,0.4695240259170532,-0.10647279769182205,0.48908761143684387,0.4913463592529297,-0.10235518962144852,0.4717724025249481,0.4535677134990692,-0.08561202883720398,0.48942774534225464,0.5265548229217529,-0.08699092268943787,0.5147650241851807,0.5307096242904663,-0.08936958014965057,0.49445390701293945,0.5222455263137817,-0.08488287031650543,0.47269362211227417,0.4282180070877075,-0.11817857623100281,0.498169869184494,0.4874454736709595,-0.0910651907324791,0.5091865062713623,0.46823737025260925,-0.09241136908531189,0.5257666110992432,0.4474143385887146,-0.08804874867200851,0.6342263221740723,0.5109143257141113,-0.07848957926034927,0.6175804734230042,0.5108898282051086,-0.0921713337302208,0.6129406690597534,0.5035936832427979,-0.09269613772630692,0.6054511070251465,0.4963199496269226,-0.08544456213712692,0.5980228781700134,0.4902518391609192,-0.0790993794798851,0.5449824333190918,0.5165162086486816,-0.08411771804094315,0.5442734956741333,0.5221995711326599,-0.08870141208171844,0.5434175133705139,0.5299065113067627,-0.09441960602998734,0.5428096652030945,0.5371037125587463,-0.09567778557538986,0.4802457094192505,0.5171331763267517,-0.10475916415452957,0.2635490894317627,0.7196171283721924,0.018099505454301834,0.5141286253929138,0.4063977599143982,-0.08830726146697998,0.5217474102973938,0.5211706161499023,-0.08322972804307938,0.51845383644104,0.5256757736206055,-0.08668769150972366,0.49537184834480286,0.4401386082172394,-0.0873805359005928,0.4631844758987427,0.47530123591423035,-0.08166100829839706,0.489696741104126,0.44100069999694824,-0.085494264960289,0.3704250156879425,0.47742146253585815,-0.06720205396413803,0.35919755697250366,0.5073922872543335,-0.08912539482116699,0.43359649181365967,0.4720667600631714,-0.09582233428955078,0.10417184233665466,0.49688827991485596,-0.022879350930452347,0.14522996544837952,0.4756188690662384,-0.04053681716322899,0.17881989479064941,0.46943220496177673,-0.06380100548267365,0.5669890642166138,0.5509472489356995,-0.09479029476642609,0.2583884000778198,0.4011945128440857,-0.027065489441156387,0.22167810797691345,0.3878897428512573,-0.0033204550854861736,0.1812700480222702,0.3902207314968109,0.013076902367174625,0.25830724835395813,0.5276063680648804,-0.06770269572734833,0.24079829454421997,0.577282190322876,-0.07627525180578232,0.3163791596889496,0.4540262222290039,-0.013514598831534386,0.20559003949165344,0.5327239036560059,-0.06955073773860931,0.3748360276222229,0.4364997446537018,-0.04832301288843155,0.4503931403160095,0.4344794452190399,-0.12079153954982758,0.24675527215003967,0.6123157739639282,-0.07908081263303757,0.26068466901779175,0.5751169919967651,-0.09069018810987473,0.2868773937225342,0.5567995309829712,-0.09085434675216675,0.31408536434173584,0.5209900736808777,-0.07266299426555634,0.32892027497291565,0.49239668250083923,-0.05277956649661064,0.33765366673469543,0.4703383445739746,-0.03862126171588898,0.37276491522789,0.3999127745628357,-0.03994709998369217,0.293486624956131,0.6251508593559265,-0.09729871898889542,0.19139091670513153,0.5442498922348022,-0.07055118680000305,0.5064085721969604,0.40124088525772095,-0.1195991113781929,0.3984684646129608,0.45649808645248413,-0.06731630116701126,0.16448134183883667,0.6776348352432251,0.026797473430633545,0.3426276445388794,0.45170754194259644,-0.027126997709274292,0.430225670337677,0.48177680373191833,-0.07526450604200363,0.2233816236257553,0.5334400534629822,-0.060052067041397095,0.4339941143989563,0.43716272711753845,-0.11002235114574432,0.3227646052837372,0.7338612675666809,0.002306222915649414,0.3091646730899811,0.45243507623672485,-0.006895092315971851,0.43991217017173767,0.4100106954574585,-0.11758918315172195,0.5041102766990662,0.6633449792861938,-0.08723212778568268,0.5240775346755981,0.6937122344970703,-0.06783679872751236,0.2737942337989807,0.678055465221405,-0.04196521267294884,0.4491688311100006,0.6863256692886353,-0.08076692372560501,0.1517907977104187,0.6017622351646423,-0.022205326706171036,0.6487452983856201,0.5883873701095581,-0.0998276025056839,0.5072765946388245,0.4123569130897522,-0.09180030971765518,0.397891104221344,0.47941502928733826,-0.07509231567382812,0.2058471143245697,0.5783525109291077,-0.055402107536792755,0.2674023509025574,0.506478488445282,-0.05777228623628616,0.282036155462265,0.49249812960624695,-0.051179591566324234,0.5106355547904968,0.5357277393341064,-0.09103002399206161,0.33805426955223083,0.6442447900772095,-0.09741988033056259,0.7070657014846802,0.5668437480926514,-0.08384089916944504,0.6281824707984924,0.6316126585006714,-0.08314870297908783,0.5837564468383789,0.6608118414878845,-0.07694850116968155,0.2660635709762573,0.3512766659259796,0.0328206792473793,0.7369044423103333,0.5303040146827698,-0.05642636492848396,0.2923438847064972,0.4792451858520508,-0.03839005157351494,0.3007332682609558,0.46568018198013306,-0.02444840408861637,0.306473046541214,0.456879198551178,-0.012470821850001812,0.17752143740653992,0.5543392896652222,-0.05954609811306,0.2849893569946289,0.4601999521255493,-0.022126369178295135,0.2668050527572632,0.47239166498184204,-0.03561375290155411,0.25154486298561096,0.486663281917572,-0.04772408306598663,0.23893484473228455,0.5026956796646118,-0.05657973513007164,0.23322521150112152,0.5142375230789185,-0.05892476066946983,0.12251274287700653,0.6410865783691406,0.013763037510216236,0.254779577255249,0.5158400535583496,-0.05952378734946251,0.5268625020980835,0.42196977138519287,-0.07477279007434845,0.4830120801925659,0.4927377998828888,-0.10127206891775131,0.4644169211387634,0.44738709926605225,-0.09845505654811859,0.5083451271057129,0.4468817114830017,-0.09259390085935593,0.35682418942451477,0.38427746295928955,-0.0067696417681872845,0.5574296712875366,0.6403633952140808,-0.08786892890930176,0.6028376817703247,0.6170823574066162,-0.09242957085371017,0.6907316446304321,0.5530223250389099,-0.09653715044260025,0.4641526937484741,0.7194740176200867,-0.04750557616353035,0.30083245038986206,0.4543488621711731,-0.013080217875540257,0.39741355180740356,0.41421619057655334,-0.0655159056186676,0.7222554087638855,0.5159515142440796,-0.07053571939468384,0.6699687838554382,0.6002683639526367,-0.09135294705629349,0.32699209451675415,0.6943851709365845,-0.05161592364311218,0.5725351572036743,0.5061638951301575,-0.08421691507101059,0.574569821357727,0.5132982730865479,-0.0901556983590126,0.5781367421150208,0.5217573046684265,-0.09676487743854523,0.5817893743515015,0.5298547744750977,-0.09765954315662384,0.6006768941879272,0.5347081422805786,-0.09308086335659027,0.48949575424194336,0.5081126093864441,-0.09120792150497437,0.48439037799835205,0.5109642744064331,-0.09588026255369186,0.4793519973754883,0.5133859515190125,-0.09964188933372498,0.4858757257461548,0.5419942140579224,-0.10513348877429962,0.37514597177505493,0.606007993221283,-0.11556558310985565,0.37288349866867065,0.4171471893787384,-0.04167546331882477,0.31138482689857483,0.4300203025341034,0.001902526244521141,0.30270180106163025,0.442069947719574,-0.005562060512602329,0.49294546246528625,0.505608081817627,-0.08801376819610596,0.4249913692474365,0.6448699831962585,-0.09981747716665268,0.32632094621658325,0.41374051570892334,-0.012806912884116173,0.610295295715332,0.5540563464164734,-0.09322670102119446,0.4336564838886261,0.3770883083343506,-0.08063856512308121,0.3995523750782013,0.3959815800189972,-0.06392009556293488,0.4090173840522766,0.38048720359802246,-0.0539955236017704,0.41755247116088867,0.4351666271686554,-0.0825095921754837,0.6991878747940063,0.50310879945755,-0.07424041628837585,0.6741746664047241,0.49434226751327515,-0.06754353642463684,0.6482715606689453,0.5241748094558716,-0.0849572941660881,0.5298598408699036,0.5840274691581726,-0.0969090536236763,0.4326447546482086,0.5030158162117004,-0.08585864305496216,0.5714924335479736,0.5739141702651978,-0.09507139027118683,0.3959152102470398,0.5408342480659485,-0.11203089356422424,0.43993598222732544,0.5255062580108643,-0.1009831354022026,0.4152964651584625,0.5766574144363403,-0.11553340405225754,0.6690146923065186,0.5376375317573547,-0.097488634288311,0.4158311188220978,0.4571154713630676,-0.0803724005818367,0.5355708003044128,0.6127347946166992,-0.09684734791517258,0.5825872421264648,0.5943042039871216,-0.09461095929145813,0.4880880117416382,0.5857199430465698,-0.10712938010692596,0.37953639030456543,0.6595774292945862,-0.09367543458938599,0.4726777672767639,0.6207324266433716,-0.10569131374359131,0.3842810094356537,0.7001819610595703,-0.06471404433250427,0.45484307408332825,0.5536452531814575,-0.10902769863605499,0.39779677987098694,0.4353043735027313,-0.06614553928375244,0.4654040038585663,0.4307447671890259,-0.12356805056333542,0.4563940465450287,0.454297810792923,-0.10840806365013123,0.46194204688072205,0.409808874130249,-0.12982575595378876,0.2828686833381653,0.43319791555404663,-0.012390113435685635,0.24653246998786926,0.4529242217540741,-0.03768766298890114,0.22050833702087402,0.4746549129486084,-0.05938449874520302,0.20333601534366608,0.4967541992664337,-0.07250447571277618,0.19727997481822968,0.5163728594779968,-0.07508166134357452,0.22020703554153442,0.5460776090621948,-0.06171588972210884,0.22584019601345062,0.658922553062439,-0.036509279161691666,0.25802651047706604,0.5483385324478149,-0.0736803412437439,0.28026705980300903,0.5334168076515198,-0.07172790169715881,0.3010217249393463,0.5095827579498291,-0.061502061784267426,0.31652748584747314,0.4856765866279602,-0.04404101520776749,0.3253277540206909,0.46691569685935974,-0.026393139734864235,0.3310532569885254,0.4525480568408966,-0.016069697216153145,0.21273255348205566,0.7006869316101074,0.02849689871072769,0.4594326615333557,0.46192413568496704,-0.09872300177812576,0.41966915130615234,0.4109223484992981,-0.08873461931943893,0.4804510176181793,0.40942487120628357,-0.1288205236196518,0.4940912127494812,0.4124360978603363,-0.11470254510641098,0.4816426634788513,0.4165582060813904,-0.11986100673675537,0.46721985936164856,0.4644237756729126,-0.08772557228803635,0.49984610080718994,0.40727558732032776,-0.11862292885780334,0.5014612078666687,0.417436420917511,-0.09449207782745361,0.3168748915195465,0.445060670375824,-0.0021244154777377844,0.33071762323379517,0.43818074464797974,-0.005252617411315441,0.3404807448387146,0.4334535598754883,-0.01736719161272049,0.23098433017730713,0.5217064023017883,-0.05885136127471924,0.21288400888442993,0.5256386399269104,-0.06512767821550369,0.44557613134384155,0.3692769706249237,-0.05824246630072594,0.4388800859451294,0.357732355594635,0.17001250386238098,0.5198313593864441,0.39474302530288696,-0.07334255427122116,0.38514038920402527,0.3308272361755371,0.3636583089828491,0.42566391825675964,0.38170140981674194,0.10523897409439087,0.43539491295814514,0.37610840797424316,0.12082692235708237,0.4425642490386963,0.36992955207824707,0.13937406241893768,0.4396008551120758,0.3619094491004944,0.17605899274349213,0.41657477617263794,0.3839934766292572,0.09247045964002609,0.41084736585617065,0.34696364402770996,0.12707583606243134,0.4027426242828369,0.354722261428833,0.10926379263401031,0.4188458323478699,0.34256047010421753,0.1461559534072876,0.42553430795669556,0.3435215353965759,0.1619248390197754,0.44822362065315247,0.36373862624168396,0.19128362834453583,0.70940101146698,0.4622684717178345,0.009967134334146976,0.4364120662212372,0.3552728295326233,0.18266063928604126,0.46242475509643555,0.35523027181625366,0.33604615926742554,0.4374864995479584,0.35532158613204956,0.23209457099437714,0.5242525339126587,0.369704008102417,0.056900542229413986,0.5569735169410706,0.3917376697063446,-0.06370388716459274,0.5613005757331848,0.4028558135032654,-0.059679850935935974,0.5731692910194397,0.3773501515388489,-0.03054726868867874,0.5855963230133057,0.3732585906982422,0.0028583938255906105,0.5724051594734192,0.3913290798664093,-0.03246799483895302,0.5820817947387695,0.3863009512424469,-0.003369768150150776,0.6575775146484375,0.4201810359954834,0.047129303216934204,0.5152870416641235,0.3729593753814697,-0.1083853468298912,0.4981597065925598,0.36371856927871704,-0.10788809508085251,0.41744208335876465,0.32551631331443787,0.19315636157989502,0.4527624547481537,0.375983327627182,0.043177347630262375,0.526578426361084,0.36803510785102844,-0.019991500303149223,0.5142885446548462,0.3680306673049927,-0.0096109164878726,0.5461019277572632,0.3544582724571228,0.13226661086082458,0.4716010093688965,0.3646523654460907,-0.08526221662759781,0.4034842550754547,0.3226112425327301,0.12167898565530777,0.41108229756355286,0.32006949186325073,0.1596357822418213,0.3587346374988556,0.3097451627254486,0.3124946057796478,0.38477954268455505,0.35435235500335693,0.038449034094810486,0.3976622223854065,0.36433273553848267,0.10100620239973068,0.6412677764892578,0.40552783012390137,0.06958005577325821,0.6338025331497192,0.45476800203323364,0.32990992069244385,0.5279927849769592,0.3834240734577179,-0.026730453595519066,0.5239372849464417,0.39607545733451843,-0.0502091608941555,0.6063019633293152,0.38343894481658936,0.05753491818904877,0.6027061343193054,0.38953697681427,0.04349750280380249,0.40101808309555054,0.31193941831588745,0.1819801777601242,0.5322162508964539,0.37673884630203247,-0.012052291072905064,0.39455315470695496,0.33254021406173706,0.0805363729596138,0.38435184955596924,0.3222811818122864,0.08379827439785004,0.299744576215744,0.3022043704986572,0.17439013719558716,0.3743341863155365,0.3027232587337494,0.23670433461666107,0.32290223240852356,0.3079667091369629,0.1277671754360199,0.40752339363098145,0.3204064965248108,0.22478941082954407,0.3998606204986572,0.3174375295639038,0.2858715355396271,0.5609790682792664,0.396259069442749,-0.06328418850898743,0.5742747187614441,0.3836818337440491,-0.032102007418870926,0.5849521160125732,0.3786109685897827,-0.0027490833308547735,0.5271989703178406,0.3900580406188965,-0.030235134065151215,0.6048861742019653,0.38655024766921997,0.049255888909101486,0.6248263716697693,0.3967568874359131,0.025397954508662224,0.6006295680999756,0.3918972611427307,0.040722157806158066,0.5224303007125854,0.37612485885620117,-0.056166328489780426,0.5778617262840271,0.3928062319755554,-0.0035769694950431585,0.5689748525619507,0.3987426459789276,-0.027672380208969116,0.5589288473129272,0.4099920094013214,-0.051991283893585205,0.6706538200378418,0.46630173921585083,-0.04306180402636528,0.6648640632629395,0.4537779688835144,-0.05340023338794708,0.657443642616272,0.449410080909729,-0.05298935994505882,0.6457269191741943,0.4475194811820984,-0.045561786741018295,0.6338100433349609,0.44759202003479004,-0.04152801260352135,0.626912534236908,0.41767674684524536,0.003871519584208727,0.6338219046592712,0.4137852191925049,-0.0007060946081764996,0.642590343952179,0.4094619154930115,-0.0030884663574397564,0.6494135856628418,0.4073328673839569,0.0033517354167997837,0.5934332609176636,0.39015617966651917,0.02194414846599102,0.5355990529060364,0.42595237493515015,0.4110674262046814,0.6161028146743774,0.40632644295692444,0.026316426694393158,0.621063232421875,0.40124887228012085,0.023522719740867615,0.527805507183075,0.4031435549259186,-0.05438127741217613,0.5373977422714233,0.39008620381355286,-0.00975005142390728,0.5261499285697937,0.3995862603187561,-0.05304425209760666,0.4736855626106262,0.3716433048248291,0.062388140708208084,0.5026799440383911,0.36162105202674866,0.08673558384180069,0.5224395990371704,0.373851478099823,0.0014634650433436036,0.33051562309265137,0.2991979718208313,0.2459290772676468,0.34887588024139404,0.30021220445632935,0.18456420302391052,0.392984539270401,0.31213831901550293,0.1368979662656784,0.666334867477417,0.43233877420425415,0.021557657048106194,0.3716075122356415,0.33831915259361267,0.04179944843053818,0.29753077030181885,0.32508695125579834,0.07791232317686081,0.26857155561447144,0.31702300906181335,0.10806947201490402,0.44378265738487244,0.365628182888031,0.15963934361934662,0.45808354020118713,0.3669261038303375,0.21337568759918213,0.41029679775238037,0.3843501806259155,0.09053465723991394,0.42789125442504883,0.344036340713501,0.1946437954902649,0.4338013827800751,0.3764517307281494,0.028691569343209267,0.516655683517456,0.3642616868019104,-0.04719599708914757,0.5086199045181274,0.34627050161361694,0.2507016658782959,0.4729261100292206,0.3706967234611511,0.18181662261486053,0.4790760278701782,0.3751862049102783,0.14021356403827667,0.4662022292613983,0.38323312997817993,0.10407911986112595,0.4491160213947296,0.388886421918869,0.08140663802623749,0.4366697669029236,0.390430748462677,0.06151236966252327,0.3974158763885498,0.3756018877029419,-0.0070648943074047565,0.5512155294418335,0.3560640215873718,0.23210600018501282,0.4254820942878723,0.33928364515304565,0.2175888568162918,0.519214928150177,0.3884466886520386,-0.10318630933761597,0.4742305874824524,0.3766504228115082,0.026112284511327744,0.446718692779541,0.3873591721057892,0.42950356006622314,0.42587709426879883,0.38971391320228577,0.05115780234336853,0.5217397212982178,0.38019031286239624,0.022662531584501266,0.43447360396385193,0.35511326789855957,0.1914202868938446,0.5014299154281616,0.3651249408721924,-0.035409729927778244,0.5844679474830627,0.440517395734787,0.37799200415611267,0.40501224994659424,0.38240760564804077,0.10196579247713089,0.485085129737854,0.3630101680755615,-0.06300458312034607,0.6880719661712646,0.43458420038223267,0.15916018187999725,0.7018979787826538,0.46480414271354675,0.19804175198078156,0.5513850450515747,0.382463276386261,0.3182559013366699,0.6659954786300659,0.42602503299713135,0.20925550162792206,0.4267664849758148,0.3368038535118103,0.31928396224975586,0.7325814962387085,0.472486287355423,0.017774876207113266,0.5179992318153381,0.40182143449783325,-0.08190298080444336,0.4969085454940796,0.37530016899108887,0.040575385093688965,0.43520113825798035,0.3580288887023926,0.26724356412887573,0.4372047781944275,0.36445745825767517,0.1432855725288391,0.43022942543029785,0.3701884150505066,0.1268242597579956,0.6281747221946716,0.393143892288208,0.032244306057691574,0.5896880626678467,0.37186262011528015,0.22006238996982574,0.7511960864067078,0.5028638243675232,-0.014503383077681065,0.738426685333252,0.4777067303657532,0.08823160082101822,0.7241654396057129,0.47114530205726624,0.13881076872348785,0.4213341474533081,0.37514805793762207,0.1135365217924118,0.4121944010257721,0.3787246644496918,0.10646533221006393,0.407357394695282,0.38124173879623413,0.10486646741628647,0.4172612428665161,0.3377555012702942,0.2516562044620514,0.4077759385108948,0.37152889370918274,0.11023986339569092,0.41391152143478394,0.36422789096832275,0.11784929037094116,0.4213216304779053,0.3580763041973114,0.1308286339044571,0.4287155866622925,0.35396236181259155,0.1467050164937973,0.433455228805542,0.3533226251602173,0.15935610234737396,0.4116550385951996,0.355978786945343,0.4058701992034912,0.439239501953125,0.3604133129119873,0.15862056612968445,0.5714892148971558,0.3913572430610657,-0.005378016270697117,0.5273693799972534,0.3785420060157776,-0.03445803001523018,0.545250654220581,0.4053288698196411,-0.05344853177666664,0.7079241275787354,0.4464813470840454,0.11138468235731125,0.7188683748245239,0.4606785178184509,0.06493132561445236,0.7366242408752441,0.48974135518074036,-0.03251158446073532,0.6734085083007812,0.4618588089942932,0.2652878761291504,0.4058649241924286,0.3780331015586853,0.10575851052999496,0.439169317483902,0.37182164192199707,-0.013584287837147713,0.7491340637207031,0.4869202971458435,0.03590898960828781,0.5940254330635071,0.3991467356681824,0.2934276759624481,0.6346001625061035,0.43135738372802734,-0.018176820129156113,0.6444699764251709,0.42862480878829956,-0.021426483988761902,0.6558817028999329,0.4270108640193939,-0.02465677261352539,0.6652332544326782,0.42872223258018494,-0.021525252610445023,0.6721364259719849,0.447258323431015,-0.008255516178905964,0.5911388993263245,0.3859570026397705,0.023089393973350525,0.5943163633346558,0.3799454867839813,0.029453938826918602,0.5959668755531311,0.3744232654571533,0.03447546437382698,0.6180112361907959,0.3947237730026245,0.052444327622652054,0.5925204753875732,0.37145841121673584,0.15236152708530426,0.41398435831069946,0.37623316049575806,0.011959327384829521,0.394405722618103,0.3765060305595398,0.06996814906597137,0.39829114079475403,0.3763287663459778,0.09422145783901215,0.5872496366500854,0.3906290531158447,0.021807370707392693,0.6412442326545715,0.39697974920272827,0.17295317351818085,0.3948100209236145,0.3761247396469116,0.027485964819788933,0.6862437725067139,0.4569791555404663,0.000913791882339865,0.4227665066719055,0.3722913861274719,-0.03597309812903404,0.4784679412841797,0.3714381456375122,-0.014236182905733585,0.6869244575500488,0.47412413358688354,-0.03978512063622475,0.6668959856033325,0.42182424664497375,0.06651227921247482,0.5444996953010559,0.38069015741348267,0.03654330596327782,0.6802099943161011,0.43978774547576904,0.03474714607000351,0.561972975730896,0.36696183681488037,0.08009420335292816,0.5737451910972595,0.38068071007728577,0.05180404707789421,0.6003096103668213,0.3764277696609497,0.10432710498571396,0.7135518789291382,0.4793511927127838,-0.037661150097846985,0.49263378977775574,0.3745908737182617,0.005946083925664425,0.6862465739250183,0.4282108247280121,0.09117654711008072,0.697277843952179,0.4476237893104553,0.050773486495018005,0.6472874879837036,0.4046146273612976,0.08985584229230881,0.6217515468597412,0.3876688480377197,0.21108655631542206,0.6570048928260803,0.4053173065185547,0.12298929691314697,0.6323167085647583,0.4146353602409363,0.26306265592575073,0.6073621511459351,0.38694095611572266,0.07148709893226624,0.4564047157764435,0.3745512366294861,0.007764718029648066,0.5230361223220825,0.369922935962677,-0.05641964077949524,0.5303561091423035,0.3727727234363556,-0.03153293579816818,0.5076264142990112,0.3622230887413025,-0.07638230919837952,0.391825795173645,0.3621158301830292,0.08168360590934753,0.3989869952201843,0.34653711318969727,0.1010417565703392,0.4082975387573242,0.33677273988723755,0.12286365032196045,0.4169800579547882,0.332022488117218,0.14908117055892944,0.4233406186103821,0.3347974419593811,0.1731058657169342,0.4354230761528015,0.3556681275367737,0.2063455730676651,0.5078400373458862,0.36763548851013184,0.3327196538448334,0.4561128318309784,0.3673681616783142,0.17082607746124268,0.4574494957923889,0.37253645062446594,0.1415681540966034,0.4490261971950531,0.3796709477901459,0.11445792764425278,0.4354397654533386,0.3856515884399414,0.09450713545084,0.42452213168144226,0.38810569047927856,0.07844651490449905,0.41655996441841125,0.38852787017822266,0.06917475163936615,0.4882403612136841,0.4103829264640808,0.43048974871635437,0.5321879982948303,0.38007932901382446,-0.023186897858977318,0.46121275424957275,0.36823147535324097,-0.035197529941797256,0.5193021297454834,0.3692435026168823,-0.08593463897705078,0.5201727151870728,0.38643938302993774,-0.08999551832675934,0.5207648873329163,0.37673714756965637,-0.07613977789878845,0.5326883792877197,0.38921648263931274,-0.02432871423661709,0.5209788680076599,0.38636815547943115,-0.09825946390628815,0.5202426910400391,0.3981572985649109,-0.07762649655342102,0.40419426560401917,0.38377445936203003,0.08844932168722153,0.4062085747718811,0.38665738701820374,0.06157667189836502,0.41206493973731995,0.38605836033821106,0.03761259466409683,0.43578091263771057,0.3539242446422577,0.17015446722507477,0.4297823905944824,0.3471170663833618,0.17872805893421173,0.2664431631565094,0.4804830551147461,-0.04115130379796028,0.28037509322166443,0.4649544656276703,-0.04115130379796028,0.24882277846336365,0.4763683080673218,-0.04115130379796028,0.2517126202583313,0.4960792362689972,-0.04115130379796028,0.28341782093048096,0.4845365285873413,-0.04115130379796028,0.42057764530181885,0.3571670651435852,0.13432058691978455,0.43091344833374023,0.34991151094436646,0.13432058691978455,0.40878182649612427,0.3496341407299042,0.13432058691978455,0.40969353914260864,0.36448752880096436,0.13432058691978455,0.4316607117652893,0.3645247220993042,0.13432058691978455,0,0,0,0,0,1,1,0,0,0,0,0,0.08660978078842163,0.06050865724682808,0.08485711365938187,0.05485854297876358,0.02612576074898243,0.0526885911822319,0.055221229791641235,0.0639239102602005,0.08602795004844666,0.1467856913805008,0.6900224685668945,0.22399988770484924,Neutral,1.7406513690948486,-10.416516304016113
237,7.9,34.37895021105332,-6.983484581322196,0.8471655950601023,0.5365884900093079,0.4088746905326843,-0.08519160747528076,0.5172187685966492,0.37252044677734375,-0.11872482299804688,0.5242855548858643,0.410649836063385,-0.0750453770160675,0.43485116958618164,0.385163277387619,-0.09009437263011932,0.4978959858417511,0.3643088936805725,-0.12076061964035034,0.4700140953063965,0.36605608463287354,-0.10551229119300842,0.39294159412384033,0.37985047698020935,-0.030294639989733696,0.25724321603775024,0.5166256427764893,-0.06859993189573288,0.3461082875728607,0.3730992376804352,-0.00017018885409925133,0.32366856932640076,0.3629581928253174,0.005689817015081644,0.2382735311985016,0.3485655188560486,0.051937948912382126,0.5418417453765869,0.41114282608032227,-0.08460088074207306,0.5465584993362427,0.4161403477191925,-0.08006051927804947,0.5488502979278564,0.42168888449668884,-0.07304134219884872,0.6205675601959229,0.45657026767730713,-0.06227961182594299,0.6332348585128784,0.46007105708122253,-0.06801590323448181,0.6456103920936584,0.4649563431739807,-0.07448621094226837,0.6539021730422974,0.47138556838035583,-0.07336296886205673,0.6692303419113159,0.47768542170524597,-0.06006353348493576,0.5251091122627258,0.38586902618408203,-0.11089436709880829,0.5056614875793457,0.4125909209251404,-0.09691701084375381,0.11448915302753448,0.6001404523849487,-0.023438237607479095,0.3173290491104126,0.47691574692726135,-0.04931012913584709,0.3049812614917755,0.4932807385921478,-0.06466184556484222,0.2899138331413269,0.5093548893928528,-0.07394416630268097,0.2570536732673645,0.526963472366333,-0.07592672854661942,0.32506263256073,0.4617711305618286,-0.03002217784523964,0.24908091127872467,0.47163090109825134,-0.06347518414258957,0.26910197734832764,0.45499110221862793,-0.04192263260483742,0.23443187773227692,0.4902448058128357,-0.07408344000577927,0.22878678143024445,0.5058649182319641,-0.07704214006662369,0.25730788707733154,0.5476362705230713,-0.0799507200717926,0.6405634880065918,0.5606831312179565,-0.10124564170837402,0.2443571388721466,0.5211915373802185,-0.06688909232616425,0.19772520661354065,0.6333165168762207,-0.04074431210756302,0.22912463545799255,0.5571328401565552,-0.07326985895633698,0.40704089403152466,0.4975530207157135,-0.09821776300668716,0.5092784762382507,0.43360310792922974,-0.10205916315317154,0.5259619951248169,0.4392027258872986,-0.09527580440044403,0.49453413486480713,0.4647471308708191,-0.1113831102848053,0.48896360397338867,0.4867994487285614,-0.10958994925022125,0.5103642344474792,0.4628831446170807,-0.10279811918735504,0.5025014877319336,0.4815577566623688,-0.09812392294406891,0.5464452505111694,0.5545988082885742,-0.09804695099592209,0.5053606033325195,0.3855224847793579,-0.1276921033859253,0.48502740263938904,0.3794965147972107,-0.13121595978736877,0.19362850487232208,0.5174717307090759,-0.090462826192379,0.3867570757865906,0.4508424401283264,-0.057329680770635605,0.4553435742855072,0.45086830854415894,-0.11384039372205734,0.44067367911338806,0.45337891578674316,-0.10653413087129593,0.35719799995422363,0.5558706521987915,-0.12491973489522934,0.4595850706100464,0.38071662187576294,-0.11601350456476212,0.21906566619873047,0.4640713930130005,-0.07588319480419159,0.19945500791072845,0.4916870594024658,-0.08751342445611954,0.10474301874637604,0.5502955317497253,-0.03330008313059807,0.30349448323249817,0.4061831831932068,-0.027096107602119446,0.2904411256313324,0.44391652941703796,-0.022562986239790916,0.5098069310188293,0.5581195950508118,-0.10700982809066772,0.4118598401546478,0.7316267490386963,-0.03501124307513237,0.47644978761672974,0.44573283195495605,-0.09578073769807816,0.49353280663490295,0.43495333194732666,-0.08384493738412857,0.4995945692062378,0.5176967978477478,-0.09484229236841202,0.5052366852760315,0.5128377676010132,-0.0897250846028328,0.17889755964279175,0.4942607879638672,-0.081147700548172,0.4597422182559967,0.46297532320022583,-0.10443192720413208,0.2530771791934967,0.43600544333457947,-0.05470157787203789,0.23771882057189941,0.42904695868492126,-0.055972762405872345,0.14838753640651703,0.4383695721626282,-0.024644259363412857,0.14130689203739166,0.5195354223251343,-0.05536435917019844,0.19028133153915405,0.42544472217559814,-0.034733980894088745,0.1747835874557495,0.5248510241508484,-0.08029137551784515,0.14546729624271393,0.5641976594924927,-0.046754226088523865,0.5181897878646851,0.436287522315979,-0.1012856587767601,0.502223014831543,0.4638656973838806,-0.10832583159208298,0.4954459071159363,0.48438960313796997,-0.10516392439603806,0.482438325881958,0.4463510811328888,-0.08695951104164124,0.5026693940162659,0.51513671875,-0.09128730744123459,0.5266289710998535,0.5192980766296387,-0.09211904555559158,0.5073286890983582,0.5109367370605469,-0.08855734765529633,0.48386046290397644,0.4203026294708252,-0.11924116313457489,0.5074631571769714,0.47978535294532776,-0.09377802163362503,0.5167849659919739,0.4618414342403412,-0.09444760531187057,0.531241774559021,0.442058265209198,-0.08909232914447784,0.64664226770401,0.5028413534164429,-0.07754851877689362,0.6253222227096558,0.49950164556503296,-0.09155716747045517,0.6180437803268433,0.49173179268836975,-0.09225083142518997,0.6078757047653198,0.4838829040527344,-0.08539745211601257,0.5988300442695618,0.4774622917175293,-0.0788562223315239,0.5527738928794861,0.5045878291130066,-0.08588042855262756,0.5529431700706482,0.5107357501983643,-0.09046173840761185,0.5532288551330566,0.5186519622802734,-0.09615035355091095,0.5540091395378113,0.5260976552963257,-0.09758860617876053,0.49012207984924316,0.5100499987602234,-0.10855835676193237,0.2800348997116089,0.7177788615226746,0.0012501513119786978,0.5250415802001953,0.3987492322921753,-0.08697610348463058,0.5323681235313416,0.5099951028823853,-0.08588635921478271,0.5296378135681152,0.514339804649353,-0.08927363157272339,0.5061070322990417,0.4326833188533783,-0.0875079482793808,0.47355061769485474,0.46831098198890686,-0.0839422196149826,0.5004647970199585,0.43351784348487854,-0.08562421053647995,0.38173437118530273,0.4727287292480469,-0.07243641465902328,0.37074077129364014,0.501978874206543,-0.09597065299749374,0.44443926215171814,0.4652312099933624,-0.09911902248859406,0.11474639177322388,0.49647191166877747,-0.03572702035307884,0.1551114320755005,0.4738830327987671,-0.050609979778528214,0.20049971342086792,0.461283802986145,-0.07211290299892426,0.578568696975708,0.543826699256897,-0.09740554541349411,0.2804468870162964,0.3949960768222809,-0.030078159645199776,0.22966957092285156,0.38716500997543335,-0.007568948902189732,0.1893525868654251,0.3913329243659973,0.006088555324822664,0.27284443378448486,0.5222105979919434,-0.07739952951669693,0.25563013553619385,0.5720517635345459,-0.08856076747179031,0.32887956500053406,0.4507022202014923,-0.018872089684009552,0.2222190648317337,0.5262088775634766,-0.08064261823892593,0.3860716223716736,0.43238621950149536,-0.051341086626052856,0.4613558053970337,0.426351398229599,-0.12241217494010925,0.26098811626434326,0.6078455448150635,-0.09307508170604706,0.27583253383636475,0.5700151920318604,-0.1019381508231163,0.30146804451942444,0.5521562695503235,-0.1002020314335823,0.32730990648269653,0.5168432593345642,-0.07990579307079315,0.34107956290245056,0.48869284987449646,-0.05850288271903992,0.34898439049720764,0.46702077984809875,-0.042981620877981186,0.3836064338684082,0.396065354347229,-0.040969252586364746,0.30734869837760925,0.6200544834136963,-0.1109442189335823,0.20815299451351166,0.5382059216499329,-0.08262711763381958,0.5174167156219482,0.39283889532089233,-0.11836165934801102,0.4096158742904663,0.4511685371398926,-0.0709347054362297,0.18066447973251343,0.6765578389167786,0.008426612243056297,0.35409748554229736,0.4483714997768402,-0.030684640631079674,0.4410317540168762,0.4754801392555237,-0.07913639396429062,0.23867647349834442,0.5270577669143677,-0.07090621441602707,0.44493770599365234,0.4297454357147217,-0.11185211688280106,0.33947688341140747,0.731142520904541,-0.013124990276992321,0.3221312165260315,0.44865769147872925,-0.012731475755572319,0.4506913125514984,0.40260225534439087,-0.11830892413854599,0.5200427174568176,0.6555753350257874,-0.09680993109941483,0.5418354272842407,0.6855930089950562,-0.0760505273938179,0.2888133227825165,0.674576997756958,-0.05794848874211311,0.46523165702819824,0.6802202463150024,-0.09263575077056885,0.16590116918087006,0.599708616733551,-0.037951916456222534,0.663581371307373,0.5770889520645142,-0.10298635810613632,0.5183029174804688,0.4045282304286957,-0.09079977869987488,0.40896162390708923,0.4738719165325165,-0.07973341643810272,0.2202703207731247,0.573142409324646,-0.06959466636180878,0.2812657654285431,0.5012785792350769,-0.06675531715154648,0.2953053116798401,0.48781052231788635,-0.05924080312252045,0.5233247876167297,0.524320125579834,-0.09421797841787338,0.352212518453598,0.6388831734657288,-0.11059408634901047,0.7208528518676758,0.5536230206489563,-0.08239689469337463,0.6446263790130615,0.6199187636375427,-0.08631078153848648,0.6009340286254883,0.6504576206207275,-0.08237813413143158,0.2740766406059265,0.3512808084487915,0.031611327081918716,0.7484716176986694,0.5177231431007385,-0.05229455232620239,0.30518585443496704,0.4748935103416443,-0.04555754363536835,0.3133135437965393,0.46173447370529175,-0.0308090690523386,0.31927600502967834,0.4530732035636902,-0.018485911190509796,0.19358818233013153,0.5486791133880615,-0.07302998006343842,0.29662346839904785,0.45552098751068115,-0.028850132599473,0.27811893820762634,0.4670717716217041,-0.04287362098693848,0.26312243938446045,0.48089706897735596,-0.05584422126412392,0.25126296281814575,0.49647146463394165,-0.06558048725128174,0.24636617302894592,0.5077303647994995,-0.0685461238026619,0.13797150552272797,0.6399902701377869,-0.004409966990351677,0.268743634223938,0.5102985501289368,-0.06915301829576492,0.5371759533882141,0.4150298833847046,-0.0735393837094307,0.4931114912033081,0.4853922426700592,-0.10389641672372818,0.47536975145339966,0.4397938549518585,-0.100025974214077,0.5186508893966675,0.43948471546173096,-0.0928245410323143,0.36635351181030273,0.3814947009086609,-0.006862517446279526,0.5730911493301392,0.630978524684906,-0.09496451169252396,0.6182677745819092,0.606816828250885,-0.09749922156333923,0.7042319774627686,0.5412595272064209,-0.09723274409770966,0.48198455572128296,0.713637113571167,-0.05845978856086731,0.3132060766220093,0.4502117931842804,-0.019230060279369354,0.40845370292663574,0.40912720561027527,-0.06702900677919388,0.7340162396430969,0.5048976540565491,-0.06859300285577774,0.6853504180908203,0.5874899625778198,-0.09241189807653427,0.3423769772052765,0.6904760599136353,-0.06674976646900177,0.5765871405601501,0.49337756633758545,-0.08513980358839035,0.5801485776901245,0.5010040998458862,-0.09120208770036697,0.585595428943634,0.5100943446159363,-0.09764514118432999,0.5915574431419373,0.5184683203697205,-0.09854250401258469,0.6129125356674194,0.5270482301712036,-0.09415485709905624,0.5004482865333557,0.4988081455230713,-0.09454172104597092,0.4950130879878998,0.5018706321716309,-0.09963086247444153,0.4895409345626831,0.5047192573547363,-0.10383544117212296,0.49545589089393616,0.5351350903511047,-0.11044614017009735,0.3882347643375397,0.5998636484146118,-0.12626652419567108,0.3838903605937958,0.4132483899593353,-0.04371237754821777,0.3257884383201599,0.42631784081459045,-0.002016940386965871,0.31602638959884644,0.43856367468833923,-0.010880010202527046,0.5040863752365112,0.49632468819618225,-0.09125151485204697,0.43934792280197144,0.6385002136230469,-0.11089038848876953,0.34133875370025635,0.40973716974258423,-0.01492029894143343,0.6234221458435059,0.5455185174942017,-0.09492173790931702,0.44404909014701843,0.37144535779953003,-0.07936921715736389,0.410484254360199,0.3910251259803772,-0.06428749859333038,0.41958558559417725,0.3759947419166565,-0.053210943937301636,0.42846179008483887,0.42899012565612793,-0.08459921926259995,0.7113972902297974,0.4929722845554352,-0.07210395485162735,0.686497151851654,0.48542332649230957,-0.0654035359621048,0.6612046957015991,0.5151717662811279,-0.08463580161333084,0.5421707630157471,0.5761574506759644,-0.10232973843812943,0.4436136782169342,0.4963986873626709,-0.09040972590446472,0.5843026041984558,0.5657421350479126,-0.09849458932876587,0.4076847732067108,0.5341094732284546,-0.11948052048683167,0.4508928060531616,0.518651008605957,-0.10639888048171997,0.4275814890861511,0.5697711110115051,-0.12430033087730408,0.6823692321777344,0.5270899534225464,-0.09782786667346954,0.42671170830726624,0.451058566570282,-0.08338616043329239,0.5497171878814697,0.6039342880249023,-0.10345307737588882,0.5967946648597717,0.5850513577461243,-0.09909152239561081,0.49973389506340027,0.5782137513160706,-0.11450202018022537,0.3941514194011688,0.6539229154586792,-0.10630884766578674,0.48645317554473877,0.6131733655929565,-0.11444820463657379,0.4002026319503784,0.6954599618911743,-0.07863137125968933,0.46562108397483826,0.5467210412025452,-0.11563748866319656,0.4089151620864868,0.43011710047721863,-0.06874576210975647,0.47649937868118286,0.4226318597793579,-0.12482661753892899,0.4673886001110077,0.4465389847755432,-0.11042797565460205,0.47295284271240234,0.40136635303497314,-0.13009943068027496,0.2999366223812103,0.4288218319416046,-0.017150457948446274,0.2649776339530945,0.4473450183868408,-0.04376497119665146,0.23947593569755554,0.4679044783115387,-0.06691661477088928,0.22219249606132507,0.48932501673698425,-0.08144712448120117,0.21538640558719635,0.5091410875320435,-0.08515558391809464,0.23559898138046265,0.540141224861145,-0.07318496704101562,0.24095195531845093,0.6557559967041016,-0.05311255156993866,0.2727090120315552,0.5432057976722717,-0.08401041477918625,0.294358491897583,0.5286332964897156,-0.08061972260475159,0.3140885531902313,0.5052658915519714,-0.06888929754495621,0.32864928245544434,0.4819636344909668,-0.05036192759871483,0.33694756031036377,0.463654100894928,-0.03130693733692169,0.34268561005592346,0.44941020011901855,-0.020382534712553024,0.22922441363334656,0.6993594169616699,0.010428405366837978,0.47019293904304504,0.4545303285121918,-0.10088756680488586,0.43054917454719543,0.404739111661911,-0.08994463086128235,0.49172037839889526,0.400840699672699,-0.12872818112373352,0.5053297877311707,0.4043235182762146,-0.11395718157291412,0.4929238557815552,0.40842482447624207,-0.11998658627271652,0.4777170717716217,0.45731016993522644,-0.08948525041341782,0.5109573602676392,0.39889341592788696,-0.11760614812374115,0.5125442147254944,0.4095349609851837,-0.09382959455251694,0.3297870457172394,0.441866934299469,-0.007123611401766539,0.34319913387298584,0.4349394142627716,-0.008953971788287163,0.35280266404151917,0.4299457371234894,-0.02005152404308319,0.2448253184556961,0.515060544013977,-0.06890390068292618,0.2291748970746994,0.5187522768974304,-0.07563696056604385,0.45579129457473755,0.36405879259109497,-0.055999331176280975,0.44670137763023376,0.35637861490249634,0.17693297564983368,0.5301440954208374,0.38801109790802,-0.07119947671890259,0.3936757743358612,0.34201714396476746,0.3702170252799988,0.4327477216720581,0.3803066313266754,0.10940202325582504,0.4429222047328949,0.37460535764694214,0.12619751691818237,0.450649619102478,0.36833491921424866,0.1457815021276474,0.4498903155326843,0.35886669158935547,0.18357810378074646,0.422795832157135,0.38290709257125854,0.0956123098731041,0.4140968918800354,0.34549692273139954,0.13270223140716553,0.4057474136352539,0.3534187078475952,0.11337804049253464,0.42326223850250244,0.34091097116470337,0.15299177169799805,0.4316067099571228,0.3415246605873108,0.16928938031196594,0.46053701639175415,0.35946717858314514,0.19952191412448883,0.7189291715621948,0.4553852677345276,0.015974542126059532,0.44477713108062744,0.3531557023525238,0.19001305103302002,0.46973755955696106,0.3646955192089081,0.3463561534881592,0.45145565271377563,0.34973928332328796,0.24122320115566254,0.5338265895843506,0.36742067337036133,0.06260164082050323,0.5508551597595215,0.3850254714488983,-0.0611184760928154,0.5615432858467102,0.3975246548652649,-0.05738964304327965,0.5709002614021301,0.3695470690727234,-0.026378626003861427,0.5875859260559082,0.36518529057502747,0.008363530971109867,0.574238657951355,0.3851016163825989,-0.028819898143410683,0.5859927535057068,0.3792991042137146,0.0013016500743106008,0.6651953458786011,0.41677290201187134,0.05471132695674896,0.5256867408752441,0.3651350140571594,-0.10567482560873032,0.5081549882888794,0.35633668303489685,-0.10497081279754639,0.42367687821388245,0.32341206073760986,0.20245252549648285,0.4631150960922241,0.3740121126174927,0.04647955670952797,0.5359869599342346,0.3632497191429138,-0.015960166230797768,0.5237615704536438,0.36365705728530884,-0.005657936912029982,0.555270254611969,0.3546968996524811,0.14152219891548157,0.4815531075000763,0.35832479596138,-0.08249881863594055,0.4040500819683075,0.32255882024765015,0.1287858486175537,0.41401296854019165,0.3191962242126465,0.16829825937747955,0.3667188286781311,0.3198855519294739,0.31827929615974426,0.38459470868110657,0.35586512088775635,0.04057838022708893,0.40114423632621765,0.3631846308708191,0.10386050492525101,0.6482644081115723,0.40292680263519287,0.07755795866250992,0.6426295638084412,0.45732754468917847,0.3389233350753784,0.5376735925674438,0.37829312682151794,-0.02371923439204693,0.5339537262916565,0.3904302716255188,-0.047964099794626236,0.6131250858306885,0.37544649839401245,0.06489156186580658,0.6095839738845825,0.38076335191726685,0.050281792879104614,0.40430116653442383,0.31082668900489807,0.19068573415279388,0.5415557026863098,0.3721945881843567,-0.00819068681448698,0.39397209882736206,0.33339548110961914,0.08521617949008942,0.3831005096435547,0.32375186681747437,0.08846361190080643,0.30690649151802063,0.30909955501556396,0.1765727549791336,0.3807412087917328,0.30974143743515015,0.24515999853610992,0.32946884632110596,0.31126266717910767,0.1323859989643097,0.4154973030090332,0.31725913286209106,0.2342107892036438,0.4064788520336151,0.3260698914527893,0.29507210850715637,0.5576900243759155,0.3897385597229004,-0.0607537217438221,0.5742206573486328,0.3764994442462921,-0.028188634663820267,0.5879024267196655,0.3710019588470459,0.0024248037952929735,0.536906898021698,0.3848230838775635,-0.02741687372326851,0.6116702556610107,0.3781406283378601,0.05623430013656616,0.6320978403091431,0.38754361867904663,0.03198936954140663,0.6075728535652161,0.3829612135887146,0.047354817390441895,0.532355546951294,0.3700449764728546,-0.05265559256076813,0.5828397274017334,0.3865150809288025,0.0007860873593017459,0.5727541446685791,0.3938342332839966,-0.024580994620919228,0.5622642636299133,0.40569007396698,-0.05018129572272301,0.6821227073669434,0.4587600529193878,-0.03899742290377617,0.6712198853492737,0.4440616965293884,-0.04953870549798012,0.6610813140869141,0.439362496137619,-0.0493699349462986,0.6464967727661133,0.43722644448280334,-0.042383529245853424,0.6323922276496887,0.4373685419559479,-0.03827736899256706,0.6311683654785156,0.4078633487224579,0.00921327993273735,0.6400327682495117,0.4039234220981598,0.004665740299969912,0.6502022743225098,0.3997320532798767,0.0026820229832082987,0.6583146452903748,0.3978341221809387,0.009576595388352871,0.6017870903015137,0.38623446226119995,0.02815425768494606,0.5445980429649353,0.4332689642906189,0.4192250370979309,0.6222639083862305,0.3965502977371216,0.03254858776926994,0.6277830600738525,0.3918749988079071,0.0298883356153965,0.5380668640136719,0.397150456905365,-0.05202534422278404,0.5467996597290039,0.38533467054367065,-0.006509536411613226,0.5362867116928101,0.3937751054763794,-0.05078645795583725,0.4838979244232178,0.3699796199798584,0.06695695966482162,0.5124848484992981,0.3606283664703369,0.09330761432647705,0.5318976640701294,0.3697250485420227,0.005372907035052776,0.337951123714447,0.30805474519729614,0.2503824234008789,0.35507383942604065,0.30558162927627563,0.19145567715168,0.3930239677429199,0.31253504753112793,0.14387184381484985,0.6752753257751465,0.4276256561279297,0.02863289974629879,0.3699467182159424,0.3406914472579956,0.044128671288490295,0.30488044023513794,0.3268042206764221,0.07978694885969162,0.2762448191642761,0.3216176927089691,0.10740976780653,0.4531685709953308,0.3633723855018616,0.16674472391605377,0.47361451387405396,0.36086469888687134,0.2225813865661621,0.41578319668769836,0.383533239364624,0.09303867816925049,0.4370803236961365,0.3408060669898987,0.2032541036605835,0.44419601559638977,0.3742052912712097,0.03142593428492546,0.5262218117713928,0.3585706949234009,-0.04343697428703308,0.5167391896247864,0.35212990641593933,0.2612854242324829,0.4857429265975952,0.36612796783447266,0.19085919857025146,0.4884616732597351,0.3724527955055237,0.1480874866247177,0.47354286909103394,0.3817611634731293,0.11013694852590561,0.4556584060192108,0.38771530985832214,0.08575838059186935,0.44198426604270935,0.3897556960582733,0.06459809094667435,0.4077804684638977,0.3726106584072113,-0.005604151636362076,0.5595709681510925,0.3598698377609253,0.24309466779232025,0.43586409091949463,0.3352855443954468,0.22682419419288635,0.529888391494751,0.3806437849998474,-0.10078827291727066,0.484361469745636,0.3736783266067505,0.02938973531126976,0.45544832944869995,0.39823609590530396,0.4368494749069214,0.43031442165374756,0.38970962166786194,0.05347517505288124,0.5312516093254089,0.376559853553772,0.026263555511832237,0.44443127512931824,0.35189419984817505,0.1993541419506073,0.5111045241355896,0.3599768877029419,-0.03183814510703087,0.5933877229690552,0.4454159140586853,0.3866019546985626,0.4105167090892792,0.38144931197166443,0.10439231991767883,0.4949300289154053,0.35720962285995483,-0.059625931084156036,0.6949090957641602,0.434082567691803,0.16850228607654572,0.7087026834487915,0.46287572383880615,0.20752552151679993,0.5589106678962708,0.38917791843414307,0.3289969861507416,0.6733705997467041,0.4274038076400757,0.21939806640148163,0.4338191747665405,0.3463308811187744,0.3289277255535126,0.7411934733390808,0.46531811356544495,0.023748328909277916,0.5287536382675171,0.39449137449264526,-0.08022981137037277,0.506747305393219,0.37268131971359253,0.04465495049953461,0.4527212381362915,0.35080912709236145,0.27703478932380676,0.4439011812210083,0.363758385181427,0.14925168454647064,0.4365887939929962,0.3694339394569397,0.1320393830537796,0.6359419226646423,0.3842858672142029,0.039192717522382736,0.5979413986206055,0.3744264841079712,0.23089691996574402,0.7603018879890442,0.4921824336051941,-0.008107193745672703,0.7447769641876221,0.47141921520233154,0.09661276638507843,0.7302103042602539,0.46700119972229004,0.14786756038665771,0.42747434973716736,0.3743385970592499,0.1177849993109703,0.418036550283432,0.37792783975601196,0.10989716649055481,0.4129350185394287,0.3803233504295349,0.10768332332372665,0.43022677302360535,0.33207452297210693,0.26130780577659607,0.4120352864265442,0.3704945147037506,0.1135583370923996,0.4176197052001953,0.3630409836769104,0.12212489545345306,0.42495837807655334,0.35686200857162476,0.13606815040111542,0.43312332034111023,0.3527323603630066,0.15288355946540833,0.4392114579677582,0.3519233763217926,0.16607144474983215,0.4201991558074951,0.367548406124115,0.4127832055091858,0.44645869731903076,0.3595779538154602,0.16515295207500458,0.5803434252738953,0.38665929436683655,-0.00043659500079229474,0.5370192527770996,0.3733018636703491,-0.03135726973414421,0.5550708770751953,0.3992125391960144,-0.05062531307339668,0.714630126953125,0.44409263134002686,0.11959026753902435,0.7263551950454712,0.45599886775016785,0.07197479903697968,0.746711015701294,0.48032474517822266,-0.02811392769217491,0.6813184022903442,0.46214431524276733,0.27474871277809143,0.41076746582984924,0.37715864181518555,0.10856271535158157,0.4495633542537689,0.3680756688117981,-0.01130671612918377,0.7565944790840149,0.47830748558044434,0.043570298701524734,0.6017533540725708,0.40425029397010803,0.30398038029670715,0.6356013417243958,0.42154431343078613,-0.01381680741906166,0.6477596759796143,0.4189586937427521,-0.016969187185168266,0.6615985631942749,0.4175635576248169,-0.01974896900355816,0.6731313467025757,0.4195683002471924,-0.016166236251592636,0.6823868751525879,0.44104817509651184,-0.002121747238561511,0.5968953967094421,0.3782012164592743,0.029011184349656105,0.5997556447982788,0.3723630905151367,0.0358370877802372,0.6011092662811279,0.3666861653327942,0.04114365950226784,0.6255605816841125,0.39157986640930176,0.059860192239284515,0.6012604236602783,0.3716369867324829,0.1623368114233017,0.42442041635513306,0.3736482560634613,0.013924501836299896,0.3982011675834656,0.3763607442378998,0.07102232426404953,0.4027199447154999,0.37554746866226196,0.09636645019054413,0.5933023691177368,0.38296860456466675,0.02752755396068096,0.649132251739502,0.39748185873031616,0.18297356367111206,0.3968699872493744,0.37750399112701416,0.02839653566479683,0.6962171196937561,0.45050787925720215,0.007031605578958988,0.43319177627563477,0.368194043636322,-0.03428136929869652,0.4884560704231262,0.3670998215675354,-0.011374328285455704,0.6983970403671265,0.46594443917274475,-0.0357782319188118,0.6742594242095947,0.41897153854370117,0.07453634589910507,0.5536969304084778,0.3775208592414856,0.041517313569784164,0.6886841058731079,0.4352453947067261,0.04206480830907822,0.5710395574569702,0.3651997447013855,0.0878613144159317,0.582589864730835,0.37779179215431213,0.05862118676304817,0.6086866855621338,0.3751067519187927,0.11310699582099915,0.7244583368301392,0.4704580008983612,-0.033249352127313614,0.5024769306182861,0.37083911895751953,0.009179840795695782,0.693139374256134,0.42573437094688416,0.09956670552492142,0.7052842378616333,0.44309595227241516,0.057843975722789764,0.6545350551605225,0.40268927812576294,0.09854569286108017,0.6298104524612427,0.38960519433021545,0.22162942588329315,0.6642833948135376,0.40432974696159363,0.13233770430088043,0.6400494575500488,0.41815444827079773,0.27370235323905945,0.6153374910354614,0.3846021890640259,0.07943955808877945,0.4666280746459961,0.37124770879745483,0.010582739487290382,0.5327359437942505,0.36392897367477417,-0.05274590849876404,0.5398692488670349,0.3676823377609253,-0.027916908264160156,0.5173885822296143,0.3556172549724579,-0.07278265804052353,0.39411690831184387,0.3619360327720642,0.08387717604637146,0.40071237087249756,0.3458526134490967,0.105422243475914,0.41047775745391846,0.33583492040634155,0.1291607916355133,0.42063167691230774,0.3308755159378052,0.15678830444812775,0.42931807041168213,0.3329125642776489,0.18159520626068115,0.4470808207988739,0.35126158595085144,0.2148485630750656,0.51522296667099,0.37597864866256714,0.3435663878917694,0.46679338812828064,0.3641044795513153,0.1786274015903473,0.4663670063018799,0.37021946907043457,0.1485414057970047,0.4567001461982727,0.37793630361557007,0.12019627541303635,0.4424441456794739,0.38413435220718384,0.0985671877861023,0.4305679202079773,0.38702619075775146,0.08136822283267975,0.42190712690353394,0.38783735036849976,0.07131645083427429,0.49700307846069336,0.4197291433811188,0.438234806060791,0.541688859462738,0.37517446279525757,-0.019705215469002724,0.47132131457328796,0.3634541630744934,-0.032504186034202576,0.5293427109718323,0.36223623156547546,-0.08265466243028641,0.5305325984954834,0.37935739755630493,-0.08741938322782516,0.5308678150177002,0.37010589241981506,-0.0730438232421875,0.542265772819519,0.3841579854488373,-0.021294161677360535,0.5315085649490356,0.3788890242576599,-0.09578180313110352,0.5307814478874207,0.39115896821022034,-0.0757114589214325,0.40929242968559265,0.3831081688404083,0.09026350826025009,0.41112008690834045,0.38639289140701294,0.06289006769657135,0.41578805446624756,0.38668292760849,0.039184022694826126,0.44281864166259766,0.35224851965904236,0.177205890417099,0.4378802180290222,0.3445369601249695,0.1864328235387802,0.27559441328048706,0.4874610900878906,-0.04925316944718361,0.2907865643501282,0.47076159715652466,-0.04925316944718361,0.2584341764450073,0.4819047749042511,-0.04925316944718361,0.2599566876888275,0.504435658454895,-0.04925316944718361,0.29220232367515564,0.4931315779685974,-0.04925316944718361,0.42787039279937744,0.35449036955833435,0.13935142755508423,0.43792301416397095,0.34722357988357544,0.13935142755508423,0.4144291877746582,0.346733033657074,0.13935142755508423,0.41751405596733093,0.3617626428604126,0.13935142755508423,0.4408213794231415,0.3619339168071747,0.13935142755508423,0,0,0,0,0,1,1,0,0,0,0,0,0.09473509341478348,0.0573984757065773,0.0887664407491684,0.053385816514492035,0.023004701361060143,0.04768085479736328,0.05393708124756813,0.053169090300798416,0.0679086372256279,0.09406664222478867,0.7421045899391174,0.21845170855522156,Happiness,-21.6099910736084,-20.548194885253906
239,7.966666666666667,31.687839036774356,-5.240865206872712,0.6117033644489841,0.5399476885795593,0.4383615255355835,-0.08802302181720734,0.5214705467224121,0.3831963539123535,-0.11186011135578156,0.5288100838661194,0.421243816614151,-0.07369356602430344,0.4438421428203583,0.39020949602127075,-0.07867062836885452,0.5033811330795288,0.3734859228134155,-0.11205437779426575,0.47761988639831543,0.37349382042884827,-0.09546490013599396,0.40716803073883057,0.38222062587738037,-0.018832912668585777,0.2624198794364929,0.505120038986206,-0.05048944056034088,0.3674408197402954,0.3734349012374878,0.014133539982140064,0.3471797704696655,0.36195236444473267,0.022535784170031548,0.26474377512931824,0.33607614040374756,0.07865627110004425,0.5460183620452881,0.44166067242622375,-0.08833259344100952,0.5515132546424866,0.44615820050239563,-0.08460617065429688,0.5548312067985535,0.45013338327407837,-0.07901334017515182,0.5909361243247986,0.4656561017036438,-0.07076212018728256,0.6022937297821045,0.4704367518424988,-0.07742714881896973,0.6147336959838867,0.47679007053375244,-0.08457399159669876,0.6242419481277466,0.4834793210029602,-0.08492717891931534,0.6619386076927185,0.49822700023651123,-0.07426060736179352,0.5291175842285156,0.397205650806427,-0.10531123727560043,0.5102744102478027,0.42208877205848694,-0.0923483818769455,0.12967294454574585,0.5760643482208252,0.007301677484065294,0.32602694630622864,0.47009456157684326,-0.03452074155211449,0.3147048354148865,0.48435842990875244,-0.04906043782830238,0.29932451248168945,0.4989878237247467,-0.05761108174920082,0.25973784923553467,0.5159608125686646,-0.05847794562578201,0.3325123190879822,0.45712584257125854,-0.016825946047902107,0.254856675863266,0.46239519119262695,-0.043320417404174805,0.2750242352485657,0.44808435440063477,-0.02342337928712368,0.23931512236595154,0.47952800989151,-0.053762972354888916,0.23234042525291443,0.4946902394294739,-0.05697721987962723,0.26099473237991333,0.5360476970672607,-0.06353055685758591,0.631528913974762,0.582089364528656,-0.11579126119613647,0.2457885444164276,0.5099189877510071,-0.04858574643731117,0.2046918272972107,0.6186184287071228,-0.024523746222257614,0.22507616877555847,0.5482880473136902,-0.05560701712965965,0.4124967157840729,0.5010235905647278,-0.09022561460733414,0.5161725282669067,0.4582124948501587,-0.10320425778627396,0.5332785248756409,0.4653978645801544,-0.0986066535115242,0.5007839798927307,0.484794944524765,-0.11250315606594086,0.49288156628608704,0.5034381151199341,-0.1118675097823143,0.5182782411575317,0.4846724271774292,-0.10575048625469208,0.5080333948135376,0.5000455379486084,-0.10217194259166718,0.5448009967803955,0.5665016770362854,-0.10618344694375992,0.5093605518341064,0.39507296681404114,-0.11992832273244858,0.49004873633384705,0.3876933753490448,-0.12159419059753418,0.19641046226024628,0.5069122910499573,-0.06747600436210632,0.3965185880661011,0.4532470107078552,-0.04745631292462349,0.46072113513946533,0.45738619565963745,-0.10586428642272949,0.44686901569366455,0.45905235409736633,-0.09807310253381729,0.36086389422416687,0.5564643144607544,-0.11450013518333435,0.4666905403137207,0.3872194290161133,-0.10498138517141342,0.22915591299533844,0.4529450833797455,-0.05326709523797035,0.20663395524024963,0.4802606701850891,-0.06427942961454391,0.1233544647693634,0.5252524614334106,0.0011142336297780275,0.3200504779815674,0.4003908038139343,-0.009804639965295792,0.2961345314979553,0.43951770663261414,-0.005984237417578697,0.5105085372924805,0.5680351257324219,-0.11188030987977982,0.40652352571487427,0.7371110916137695,-0.038992274552583694,0.4818171262741089,0.45355483889579773,-0.08981481939554214,0.4987943172454834,0.4437945783138275,-0.08069789409637451,0.4927477538585663,0.5283227562904358,-0.10074058920145035,0.4985532760620117,0.5236716270446777,-0.09601850062608719,0.18321488797664642,0.4837280511856079,-0.056404583156108856,0.4653259217739105,0.4699372351169586,-0.09804052114486694,0.2662793695926666,0.4263792634010315,-0.03392873704433441,0.25126755237579346,0.4194760024547577,-0.03318510204553604,0.17203891277313232,0.4177320897579193,0.010401521809399128,0.15812604129314423,0.4995378255844116,-0.028835678473114967,0.2121184766292572,0.41045406460762024,-0.007699557580053806,0.17307384312152863,0.5154911875724792,-0.05634062737226486,0.15843266248703003,0.5449105501174927,-0.022398773580789566,0.5248973369598389,0.4620679020881653,-0.10340568423271179,0.5093338489532471,0.48503249883651733,-0.1104598194360733,0.500307559967041,0.5019891858100891,-0.10840292274951935,0.48791632056236267,0.45458221435546875,-0.08266380429267883,0.49577897787094116,0.5259912610054016,-0.09749144315719604,0.5152404308319092,0.5257946848869324,-0.0996566042304039,0.5011633634567261,0.5215347409248352,-0.09512779861688614,0.4882587194442749,0.4286882281303406,-0.11122550070285797,0.5139092206954956,0.4983225464820862,-0.09860000759363174,0.5250084400177002,0.48402079939842224,-0.09892279654741287,0.538875937461853,0.4674152433872223,-0.09378360211849213,0.6389486789703369,0.5210014581680298,-0.09037352353334427,0.5989556312561035,0.5061938166618347,-0.10153661668300629,0.5905950665473938,0.49839869141578674,-0.10091854631900787,0.5800729990005493,0.48980748653411865,-0.09333433955907822,0.5723300576210022,0.4833008944988251,-0.08597972244024277,0.535403847694397,0.5090743899345398,-0.09247007220983505,0.5360007286071777,0.5149757266044617,-0.09776918590068817,0.5368637442588806,0.5228464603424072,-0.10386152565479279,0.5383894443511963,0.5301996469497681,-0.1058332622051239,0.49246644973754883,0.5186486840248108,-0.10902126133441925,0.28229743242263794,0.7103325128555298,0.007978160865604877,0.529354989528656,0.4099409580230713,-0.08385902643203735,0.5198656320571899,0.5159159898757935,-0.09269502013921738,0.5176860094070435,0.5204401016235352,-0.09658587723970413,0.5106871128082275,0.4422908425331116,-0.08521821349859238,0.4791364371776581,0.4763278663158417,-0.08059997111558914,0.5053752660751343,0.44282853603363037,-0.08285725861787796,0.3904150724411011,0.47494831681251526,-0.06265579164028168,0.3774302005767822,0.5033428072929382,-0.08578793704509735,0.4505281448364258,0.4711756408214569,-0.0920337438583374,0.1365639567375183,0.4723048806190491,-3.9685073716100305e-05,0.17551212012767792,0.45506224036216736,-0.02314908429980278,0.20968769490718842,0.45061033964157104,-0.047337379306554794,0.5740747451782227,0.5574380159378052,-0.1071310043334961,0.29692235589027405,0.3892112970352173,-0.009997811168432236,0.25167152285575867,0.3760916590690613,0.01731165498495102,0.21421055495738983,0.3745715022087097,0.03782153129577637,0.27916422486305237,0.5112907290458679,-0.06041894853115082,0.25817179679870605,0.560015857219696,-0.07266034185886383,0.335334450006485,0.4476391673088074,-0.005816291552037001,0.22293075919151306,0.5159299969673157,-0.06064955145120621,0.3966447710990906,0.43465787172317505,-0.0408904105424881,0.4663383662700653,0.4333888590335846,-0.11326681822538376,0.26533010601997375,0.6001516580581665,-0.07833728194236755,0.2868937849998474,0.5547009110450745,-0.08699220418930054,0.31948792934417725,0.5359141826629639,-0.08659571409225464,0.34640076756477356,0.5036836266517639,-0.0681893453001976,0.3582146167755127,0.4792400300502777,-0.047531042248010635,0.36552852392196655,0.46032091975212097,-0.032495103776454926,0.3967202305793762,0.39786869287490845,-0.028704453259706497,0.30931776762008667,0.6171741485595703,-0.09984496980905533,0.20636247098445892,0.5287484526634216,-0.061678189784288406,0.5211572647094727,0.4034525156021118,-0.11215425282716751,0.41832488775253296,0.45485377311706543,-0.06196608021855354,0.19038040935993195,0.6584150791168213,0.027129029855132103,0.37079113721847534,0.4434930384159088,-0.019816139712929726,0.4478042721748352,0.48126935958862305,-0.07359954714775085,0.23863425850868225,0.5160621404647827,-0.05264526978135109,0.4512217044830322,0.4356826841831207,-0.102207250893116,0.33802589774131775,0.7296866774559021,-0.01172766275703907,0.3265819847583771,0.4463847279548645,0.0013246705057099462,0.45718199014663696,0.40871676802635193,-0.10746809840202332,0.5129398703575134,0.6697816848754883,-0.10573391616344452,0.5321005582809448,0.7022390365600586,-0.08733899891376495,0.28920796513557434,0.6696524024009705,-0.050674520432949066,0.4588269889354706,0.6902236938476562,-0.09846199303865433,0.17586278915405273,0.5823131203651428,-0.017391931265592575,0.653028666973114,0.6011597514152527,-0.11993072181940079,0.5224860906600952,0.415066659450531,-0.08728688210248947,0.4166657328605652,0.4775272011756897,-0.07146506011486053,0.21002693474292755,0.5662398338317871,-0.05190826579928398,0.29094594717025757,0.49041736125946045,-0.04938163980841637,0.3051266074180603,0.4784921407699585,-0.042609985917806625,0.5129206776618958,0.5310555696487427,-0.10188603401184082,0.3513805866241455,0.6400249004364014,-0.10465623438358307,0.708388090133667,0.5821757316589355,-0.10507404059171677,0.6334244012832642,0.6438710689544678,-0.10320605337619781,0.5905593037605286,0.6713814735412598,-0.09670761227607727,0.29713672399520874,0.34423911571502686,0.05300716683268547,0.7376022934913635,0.5485590696334839,-0.07919394969940186,0.3135606646537781,0.46762514114379883,-0.02985268086194992,0.31971997022628784,0.4567955732345581,-0.01600489392876625,0.32445019483566284,0.44972628355026245,-0.0043196105398237705,0.1854521483182907,0.5414643287658691,-0.05188428610563278,0.3015293776988983,0.4505259692668915,-0.012082588858902454,0.2833767533302307,0.45963096618652344,-0.02476840652525425,0.26850244402885437,0.4715208411216736,-0.03668674826622009,0.25593698024749756,0.4858226776123047,-0.04610179737210274,0.2502151131629944,0.49636396765708923,-0.049120839685201645,0.15051913261413574,0.6182260513305664,0.020955126732587814,0.27667102217674255,0.49891534447669983,-0.05129516124725342,0.5407094359397888,0.4265645146369934,-0.07384811341762543,0.49592649936676025,0.4942871332168579,-0.10301759093999863,0.4804321229457855,0.44751182198524475,-0.09345798194408417,0.5218722820281982,0.44947493076324463,-0.09205387532711029,0.38417553901672363,0.38252750039100647,0.005819261539727449,0.5649405717849731,0.649124801158905,-0.10780587047338486,0.608964204788208,0.6283501982688904,-0.11267358064651489,0.693518877029419,0.5678595900535583,-0.11637952923774719,0.4737817943096161,0.7252690196037292,-0.06615135073661804,0.31808847188949585,0.44708383083343506,-0.004007324110716581,0.41811010241508484,0.4126362204551697,-0.05601028725504875,0.7246094942092896,0.533873975276947,-0.09082648158073425,0.673234224319458,0.6137260794639587,-0.11165443807840347,0.33976808190345764,0.6906967163085938,-0.0642642229795456,0.5539572238922119,0.49803459644317627,-0.09171194583177567,0.5574244260787964,0.5050420761108398,-0.09855985641479492,0.5631744861602783,0.5139950513839722,-0.10542793571949005,0.5697335004806519,0.5222486853599548,-0.10726014524698257,0.606163740158081,0.5427209734916687,-0.10517818480730057,0.5015900731086731,0.5130063891410828,-0.099642813205719,0.4955189824104309,0.5158659815788269,-0.10421167314052582,0.48932144045829773,0.5181816816329956,-0.1077377125620842,0.4972875118255615,0.5440935492515564,-0.11247763782739639,0.3881475031375885,0.6033889055252075,-0.12065666913986206,0.3957228660583496,0.41517674922943115,-0.03231935203075409,0.33488038182258606,0.4241463243961334,0.011858711950480938,0.32156383991241455,0.4365057647228241,0.003857560222968459,0.5064858794212341,0.5102156400680542,-0.09694325178861618,0.435634970664978,0.6458162069320679,-0.11200538277626038,0.35783055424690247,0.40682414174079895,-0.0010246477322652936,0.6158937215805054,0.5643147230148315,-0.10778230428695679,0.4537601172924042,0.37717968225479126,-0.06876886636018753,0.42127400636672974,0.39445310831069946,-0.052434440702199936,0.43125683069229126,0.38007330894470215,-0.04205596074461937,0.4360924959182739,0.43400949239730835,-0.07503781467676163,0.702815055847168,0.5195013880729675,-0.09179578721523285,0.6790304183959961,0.5087080597877502,-0.08232785016298294,0.6528617739677429,0.5363815426826477,-0.09978020936250687,0.5388030409812927,0.5894737243652344,-0.11094748973846436,0.44875380396842957,0.5020877718925476,-0.08593184500932693,0.5787931084632874,0.5819404125213623,-0.1097368374466896,0.4103459119796753,0.5378378033638,-0.11267855018377304,0.4538043141365051,0.5248218178749084,-0.10347788035869598,0.42775410413742065,0.5753713250160217,-0.12056786566972733,0.6728066205978394,0.5512389540672302,-0.11470124870538712,0.4343874752521515,0.4558972120285034,-0.07497727870941162,0.543584406375885,0.6190136671066284,-0.11338791251182556,0.5892338752746582,0.6036463975906372,-0.11224514991044998,0.49849045276641846,0.5887157320976257,-0.11878890544176102,0.39116939902305603,0.6582779884338379,-0.10480616986751556,0.4826085567474365,0.6234833002090454,-0.1183948814868927,0.3951207101345062,0.7005505561828613,-0.08087662607431412,0.4673158824443817,0.5543532967567444,-0.11490775644779205,0.41796839237213135,0.4337358772754669,-0.058794546872377396,0.48094451427459717,0.43053513765335083,-0.1160130724310875,0.4723054766654968,0.4538267254829407,-0.1033741757273674,0.4779306650161743,0.40882429480552673,-0.12053168565034866,0.3093045949935913,0.42476126551628113,-0.0005893465713597834,0.2740526497364044,0.43959805369377136,-0.02474578097462654,0.24755743145942688,0.4577363431453705,-0.04639299213886261,0.22880670428276062,0.47824183106422424,-0.06045073643326759,0.21922153234481812,0.4980757236480713,-0.06430185586214066,0.23434887826442719,0.5303609371185303,-0.0551217682659626,0.24420350790023804,0.645808219909668,-0.04097065329551697,0.28065094351768494,0.5304224491119385,-0.06821896880865097,0.30688193440437317,0.5159248113632202,-0.06605560332536697,0.32761654257774353,0.49448198080062866,-0.055610448122024536,0.34072253108024597,0.4741389751434326,-0.03766687214374542,0.3480081260204315,0.4583183526992798,-0.01980879344046116,0.3538719713687897,0.44579702615737915,-0.008930969052016735,0.23545578122138977,0.6864428520202637,0.023164885118603706,0.47560107707977295,0.4620574116706848,-0.09495121985673904,0.4387308359146118,0.40962982177734375,-0.07911641150712967,0.4958176016807556,0.40957385301589966,-0.12027896195650101,0.5093991756439209,0.4139809012413025,-0.10769019275903702,0.4971410036087036,0.4173549711704254,-0.11229325085878372,0.4831770956516266,0.4654640555381775,-0.08521813899278641,0.5147344470024109,0.409029096364975,-0.1113554909825325,0.516888439655304,0.41957730054855347,-0.0897870808839798,0.3353615701198578,0.44033560156822205,0.005950707010924816,0.35391688346862793,0.4327392876148224,0.003144047223031521,0.36893516778945923,0.42675167322158813,-0.008473253808915615,0.2477084994316101,0.5036171078681946,-0.049917519092559814,0.23107704520225525,0.5075217485427856,-0.05616723746061325,0.4660167396068573,0.37090790271759033,-0.04736848920583725,0.46395426988601685,0.3482619524002075,0.17459885776042938,0.5357247591018677,0.40054458379745483,-0.06875064969062805,0.4286431670188904,0.3427570164203644,0.36055776476860046,0.4499741792678833,0.37552663683891296,0.11109620332717896,0.4615532457828522,0.3689025044441223,0.12605169415473938,0.4704221487045288,0.3619210422039032,0.14390400052070618,0.47014325857162476,0.34970974922180176,0.17946675419807434,0.43780943751335144,0.379016250371933,0.09856606274843216,0.4266747236251831,0.3387472629547119,0.13623759150505066,0.41556864976882935,0.3475395441055298,0.11876820772886276,0.4390261173248291,0.3337075114250183,0.15417295694351196,0.4496888816356659,0.3338104486465454,0.16874514520168304,0.48730263113975525,0.3510969281196594,0.1928880363702774,0.7167773842811584,0.4836663603782654,-0.008564366027712822,0.4622350037097931,0.3438621163368225,0.18701398372650146,0.4989314675331116,0.3728814721107483,0.33053678274154663,0.4791076183319092,0.3415706753730774,0.23289018869400024,0.5468722581863403,0.3816821873188019,0.05690448358654976,0.5543986558914185,0.4185551404953003,-0.06560049951076508,0.5659630298614502,0.43068253993988037,-0.06388086080551147,0.5737301111221313,0.40576326847076416,-0.034425731748342514,0.5884449481964111,0.40022677183151245,-0.0035949787124991417,0.5783983469009399,0.4197212755680084,-0.03794053941965103,0.5887687802314758,0.4129312038421631,-0.010974588803946972,0.6694669723510742,0.4410170614719391,0.03368518128991127,0.5307839512825012,0.3768007457256317,-0.09965594112873077,0.5143395662307739,0.3666832745075226,-0.09743476659059525,0.4487289488315582,0.3182549476623535,0.20105352997779846,0.4782732129096985,0.38213253021240234,0.04766023904085159,0.5460374355316162,0.37691017985343933,-0.015960751101374626,0.5346790552139282,0.3762742280960083,-0.005522215738892555,0.5730873942375183,0.3710978329181671,0.1296185553073883,0.48984163999557495,0.3668350577354431,-0.07415003329515457,0.419720858335495,0.31976696848869324,0.13434439897537231,0.4344726800918579,0.31528404355049133,0.17014510929584503,0.3993079662322998,0.31959179043769836,0.3164294362068176,0.39156538248062134,0.3547910451889038,0.052325379103422165,0.4099539816379547,0.3581542372703552,0.10983411222696304,0.6558247804641724,0.42627274990081787,0.056970685720443726,0.6658219695091248,0.4769107699394226,0.2973150908946991,0.5465151071548462,0.3922945261001587,-0.02386080101132393,0.5408902168273926,0.4037642478942871,-0.04786553606390953,0.6104220747947693,0.4012030363082886,0.04563909024000168,0.6070215702056885,0.4057771563529968,0.032334111630916595,0.4257858991622925,0.30741196870803833,0.19268448650836945,0.5518367886543274,0.3864649832248688,-0.009598540142178535,0.40474385023117065,0.3314793109893799,0.09421800822019577,0.3938457667827606,0.3225060701370239,0.09910787642002106,0.3352521061897278,0.30399277806282043,0.19062386453151703,0.4093487560749054,0.3126068115234375,0.2464532107114792,0.3546012043952942,0.3108120858669281,0.1452159732580185,0.442301869392395,0.31194669008255005,0.23205603659152985,0.4368683397769928,0.3297380805015564,0.2910759449005127,0.5611249208450317,0.42393091320991516,-0.06624897569417953,0.5770061016082764,0.4125449061393738,-0.036913882941007614,0.5893467664718628,0.40604400634765625,-0.009601331315934658,0.5452455282211304,0.39877957105636597,-0.028004614636301994,0.608771026134491,0.4035381078720093,0.037740904837846756,0.6195083856582642,0.41249144077301025,0.014139529317617416,0.6051350235939026,0.4080207347869873,0.02948075905442238,0.5399670600891113,0.3831341862678528,-0.050158072263002396,0.5875023007392883,0.41904693841934204,-0.011905450373888016,0.578542947769165,0.4263902008533478,-0.034771423786878586,0.5679260492324829,0.4366950988769531,-0.05807610601186752,0.6759308576583862,0.4814800024032593,-0.055143747478723526,0.640399694442749,0.4617230296134949,-0.06293648481369019,0.6298389434814453,0.4561641216278076,-0.06156246364116669,0.6156375408172607,0.4519226551055908,-0.05379752442240715,0.6035516262054443,0.45057398080825806,-0.0487263947725296,0.611276388168335,0.42764848470687866,-0.005201444961130619,0.6194878816604614,0.4251745641231537,-0.010386505164206028,0.6293138861656189,0.42312729358673096,-0.01303208339959383,0.6381800770759583,0.42263340950012207,-0.007329213432967663,0.6095132827758789,0.404975026845932,0.016480688005685806,0.5755996704101562,0.4436999559402466,0.38407662510871887,0.6089581251144409,0.41893500089645386,0.015910329297184944,0.6143248081207275,0.4156191945075989,0.012726564891636372,0.5436683297157288,0.41013839840888977,-0.0526731051504612,0.5561619997024536,0.40007615089416504,-0.009299929253757,0.5425271987915039,0.40703362226486206,-0.05090522766113281,0.4996780455112457,0.3799387812614441,0.06502722948789597,0.5284004807472229,0.3735950291156769,0.08758741617202759,0.5428329706192017,0.3830392360687256,0.003927390091121197,0.36813849210739136,0.3059804439544678,0.2563290297985077,0.3819080591201782,0.30726224184036255,0.1984584927558899,0.4086344540119171,0.31045931577682495,0.15050320327281952,0.6755120754241943,0.45192715525627136,0.008455590344965458,0.37544363737106323,0.3400458097457886,0.058072563260793686,0.32860267162323,0.32339152693748474,0.09713716059923172,0.3034627437591553,0.31320422887802124,0.12850600481033325,0.47351303696632385,0.35557591915130615,0.16336145997047424,0.5054736137390137,0.3523758053779602,0.21279442310333252,0.4287095367908478,0.38012516498565674,0.0969904288649559,0.4601134955883026,0.33316242694854736,0.19977308809757233,0.4589698910713196,0.38087284564971924,0.03493843227624893,0.5350538492202759,0.3712131381034851,-0.04074715077877045,0.5417417883872986,0.3641866445541382,0.24670861661434174,0.517809271812439,0.35929685831069946,0.18163296580314636,0.5178556442260742,0.3682529330253601,0.14126798510551453,0.4984557628631592,0.3793846368789673,0.10618416219949722,0.47744154930114746,0.3853376507759094,0.08478901535272598,0.4608033299446106,0.38793620467185974,0.06616783142089844,0.42252135276794434,0.37615782022476196,0.003648888785392046,0.5835453271865845,0.3750048875808716,0.22481998801231384,0.4619221091270447,0.328624963760376,0.22195285558700562,0.534331202507019,0.3926439881324768,-0.09598378092050552,0.4976568818092346,0.38326749205589294,0.029835140332579613,0.4904981851577759,0.4035261273384094,0.412308931350708,0.44659721851348877,0.388217568397522,0.05736315995454788,0.5430381894111633,0.38979026675224304,0.023351076990365982,0.46405720710754395,0.34229224920272827,0.19527515769004822,0.5211471915245056,0.37129417061805725,-0.028817681595683098,0.6213302612304688,0.4599786400794983,0.3480251729488373,0.4219103455543518,0.37780505418777466,0.10880374163389206,0.5038247108459473,0.3671303987503052,-0.053651101887226105,0.706226646900177,0.46066921949386597,0.13704966008663177,0.7192180156707764,0.49060723185539246,0.1672786921262741,0.5868145227432251,0.4024379849433899,0.3042590320110321,0.6901589632034302,0.4511672854423523,0.18726423382759094,0.46403685212135315,0.351728230714798,0.3188328444957733,0.7386733293533325,0.49598512053489685,-0.004009841941297054,0.5332552790641785,0.4062315821647644,-0.07758066058158875,0.5201755166053772,0.3843797743320465,0.042340509593486786,0.48330551385879517,0.3425980806350708,0.2659638226032257,0.46098458766937256,0.3574155569076538,0.14870263636112213,0.4532145857810974,0.36426764726638794,0.13287211954593658,0.6244320869445801,0.4100351929664612,0.020478958263993263,0.6205094456672668,0.3925747275352478,0.20833401381969452,0.7521040439605713,0.5252368450164795,-0.03900502994656563,0.7443721890449524,0.5040749907493591,0.060386598110198975,0.7343108654022217,0.49800023436546326,0.10960114002227783,0.4430410861968994,0.3699704706668854,0.11991149187088013,0.4318801164627075,0.37419551610946655,0.11309818178415298,0.425187349319458,0.3767375648021698,0.11142602562904358,0.458590030670166,0.3252577781677246,0.25475773215293884,0.4197673499584198,0.36520493030548096,0.1183144748210907,0.4250237047672272,0.3562907576560974,0.12633223831653595,0.43426281213760376,0.3488119840621948,0.13894382119178772,0.44532614946365356,0.3440817892551422,0.15397049486637115,0.45370766520500183,0.34310615062713623,0.16586990654468536,0.4560527205467224,0.37014684081077576,0.3956456780433655,0.4636916518211365,0.35233089327812195,0.16352614760398865,0.5879533290863037,0.4030991792678833,-0.007998266257345676,0.5458376407623291,0.38713228702545166,-0.03039361536502838,0.5593187808990479,0.4129922688007355,-0.05336710065603256,0.7209877967834473,0.47273164987564087,0.08846188336610794,0.7281805276870728,0.48564860224723816,0.042243920266628265,0.7403496503829956,0.5108895301818848,-0.053283803164958954,0.6981002688407898,0.4861917495727539,0.23302167654037476,0.4205024838447571,0.3730647563934326,0.1130751222372055,0.4618660807609558,0.37490153312683105,-0.004981535021215677,0.7520082592964172,0.511741042137146,0.009623999707400799,0.6276376247406006,0.42071524262428284,0.27556875348091125,0.6102898120880127,0.4381479024887085,-0.026207391172647476,0.6209259033203125,0.43718212842941284,-0.030335046350955963,0.6338951587677002,0.4380025565624237,-0.033772651106119156,0.6453817486763,0.4413064420223236,-0.03143277391791344,0.6787641048431396,0.4649571478366852,-0.02064865455031395,0.5976467132568359,0.40866124629974365,0.013524134643375874,0.5996768474578857,0.4035385847091675,0.01983969658613205,0.6007574796676636,0.39839792251586914,0.025088217109441757,0.6337166428565979,0.4126441478729248,0.04360102117061615,0.6193416118621826,0.3908989429473877,0.14346422255039215,0.43903011083602905,0.3786104917526245,0.020405609160661697,0.4074398875236511,0.37306249141693115,0.07858966290950775,0.4124017655849457,0.37156981229782104,0.10222983360290527,0.595273494720459,0.41369882225990295,0.012035612016916275,0.6650512218475342,0.4204299747943878,0.1569785177707672,0.4062438905239105,0.37569230794906616,0.03870345279574394,0.6938778162002563,0.4762951135635376,-0.014412147924304008,0.4454299807548523,0.37354177236557007,-0.024898141622543335,0.49975237250328064,0.37681034207344055,-0.008011110126972198,0.6927752494812012,0.49090299010276794,-0.05518747866153717,0.6798001527786255,0.444259375333786,0.05089931935071945,0.5650400519371033,0.3927512764930725,0.03499162942171097,0.6902973651885986,0.4613252282142639,0.018938302993774414,0.584322452545166,0.382615864276886,0.07694113999605179,0.5931685566902161,0.3956492245197296,0.047527510672807693,0.6222683191299438,0.3954046070575714,0.09660209715366364,0.7186115384101868,0.4985579252243042,-0.05575012415647507,0.5146818161010742,0.38164857029914856,0.00985166896134615,0.6991610527038574,0.452759325504303,0.07218635082244873,0.7070057392120361,0.47079572081565857,0.031312495470047,0.6635932922363281,0.42664772272109985,0.0759488195180893,0.6503644585609436,0.41030919551849365,0.19553998112678528,0.6753026247024536,0.4291001260280609,0.10728283226490021,0.6624597311019897,0.4381214678287506,0.2420310527086258,0.6259775161743164,0.40541964769363403,0.06340830773115158,0.4793734550476074,0.37936490774154663,0.013838987797498703,0.5407654643058777,0.3770168721675873,-0.04986124485731125,0.5492361187934875,0.38168030977249146,-0.027597181499004364,0.5248183012008667,0.3671887516975403,-0.06808249652385712,0.4023230969905853,0.3584446310997009,0.09177954494953156,0.4114123582839966,0.34151726961135864,0.11178892105817795,0.424877792596817,0.33092671632766724,0.1332588940858841,0.43835508823394775,0.32548242807388306,0.15797658264636993,0.4500921964645386,0.3265325129032135,0.1802588701248169,0.4708285331726074,0.34234845638275146,0.20899997651576996,0.5438810586929321,0.3866875171661377,0.3228943347930908,0.4925704002380371,0.35698679089546204,0.17277665436267853,0.4906470775604248,0.3648723363876343,0.14419105648994446,0.4782288074493408,0.3736063241958618,0.117817223072052,0.46154022216796875,0.3803406059741974,0.09895409643650055,0.4471954107284546,0.3838478922843933,0.08356717973947525,0.436575323343277,0.3852236270904541,0.0752362385392189,0.5299892425537109,0.42754796147346497,0.40784457325935364,0.5512158870697021,0.38944903016090393,-0.02037578821182251,0.4820006787776947,0.3716493248939514,-0.026500117033720016,0.5356870889663696,0.37474143505096436,-0.07797109335660934,0.5358908772468567,0.3918195366859436,-0.08331336081027985,0.5374410152435303,0.3828720450401306,-0.06916608661413193,0.5511199235916138,0.3984955847263336,-0.022527193650603294,0.5363284349441528,0.3912321925163269,-0.09131808578968048,0.5357729196548462,0.4033969044685364,-0.0731961727142334,0.42049068212509155,0.3797047734260559,0.09543129056692123,0.42334961891174316,0.3836495280265808,0.06909053027629852,0.42890796065330505,0.38510966300964355,0.04575827345252037,0.45893394947052,0.343298077583313,0.17571905255317688,0.4576529860496521,0.33614590764045715,0.18403944373130798,0.2771155834197998,0.477461576461792,-0.03211873024702072,0.2923199534416199,0.46267473697662354,-0.03211873024702072,0.2597520351409912,0.47046375274658203,-0.03211873024702072,0.26144301891326904,0.4925062656402588,-0.03211873024702072,0.2940893769264221,0.4846144914627075,-0.03211873024702072,0.43514594435691833,0.36006593704223633,0.140761137008667,0.44601064920425415,0.35262879729270935,0.140761137008667,0.4212545156478882,0.3515355587005615,0.140761137008667,0.42396795749664307,0.36741411685943604,0.140761137008667,0.44853872060775757,0.3683389723300934,0.140761137008667,0,0,0,0,0,1,1,0,0,0,0,0,0.04530784487724304,0.04049880802631378,0.06741469353437424,0.04536469280719757,0.01978907361626625,0.03862633556127548,0.03165975585579872,0.04360700026154518,0.06098458915948868,0.07007283717393875,0.5690898299217224,0.16978773474693298,Neutral,-12.64246940612793,-35.887657165527344
244,8.133333333333333,37.481126118883125,-11.889334238158343,1.3251031819691836,0.5253275632858276,0.42757686972618103,-0.08126191049814224,0.46026524901390076,0.35088232159614563,-0.10794024169445038,0.47532010078430176,0.3924378454685211,-0.06870087236166,0.38161370158195496,0.37091952562332153,-0.08415468782186508,0.43990927934646606,0.3435574173927307,-0.10927464067935944,0.4129128158092499,0.3481771945953369,-0.09453888237476349,0.33770108222961426,0.37074166536331177,-0.024276526644825935,0.24713848531246185,0.5158573389053345,-0.0900658667087555,0.2944154143333435,0.36926913261413574,0.003750329604372382,0.27152591943740845,0.36043083667755127,0.009858204983174801,0.18022699654102325,0.35247594118118286,0.05766225606203079,0.5327515602111816,0.4290294647216797,-0.0810282751917839,0.5397353768348694,0.4316464066505432,-0.0766976997256279,0.543623685836792,0.4342349171638489,-0.06993666291236877,0.6259366273880005,0.45240452885627747,-0.05998622626066208,0.6373635530471802,0.45397937297821045,-0.06479845196008682,0.6484715938568115,0.4560979902744293,-0.07054201513528824,0.6562658548355103,0.4580293297767639,-0.06913339346647263,0.6360759735107422,0.44787266850471497,-0.056225042790174484,0.4704253077507019,0.3649601340293884,-0.10099396854639053,0.45719730854034424,0.39365023374557495,-0.09139924496412277,0.09826931357383728,0.6303630471229553,-0.06395779550075531,0.29565322399139404,0.472491979598999,-0.06156916543841362,0.2863674461841583,0.48991963267326355,-0.07970698177814484,0.2740474045276642,0.5076503157615662,-0.09211578220129013,0.24586765468120575,0.5295194387435913,-0.09915126860141754,0.30114150047302246,0.45598894357681274,-0.03986123576760292,0.2230406105518341,0.4711643159389496,-0.07836569845676422,0.23913003504276276,0.4525635540485382,-0.053531743586063385,0.21265950798988342,0.4923892021179199,-0.09258471429347992,0.21142295002937317,0.5097477436065674,-0.09800107777118683,0.24559907615184784,0.5534193515777588,-0.10593687742948532,0.627161979675293,0.5358385443687439,-0.10966052114963531,0.2358655482530594,0.5228647589683533,-0.09017141163349152,0.1882847547531128,0.6546629667282104,-0.08299471437931061,0.21510155498981476,0.5711196064949036,-0.10420160740613937,0.38038545846939087,0.4880223572254181,-0.10841771215200424,0.5064128637313843,0.4502202570438385,-0.10108768939971924,0.5246814489364624,0.45194777846336365,-0.0950828418135643,0.4944024085998535,0.4745081961154938,-0.11537062376737595,0.489197313785553,0.4906270205974579,-0.11842813342809677,0.512243390083313,0.47022169828414917,-0.10668976604938507,0.5046335458755493,0.48395755887031555,-0.10596060752868652,0.5379347205162048,0.5320786237716675,-0.1125350371003151,0.45137515664100647,0.36459100246429443,-0.11884181946516037,0.43085166811943054,0.35949742794036865,-0.12211797386407852,0.1708863526582718,0.5305511951446533,-0.11690796911716461,0.3474179804325104,0.443759024143219,-0.06371276080608368,0.4186139702796936,0.43486058712005615,-0.11513678729534149,0.4044639766216278,0.43916037678718567,-0.10858650505542755,0.34341683983802795,0.5519737601280212,-0.14694073796272278,0.4058750867843628,0.36354348063468933,-0.1083005741238594,0.181388258934021,0.4696926474571228,-0.09224461019039154,0.17005474865436554,0.5011028051376343,-0.10974856466054916,0.08173710107803345,0.5758228898048401,-0.06697271764278412,0.251118540763855,0.39938879013061523,-0.029446979984641075,0.25930529832839966,0.4395378828048706,-0.03218308463692665,0.503911018371582,0.5382420420646667,-0.12392247468233109,0.4270685017108917,0.7382254004478455,-0.08300074189901352,0.43817389011383057,0.4281778931617737,-0.09551623463630676,0.4522162079811096,0.41719645261764526,-0.08088498562574387,0.4951772689819336,0.5090681314468384,-0.1105278730392456,0.5014704465866089,0.5043297410011292,-0.10366124659776688,0.15069489181041718,0.5081212520599365,-0.10529336333274841,0.4262692630290985,0.4470725953578949,-0.10650433599948883,0.20540574193000793,0.4370475113391876,-0.06405141949653625,0.1902342289686203,0.4324435591697693,-0.06505656987428665,0.10800737142562866,0.450619637966156,-0.03819090500473976,0.11430644989013672,0.537735641002655,-0.08398400992155075,0.14926107227802277,0.4328615069389343,-0.04682587459683418,0.152374267578125,0.5433603525161743,-0.10951265692710876,0.1243615448474884,0.5865775942802429,-0.08111569285392761,0.5158790349960327,0.45134586095809937,-0.10084392130374908,0.5035563707351685,0.472531259059906,-0.11240584403276443,0.496889591217041,0.4875755310058594,-0.1133841797709465,0.44445765018463135,0.42875707149505615,-0.08628867566585541,0.4987681210041046,0.5065971612930298,-0.10586433857679367,0.5217838883399963,0.5074646472930908,-0.10399509966373444,0.5033583641052246,0.5026974081993103,-0.1021595373749733,0.4380449950695038,0.4014093279838562,-0.11631575971841812,0.5088576674461365,0.48102325201034546,-0.10118726640939713,0.5173007845878601,0.4679987132549286,-0.09832213073968887,0.5297821760177612,0.45197150111198425,-0.08927761763334274,0.6202729940414429,0.473842978477478,-0.0768202468752861,0.6276983022689819,0.4863685965538025,-0.09059523791074753,0.6216514110565186,0.48282212018966675,-0.09190019965171814,0.6118404865264893,0.477622926235199,-0.0858021005988121,0.6032751202583313,0.4731118679046631,-0.07989123463630676,0.5492638349533081,0.4941500127315521,-0.09390399605035782,0.5489048957824707,0.4991089105606079,-0.09785335510969162,0.548580527305603,0.5054587721824646,-0.10344916582107544,0.5480350852012634,0.5101719498634338,-0.10582878440618515,0.4712715148925781,0.4913472533226013,-0.11913301795721054,0.288594126701355,0.7382080554962158,-0.051272276788949966,0.47277629375457764,0.37935686111450195,-0.07926715165376663,0.5273034572601318,0.49902796745300293,-0.09737773984670639,0.5247699022293091,0.5031108260154724,-0.10078805685043335,0.4641425609588623,0.4145296514034271,-0.08450809866189957,0.44175535440444946,0.4519751965999603,-0.08583898842334747,0.45876556634902954,0.41554397344589233,-0.08255408704280853,0.3480633795261383,0.46614518761634827,-0.08201108872890472,0.34451594948768616,0.49626463651657104,-0.1102214977145195,0.4111616909503937,0.45104914903640747,-0.10246571898460388,0.08383452892303467,0.5155651569366455,-0.06046628579497337,0.12156607210636139,0.4869667589664459,-0.07166455686092377,0.16355885565280914,0.47074592113494873,-0.08931422978639603,0.5651719570159912,0.5187094807624817,-0.10802215337753296,0.2265578657388687,0.3913199305534363,-0.03230036422610283,0.1809050738811493,0.3908948004245758,-0.011662342585623264,0.14025740325450897,0.39888936281204224,0.0031360096763819456,0.25942736864089966,0.5226486921310425,-0.09866917133331299,0.2430858016014099,0.5826413631439209,-0.11822713166475296,0.302536278963089,0.44407346844673157,-0.027748072519898415,0.2062680870294571,0.5354983806610107,-0.10685248672962189,0.3421681821346283,0.4249899685382843,-0.05532453954219818,0.41822582483291626,0.40935224294662476,-0.12049615383148193,0.25160688161849976,0.6187294125556946,-0.12819118797779083,0.2643135190010071,0.5733401775360107,-0.12834209203720093,0.28797322511672974,0.5489876866340637,-0.12123893946409225,0.3093070089817047,0.5098741054534912,-0.09526428580284119,0.3193426728248596,0.4804229140281677,-0.06973505020141602,0.3243263363838196,0.4570707380771637,-0.05091998726129532,0.33171895146369934,0.3878437876701355,-0.03870679438114166,0.30380702018737793,0.6252573728561401,-0.14563068747520447,0.19072550535202026,0.5525450110435486,-0.11194253712892532,0.46459564566612244,0.37203824520111084,-0.11002969741821289,0.3713567554950714,0.4414914548397064,-0.07562094181776047,0.17749260365962982,0.7062864899635315,-0.04183482006192207,0.32577401399612427,0.43704280257225037,-0.03628895431756973,0.410157173871994,0.4624515175819397,-0.08419342339038849,0.22808876633644104,0.5317012071609497,-0.09587492793798447,0.402567058801651,0.41482698917388916,-0.1107727512717247,0.35340598225593567,0.745172381401062,-0.06414949893951416,0.2965354323387146,0.44187676906585693,-0.022139139473438263,0.4018990993499756,0.3864838778972626,-0.11363957077264786,0.5254403352737427,0.6444157361984253,-0.12527519464492798,0.550586998462677,0.6783888936042786,-0.11081063747406006,0.29254618287086487,0.6867355108261108,-0.10148421674966812,0.47399598360061646,0.6737092733383179,-0.1268101930618286,0.15028585493564606,0.622341513633728,-0.07695059478282928,0.6535930633544922,0.5529715418815613,-0.11321590095758438,0.4675464630126953,0.38524091243743896,-0.0841357484459877,0.3766641318798065,0.46437814831733704,-0.08677856624126434,0.20591682195663452,0.5930624008178711,-0.10458894819021225,0.26658353209495544,0.4976044297218323,-0.08447986096143723,0.27810510993003845,0.4831112027168274,-0.07437507063150406,0.518102765083313,0.5114390850067139,-0.10705029964447021,0.35376349091529846,0.6396088004112244,-0.14471857249736786,0.7074843645095825,0.5274774432182312,-0.09103846549987793,0.6430580019950867,0.6029059290885925,-0.10813784599304199,0.6044847965240479,0.6379711031913757,-0.11041328310966492,0.21716627478599548,0.35246890783309937,0.03556164354085922,0.7281411290168762,0.4883800446987152,-0.05465354397892952,0.2856842875480652,0.4698507487773895,-0.058197155594825745,0.2914707362651825,0.45625293254852295,-0.04190739616751671,0.2951975166797638,0.44683051109313965,-0.028797287493944168,0.1754663586616516,0.5696113109588623,-0.10568900406360626,0.2755020558834076,0.45077764987945557,-0.03964436426758766,0.2606242299079895,0.4638707637786865,-0.05537717044353485,0.2492866814136505,0.47902095317840576,-0.07081080973148346,0.24066659808158875,0.49605047702789307,-0.08341459184885025,0.23730118572711945,0.5084258913993835,-0.08833280950784683,0.12811307609081268,0.6713695526123047,-0.050346653908491135,0.2565048336982727,0.5079861283302307,-0.0889962688088417,0.49079400300979614,0.3953057527542114,-0.0683651939034462,0.4670320749282837,0.4672408699989319,-0.10943351686000824,0.4352909326553345,0.4220165014266968,-0.09900528937578201,0.4798581600189209,0.419884592294693,-0.09118818491697311,0.313061386346817,0.37568777799606323,-0.002211544197052717,0.5742285847663879,0.6161645650863647,-0.1178237646818161,0.6144099235534668,0.5873886346817017,-0.11418379098176956,0.6871997117996216,0.5126791596412659,-0.10048240423202515,0.4945797026157379,0.7124338150024414,-0.10069622844457626,0.28937581181526184,0.44410741329193115,-0.02937992475926876,0.3600234389305115,0.39834684133529663,-0.0659184530377388,0.7093074321746826,0.47291597723960876,-0.06607656180858612,0.6780309677124023,0.5656524300575256,-0.10783611238002777,0.35082095861434937,0.6969384551048279,-0.10875978320837021,0.57654869556427,0.48611173033714294,-0.08975709974765778,0.5798259377479553,0.4917277693748474,-0.09536166489124298,0.5842111706733704,0.49848899245262146,-0.10153353959321976,0.5882171988487244,0.5033895373344421,-0.10274530947208405,0.5936909317970276,0.4996693432331085,-0.09963656216859818,0.5007694959640503,0.4954572916030884,-0.1061045452952385,0.4948754906654358,0.4991528391838074,-0.11219913512468338,0.48847728967666626,0.5021799802780151,-0.11687647551298141,0.48418647050857544,0.5156088471412659,-0.1254381239414215,0.38395005464553833,0.5940538644790649,-0.15195932984352112,0.33573034405708313,0.40548592805862427,-0.044610604643821716,0.2899407744407654,0.41921526193618774,-0.007275125943124294,0.2854166328907013,0.43264156579971313,-0.01944246143102646,0.5042814016342163,0.4926885664463043,-0.10240515321493149,0.44233378767967224,0.6303841471672058,-0.13988862931728363,0.3001783788204193,0.3995143473148346,-0.01507626660168171,0.6073606014251709,0.5195865631103516,-0.10146040469408035,0.3876202404499054,0.35654473304748535,-0.07003182172775269,0.35790398716926575,0.3796371817588806,-0.0596284382045269,0.3636367619037628,0.3638075590133667,-0.045506928116083145,0.3854254484176636,0.41643160581588745,-0.08477237075567245,0.6826728582382202,0.461267352104187,-0.06868595629930496,0.6551331281661987,0.4549252390861511,-0.06156275421380997,0.6371703147888184,0.4862140119075775,-0.08509678393602371,0.5358307361602783,0.5574647784233093,-0.11899300664663315,0.41791248321533203,0.4835205674171448,-0.09863672405481339,0.5742576122283936,0.5435052514076233,-0.11051876842975616,0.3900490701198578,0.5242055058479309,-0.13422079384326935,0.4313337802886963,0.5044860243797302,-0.11872440576553345,0.4183834493160248,0.5591261386871338,-0.1433003544807434,0.6614450216293335,0.4980764389038086,-0.09990501403808594,0.389142245054245,0.43926477432250977,-0.08622631430625916,0.5469360947608948,0.5879377722740173,-0.12340109795331955,0.5892565250396729,0.5643306374549866,-0.11331585794687271,0.49504005908966064,0.5620498061180115,-0.13366422057151794,0.39897099137306213,0.6511151790618896,-0.13971395790576935,0.48604923486709595,0.6005197763442993,-0.1377963423728943,0.4105052351951599,0.6960304975509644,-0.11865220963954926,0.45454609394073486,0.5311877131462097,-0.13166256248950958,0.3653568625450134,0.42005372047424316,-0.0708647146821022,0.4318399727344513,0.4041731357574463,-0.12194466590881348,0.42950206995010376,0.42933744192123413,-0.1102273166179657,0.4234841763973236,0.3828287720680237,-0.12509764730930328,0.25953584909439087,0.42409011721611023,-0.024546178057789803,0.22754566371440887,0.4458112120628357,-0.05521814897656441,0.20792566239833832,0.4691880941390991,-0.08263241499662399,0.19702927768230438,0.49375882744789124,-0.10164890438318253,0.19562964141368866,0.5161410570144653,-0.10900796949863434,0.22335299849510193,0.5497525334358215,-0.10066264122724533,0.23817956447601318,0.6732057332992554,-0.09685945510864258,0.26050350069999695,0.5450853705406189,-0.1076708734035492,0.2792867422103882,0.5271691083908081,-0.1005060002207756,0.295815646648407,0.5011671781539917,-0.08471563458442688,0.3069087266921997,0.4761027991771698,-0.06206388399004936,0.312449187040329,0.45604774355888367,-0.04032401368021965,0.31519415974617004,0.4408312141895294,-0.0272995438426733,0.23165427148342133,0.7253697514533997,-0.0418267585337162,0.4345783591270447,0.43757325410842896,-0.10140354186296463,0.381733238697052,0.3912697434425354,-0.08733951300382614,0.4410918354988098,0.3808085322380066,-0.12251754105091095,0.45484331250190735,0.3843517005443573,-0.1069917380809784,0.4437721073627472,0.3886759579181671,-0.11469893157482147,0.4429313540458679,0.4401770532131195,-0.08973240107297897,0.4594181180000305,0.37850597500801086,-0.10980250686407089,0.46309149265289307,0.3903845548629761,-0.08772910386323929,0.30092853307724,0.43468353152275085,-0.01479509100317955,0.31170541048049927,0.42582452297210693,-0.013863968662917614,0.31971240043640137,0.41861242055892944,-0.022852936759591103,0.23620456457138062,0.5163273811340332,-0.0903371274471283,0.21539196372032166,0.5242398381233215,-0.09894657880067825,0.39732176065444946,0.34896552562713623,-0.04434361308813095,0.3798537850379944,0.3535061478614807,0.19544510543346405,0.474758505821228,0.36999136209487915,-0.06131445989012718,0.31807875633239746,0.35406821966171265,0.39287930727005005,0.37856146693229675,0.37011808156967163,0.12275341153144836,0.3847562074661255,0.36644887924194336,0.1418410837650299,0.38899287581443787,0.3625941276550293,0.16311313211917877,0.3837989866733551,0.35920995473861694,0.20253033936023712,0.37218335270881653,0.37150925397872925,0.10588236898183823,0.3525932729244232,0.3456474542617798,0.15042397379875183,0.34880366921424866,0.3514612317085266,0.12748926877975464,0.35745105147361755,0.3427199423313141,0.17223303020000458,0.3634535074234009,0.34373557567596436,0.18909341096878052,0.39393797516822815,0.36243003606796265,0.21851544082164764,0.6799076199531555,0.4270023703575134,0.024675153195858,0.37735095620155334,0.3526262640953064,0.20850162208080292,0.3988193869590759,0.36678433418273926,0.3657940924167633,0.3828659653663635,0.3584514260292053,0.2612263262271881,0.47204965353012085,0.3561336100101471,0.07749099284410477,0.5359838008880615,0.4055534303188324,-0.05407051369547844,0.5505192279815674,0.41329333186149597,-0.05174995958805084,0.5509729385375977,0.3870425820350647,-0.017515556886792183,0.5641229152679443,0.37754520773887634,0.016525182873010635,0.5595651865005493,0.39901840686798096,-0.02197101153433323,0.5683215260505676,0.3895564675331116,0.007426132448017597,0.6202206611633301,0.3936644494533539,0.06101568788290024,0.4665220379829407,0.34380632638931274,-0.09317333251237869,0.44802048802375793,0.3356914520263672,-0.09158317744731903,0.3503827452659607,0.3313455283641815,0.22450274229049683,0.40350472927093506,0.36498743295669556,0.057354241609573364,0.47536855936050415,0.3473687171936035,-0.0010715499520301819,0.4630654752254486,0.34915363788604736,0.008973373100161552,0.4885941743850708,0.34652411937713623,0.16094081103801727,0.42209821939468384,0.3404235243797302,-0.06931259483098984,0.3346119225025177,0.32661736011505127,0.14625243842601776,0.3418372869491577,0.32587334513664246,0.1883457750082016,0.2909749448299408,0.3302905261516571,0.3416278660297394,0.32855474948883057,0.3483411371707916,0.04945417493581772,0.3482568860054016,0.35857847332954407,0.11522933095693588,0.6010922193527222,0.3828226625919342,0.08642714470624924,0.5966993570327759,0.45595741271972656,0.34947943687438965,0.4802144169807434,0.3626568913459778,-0.011500409804284573,0.479156494140625,0.37429314851760864,-0.039121516048908234,0.5887290239334106,0.3724360764026642,0.07087091356515884,0.5876515507698059,0.3784724473953247,0.054985132068395615,0.3311656713485718,0.3206895589828491,0.2114216536283493,0.48279696702957153,0.35726165771484375,0.005456874147057533,0.32967454195022583,0.3330283463001251,0.09922599792480469,0.3166596293449402,0.32545679807662964,0.10342605412006378,0.23693859577178955,0.3143281936645508,0.19566355645656586,0.3045181334018707,0.3164503574371338,0.2660009562969208,0.2607857584953308,0.31516706943511963,0.14793381094932556,0.3413921296596527,0.3291460871696472,0.2566400170326233,0.3299543857574463,0.3326060175895691,0.3164263367652893,0.5441584587097168,0.40839052200317383,-0.05423720180988312,0.5562509298324585,0.3924116790294647,-0.020466456189751625,0.5667245388031006,0.3826247453689575,0.00944504700601101,0.4808507263660431,0.36957401037216187,-0.017098916694521904,0.5886484980583191,0.3756119906902313,0.06133677437901497,0.6092630624771118,0.3811689019203186,0.03659263253211975,0.5868147611618042,0.38093942403793335,0.051853328943252563,0.47280389070510864,0.3521130681037903,-0.03868594020605087,0.5670813322067261,0.3946733772754669,0.006404459942132235,0.559913158416748,0.4045141935348511,-0.01852472499012947,0.5526719093322754,0.41789087653160095,-0.04476885870099068,0.6438215970993042,0.429690957069397,-0.03337804600596428,0.6663594245910645,0.42952531576156616,-0.04336461424827576,0.6584032773971558,0.42920437455177307,-0.04334177449345589,0.6456108093261719,0.4296419024467468,-0.03703940659761429,0.6334924697875977,0.4307032823562622,-0.03385099023580551,0.6166349649429321,0.4001826047897339,0.014029424637556076,0.6218312978744507,0.3958669900894165,0.009944717399775982,0.6288043260574341,0.39058375358581543,0.008453154936432838,0.6337624788284302,0.38648414611816406,0.015307910740375519,0.548535943031311,0.36813998222351074,0.037688761949539185,0.48839372396469116,0.4402485191822052,0.43160632252693176,0.6035531163215637,0.3904610276222229,0.03690163418650627,0.606725811958313,0.38574957847595215,0.03432011231780052,0.4851575791835785,0.3801266849040985,-0.04320220276713371,0.49100932478904724,0.37095797061920166,0.0037709190510213375,0.4823777675628662,0.3771478831768036,-0.041997045278549194,0.42267361283302307,0.36150652170181274,0.07969854772090912,0.4485067129135132,0.3519795835018158,0.10873892158269882,0.47229042649269104,0.35562747716903687,0.01915423944592476,0.2639755606651306,0.3162432909011841,0.2724231481552124,0.28177550435066223,0.31177592277526855,0.21048232913017273,0.322080135345459,0.3193005323410034,0.16247251629829407,0.631047248840332,0.40200090408325195,0.03473289683461189,0.31008708477020264,0.336355060338974,0.05411219224333763,0.24116526544094086,0.3287041187286377,0.09038092941045761,0.21089351177215576,0.3255147933959961,0.12088977545499802,0.38855481147766113,0.36061418056488037,0.18525755405426025,0.40477272868156433,0.3672690987586975,0.2429763227701187,0.3671649694442749,0.37213265895843506,0.10213518887758255,0.3670364320278168,0.34658703207969666,0.22343358397483826,0.3852349519729614,0.36491432785987854,0.04126589000225067,0.46481409668922424,0.3412560820579529,-0.028313126415014267,0.4458571970462799,0.3488330543041229,0.28251707553863525,0.41856300830841064,0.3670811951160431,0.21139799058437347,0.42465850710868835,0.36749380826950073,0.16666291654109955,0.41564711928367615,0.3716212809085846,0.1249949187040329,0.40230631828308105,0.3753471076488495,0.09786612540483475,0.3912544250488281,0.37593644857406616,0.07452687621116638,0.3502195179462433,0.36320412158966064,0.0025440368335694075,0.491643488407135,0.3552541732788086,0.2644473612308502,0.3643026351928711,0.3443447947502136,0.24851249158382416,0.4737994074821472,0.3598601222038269,-0.08948174118995667,0.4251055121421814,0.3630300760269165,0.04139385744929314,0.3890778720378876,0.4093247950077057,0.453448623418808,0.38034871220588684,0.3751305043697357,0.061850983649492264,0.4727293848991394,0.36391550302505493,0.037978146225214005,0.37646621465682983,0.35446417331695557,0.21806760132312775,0.44991254806518555,0.3445321023464203,-0.017080014571547508,0.5420284867286682,0.4493640661239624,0.39765092730522156,0.3626430034637451,0.3707864284515381,0.11360786855220795,0.4342406392097473,0.34016579389572144,-0.04519536718726158,0.65007483959198,0.41465798020362854,0.18089617788791656,0.6704132556915283,0.4485812187194824,0.21598602831363678,0.49546968936920166,0.3866012990474701,0.3470763564109802,0.6239283680915833,0.41323354840278625,0.23396281898021698,0.3595694899559021,0.351032018661499,0.3493605852127075,0.7059087753295898,0.43544086813926697,0.03275182098150253,0.47515201568603516,0.375499963760376,-0.07177399843931198,0.446889728307724,0.3621298670768738,0.057740647345781326,0.38377466797828674,0.36324942111968994,0.2978191673755646,0.38061100244522095,0.35698726773262024,0.16653376817703247,0.37732192873954773,0.3606638014316559,0.14772045612335205,0.6108221411705017,0.37707048654556274,0.04417034611105919,0.5339621305465698,0.3681277632713318,0.25048911571502686,0.7342556715011597,0.462141215801239,-0.0056649548932909966,0.7122479677200317,0.4470268189907074,0.10255835950374603,0.695652961730957,0.4464251697063446,0.15478380024433136,0.3720914423465729,0.36412864923477173,0.1313314139842987,0.3666146993637085,0.36690300703048706,0.12118667364120483,0.36413437128067017,0.36943987011909485,0.11736121773719788,0.3583270013332367,0.34562867879867554,0.283235639333725,0.360951691865921,0.3619172275066376,0.12598924338817596,0.36266615986824036,0.356395423412323,0.13686835765838623,0.3656964600086212,0.35182565450668335,0.15288688242435455,0.37009021639823914,0.34900981187820435,0.17125524580478668,0.3739626109600067,0.3493919372558594,0.18483377993106842,0.34787824749946594,0.37966540455818176,0.43257907032966614,0.38080352544784546,0.35454291105270386,0.1833152025938034,0.52669757604599,0.3689465820789337,0.009502814151346684,0.4783948063850403,0.35702037811279297,-0.01884588785469532,0.5045979022979736,0.3801937699317932,-0.04253309592604637,0.6740967035293579,0.4197235703468323,0.12964008748531342,0.6887537837028503,0.429252564907074,0.08114151656627655,0.7159006595611572,0.4481099545955658,-0.02099377103149891,0.6398429274559021,0.4541938602924347,0.28475773334503174,0.3617427349090576,0.3670862913131714,0.11907531321048737,0.3906293213367462,0.3559300899505615,-0.0006415643147192895,0.7263817191123962,0.45044219493865967,0.048802755773067474,0.5427272915840149,0.39911359548568726,0.32105761766433716,0.6288069486618042,0.41353699564933777,-0.008732372894883156,0.6379715204238892,0.41003909707069397,-0.011194471269845963,0.6482193470001221,0.4066523313522339,-0.013336849398911,0.6565123796463013,0.40436285734176636,-0.009842375293374062,0.6399722695350647,0.41349875926971436,0.003956187050789595,0.5775315165519714,0.3826758563518524,0.03433392569422722,0.5774738788604736,0.3770149052143097,0.04197309538722038,0.5759418606758118,0.372193843126297,0.048173073679208755,0.5749966502189636,0.3728175163269043,0.06931424140930176,0.5378696918487549,0.3626517057418823,0.18103665113449097,0.36608776450157166,0.36442604660987854,0.02278146706521511,0.34809520840644836,0.367157518863678,0.07855184376239777,0.35311591625213623,0.3671083152294159,0.10557407140731812,0.575878381729126,0.3867894113063812,0.03240015357732773,0.5931563377380371,0.38423651456832886,0.19896622002124786,0.3458215892314911,0.3653351068496704,0.03575645014643669,0.6557761430740356,0.4234539568424225,0.014427238143980503,0.3750302791595459,0.3557538390159607,-0.024503028020262718,0.4289891719818115,0.35359227657318115,0.0011782090878114104,0.6614389419555664,0.43660515546798706,-0.029387742280960083,0.6290162801742554,0.3957628011703491,0.08258972316980362,0.49534714221954346,0.36404508352279663,0.053810782730579376,0.6461422443389893,0.4098062515258789,0.049375277012586594,0.5080870389938354,0.35345160961151123,0.10457028448581696,0.5245499014854431,0.36265525221824646,0.07113374024629593,0.548378050327301,0.3621216416358948,0.1294635534286499,0.6896870136260986,0.4392094016075134,-0.025824902579188347,0.4430467486381531,0.3584667146205902,0.021897312253713608,0.6487162113189697,0.4020139276981354,0.1094219833612442,0.6643881797790527,0.41709864139556885,0.06657464802265167,0.6050879955291748,0.3828594386577606,0.10973420739173889,0.5701578259468079,0.3803521692752838,0.23919999599456787,0.612802267074585,0.3862753212451935,0.14557020366191864,0.5858467221260071,0.4091678857803345,0.2896871864795685,0.5605248212814331,0.3681154251098633,0.09196026623249054,0.40753746032714844,0.3597791790962219,0.021895335987210274,0.4722215533256531,0.34592902660369873,-0.037854328751564026,0.4802201986312866,0.35132861137390137,-0.014066282659769058,0.4559555649757385,0.3365325331687927,-0.058119844645261765,0.3402431905269623,0.35654300451278687,0.09385626763105392,0.340919554233551,0.3452528715133667,0.11886179447174072,0.34516361355781555,0.3382357358932495,0.14562548696994781,0.3509109318256378,0.33502811193466187,0.17581507563591003,0.3579257130622864,0.33784204721450806,0.20168375968933105,0.3795472979545593,0.3569309711456299,0.23400291800498962,0.44763341546058655,0.375285267829895,0.3628501892089844,0.4017428755760193,0.3632582724094391,0.19746297597885132,0.40438398718833923,0.36532050371170044,0.16556629538536072,0.3989031910896301,0.3693287670612335,0.13484136760234833,0.3892064690589905,0.3732667565345764,0.11101702600717545,0.38062584400177,0.37486034631729126,0.09086377173662186,0.37329867482185364,0.3751657009124756,0.07949112355709076,0.4362317621707916,0.42918750643730164,0.4526924192905426,0.48368048667907715,0.3596370816230774,-0.006974784657359123,0.4119529128074646,0.3488665521144867,-0.019951261579990387,0.46873921155929565,0.34222865104675293,-0.06892538070678711,0.47326791286468506,0.360110342502594,-0.07605381309986115,0.4714575409889221,0.3511573076248169,-0.05996555835008621,0.4860975742340088,0.3692951798439026,-0.010430608876049519,0.4745975136756897,0.3587685823440552,-0.0843946784734726,0.4761647880077362,0.3726208209991455,-0.0665263906121254,0.36125490069389343,0.3721264600753784,0.09824810922145844,0.3625979423522949,0.3741547763347626,0.07000143826007843,0.3658754229545593,0.37267208099365234,0.04623255878686905,0.37595435976982117,0.35059335827827454,0.1959192454814911,0.3688633441925049,0.34759965538978577,0.20612473785877228,0.2512678802013397,0.4661616086959839,-0.06477663666009903,0.2619992196559906,0.4490484595298767,-0.06477663666009903,0.23470503091812134,0.46356847882270813,-0.06477663666009903,0.24005627632141113,0.4834534823894501,-0.06477663666009903,0.2677689492702484,0.46879929304122925,-0.06477663666009903,0.3556777238845825,0.3481408953666687,0.1544894576072693,0.36155274510383606,0.3426891565322876,0.1544894576072693,0.3418257534503937,0.34210091829299927,0.1544894576072693,0.34962034225463867,0.3537335991859436,0.1544894576072693,0.3691360056400299,0.35418298840522766,0.1544894576072693,0,0,0,0,0,0,1,0,0,0,0,0,0.11967555433511734,0.06445708870887756,0.11530674248933792,0.0666770413517952,0.020235907286405563,0.05658485367894173,0.053695566952228546,0.07120983302593231,0.09165287017822266,0.12976494431495667,0.783139169216156,0.28583255410194397,Sadness,-11.358470916748047,-29.149991989135742
245,8.166666666666666,35.81177729155241,-6.759671442465001,1.0286998770112739,0.5528059601783752,0.4120723605155945,-0.08573030680418015,0.5004268884658813,0.3619571924209595,-0.1161486804485321,0.5065709948539734,0.4026004672050476,-0.074284128844738,0.41686081886291504,0.3752526640892029,-0.08779490739107132,0.48104149103164673,0.35322999954223633,-0.1176871508359909,0.45260635018348694,0.3552802801132202,-0.10216414928436279,0.37261122465133667,0.3704582750797272,-0.026984039694070816,0.23829248547554016,0.50937420129776,-0.07421640306711197,0.32520562410354614,0.3642636239528656,0.0031102902721613646,0.3027040362358093,0.35360974073410034,0.009591768495738506,0.213392436504364,0.3392103612422943,0.05780796706676483,0.5563885569572449,0.4146151542663574,-0.08528592437505722,0.5571247339248657,0.41858965158462524,-0.08089922368526459,0.555111289024353,0.42263028025627136,-0.07400217652320862,0.6281449794769287,0.4573515057563782,-0.06370491534471512,0.6387413740158081,0.4604801535606384,-0.06935218721628189,0.6475796699523926,0.46483126282691956,-0.07586009055376053,0.652490496635437,0.4705064296722412,-0.07487893849611282,0.6571336984634399,0.4724542796611786,-0.062325432896614075,0.5080112814903259,0.37610048055648804,-0.10871855914592743,0.48867368698120117,0.40345266461372375,-0.09610297530889511,0.08607187867164612,0.603836178779602,-0.035626064985990524,0.2971360981464386,0.46980705857276917,-0.05207051336765289,0.28396710753440857,0.48749110102653503,-0.068354532122612,0.26893770694732666,0.5043652653694153,-0.07856401056051254,0.23820984363555908,0.5218947529792786,-0.0822487473487854,0.3063778579235077,0.4527633786201477,-0.03186492621898651,0.22825166583061218,0.46094730496406555,-0.06660927087068558,0.2488078474998474,0.4428342878818512,-0.04378720745444298,0.21338042616844177,0.48160019516944885,-0.07840710878372192,0.20830556750297546,0.4988851249217987,-0.08221256732940674,0.23733273148536682,0.545814573764801,-0.08754082024097443,0.6303998827934265,0.5590716004371643,-0.1074812263250351,0.22635622322559357,0.5146381258964539,-0.07305030524730682,0.17286306619644165,0.637057900428772,-0.05297122523188591,0.2103724181652069,0.556120753288269,-0.08212900161743164,0.39142727851867676,0.49173587560653687,-0.10183551907539368,0.5252534747123718,0.4353731870651245,-0.1033642590045929,0.5360279679298401,0.4402461051940918,-0.09693451225757599,0.5056995153427124,0.46513116359710693,-0.11410632729530334,0.4948470890522003,0.48684772849082947,-0.11357977986335754,0.5181207656860352,0.46297192573547363,-0.10548540204763412,0.5063644051551819,0.48162928223609924,-0.10189191997051239,0.5372564792633057,0.5504281520843506,-0.10449502617120743,0.48876670002937317,0.3753036558628082,-0.1257147341966629,0.4686174988746643,0.3688424229621887,-0.12893281877040863,0.17048321664333344,0.512107789516449,-0.09738358855247498,0.368308424949646,0.4436596632003784,-0.058580949902534485,0.43965432047843933,0.4428650736808777,-0.1147979125380516,0.4245157837867737,0.44580939412117004,-0.10754846781492233,0.34187638759613037,0.5524015426635742,-0.13270030915737152,0.4425312578678131,0.37035268545150757,-0.11371662467718124,0.1908167004585266,0.4533236026763916,-0.07937402278184891,0.1739988476037979,0.4835013151168823,-0.09297609329223633,0.07779881358146667,0.5507084131240845,-0.042832810431718826,0.2729093134403229,0.39012616872787476,-0.026077358052134514,0.27131742238998413,0.430971622467041,-0.023748135194182396,0.500557005405426,0.5538851022720337,-0.11376562714576721,0.3943025469779968,0.7410337924957275,-0.05393458530306816,0.4605711102485657,0.4373879134654999,-0.09630510210990906,0.4773106873035431,0.4266902208328247,-0.08372290432453156,0.49465107917785645,0.5196785926818848,-0.10112744569778442,0.5011667013168335,0.5148674249649048,-0.09546855837106705,0.15609918534755707,0.48624762892723083,-0.0868888571858406,0.44422683119773865,0.45554110407829285,-0.10571911931037903,0.22090011835098267,0.4231279194355011,-0.055735934525728226,0.20733164250850677,0.41561365127563477,-0.056589275598526,0.1244249939918518,0.4321237802505493,-0.026499496772885323,0.11826108396053314,0.5169690251350403,-0.061807554215192795,0.16934801638126373,0.4180348217487335,-0.03536722809076309,0.15372543036937714,0.5208247900009155,-0.08787459135055542,0.12096735835075378,0.5643905401229858,-0.05531841143965721,0.5321387648582458,0.4379047751426697,-0.10279315710067749,0.5124127268791199,0.4639494717121124,-0.11104407161474228,0.500673234462738,0.4843667447566986,-0.10899154841899872,0.4666106104850769,0.43816667795181274,-0.08742191642522812,0.4982936382293701,0.517216682434082,-0.09717950224876404,0.5213226079940796,0.5192559957504272,-0.09744028002023697,0.5033285617828369,0.5127681493759155,-0.09420839697122574,0.46745380759239197,0.4108862280845642,-0.11898725479841232,0.509207010269165,0.4799003303050995,-0.09752224385738373,0.5206584334373474,0.46204641461372375,-0.09721001237630844,0.5372452735900879,0.4423946142196655,-0.09086661785840988,0.6355502009391785,0.4978121519088745,-0.08069288730621338,0.6227455139160156,0.4989611804485321,-0.0939004197716713,0.6193570494651794,0.49188631772994995,-0.09453770518302917,0.6127287149429321,0.48463961482048035,-0.08771154284477234,0.6053340435028076,0.4784930348396301,-0.08115515112876892,0.551842212677002,0.5039610862731934,-0.0899638906121254,0.5506003499031067,0.5098692774772644,-0.09451363235712051,0.5486646294593811,0.517386257648468,-0.1003960594534874,0.5466583967208862,0.5243009328842163,-0.10226543247699738,0.4781387150287628,0.503812849521637,-0.11294317245483398,0.25654441118240356,0.7265872359275818,-0.01740172505378723,0.5073171257972717,0.38984423875808716,-0.08560016006231308,0.52876877784729,0.509552538394928,-0.09092727303504944,0.5253759026527405,0.5142392516136169,-0.09444433450698853,0.4896647334098816,0.4248065650463104,-0.08773518353700638,0.4583110809326172,0.4612063765525818,-0.0853702649474144,0.4841059446334839,0.4254459738731384,-0.08557858318090439,0.36395588517189026,0.46636059880256653,-0.07513044774532318,0.3542078137397766,0.49653321504592896,-0.10063956677913666,0.4285326302051544,0.45810627937316895,-0.10062865912914276,0.08937990665435791,0.4933856129646301,-0.04185792803764343,0.13329452276229858,0.46866151690483093,-0.05438661575317383,0.17453151941299438,0.4506973922252655,-0.07544900476932526,0.5688751339912415,0.5394211411476135,-0.10308781266212463,0.2507842481136322,0.37832528352737427,-0.028621727600693703,0.20846495032310486,0.37846511602401733,-0.005428163334727287,0.16553843021392822,0.38328880071640015,0.008427145890891552,0.25236421823501587,0.5173020958900452,-0.08305493742227554,0.23385490477085114,0.573501467704773,-0.09756264090538025,0.3105618953704834,0.4400135576725006,-0.020261311903595924,0.20264190435409546,0.5216097831726074,-0.08771497756242752,0.36710017919540405,0.424505352973938,-0.051728278398513794,0.4453902244567871,0.4173892140388489,-0.12225755304098129,0.24073372781276703,0.6086422204971313,-0.1040910929441452,0.25165045261383057,0.5709211230278015,-0.1101500391960144,0.2761404812335968,0.552069365978241,-0.1067778542637825,0.30329081416130066,0.514660120010376,-0.08444304764270782,0.3191179037094116,0.4842953383922577,-0.06147627532482147,0.32870128750801086,0.46023473143577576,-0.04448734223842621,0.3637062609195709,0.38708919286727905,-0.03897128254175186,0.28970950841903687,0.6206362843513489,-0.12239506095647812,0.18852141499519348,0.5351150035858154,-0.09053148329257965,0.5006707906723022,0.3830803632736206,-0.11670210212469101,0.3919433653354645,0.44400155544281006,-0.07205916196107864,0.15226715803146362,0.6842573881149292,-0.008301040157675743,0.33404216170310974,0.43927186727523804,-0.03133934736251831,0.4249882400035858,0.46897822618484497,-0.08112803846597672,0.2204728126525879,0.5214126110076904,-0.07783498615026474,0.4283915162086487,0.42128637433052063,-0.11176405847072601,0.3191344738006592,0.7404841780662537,-0.03197668492794037,0.3042982220649719,0.43704652786254883,-0.01414457242935896,0.43392693996429443,0.3929905891418457,-0.11701833456754684,0.5075846910476685,0.6588586568832397,-0.10833293944597244,0.5291687250137329,0.6929523348808289,-0.09121982008218765,0.26862820982933044,0.6789645552635193,-0.07181072235107422,0.4510723352432251,0.6844962239265442,-0.10557984560728073,0.14070969820022583,0.6017952561378479,-0.04831548035144806,0.6538134813308716,0.5774841904640198,-0.11001191288232803,0.5008644461631775,0.39561760425567627,-0.08977295458316803,0.3921116888523102,0.467483788728714,-0.08193553984165192,0.2025999128818512,0.5747340321540833,-0.07967948168516159,0.26068130135536194,0.49362123012542725,-0.07124686241149902,0.27487367391586304,0.47999945282936096,-0.06288222223520279,0.5166987180709839,0.5242817997932434,-0.09988994896411896,0.33613845705986023,0.6400624513626099,-0.12237147241830826,0.712785005569458,0.5551871657371521,-0.08924546092748642,0.635082483291626,0.6243977546691895,-0.09737426042556763,0.5902180671691895,0.6564356088638306,-0.09542454034090042,0.25171077251434326,0.34183260798454285,0.03648935258388519,0.7403186559677124,0.5179476737976074,-0.0568925216794014,0.2857237160205841,0.4663986265659332,-0.04833291843533516,0.2951517701148987,0.45180433988571167,-0.033059194684028625,0.3014611601829529,0.44203072786331177,-0.020293954759836197,0.17531591653823853,0.547370970249176,-0.08190342038869858,0.28158095479011536,0.4464750587940216,-0.030542124062776566,0.2636938691139221,0.4599522352218628,-0.04526761174201965,0.24865558743476868,0.4747276306152344,-0.05908927693963051,0.23628020286560059,0.4905933439731598,-0.06978416442871094,0.2301938235759735,0.5020447969436646,-0.0735747218132019,0.10906675457954407,0.6458561420440674,-0.018999384716153145,0.24905532598495483,0.5026950836181641,-0.07434853166341782,0.520486056804657,0.406723290681839,-0.07335163652896881,0.479561448097229,0.47870156168937683,-0.10678818821907043,0.4593765139579773,0.4311455488204956,-0.10029920190572739,0.5034172534942627,0.4315035045146942,-0.09364144504070282,0.3454069495201111,0.37271520495414734,-0.0036043052095919847,0.5618802905082703,0.633563756942749,-0.10502835363149643,0.6078721284866333,0.6084645986557007,-0.10609447211027145,0.69502192735672,0.5400648713111877,-0.10242664813995361,0.467009961605072,0.7221072912216187,-0.07570846378803253,0.29664361476898193,0.4394516944885254,-0.020810328423976898,0.3900173306465149,0.4002343416213989,-0.06586988270282745,0.724470853805542,0.5024641752243042,-0.07203738391399384,0.6766710877418518,0.5905596017837524,-0.10144943743944168,0.32419663667678833,0.6953251361846924,-0.08075577020645142,0.5792167782783508,0.4937179386615753,-0.08834946900606155,0.5812376737594604,0.5009881258010864,-0.09441710263490677,0.5836325883865356,0.5092617869377136,-0.10103743523359299,0.5857532024383545,0.5173165202140808,-0.10224684327840805,0.6026588678359985,0.5223788022994995,-0.09876588732004166,0.4999280571937561,0.4993985593318939,-0.09928914159536362,0.4946686923503876,0.5025321841239929,-0.10471681505441666,0.4893018305301666,0.5052117705345154,-0.10906963050365448,0.4851897656917572,0.5296979546546936,-0.11618483066558838,0.3740302622318268,0.5983832478523254,-0.13553863763809204,0.3644469380378723,0.4047245383262634,-0.042863503098487854,0.3059946894645691,0.41289883852005005,-0.0016222686972469091,0.2979743778705597,0.4257234036922455,-0.01172528974711895,0.5030102729797363,0.49678468704223633,-0.09610693156719208,0.42602822184562683,0.6393840909004211,-0.12168844789266586,0.31917762756347656,0.39572280645370483,-0.013217895291745663,0.613102376461029,0.5423507690429688,-0.10030467808246613,0.4256322979927063,0.36115124821662903,-0.07603117823600769,0.39157018065452576,0.3815547227859497,-0.06181064248085022,0.4002307057380676,0.3660734295845032,-0.04978945478796959,0.4112474322319031,0.42069804668426514,-0.08437221497297287,0.7006540298461914,0.4893043637275696,-0.07510393112897873,0.6746824979782104,0.480949729681015,-0.0680077075958252,0.650347113609314,0.5111482739448547,-0.08848550170660019,0.5319093465805054,0.5739022493362427,-0.10954535007476807,0.42863544821739197,0.4904858469963074,-0.09348835796117783,0.5741674900054932,0.5632850527763367,-0.10497701168060303,0.3937298059463501,0.5293313264846802,-0.12506118416786194,0.43768399953842163,0.5130122303962708,-0.11100872606039047,0.41477614641189575,0.5664417743682861,-0.13152116537094116,0.6723153591156006,0.5242111086845398,-0.10241230577230453,0.4097229838371277,0.44377368688583374,-0.08424323052167892,0.5388966798782349,0.6039639115333557,-0.11214668303728104,0.5863734483718872,0.5844859480857849,-0.10657370835542679,0.4892391264438629,0.5756692290306091,-0.12206310033798218,0.37924426794052124,0.655893087387085,-0.11824987828731537,0.4747406244277954,0.6128527522087097,-0.12356746196746826,0.38386082649230957,0.7005704641342163,-0.09276939183473587,0.45420947670936584,0.5419934988021851,-0.12160585075616837,0.3908364474773407,0.42207345366477966,-0.0688350647687912,0.4604310393333435,0.41329967975616455,-0.1245018020272255,0.4517470896244049,0.438193678855896,-0.11102574318647385,0.45661067962646484,0.3914913237094879,-0.1288825124502182,0.2760501801967621,0.4149244725704193,-0.017296260222792625,0.2398037165403366,0.43475040793418884,-0.04540092498064041,0.21488401293754578,0.45708438754081726,-0.07030501961708069,0.1992352157831192,0.4807000756263733,-0.08636198192834854,0.1938614547252655,0.5022161602973938,-0.09127433598041534,0.21711376309394836,0.5374744534492493,-0.08096056431531906,0.2183988392353058,0.6599625945091248,-0.06649817526340485,0.2512095868587494,0.541046142578125,-0.09091611206531525,0.2719144821166992,0.5263350009918213,-0.08624184131622314,0.29210442304611206,0.5016106963157654,-0.07312203198671341,0.3080824613571167,0.4763715863227844,-0.05318555608391762,0.31792372465133667,0.45567452907562256,-0.03300514444708824,0.3240388035774231,0.439759224653244,-0.021297384053468704,0.20266853272914886,0.7079160213470459,-0.007418171036988497,0.45464658737182617,0.446639746427536,-0.10173380374908447,0.41294023394584656,0.39549124240875244,-0.08874926716089249,0.4751878082752228,0.3908528983592987,-0.12746824324131012,0.48849451541900635,0.3946239948272705,-0.11262594163417816,0.4763300120830536,0.39860832691192627,-0.11903264373540878,0.4622238278388977,0.44961681962013245,-0.09031984955072403,0.4942072629928589,0.38921278715133667,-0.1160735934972763,0.49537092447280884,0.4005761742591858,-0.0928996130824089,0.3116094470024109,0.4296302795410156,-0.007965209893882275,0.32436829805374146,0.423175185918808,-0.009008275344967842,0.3325974941253662,0.4186018109321594,-0.01956973597407341,0.22760456800460815,0.5090018510818481,-0.07455293834209442,0.20980623364448547,0.5128116607666016,-0.08169015496969223,0.43681877851486206,0.3538138270378113,-0.051873501390218735,0.41892147064208984,0.3552802801132202,0.18478438258171082,0.5111771821975708,0.3792634606361389,-0.0690150335431099,0.3562554717063904,0.3379102349281311,0.3829314112663269,0.4111647605895996,0.3744644522666931,0.11527819186449051,0.4191567301750183,0.37070232629776,0.13288535177707672,0.4246547818183899,0.36614739894866943,0.15301638841629028,0.4181425869464874,0.36113908886909485,0.19147369265556335,0.40375515818595886,0.37494707107543945,0.10061569511890411,0.3966774344444275,0.34266772866249084,0.14019691944122314,0.39010342955589294,0.3483029007911682,0.11993668228387833,0.4023698568344116,0.34007376432418823,0.16096459329128265,0.40684768557548523,0.34221434593200684,0.17753203213214874,0.425006628036499,0.3644522726535797,0.20742668211460114,0.7050338983535767,0.45153623819351196,0.015432548709213734,0.41584235429763794,0.35392889380455017,0.1979145109653473,0.43671074509620667,0.3591439127922058,0.3555704951286316,0.4116661548614502,0.35757362842559814,0.24976474046707153,0.5111141204833984,0.3604559302330017,0.0671260803937912,0.5653117299079895,0.39010089635849,-0.06067779287695885,0.5694908499717712,0.4018924832344055,-0.05752237141132355,0.5796132683753967,0.3772158622741699,-0.02525385096669197,0.5913268327713013,0.37399715185165405,0.0096555445343256,0.5795753598213196,0.39155274629592896,-0.028378602117300034,0.5884909629821777,0.3870335817337036,0.0018483352614566684,0.6501281261444092,0.4108063578605652,0.05523034930229187,0.5082018971443176,0.3545660674571991,-0.10254942625761032,0.49056941270828247,0.34536993503570557,-0.10131729394197464,0.3970416784286499,0.32579633593559265,0.2119474858045578,0.4403616786003113,0.36624056100845337,0.050736669450998306,0.5159282684326172,0.3546013832092285,-0.011965618468821049,0.503334641456604,0.3552371561527252,-0.001571886008605361,0.5296509265899658,0.3487125337123871,0.14803895354270935,0.46340852975845337,0.34767043590545654,-0.07843523472547531,0.3886551558971405,0.3186006546020508,0.1370280683040619,0.39349713921546936,0.31868547201156616,0.1774233728647232,0.33175936341285706,0.31355172395706177,0.3312165141105652,0.37540945410728455,0.34209105372428894,0.04567617550492287,0.3858024477958679,0.3558639883995056,0.10943666845560074,0.6320154666900635,0.3969786763191223,0.07939298450946808,0.6158151626586914,0.46089231967926025,0.34280848503112793,0.5177568793296814,0.37010693550109863,-0.02085392363369465,0.514398455619812,0.38240760564804077,-0.04615562781691551,0.6131751537322998,0.38312458992004395,0.06577093154191971,0.6096166968345642,0.38918933272361755,0.05068438872694969,0.38256216049194336,0.31083977222442627,0.20028023421764374,0.5214433073997498,0.364335834980011,-0.0047024828381836414,0.38206157088279724,0.3248094916343689,0.09219038486480713,0.3714718520641327,0.3139491081237793,0.09599574655294418,0.27776840329170227,0.299930214881897,0.18764658272266388,0.34929245710372925,0.3017975687980652,0.255515992641449,0.30260494351387024,0.30213284492492676,0.14104683697223663,0.38533228635787964,0.3212060332298279,0.24406926333904266,0.3732698857784271,0.31920260190963745,0.3055002987384796,0.5695067048072815,0.3953058421611786,-0.06050899624824524,0.5811065435409546,0.38396593928337097,-0.027411146089434624,0.5910037159919739,0.379557341337204,0.0032322413753718138,0.517008364200592,0.3770830035209656,-0.024995116516947746,0.6118462085723877,0.38609492778778076,0.056854452937841415,0.6278153657913208,0.39298659563064575,0.03207022696733475,0.6075003147125244,0.3913586139678955,0.047700926661491394,0.5129435062408447,0.3605629503726959,-0.04904371127486229,0.5843827724456787,0.39317500591278076,0.0010783975012600422,0.5759690999984741,0.398105263710022,-0.024389099329710007,0.5669769048690796,0.40824615955352783,-0.05036613345146179,0.6692610383033752,0.45329391956329346,-0.04055999591946602,0.6672234535217285,0.44284787774086,-0.050329551100730896,0.6610161662101746,0.4392387270927429,-0.049955230206251144,0.6501476168632507,0.43785494565963745,-0.042965032160282135,0.6382651329040527,0.43806084990501404,-0.038973014801740646,0.6291202306747437,0.4116477966308594,0.009142630733549595,0.6354248523712158,0.4075995087623596,0.004646570421755314,0.6429181098937988,0.4031079113483429,0.002638088772073388,0.6484071016311646,0.40041354298591614,0.00954988319426775,0.5836185216903687,0.3792334794998169,0.030164308845996857,0.5103858113288879,0.436262309551239,0.4261455237865448,0.6197189092636108,0.4022957682609558,0.032627083361148834,0.6243987083435059,0.3973611891269684,0.029905708506703377,0.5191541314125061,0.3893752694129944,-0.05051008611917496,0.5268199443817139,0.3784111738204956,-0.004187546670436859,0.5170364379882812,0.38583511114120483,-0.049094416201114655,0.46044713258743286,0.3627631664276123,0.07163937389850616,0.48823314905166626,0.35365647077560425,0.09883704036474228,0.5114064812660217,0.3618074059486389,0.009114891290664673,0.30583101511001587,0.2999610900878906,0.26265472173690796,0.32576999068260193,0.2969360053539276,0.20122581720352173,0.37781375646591187,0.3078358769416809,0.15278178453445435,0.6608211994171143,0.4216488301753998,0.028538178652524948,0.36171385645866394,0.32542747259140015,0.050023261457681656,0.2803442180156708,0.3173481225967407,0.08686652779579163,0.24918819963932037,0.3121475577354431,0.1160922721028328,0.42378130555152893,0.3636026382446289,0.17443299293518066,0.4316630959510803,0.3698886036872864,0.23074722290039062,0.3983501195907593,0.37415117025375366,0.09770295768976212,0.40596580505371094,0.3444037437438965,0.2118469774723053,0.42188677191734314,0.3658958673477173,0.03551862761378288,0.5066475868225098,0.3490753173828125,-0.03925691545009613,0.48660367727279663,0.3461565375328064,0.26976972818374634,0.4499465823173523,0.37254995107650757,0.19866478443145752,0.4606356918811798,0.37485289573669434,0.1550675332546234,0.45168137550354004,0.3794783353805542,0.11602232605218887,0.4364546537399292,0.38249772787094116,0.09072241932153702,0.42564183473587036,0.3819050192832947,0.06895965337753296,0.38664352893829346,0.36332666873931885,-0.0015869659837335348,0.5307877063751221,0.3551971912384033,0.2509382665157318,0.4015757441520691,0.3404545783996582,0.2360110878944397,0.5123732089996338,0.3708125948905945,-0.09818105399608612,0.46249544620513916,0.36596396565437317,0.03347550332546234,0.4175625145435333,0.39790406823158264,0.44684725999832153,0.41583478450775146,0.3794524073600769,0.057488277554512024,0.5103060603141785,0.3693273961544037,0.02955375425517559,0.41257885098457336,0.3550081253051758,0.2073269635438919,0.49110281467437744,0.350915789604187,-0.02758222632110119,0.5623578429222107,0.44921690225601196,0.3917509913444519,0.3932584226131439,0.3720055818557739,0.10923542082309723,0.4758714437484741,0.3471602201461792,-0.05529859662055969,0.6767313480377197,0.4305895268917084,0.17064733803272247,0.6909695863723755,0.4637649357318878,0.20856641232967377,0.5283171534538269,0.386057049036026,0.3363208770751953,0.6517638564109802,0.42469608783721924,0.22274963557720184,0.40016037225723267,0.3401697874069214,0.3387914001941681,0.7285927534103394,0.46201154589653015,0.023035846650600433,0.5105838179588318,0.38571035861968994,-0.07864582538604736,0.4845941662788391,0.3654167056083679,0.04881417751312256,0.4063062369823456,0.3620656728744507,0.28603777289390564,0.4193609356880188,0.35978561639785767,0.15667054057121277,0.4140605330467224,0.3639823794364929,0.13882692158222198,0.6305075883865356,0.38938361406326294,0.039384741336107254,0.5708483457565308,0.37068432569503784,0.23738476634025574,0.7514134049415588,0.4910883903503418,-0.010791950859129429,0.7324999570846558,0.4704459011554718,0.09588982909917831,0.7161190509796143,0.4664783179759979,0.14782731235027313,0.40675920248031616,0.3674689531326294,0.12390469014644623,0.39914166927337646,0.3694734573364258,0.11532561480998993,0.39529648423194885,0.3711753487586975,0.1127152219414711,0.3903258442878723,0.3401641845703125,0.27082696557044983,0.39538702368736267,0.36278313398361206,0.11934252083301544,0.4001924991607666,0.35728317499160767,0.1286083310842514,0.405904084444046,0.3526136875152588,0.14322741329669952,0.41164493560791016,0.3498033285140991,0.16055242717266083,0.41495752334594727,0.35028505325317383,0.17387792468070984,0.38189077377319336,0.3651880621910095,0.4242621660232544,0.4201864004135132,0.356842964887619,0.17288830876350403,0.5618512630462646,0.3793397545814514,0.0014082805719226599,0.5171467065811157,0.3645980656147003,-0.02816944383084774,0.5375680923461914,0.391166627407074,-0.049543678760528564,0.699324905872345,0.4399961829185486,0.12038826942443848,0.7122009992599487,0.4525797665119171,0.07187280803918839,0.7360609769821167,0.4770645499229431,-0.029949400573968887,0.6594595909118652,0.464419424533844,0.27722543478012085,0.39401960372924805,0.3679776191711426,0.11384540796279907,0.4289001226425171,0.35875266790390015,-0.0070997015573084354,0.745924711227417,0.4771023392677307,0.04223399609327316,0.5732500553131104,0.4020097553730011,0.31000956892967224,0.6372743844985962,0.42310473322868347,-0.014047253876924515,0.6469110250473022,0.4202485680580139,-0.01713460497558117,0.6567696332931519,0.4182922840118408,-0.019888924434781075,0.664908230304718,0.41886547207832336,-0.016440244391560555,0.668593168258667,0.43536752462387085,-0.002897546859458089,0.597632646560669,0.38667142391204834,0.02950473129749298,0.6004668474197388,0.38045841455459595,0.036707233637571335,0.6015657186508179,0.375123530626297,0.042378462851047516,0.6083295345306396,0.38506704568862915,0.0621030293405056,0.5760899782180786,0.3672117292881012,0.16805705428123474,0.4025781750679016,0.36484742164611816,0.017951885238289833,0.3836236000061035,0.36497408151626587,0.07528793066740036,0.3867127299308777,0.36588671803474426,0.10132715106010437,0.5939130187034607,0.39118218421936035,0.0278085358440876,0.626916766166687,0.3933233618736267,0.1871558576822281,0.3859723210334778,0.3627382218837738,0.03245410695672035,0.6819334030151367,0.4461439251899719,0.006272796541452408,0.41314446926116943,0.3583531379699707,-0.030139584094285965,0.46804043650627136,0.3583085536956787,-0.007277279160916805,0.6853416562080383,0.4615069627761841,-0.03742845728993416,0.658440113067627,0.4133378565311432,0.07546079158782959,0.5327014923095703,0.3706547021865845,0.04481085389852524,0.6738030910491943,0.43025699257850647,0.042006488889455795,0.5479152798652649,0.3589993119239807,0.09274611622095108,0.5618679523468018,0.3710566759109497,0.06188241392374039,0.5862191319465637,0.3696320056915283,0.11769703775644302,0.7124577760696411,0.46639949083328247,-0.034761589020490646,0.4814808964729309,0.3628498315811157,0.01311060506850481,0.6772772073745728,0.42061978578567505,0.10074031352996826,0.6904089450836182,0.4388957619667053,0.05794981122016907,0.6368075013160706,0.39701515436172485,0.10106032341718674,0.6048479676246643,0.3859734535217285,0.22680532932281494,0.6450358629226685,0.3994532525539398,0.13531193137168884,0.6145243644714355,0.4159873127937317,0.27835485339164734,0.5956884622573853,0.37839680910110474,0.08271428197622299,0.44531524181365967,0.3627336025238037,0.014699092134833336,0.5133695602416992,0.35438835620880127,-0.0487261600792408,0.5199751853942871,0.3590153455734253,-0.02438470907509327,0.49870285391807556,0.34533101320266724,-0.06871478259563446,0.3804878890514374,0.3519546389579773,0.08913447707891464,0.38633736968040466,0.339722216129303,0.11204364150762558,0.39359986782073975,0.3326505720615387,0.13679829239845276,0.3997088670730591,0.3298138380050659,0.16521865129470825,0.4035920202732086,0.33420875668525696,0.19037704169750214,0.41221410036087036,0.35670995712280273,0.22300808131694794,0.4832668602466583,0.37150758504867554,0.3520779013633728,0.43503618240356445,0.36714839935302734,0.18620561063289642,0.43936648964881897,0.3703766465187073,0.15550918877124786,0.4336045980453491,0.3752075135707855,0.12632957100868225,0.4219236969947815,0.3789583444595337,0.10392898321151733,0.41263988614082336,0.37942928075790405,0.0859089195728302,0.4055325984954834,0.3784872889518738,0.07544193416833878,0.4607478976249695,0.4212779402732849,0.4468042552471161,0.5217347741127014,0.36714261770248413,-0.016554709523916245,0.45164844393730164,0.35376185178756714,-0.02822110988199711,0.5108604431152344,0.35196399688720703,-0.07904737442731857,0.5119394063949585,0.3699076771736145,-0.08474449813365936,0.5119186043739319,0.3602733612060547,-0.06969109922647476,0.5223060250282288,0.3768172860145569,-0.01878977380692959,0.5134692192077637,0.3691873252391815,-0.09306834638118744,0.5121790170669556,0.38239172101020813,-0.0738237276673317,0.39262428879737854,0.3728383183479309,0.09463611990213394,0.3954808712005615,0.37534213066101074,0.06681380420923233,0.40243884921073914,0.37420886754989624,0.042959392070770264,0.4161410331726074,0.35176199674606323,0.18509629368782043,0.40918490290641785,0.3467138409614563,0.19470767676830292,0.2647235095500946,0.48022088408470154,-0.05282475799322128,0.2797055244445801,0.4628028869628906,-0.05282475799322128,0.250119149684906,0.4739076495170593,-0.05282475799322128,0.24953806400299072,0.4976346492767334,-0.05282475799322128,0.2791648209095001,0.48646488785743713,-0.05282475799322128,0.3923894762992859,0.35409098863601685,0.14605098962783813,0.40139225125312805,0.34828025102615356,0.14605098962783813,0.3795440196990967,0.3462735712528229,0.14605098962783813,0.38263216614723206,0.3601343631744385,0.14605098962783813,0.40445810556411743,0.3621145188808441,0.14605098962783813,0,0,0,0,0,1,1,1,0,0,0,0,0.08584953844547272,0.05155206099152565,0.07758290320634842,0.0464659184217453,0.023718206211924553,0.049319975078105927,0.04516853392124176,0.04842255637049675,0.06778816878795624,0.09445206075906754,0.8012486696243286,0.23019522428512573,Sadness,6.735706329345703,-19.24063491821289
248,8.266666666666667,32.9021417089441,-7.52161055749899,0.7637533121508998,0.5364072322845459,0.43293336033821106,-0.08006881177425385,0.5156411528587341,0.37299245595932007,-0.11290105432271957,0.5228360891342163,0.411102831363678,-0.0705297514796257,0.43609052896499634,0.3868320882320404,-0.08713787794113159,0.4971033036708832,0.3649066388607025,-0.11517087370157242,0.47006523609161377,0.3670867085456848,-0.1008889302611351,0.3936903178691864,0.3822146952152252,-0.030000530183315277,0.2577989399433136,0.5293174982070923,-0.07218652963638306,0.3467314839363098,0.3764423131942749,-0.0022017129231244326,0.3240815997123718,0.3663442134857178,0.002900192281231284,0.23861315846443176,0.35166066884994507,0.04526977241039276,0.5400509834289551,0.4340641498565674,-0.07923474162817001,0.5432838797569275,0.43677467107772827,-0.07459418475627899,0.5447013974189758,0.43991491198539734,-0.06757130473852158,0.6128442883491516,0.4646790027618408,-0.05957333371043205,0.6241890788078308,0.46845632791519165,-0.06481093913316727,0.6362599730491638,0.4731280207633972,-0.07118232548236847,0.6457576751708984,0.4782373607158661,-0.07048431783914566,0.6624872088432312,0.47359704971313477,-0.05811260640621185,0.5232319831848145,0.38624468445777893,-0.10517003387212753,0.505321741104126,0.41319209337234497,-0.092131108045578,0.11700648069381714,0.6141133308410645,-0.035299211740493774,0.3198659420013428,0.48352301120758057,-0.05159824341535568,0.30751410126686096,0.5010412335395813,-0.06686331331729889,0.2919185757637024,0.5187720656394958,-0.07645610719919205,0.2558274269104004,0.540685772895813,-0.07949834316968918,0.3269939124584198,0.46803778409957886,-0.03224406763911247,0.24471531808376312,0.484957754611969,-0.06659700721502304,0.2651624083518982,0.4663982093334198,-0.0450441911816597,0.22988328337669373,0.5055942535400391,-0.07747313380241394,0.22482597827911377,0.5224812626838684,-0.08073507249355316,0.25686386227607727,0.5604546666145325,-0.08351872861385345,0.6401113867759705,0.5594457983970642,-0.09896384924650192,0.24391251802444458,0.5356359481811523,-0.07098410278558731,0.20153407752513885,0.645445704460144,-0.047555163502693176,0.22446352243423462,0.5747272968292236,-0.07815440744161606,0.41299429535865784,0.5008988380432129,-0.09676853567361832,0.5108256340026855,0.45700621604919434,-0.09719765931367874,0.5240914225578308,0.459098219871521,-0.09015295654535294,0.4971950650215149,0.4839228689670563,-0.10721993446350098,0.49260473251342773,0.5020127892494202,-0.10656771063804626,0.5107789635658264,0.4799767732620239,-0.09843971580266953,0.5044823884963989,0.49581047892570496,-0.0948731079697609,0.5506556630134583,0.5541936755180359,-0.0968303307890892,0.5047003030776978,0.38619211316108704,-0.12197410315275192,0.485368549823761,0.38038235902786255,-0.12576161324977875,0.18767237663269043,0.5361799001693726,-0.09588389098644257,0.3906281590461731,0.4539399743080139,-0.057342804968357086,0.45870718359947205,0.4526959955692291,-0.1101684421300888,0.44435447454452515,0.4556901752948761,-0.1033439189195633,0.36546438932418823,0.5611761212348938,-0.12483476102352142,0.46053946018218994,0.38197335600852966,-0.11165103316307068,0.2117401659488678,0.47955358028411865,-0.07993059605360031,0.1926817148923874,0.5094722509384155,-0.09226469695568085,0.10786628723144531,0.5627597570419312,-0.045036785304546356,0.2993462085723877,0.41259244084358215,-0.029703041538596153,0.28718751668930054,0.4537850618362427,-0.025720883160829544,0.5163783431053162,0.559502124786377,-0.1053578183054924,0.4169595241546631,0.7417260408401489,-0.038742054253816605,0.47877150774002075,0.44678911566734314,-0.09223645180463791,0.49465763568878174,0.4358188807964325,-0.07972506433725357,0.5028377175331116,0.525393009185791,-0.09354528039693832,0.5084240436553955,0.5209065079689026,-0.088500015437603,0.17148374021053314,0.5131740570068359,-0.08693866431713104,0.4631953835487366,0.4647985100746155,-0.10091927647590637,0.24614517390727997,0.447782039642334,-0.05797945708036423,0.2293723076581955,0.44202813506126404,-0.05963032692670822,0.15204273164272308,0.4456411302089691,-0.03368082642555237,0.14486464858055115,0.5299884080886841,-0.06323695927858353,0.19354863464832306,0.4316997826099396,-0.040581222623586655,0.16780605912208557,0.5445793867111206,-0.0867728739976883,0.14880384504795074,0.5760815143585205,-0.054983463138341904,0.5178360939025879,0.45830243825912476,-0.09628958255052567,0.5036283731460571,0.48229822516441345,-0.1040767952799797,0.49815624952316284,0.499411016702652,-0.1019902154803276,0.48457765579223633,0.4473118484020233,-0.0832001119852066,0.5058045387268066,0.5231430530548096,-0.09000493586063385,0.5269407629966736,0.5257572531700134,-0.09114696085453033,0.5107133388519287,0.5188000798225403,-0.08738507330417633,0.4848231077194214,0.4211679697036743,-0.11474988609552383,0.509160578250885,0.49327757954597473,-0.09046567976474762,0.5160890221595764,0.47780075669288635,-0.09012134373188019,0.5285663604736328,0.45977020263671875,-0.08394424617290497,0.6423271894454956,0.4987024664878845,-0.07565952092409134,0.6184612512588501,0.5062576532363892,-0.0888833999633789,0.6103906631469727,0.4996979832649231,-0.08949554711580276,0.6001873016357422,0.49215611815452576,-0.08275171369314194,0.5916557312011719,0.48550650477409363,-0.07658593356609344,0.5501870512962341,0.5107911825180054,-0.08465845137834549,0.5502419471740723,0.516894519329071,-0.08911079168319702,0.5505889058113098,0.5245852470397949,-0.0947551429271698,0.5515761375427246,0.5311563014984131,-0.09623803198337555,0.49601829051971436,0.511779248714447,-0.10612589120864868,0.2849811911582947,0.7299655079841614,-0.006194157525897026,0.5232760906219482,0.39913538098335266,-0.08194214105606079,0.5324597358703613,0.5162342190742493,-0.08505068719387054,0.5296869874000549,0.520821213722229,-0.088407963514328,0.5066169500350952,0.4335190951824188,-0.08331714570522308,0.47691047191619873,0.46996164321899414,-0.08067718893289566,0.5012111663818359,0.4343641698360443,-0.0814291462302208,0.3867287039756775,0.4762750267982483,-0.07226919382810593,0.3773341476917267,0.506088137626648,-0.09575489163398743,0.4482885003089905,0.46752458810806274,-0.09611546993255615,0.11827497184276581,0.5066639184951782,-0.046519361436367035,0.15854744613170624,0.4823443293571472,-0.057570166885852814,0.19206686317920685,0.47811228036880493,-0.07692259550094604,0.580008864402771,0.5418754816055298,-0.09613267332315445,0.27336829900741577,0.40383046865463257,-0.033186279237270355,0.23195691406726837,0.39188387989997864,-0.012743473052978516,0.192055344581604,0.396405965089798,-0.0014024084666743875,0.27315622568130493,0.533882737159729,-0.08045711368322372,0.25490647554397583,0.5854840874671936,-0.09219013154506683,0.32963091135025024,0.45719224214553833,-0.02124856598675251,0.21736480295658112,0.5441823601722717,-0.08545442670583725,0.38915443420410156,0.435253381729126,-0.05134905129671097,0.46376997232437134,0.42794477939605713,-0.11816979944705963,0.26775866746902466,0.6174264550209045,-0.09687025845050812,0.2795463502407074,0.5789297223091125,-0.10435466468334198,0.30868563055992126,0.5575444102287292,-0.10176526755094528,0.3355875611305237,0.5202265977859497,-0.08082703500986099,0.34880173206329346,0.491515576839447,-0.059440553188323975,0.3565357029438019,0.46945080161094666,-0.04392782971262932,0.3852299749851227,0.3986301124095917,-0.04088613763451576,0.31563690304756165,0.6285286545753479,-0.11305572092533112,0.2024049311876297,0.5571455955505371,-0.08818506449460983,0.5162892937660217,0.3933323323726654,-0.1127399429678917,0.4133235812187195,0.45403414964675903,-0.06975354999303818,0.1833575963973999,0.6903184652328491,-0.0020180977880954742,0.3605327606201172,0.4508519172668457,-0.03171778842806816,0.44508975744247437,0.47797757387161255,-0.07680333405733109,0.23626749217510223,0.5430612564086914,-0.07529173791408539,0.44777145981788635,0.4318123161792755,-0.10830088704824448,0.3454050123691559,0.742417573928833,-0.018726229667663574,0.3214804530143738,0.456676721572876,-0.015521342866122723,0.4526287019252777,0.40422606468200684,-0.1142025962471962,0.524151623249054,0.6608525514602661,-0.09631434828042984,0.5445189476013184,0.6919450759887695,-0.07675988227128983,0.2958855926990509,0.684949517250061,-0.06203915551304817,0.47063565254211426,0.6874063014984131,-0.09278535842895508,0.16929306089878082,0.6118260622024536,-0.04577047750353813,0.6628788709640503,0.5763965845108032,-0.10001249611377716,0.5170507431030273,0.40500205755233765,-0.08590766042470932,0.4137246906757355,0.47697392106056213,-0.07838979363441467,0.21299271285533905,0.592974066734314,-0.07501830160617828,0.2828207015991211,0.5110700726509094,-0.06962970644235611,0.2972230315208435,0.4960983991622925,-0.06187201663851738,0.524162769317627,0.530169665813446,-0.09315244853496552,0.3606247305870056,0.6467674970626831,-0.11158570647239685,0.7184247970581055,0.5519363880157471,-0.08006730675697327,0.6450709104537964,0.6215907335281372,-0.08594509959220886,0.6024399995803833,0.654384195804596,-0.08262550830841064,0.27413409948349,0.35470807552337646,0.02687818557024002,0.7442373037338257,0.5150824189186096,-0.04950040951371193,0.306976854801178,0.4825403094291687,-0.04811779782176018,0.3143458962440491,0.4691952168941498,-0.0335502028465271,0.31933891773223877,0.4606909155845642,-0.02133869007229805,0.184825599193573,0.5699052214622498,-0.07934577018022537,0.29735106229782104,0.46500056982040405,-0.031851232051849365,0.2797413468360901,0.4771639108657837,-0.045840878039598465,0.26504841446876526,0.49191489815711975,-0.05891606956720352,0.2530207633972168,0.508804976940155,-0.06886380910873413,0.24756723642349243,0.5210908651351929,-0.0721249058842659,0.14036670327186584,0.6542592644691467,-0.01586659625172615,0.2699430584907532,0.5215814709663391,-0.07241279631853104,0.5368664860725403,0.4156339168548584,-0.069110207259655,0.4976367652416229,0.48689019680023193,-0.10068213194608688,0.47750845551490784,0.4408329129219055,-0.0962291806936264,0.5205852389335632,0.4402362108230591,-0.08869681507349014,0.3672206997871399,0.38454338908195496,-0.007996829226613045,0.5756731033325195,0.6342660188674927,-0.09392361342906952,0.6193395853042603,0.6081436276435852,-0.09558334946632385,0.7014250755310059,0.539090096950531,-0.0935233011841774,0.48563331365585327,0.721869945526123,-0.060301102697849274,0.31301066279411316,0.4589650332927704,-0.022153761237859726,0.41071057319641113,0.41143539547920227,-0.06566159427165985,0.7289977073669434,0.5017247796058655,-0.06480518728494644,0.6844724416732788,0.5872600078582764,-0.09102453291416168,0.3496919870376587,0.7000885009765625,-0.0694456398487091,0.5709788799285889,0.5004429221153259,-0.08337637782096863,0.5745992064476013,0.5081339478492737,-0.08925279974937439,0.5799264907836914,0.5168938636779785,-0.0957655981183052,0.5863677263259888,0.5243244767189026,-0.09671393036842346,0.6115847826004028,0.5236825942993164,-0.09263458102941513,0.5036565065383911,0.5095905065536499,-0.0924430787563324,0.49850165843963623,0.5130443572998047,-0.0976388156414032,0.49367326498031616,0.5159268975257874,-0.10177700221538544,0.5021601319313049,0.5368292331695557,-0.10855700820684433,0.39638230204582214,0.6059045195579529,-0.1257099062204361,0.38624998927116394,0.4159185588359833,-0.0437563955783844,0.324373722076416,0.43290841579437256,-0.004731575958430767,0.314121276140213,0.4467063546180725,-0.013805917464196682,0.5075979232788086,0.5066709518432617,-0.08920864015817642,0.44620710611343384,0.6446596384048462,-0.11042819917201996,0.34248605370521545,0.41330114006996155,-0.01663314923644066,0.6228484511375427,0.5434352159500122,-0.09321708232164383,0.44442635774612427,0.3728870153427124,-0.07625120878219604,0.41195783019065857,0.3931090831756592,-0.06278133392333984,0.4201608896255493,0.3778214156627655,-0.051526736468076706,0.4314345121383667,0.43128296732902527,-0.08225352317094803,0.7060627937316895,0.4896756112575531,-0.0690697431564331,0.6805142164230347,0.4818037450313568,-0.06306824088096619,0.6576728820800781,0.5118860602378845,-0.08246742188930511,0.5463007092475891,0.5776791572570801,-0.10094224661588669,0.4484819173812866,0.49915990233421326,-0.08829328417778015,0.5863036513328552,0.5653688311576843,-0.097041554749012,0.4148629605770111,0.538079559803009,-0.11794950067996979,0.4568527340888977,0.5215153694152832,-0.10445531457662582,0.4348623752593994,0.5743400454521179,-0.12282241880893707,0.6793548464775085,0.5245502591133118,-0.09485169500112534,0.4302908182144165,0.4536663293838501,-0.0812627524137497,0.5533137321472168,0.6064965128898621,-0.10218185186386108,0.5984935760498047,0.5856408476829529,-0.09733793884515762,0.5059607028961182,0.5812332034111023,-0.11282600462436676,0.4018803536891937,0.6615303754806519,-0.10670101642608643,0.49232691526412964,0.6175434589385986,-0.11333897709846497,0.40681177377700806,0.7043572664260864,-0.08011103421449661,0.4723591208457947,0.549940288066864,-0.11375214904546738,0.41190674901008606,0.4327012300491333,-0.06751955300569534,0.4781007170677185,0.4236816167831421,-0.12028547376394272,0.4702097177505493,0.44794321060180664,-0.10645442456007004,0.4741716980934143,0.40258949995040894,-0.1252400279045105,0.2956438958644867,0.43762272596359253,-0.02042633667588234,0.2593343257904053,0.4590402841567993,-0.04713333025574684,0.23307257890701294,0.4824822247028351,-0.07047037780284882,0.2159675508737564,0.5063280463218689,-0.08533637970685959,0.20957307517528534,0.5274577140808105,-0.08959074318408966,0.23218467831611633,0.5566776394844055,-0.07779574394226074,0.24652114510536194,0.6672045588493347,-0.0586005263030529,0.27442169189453125,0.553749144077301,-0.08698956668376923,0.298589825630188,0.5362955331802368,-0.08288983255624771,0.31922733783721924,0.5111274719238281,-0.07060282677412033,0.3335116505622864,0.4868214726448059,-0.05199852213263512,0.3413030505180359,0.4679644703865051,-0.03294527158141136,0.34636902809143066,0.453687846660614,-0.022055581212043762,0.23258621990680695,0.7125051021575928,0.0012053578393533826,0.47312799096107483,0.45595529675483704,-0.0971774011850357,0.4326256215572357,0.40666818618774414,-0.08730298280715942,0.49198517203330994,0.40165019035339355,-0.1234881579875946,0.5048433542251587,0.40491342544555664,-0.10867007076740265,0.4931265115737915,0.4091513156890869,-0.11504100263118744,0.4804876446723938,0.458620548248291,-0.08586438000202179,0.5102136135101318,0.39945805072784424,-0.11204235255718231,0.5117914080619812,0.41011449694633484,-0.08897329866886139,0.3292076587677002,0.4489941895008087,-0.009667151607573032,0.34513574838638306,0.43967264890670776,-0.010845930315554142,0.35708189010620117,0.4331309497356415,-0.02119755931198597,0.24536007642745972,0.5291431546211243,-0.07271350175142288,0.22588105499744415,0.535697340965271,-0.07970434427261353,0.4552556872367859,0.36550796031951904,-0.05290985852479935,0.44684165716171265,0.3614662289619446,0.17395037412643433,0.5272749662399292,0.3885931968688965,-0.06626208871603012,0.38182637095451355,0.34299877285957336,0.3632867634296417,0.43755200505256653,0.38361597061157227,0.10756532847881317,0.44602131843566895,0.37813472747802734,0.12448694556951523,0.4521391689777374,0.3722298741340637,0.14398102462291718,0.44987618923187256,0.364474356174469,0.18085630238056183,0.42878055572509766,0.3861267566680908,0.0935981273651123,0.4157843291759491,0.352455735206604,0.1301211565732956,0.4091625213623047,0.35959142446517944,0.11068952828645706,0.4233144223690033,0.34819966554641724,0.15026572346687317,0.43074193596839905,0.3486706614494324,0.16634336113929749,0.4596603214740753,0.3651837706565857,0.19683685898780823,0.7107357978820801,0.45362576842308044,0.018148556351661682,0.444751113653183,0.3590349555015564,0.1865367591381073,0.4582727253437042,0.3657480478286743,0.3400556147098541,0.449842244386673,0.3568844199180603,0.2371591031551361,0.528445839881897,0.36946702003479004,0.06445009261369705,0.5486811399459839,0.4068639874458313,-0.055995453149080276,0.5567394495010376,0.41558200120925903,-0.05197789892554283,0.5660187602043152,0.3874729871749878,-0.021680790930986404,0.5808528065681458,0.3782076835632324,0.01178901456296444,0.5684504508972168,0.40000009536743164,-0.024011116474866867,0.5795037150382996,0.39031386375427246,0.0049476162530481815,0.6577138900756836,0.416411429643631,0.05576873943209648,0.5231854915618896,0.36555007100105286,-0.09986848384141922,0.5064519643783569,0.35691285133361816,-0.09944342821836472,0.42081767320632935,0.3319282829761505,0.19812463223934174,0.46003568172454834,0.3768138885498047,0.0471283458173275,0.531838059425354,0.3648230731487274,-0.01166428904980421,0.5200152397155762,0.36556780338287354,-0.0018755985656753182,0.5469957590103149,0.35655879974365234,0.1421113759279251,0.48059600591659546,0.3593834638595581,-0.07803967595100403,0.4026518762111664,0.3308241367340088,0.12515349686145782,0.4114401340484619,0.3278505206108093,0.16434599459171295,0.3562844395637512,0.32121068239212036,0.311136394739151,0.3872913420200348,0.36063352227211,0.038069404661655426,0.40598297119140625,0.36843839287757874,0.10099124163389206,0.6418609023094177,0.40326398611068726,0.07892424613237381,0.6326069235801697,0.4588319659233093,0.3388870656490326,0.5338044166564941,0.37953341007232666,-0.01951083540916443,0.5308114886283875,0.3912348747253418,-0.043506328016519547,0.6073411107063293,0.3769971430301666,0.06591825932264328,0.6047898530960083,0.3827219009399414,0.05129461735486984,0.40136364102363586,0.32038354873657227,0.1857975572347641,0.5374296307563782,0.3738022446632385,-0.0041151875630021095,0.3939659297466278,0.3403935432434082,0.08226610720157623,0.38242650032043457,0.3314359784126282,0.08522333204746246,0.3016354739665985,0.3108077645301819,0.16978628933429718,0.37188804149627686,0.3118577003479004,0.23826217651367188,0.3248126208782196,0.3137950897216797,0.1268177628517151,0.4119555652141571,0.3268231749534607,0.22876188158988953,0.396466463804245,0.3276658058166504,0.2877664268016815,0.5540009140968323,0.4102379381656647,-0.05543781816959381,0.5682722330093384,0.3931533098220825,-0.0234330203384161,0.5809949636459351,0.38321349024772644,0.005967592354863882,0.5333595871925354,0.38601821660995483,-0.02335384488105774,0.6062593460083008,0.3798982799053192,0.057303301990032196,0.6249303221702576,0.3898300230503082,0.032965101301670074,0.6033284664154053,0.3852354884147644,0.048409756273031235,0.5284850597381592,0.3708670139312744,-0.0477340966463089,0.5775637030601501,0.39655596017837524,0.004331854172050953,0.5673742890357971,0.4068668782711029,-0.019892467185854912,0.5572018623352051,0.4214990735054016,-0.044785454869270325,0.6734069585800171,0.45568758249282837,-0.03715470805764198,0.6620623469352722,0.4496046304702759,-0.04679645597934723,0.6514545679092407,0.4461350440979004,-0.046288054436445236,0.6374145746231079,0.4440319538116455,-0.03945000469684601,0.6246901750564575,0.44360220432281494,-0.03566623851656914,0.6239646673202515,0.41102689504623413,0.010666178539395332,0.6314951777458191,0.40743288397789,0.006200049538165331,0.6410219669342041,0.40316540002822876,0.004155492410063744,0.6490026712417603,0.40071791410446167,0.0107954116538167,0.5967383980751038,0.3873310685157776,0.030904589220881462,0.5329506993293762,0.43548935651779175,0.4155033826828003,0.6161701679229736,0.3990204632282257,0.033475056290626526,0.6209335327148438,0.39430004358291626,0.030814284458756447,0.5351756811141968,0.3978941738605499,-0.047579824924468994,0.5430004596710205,0.38691800832748413,-0.0029308339580893517,0.5332242250442505,0.39451974630355835,-0.04624659940600395,0.4797285199165344,0.37275153398513794,0.0676867738366127,0.506637454032898,0.3630557060241699,0.09412132948637009,0.5279136896133423,0.37163177132606506,0.008981519378721714,0.3296857476234436,0.3095031678676605,0.24335505068302155,0.3480679392814636,0.30792200565338135,0.18517665565013885,0.39108777046203613,0.3215430676937103,0.1396147459745407,0.6666357517242432,0.42640841007232666,0.02961583249270916,0.3712986707687378,0.3465460538864136,0.04101257026195526,0.3025537133216858,0.32955577969551086,0.07472721487283707,0.2735744118690491,0.3238370418548584,0.10092293471097946,0.4535549283027649,0.3680295944213867,0.16465571522712708,0.47134628891944885,0.3668375015258789,0.2198411524295807,0.42233672738075256,0.3867432475090027,0.09081707149744034,0.4354173541069031,0.3482329249382019,0.1992359161376953,0.4419459104537964,0.3769834637641907,0.0319502130150795,0.5225589275360107,0.35985267162323,-0.03868144750595093,0.505976676940918,0.3537735641002655,0.25814712047576904,0.4838060140609741,0.3708048462867737,0.18927639722824097,0.4877704381942749,0.3757484555244446,0.147378608584404,0.4754953682422638,0.3840268850326538,0.10986251384019852,0.4597778916358948,0.38980966806411743,0.0854334756731987,0.447198748588562,0.39179009199142456,0.06428766995668411,0.4073387384414673,0.3750084936618805,-0.005372426938265562,0.549225926399231,0.3614950180053711,0.24164332449436188,0.4335387349128723,0.3433234393596649,0.22242726385593414,0.5274494290351868,0.38101664185523987,-0.09504707157611847,0.48129671812057495,0.3761512041091919,0.031145114451646805,0.44280409812927246,0.3997650146484375,0.43076175451278687,0.4357507824897766,0.39159899950027466,0.05281417444348335,0.5272073745727539,0.37860968708992004,0.028891880065202713,0.44387954473495483,0.35838228464126587,0.19559411704540253,0.5078994035720825,0.36174091696739197,-0.02769172377884388,0.5826243758201599,0.4475730061531067,0.38456588983535767,0.41722214221954346,0.3849850594997406,0.10159932076931,0.49287641048431396,0.35858213901519775,-0.05526064336299896,0.6866253614425659,0.433170348405838,0.16886228322982788,0.7004317045211792,0.46305662393569946,0.20895807445049286,0.548042893409729,0.3905245065689087,0.3255288004875183,0.6646115779876709,0.42691004276275635,0.21935397386550903,0.42296645045280457,0.34735503792762756,0.3219258189201355,0.7333983182907104,0.46316877007484436,0.02667270228266716,0.5264937877655029,0.3949053883552551,-0.0752314105629921,0.502759575843811,0.3750828802585602,0.046518463641405106,0.45054689049720764,0.35857701301574707,0.2724320590496063,0.4453261196613312,0.367796927690506,0.14689843356609344,0.4394878149032593,0.3731485605239868,0.12986256182193756,0.6284229755401611,0.38625454902648926,0.04018937796354294,0.5880767107009888,0.3756955564022064,0.23043696582317352,0.7543842196464539,0.4895405173301697,-0.005092044826596975,0.7375220060348511,0.4703563451766968,0.09882442653179169,0.722623884677887,0.46647539734840393,0.14958778023719788,0.4318912625312805,0.37796109914779663,0.11555325984954834,0.4238088130950928,0.3815279006958008,0.10737583041191101,0.4194415509700775,0.3839174509048462,0.1049053966999054,0.42738762497901917,0.3411170542240143,0.25602516531944275,0.41777729988098145,0.3749954104423523,0.11083053052425385,0.4223649501800537,0.3681986927986145,0.11956243962049484,0.4282452464103699,0.3625112771987915,0.13355857133865356,0.4349271059036255,0.3585928678512573,0.15026114881038666,0.440098375082016,0.3577600121498108,0.16309180855751038,0.40779590606689453,0.3683798313140869,0.40606996417045593,0.4470228850841522,0.3640570044517517,0.16253997385501862,0.5761659145355225,0.387849360704422,0.0030947995837777853,0.5329989194869995,0.37442559003829956,-0.02706047333776951,0.553046703338623,0.40011322498321533,-0.046249017119407654,0.7065577507019043,0.4426495432853699,0.12058020383119583,0.7184420824050903,0.45441868901252747,0.07390494644641876,0.7397735714912415,0.47746166586875916,-0.02445187419652939,0.6722758412361145,0.4628885090351105,0.27617987990379333,0.4170045852661133,0.380984365940094,0.10580211132764816,0.4481319487094879,0.37021470069885254,-0.009625069797039032,0.7497004270553589,0.476498007774353,0.04635709151625633,0.5914695262908936,0.4050785005092621,0.3019048273563385,0.6279690861701965,0.42600521445274353,-0.011671967804431915,0.6389809250831604,0.42375731468200684,-0.014763668179512024,0.6519820690155029,0.42222660779953003,-0.017648665234446526,0.6637372970581055,0.42324867844581604,-0.014403197914361954,0.6730979681015015,0.43896782398223877,-0.0008339862688444555,0.5911576151847839,0.3845777213573456,0.03138086572289467,0.593294620513916,0.37894514203071594,0.03803614154458046,0.5942565202713013,0.3738221824169159,0.04328765347599983,0.619850754737854,0.39236193895339966,0.06177649274468422,0.5924131274223328,0.3728198707103729,0.16331122815608978,0.4230380356311798,0.37629517912864685,0.0143246129155159,0.4040922224521637,0.38006657361984253,0.06878411769866943,0.40888482332229614,0.3795657157897949,0.0936504527926445,0.5887191891670227,0.3894100487232208,0.029684005305171013,0.6402665376663208,0.3975730240345001,0.1834350973367691,0.4022572636604309,0.38029488921165466,0.02687051147222519,0.6877813339233398,0.448926717042923,0.008482270874083042,0.4326882064342499,0.3700636625289917,-0.03264523670077324,0.48600053787231445,0.36917054653167725,-0.008508971892297268,0.6904405355453491,0.4633161425590515,-0.03371640667319298,0.6668002605438232,0.4182658791542053,0.07552215456962585,0.5487917065620422,0.3792160451412201,0.04400903731584549,0.6806010007858276,0.43426015973091125,0.04310108348727226,0.5641645193099976,0.3665519952774048,0.08955061435699463,0.5767524242401123,0.37897729873657227,0.06074208766222,0.6011239886283875,0.3758127689361572,0.11448939144611359,0.7170856595039368,0.467779278755188,-0.03036302514374256,0.4992988705635071,0.3730628490447998,0.01193119678646326,0.6851593852043152,0.42461585998535156,0.1005161851644516,0.6972888112068176,0.4417908787727356,0.0593700036406517,0.6474887132644653,0.402579665184021,0.09993423521518707,0.6202877759933472,0.39020782709121704,0.2215227633714676,0.6560970544815063,0.40393656492233276,0.13324789702892303,0.6305320262908936,0.4182504713535309,0.27273696660995483,0.6090694665908813,0.38524001836776733,0.08144660294055939,0.4643680155277252,0.3736094832420349,0.012309077195823193,0.5288535356521606,0.364882230758667,-0.04777378961443901,0.5356822609901428,0.36901772022247314,-0.023394707590341568,0.5144627690315247,0.35652652382850647,-0.06742960214614868,0.3984460234642029,0.36696523427963257,0.08113701641559601,0.402721643447876,0.35243016481399536,0.10245256870985031,0.4105445146560669,0.3433208167552948,0.12593162059783936,0.4190148115158081,0.33860498666763306,0.15346482396125793,0.42729806900024414,0.3405998647212982,0.1778731793165207,0.4460005462169647,0.3580104410648346,0.21098792552947998,0.5038490295410156,0.3773157596588135,0.33866962790489197,0.46638011932373047,0.36882567405700684,0.17658022046089172,0.46692490577697754,0.37388354539871216,0.1471036970615387,0.45934590697288513,0.3809656500816345,0.11912782490253448,0.4471079111099243,0.3869799077510834,0.09738386422395706,0.43641507625579834,0.38975048065185547,0.08013035356998444,0.4281512200832367,0.3904423117637634,0.06987781822681427,0.48477837443351746,0.4218023419380188,0.43322786688804626,0.5376880764961243,0.3765920102596283,-0.015500378794968128,0.469758003950119,0.3651798963546753,-0.029497137293219566,0.5259016156196594,0.3628380596637726,-0.07722840458154678,0.5273630619049072,0.3799275755882263,-0.08204737305641174,0.527181088924408,0.37077054381370544,-0.06782900542020798,0.5385627746582031,0.3855924904346466,-0.01726982556283474,0.5286159515380859,0.37932276725769043,-0.09015157073736191,0.5281640291213989,0.39162933826446533,-0.07075619697570801,0.4160514771938324,0.3863617181777954,0.08780615031719208,0.4174615740776062,0.38909071683883667,0.06122098118066788,0.4213245213031769,0.3887123167514801,0.03826495260000229,0.443143367767334,0.35808438062667847,0.1739867925643921,0.43686267733573914,0.35152044892311096,0.18303681910037994,0.278032511472702,0.49066951870918274,-0.05237983539700508,0.29248136281967163,0.473823606967926,-0.05237983539700508,0.2603496015071869,0.4861666262149811,-0.05237983539700508,0.2625713050365448,0.5075352787971497,-0.05237983539700508,0.29432034492492676,0.4948485493659973,-0.05237983539700508,0.42595064640045166,0.3620280623435974,0.13664470613002777,0.4352397620677948,0.3551783561706543,0.13664470613002777,0.4124912917613983,0.35488149523735046,0.13664470613002777,0.4163190424442291,0.3688337802886963,0.13664470613002777,0.4387351870536804,0.36887866258621216,0.13664470613002777,0,0,0,0,0,1,1,0,0,0,0,0,0.09663940966129303,0.061609283089637756,0.12103337794542313,0.05465812236070633,0.024774933233857155,0.05370676517486572,0.05183545500040054,0.058604102581739426,0.06942546367645264,0.09044186770915985,0.8254910707473755,0.26949816942214966,Neutral,-3.0386979579925537,-12.628466606140137
250,8.333333333333334,33.474761305981005,-5.515972303021515,0.8424799434062242,0.5338414311408997,0.4214194416999817,-0.08000560849905014,0.5136560797691345,0.3745740056037903,-0.11449133604764938,0.5195012092590332,0.4135580360889435,-0.07168585062026978,0.43120065331459045,0.38524478673934937,-0.08829899877309799,0.49468106031417847,0.365784227848053,-0.11683737486600876,0.4666612446308136,0.36688968539237976,-0.10259552299976349,0.3875424861907959,0.37882909178733826,-0.031620509922504425,0.25356799364089966,0.514639675617218,-0.07007116824388504,0.34425026178359985,0.3722139000892639,-0.0038581641856580973,0.3229970932006836,0.3614920377731323,0.0011018250370398164,0.2339794933795929,0.3436915874481201,0.046214330941438675,0.538792073726654,0.42381229996681213,-0.07903333753347397,0.5425872206687927,0.42762547731399536,-0.0743725523352623,0.5438320636749268,0.43178248405456543,-0.06695044785737991,0.6166423559188843,0.4636947512626648,-0.05854998528957367,0.6292243003845215,0.46756646037101746,-0.063630111515522,0.6412585973739624,0.4723530411720276,-0.07025346159934998,0.64991694688797,0.47790154814720154,-0.06998270750045776,0.655749499797821,0.48052480816841125,-0.05792110040783882,0.5210652351379395,0.3881525993347168,-0.10669922828674316,0.5020015835762024,0.4146316647529602,-0.093162402510643,0.10737203061580658,0.5980290770530701,-0.03183163329958916,0.3149486780166626,0.4718083441257477,-0.04991060867905617,0.3031556308269501,0.48850080370903015,-0.06516911834478378,0.2879682779312134,0.5054405331611633,-0.07459399104118347,0.2516773045063019,0.5256494283676147,-0.0772826075553894,0.3217819631099701,0.456875741481781,-0.031252920627593994,0.24285785853862762,0.471390962600708,-0.06513345241546631,0.262605220079422,0.45414015650749207,-0.04383649304509163,0.2281743437051773,0.49077048897743225,-0.07583902776241302,0.22268134355545044,0.506681501865387,-0.07883185893297195,0.25279879570007324,0.545769214630127,-0.08132129907608032,0.6324834227561951,0.5636611580848694,-0.09680014103651047,0.2391449213027954,0.5202564597129822,-0.06883890181779861,0.19215615093708038,0.6309810876846313,-0.04467679560184479,0.2205137312412262,0.5589711666107178,-0.07573722302913666,0.405551016330719,0.4970867931842804,-0.09536692500114441,0.507785975933075,0.44539257884025574,-0.0965794175863266,0.5229748487472534,0.44966891407966614,-0.08914122730493546,0.49169299006462097,0.4742404818534851,-0.1056227758526802,0.48519009351730347,0.49399474263191223,-0.10386195778846741,0.5077663064002991,0.4712054133415222,-0.09653664380311966,0.49957430362701416,0.48782795667648315,-0.09207569807767868,0.5425658822059631,0.5558197498321533,-0.09299129247665405,0.5021862983703613,0.38747185468673706,-0.1233302503824234,0.4822894334793091,0.3809588551521301,-0.12720045447349548,0.18516899645328522,0.5205230712890625,-0.09432120621204376,0.3834998309612274,0.44956639409065247,-0.05679304897785187,0.45371127128601074,0.45185932517051697,-0.1099749207496643,0.4386160373687744,0.45411741733551025,-0.10298170894384384,0.3564838171005249,0.5539492964744568,-0.12256862223148346,0.4566345512866974,0.3814520835876465,-0.1129767969250679,0.21092523634433746,0.4661397933959961,-0.08015505224466324,0.1913314163684845,0.49470993876457214,-0.09203343838453293,0.10047213733196259,0.5467601418495178,-0.041551683098077774,0.2969556152820587,0.4036702811717987,-0.030736790969967842,0.28376033902168274,0.4424668550491333,-0.024391135200858116,0.5076524615287781,0.5595037341117859,-0.1016065925359726,0.40535491704940796,0.7323827743530273,-0.03735723719000816,0.47439637780189514,0.44696715474128723,-0.09195154160261154,0.4906551241874695,0.436887264251709,-0.08047957718372345,0.4940580427646637,0.520155668258667,-0.08927956968545914,0.5002643465995789,0.5151379704475403,-0.08416429907083511,0.16922065615653992,0.4986691176891327,-0.08606784790754318,0.4580124020576477,0.46404653787612915,-0.10058855265378952,0.24528595805168152,0.43618243932724,-0.05842156708240509,0.22905617952346802,0.43046677112579346,-0.06005982309579849,0.14781677722930908,0.4326903522014618,-0.03102770633995533,0.14091303944587708,0.5159492492675781,-0.061364974826574326,0.19207216799259186,0.4207964539527893,-0.040390655398368835,0.16464225947856903,0.5292425751686096,-0.08473975211381912,0.1426285058259964,0.5616264939308167,-0.05242200568318367,0.5163775682449341,0.4478336572647095,-0.09542440623044968,0.4997478723526001,0.473050981760025,-0.1022069901227951,0.4921950101852417,0.49133092164993286,-0.0991959422826767,0.4802336096763611,0.4477747082710266,-0.0836225152015686,0.49756699800491333,0.5175358057022095,-0.08570218086242676,0.5204537510871887,0.5216046571731567,-0.0870419591665268,0.5023998022079468,0.5131367444992065,-0.08314930647611618,0.4815361499786377,0.42146405577659607,-0.11526015400886536,0.5042772889137268,0.48539501428604126,-0.08754504472017288,0.5134427547454834,0.46927595138549805,-0.0879104733467102,0.5274083614349365,0.4511147737503052,-0.08251019567251205,0.6353161931037903,0.5045170187950134,-0.07470900565385818,0.620639443397522,0.5059595108032227,-0.08749125897884369,0.6135389804840088,0.49869418144226074,-0.08771342784166336,0.6040924787521362,0.490756630897522,-0.08072204887866974,0.5952839851379395,0.48372697830200195,-0.07465112954378128,0.5477759838104248,0.5071778893470764,-0.08140452951192856,0.5475139617919922,0.5136911869049072,-0.08576518297195435,0.5471532344818115,0.5218285322189331,-0.09131558239459991,0.5472704172134399,0.5291625261306763,-0.09285929054021835,0.489044189453125,0.5115240812301636,-0.10362520813941956,0.2726137638092041,0.7174374461174011,-0.00464714877307415,0.5203473567962646,0.40126872062683105,-0.08328472077846527,0.5268165469169617,0.5117389559745789,-0.08108171820640564,0.523830235004425,0.5163976550102234,-0.08438045531511307,0.5027480721473694,0.4351382851600647,-0.08396157622337341,0.47171539068222046,0.4696565568447113,-0.08053028583526611,0.4973125457763672,0.4357072412967682,-0.08221957832574844,0.379321426153183,0.471372127532959,-0.07138854265213013,0.36944371461868286,0.5004119277000427,-0.09464732557535172,0.4423237442970276,0.4659852385520935,-0.09560847282409668,0.11303383111953735,0.4914834201335907,-0.04336035996675491,0.1565055400133133,0.46936559677124023,-0.05641362443566322,0.19128546118736267,0.46481674909591675,-0.07660889625549316,0.5723887085914612,0.5445598363876343,-0.09278813004493713,0.2722187936306,0.39442628622055054,-0.03439722955226898,0.22932010889053345,0.38292962312698364,-0.0133303701877594,0.187689870595932,0.38590532541275024,0.0005661156610585749,0.2693554162979126,0.5195289254188538,-0.0784209743142128,0.25106310844421387,0.5700821280479431,-0.08958519995212555,0.3244394063949585,0.4463649094104767,-0.02041267231106758,0.21443966031074524,0.5281740427017212,-0.08331474661827087,0.3822726309299469,0.4310827851295471,-0.05125221982598305,0.45954781770706177,0.42741185426712036,-0.11848660558462143,0.258344441652298,0.605160653591156,-0.0939924567937851,0.2758965492248535,0.5645096302032471,-0.10177965462207794,0.304870069026947,0.5441331267356873,-0.0994243398308754,0.33057862520217896,0.5084639191627502,-0.07946588844060898,0.34289368987083435,0.4809097647666931,-0.05843167006969452,0.3500659465789795,0.4598475694656372,-0.043359771370887756,0.37885260581970215,0.3950074315071106,-0.042090509086847305,0.30570149421691895,0.6175366640090942,-0.11002182960510254,0.1990569829940796,0.5413616299629211,-0.08566907048225403,0.5138477683067322,0.3950002193450928,-0.11407478898763657,0.4066256880760193,0.45075076818466187,-0.06907210499048233,0.17114569246768951,0.6758976578712463,0.00024246667453553528,0.35424405336380005,0.4419327676296234,-0.03159942850470543,0.43867361545562744,0.4760896563529968,-0.07600609213113785,0.2321130335330963,0.5271338224411011,-0.07310047000646591,0.44261857867240906,0.4305398464202881,-0.10851030051708221,0.3333452045917511,0.7310304045677185,-0.017425397410988808,0.3167980909347534,0.44496703147888184,-0.0145064452663064,0.4480918347835541,0.40325498580932617,-0.11500494182109833,0.5146295428276062,0.6562889814376831,-0.09230958670377731,0.5346202254295349,0.6885742545127869,-0.07540719956159592,0.2855014503002167,0.6720111966133118,-0.05883825942873955,0.4603896141052246,0.6797200441360474,-0.08871377259492874,0.1610255241394043,0.5972948670387268,-0.04299985617399216,0.6547636389732361,0.5811238288879395,-0.09807661175727844,0.5139458179473877,0.4069821238517761,-0.087102510035038,0.4067062735557556,0.4734309911727905,-0.07734270393848419,0.20892149209976196,0.5765666961669922,-0.07230717688798904,0.2791854441165924,0.4976520538330078,-0.06772788614034653,0.293312132358551,0.4833870530128479,-0.060136400163173676,0.5168812274932861,0.5266826748847961,-0.08892736583948135,0.35051456093788147,0.6367807388305664,-0.1081496849656105,0.7100076675415039,0.5606310963630676,-0.08049548417329788,0.6365295648574829,0.6252360343933105,-0.08535201102495193,0.5935884714126587,0.6549066305160522,-0.08157277852296829,0.27065378427505493,0.3480106592178345,0.025484617799520493,0.7366234064102173,0.5257406830787659,-0.05042898282408714,0.30261683464050293,0.47023096680641174,-0.04661362245678902,0.30972084403038025,0.4571611285209656,-0.03235652670264244,0.3146352469921112,0.4488837718963623,-0.020340491086244583,0.1813988834619522,0.5539858937263489,-0.07665559649467468,0.29235348105430603,0.4528156816959381,-0.03031478263437748,0.2745153605937958,0.4648106098175049,-0.044431716203689575,0.2596040666103363,0.47919464111328125,-0.057393066585063934,0.24748703837394714,0.4953504800796509,-0.06712286174297333,0.24229061603546143,0.5067753195762634,-0.07018717378377914,0.12917466461658478,0.6386027336120605,-0.013027939945459366,0.2661374807357788,0.5074788331985474,-0.07036703079938889,0.5333018898963928,0.418340265750885,-0.06998822093009949,0.4918390214443207,0.4871687591075897,-0.09940208494663239,0.47339844703674316,0.4409853219985962,-0.09643113613128662,0.516315221786499,0.4423477053642273,-0.08891411125659943,0.36189332604408264,0.3803882300853729,-0.009451362304389477,0.5671321153640747,0.633201003074646,-0.09043803811073303,0.6112257242202759,0.6099321842193604,-0.09284664690494537,0.6938543319702148,0.5461171865463257,-0.09235178679227829,0.47487884759902954,0.7153986692428589,-0.058961402624845505,0.30829671025276184,0.4469626843929291,-0.02103484235703945,0.40472880005836487,0.40853017568588257,-0.06617850810289383,0.7219537496566772,0.5105231404304504,-0.06430185586214066,0.6759564280509949,0.593603789806366,-0.09095124900341034,0.3392469584941864,0.6880565285682678,-0.06592005491256714,0.572281002998352,0.49784988164901733,-0.08072329312562943,0.5755278468132019,0.5059896111488342,-0.08652852475643158,0.5799881815910339,0.5152089595794678,-0.09297674894332886,0.5854341983795166,0.5235278606414795,-0.09412196278572083,0.6041369438171387,0.5279169678688049,-0.09019695967435837,0.4963759779930115,0.5030591487884521,-0.08878062665462494,0.49072688817977905,0.5064490437507629,-0.09383199363946915,0.48473966121673584,0.5095247030258179,-0.09807314723730087,0.4942359924316406,0.5366015434265137,-0.10516387969255447,0.38702768087387085,0.598467230796814,-0.12269981950521469,0.37967273592948914,0.4119747579097748,-0.044262584298849106,0.31975892186164856,0.4235294461250305,-0.004038885235786438,0.30965009331703186,0.43613046407699585,-0.012962774373590946,0.5001636147499084,0.5001353025436401,-0.08548520505428314,0.43644946813583374,0.6378709673881531,-0.10663427412509918,0.33751147985458374,0.4058070480823517,-0.017023209482431412,0.6154211759567261,0.5472961664199829,-0.09095776081085205,0.4399159252643585,0.37161704897880554,-0.07786506414413452,0.4062094986438751,0.3905194401741028,-0.0639607161283493,0.4147588610649109,0.37549322843551636,-0.053133077919483185,0.4256393313407898,0.42904365062713623,-0.08230118453502655,0.6991223096847534,0.49772194027900696,-0.06863070279359818,0.6735367774963379,0.489205926656723,-0.06280172616243362,0.6505086421966553,0.5178581476211548,-0.08150676637887955,0.5381587743759155,0.5775782465934753,-0.09740136563777924,0.4416798949241638,0.4971039891242981,-0.08704658597707748,0.5787070393562317,0.5672454833984375,-0.09400857239961624,0.40668994188308716,0.5334902405738831,-0.11596274375915527,0.44941580295562744,0.5191997289657593,-0.10237682610750198,0.4261232316493988,0.5695556402206421,-0.11983218789100647,0.672196090221405,0.5309393405914307,-0.09377537667751312,0.42407503724098206,0.4512128233909607,-0.08081614226102829,0.5449310541152954,0.6056256890296936,-0.09861385077238083,0.5906230807304382,0.5872560143470764,-0.0944688692688942,0.49711930751800537,0.5793483853340149,-0.10922474414110184,0.39179563522338867,0.6524455547332764,-0.10290804505348206,0.4830750823020935,0.6136130690574646,-0.10951122641563416,0.39631614089012146,0.6938023567199707,-0.07620371878147125,0.46416962146759033,0.5475155115127563,-0.11086877435445786,0.40558165311813354,0.42958399653434753,-0.06740778684616089,0.47451913356781006,0.4237458109855652,-0.12073157727718353,0.46573472023010254,0.44766220450401306,-0.10648905485868454,0.4705291986465454,0.4026643931865692,-0.12623482942581177,0.29276999831199646,0.4271984398365021,-0.01946420408785343,0.2578199505805969,0.44696304202079773,-0.04658625274896622,0.23238126933574677,0.46868041157722473,-0.06998927891254425,0.21514514088630676,0.4912011921405792,-0.0845046192407608,0.20802955329418182,0.5113787651062012,-0.08825276792049408,0.2283010482788086,0.5411650538444519,-0.0756026953458786,0.23648837208747864,0.65346360206604,-0.055446624755859375,0.27065062522888184,0.539354145526886,-0.08470236510038376,0.29448702931404114,0.5230504870414734,-0.08106483519077301,0.31446099281311035,0.4989156424999237,-0.06927767395973206,0.3280518352985382,0.4756223261356354,-0.050563745200634,0.3353962302207947,0.45767688751220703,-0.032322049140930176,0.34034180641174316,0.44405844807624817,-0.0215492844581604,0.22016307711601257,0.6990410685539246,0.00324252899736166,0.4683894217014313,0.45576658844947815,-0.09711582958698273,0.4273400604724884,0.40473946928977966,-0.08786479383707047,0.48891589045524597,0.4024001955986023,-0.12446752935647964,0.5018987655639648,0.40615132451057434,-0.1098962351679802,0.4900895953178406,0.4098200500011444,-0.1159195601940155,0.47576481103897095,0.4586358666419983,-0.08593256026506424,0.5074904561042786,0.40092355012893677,-0.1133427768945694,0.5085172653198242,0.41182848811149597,-0.09009259194135666,0.3241756558418274,0.43839433789253235,-0.008953636512160301,0.33941590785980225,0.4305616319179535,-0.01057772058993578,0.35126885771751404,0.4246988594532013,-0.02158394269645214,0.2402917444705963,0.5142140984535217,-0.07068467140197754,0.22273468971252441,0.5196242928504944,-0.07759003341197968,0.450941801071167,0.36449089646339417,-0.05476061627268791,0.4387650191783905,0.3556944727897644,0.1718003749847412,0.5247625112533569,0.39014995098114014,-0.06788777559995651,0.3749147653579712,0.33991122245788574,0.36083343625068665,0.42815300822257996,0.37870264053344727,0.1063288226723671,0.43736591935157776,0.373088002204895,0.12275292724370956,0.4439639151096344,0.3670002818107605,0.14170323312282562,0.4418226182460785,0.35860511660575867,0.1783991903066635,0.41872793436050415,0.3812156319618225,0.09235671162605286,0.4088100492954254,0.3465843200683594,0.12795914709568024,0.40097731351852417,0.35404717922210693,0.1089644655585289,0.41717660427093506,0.3422304391860962,0.14764244854450226,0.4246490001678467,0.3427656590938568,0.16368098556995392,0.45210742950439453,0.3595646023750305,0.19425687193870544,0.7069997191429138,0.46105706691741943,0.018050892278552055,0.4365885853767395,0.35301879048347473,0.18424773216247559,0.4518117308616638,0.36382561922073364,0.3369591236114502,0.4423743784427643,0.351545512676239,0.23434381186962128,0.5239126682281494,0.37027305364608765,0.0626058503985405,0.546934187412262,0.39808520674705505,-0.05673252046108246,0.555627167224884,0.40944910049438477,-0.05225659906864166,0.5636650323867798,0.382787823677063,-0.022563813254237175,0.5768529772758484,0.37760651111602783,0.011339623481035233,0.5657432079315186,0.3975854516029358,-0.024407021701335907,0.5748946070671082,0.39141911268234253,0.0049278624355793,0.6554478406906128,0.42012718319892883,0.05626538023352623,0.5214501619338989,0.3671526312828064,-0.1016998142004013,0.5041340589523315,0.3579857349395752,-0.10143182426691055,0.4174952208995819,0.32684168219566345,0.19454319775104523,0.4542006850242615,0.37474262714385986,0.04532166197896004,0.5292301177978516,0.3654199242591858,-0.013996213674545288,0.5166104435920715,0.3656984269618988,-0.004094076342880726,0.5420340895652771,0.3581184148788452,0.13998059928417206,0.4773716926574707,0.35938698053359985,-0.08006031066179276,0.39979273080825806,0.32572394609451294,0.12188348174095154,0.4088076055049896,0.32270073890686035,0.1604846715927124,0.35108712315559387,0.3165960907936096,0.3091358244419098,0.3816911578178406,0.3558797836303711,0.036187369376420975,0.3967383801937103,0.3631414771080017,0.09983448684215546,0.6395039558410645,0.406332790851593,0.07909999042749405,0.6235713958740234,0.4665825366973877,0.33539119362831116,0.5311545133590698,0.38052883744239807,-0.021508168429136276,0.5277972221374512,0.392752081155777,-0.04539917781949043,0.5975610017776489,0.38431257009506226,0.0668119266629219,0.5943548679351807,0.3904551863670349,0.05250130966305733,0.39903539419174194,0.31542661786079407,0.18205982446670532,0.5345458984375,0.3746456801891327,-0.006335272919386625,0.39036163687705994,0.33538249135017395,0.07952792197465897,0.3792610764503479,0.32630783319473267,0.08226583898067474,0.29766610264778137,0.3042490482330322,0.16977059841156006,0.36787617206573486,0.3076624870300293,0.23495204746723175,0.3213759958744049,0.3090153932571411,0.12423944473266602,0.40867024660110474,0.3219233751296997,0.2252606600522995,0.39129215478897095,0.3240969777107239,0.2845537066459656,0.5529788136482239,0.40294840931892395,-0.055895742028951645,0.566238284111023,0.3896685838699341,-0.023988034576177597,0.5769979953765869,0.38337835669517517,0.005724761635065079,0.5304989814758301,0.3872693181037903,-0.025350753217935562,0.596274733543396,0.38748836517333984,0.058319706469774246,0.6168149709701538,0.3960621654987335,0.03405994176864624,0.5925953388214111,0.3928390145301819,0.04959014803171158,0.5265893340110779,0.37188053131103516,-0.04995150491595268,0.5717893838882446,0.3980587124824524,0.00459631159901619,0.5638503432273865,0.40515851974487305,-0.019835831597447395,0.5555152893066406,0.4163779318332672,-0.044682469218969345,0.668400764465332,0.4622502028942108,-0.03736526146531105,0.665461540222168,0.4501495063304901,-0.046850673854351044,0.6551148891448975,0.446476012468338,-0.046195294708013535,0.6407893896102905,0.4448694586753845,-0.03899630531668663,0.6268763542175293,0.44486141204833984,-0.03527992591261864,0.6186368465423584,0.4164520800113678,0.011250738985836506,0.6267440319061279,0.41230517625808716,0.006808186415582895,0.6365127563476562,0.40750083327293396,0.004858182743191719,0.6445004940032959,0.4048234224319458,0.011527316644787788,0.5940877795219421,0.390150785446167,0.030029958114027977,0.5230467915534973,0.4393799304962158,0.4121977388858795,0.6078022718429565,0.40565088391304016,0.034477416425943375,0.6128426194190979,0.40071138739585876,0.031885042786598206,0.5320417881011963,0.4000184237957001,-0.04915425181388855,0.5397452116012573,0.3884681463241577,-0.004810662940144539,0.5301879644393921,0.3963249921798706,-0.04808150976896286,0.47394540905952454,0.3715020716190338,0.06583202630281448,0.5013254880905151,0.36294203996658325,0.09192125499248505,0.5243541598320007,0.37196120619773865,0.0068241204135119915,0.3254803419113159,0.3038538098335266,0.24207822978496552,0.34451034665107727,0.303438663482666,0.18214550614356995,0.3884337842464447,0.3164755403995514,0.13637657463550568,0.6636534929275513,0.4312693476676941,0.030079377815127373,0.36675602197647095,0.34155046939849854,0.03890758752822876,0.29891717433929443,0.32399463653564453,0.07276996225118637,0.2692297697067261,0.31680434942245483,0.10147701948881149,0.44562065601348877,0.36253708600997925,0.1620924025774002,0.4641902446746826,0.36118894815444946,0.21721629798412323,0.41192349791526794,0.3817997872829437,0.08961381018161774,0.42936959862709045,0.3425258994102478,0.1965498924255371,0.4360419511795044,0.3742971122264862,0.03015049360692501,0.5202840566635132,0.36050376296043396,-0.040965259075164795,0.5003495812416077,0.35298335552215576,0.2553265392780304,0.47700998187065125,0.36545896530151367,0.1867760419845581,0.4808536171913147,0.3709510564804077,0.14529909193515778,0.4674723446369171,0.37958580255508423,0.10788051038980484,0.45085063576698303,0.3851654827594757,0.08380066603422165,0.4378274083137512,0.38706275820732117,0.0626215711236,0.40133631229400635,0.37189990282058716,-0.0071762860752642155,0.5432406067848206,0.36315879225730896,0.23893091082572937,0.4278597831726074,0.3380320072174072,0.21930751204490662,0.5255259275436401,0.3828020691871643,-0.09678051620721817,0.47613251209259033,0.37511616945266724,0.02947710081934929,0.4337095022201538,0.3993857800960541,0.4277719259262085,0.426464706659317,0.3867974281311035,0.05128459632396698,0.5231450796127319,0.37889373302459717,0.027262287214398384,0.4361899197101593,0.3523583710193634,0.19327539205551147,0.504736065864563,0.3618278503417969,-0.02983650006353855,0.5724921226501465,0.4540151059627533,0.3809121251106262,0.4064716100692749,0.38003993034362793,0.10053741186857224,0.4897252917289734,0.35858505964279175,-0.057408176362514496,0.6824344396591187,0.43907296657562256,0.16864770650863647,0.6958677172660828,0.4714242219924927,0.20678798854351044,0.5407480001449585,0.39240002632141113,0.32262521982192993,0.6586531400680542,0.4325803220272064,0.21836648881435394,0.4168972969055176,0.34474459290504456,0.31865814328193665,0.7295066118240356,0.4713550806045532,0.02633490413427353,0.5237226486206055,0.39697694778442383,-0.07670431584119797,0.4978874921798706,0.37471896409988403,0.044843826442956924,0.44299671053886414,0.35319429636001587,0.26938414573669434,0.4373096823692322,0.36250782012939453,0.14515505731105804,0.43100857734680176,0.36818909645080566,0.12821722030639648,0.6204031705856323,0.3922320604324341,0.04121754691004753,0.5818688273429871,0.3791958689689636,0.22810427844524384,0.7489080429077148,0.5000522136688232,-0.006730541121214628,0.7349761724472046,0.4790582060813904,0.09666513651609421,0.7199583649635315,0.4747464656829834,0.147612065076828,0.42266732454299927,0.37311506271362305,0.11415846645832062,0.41373956203460693,0.3766772150993347,0.10617007315158844,0.40885141491889954,0.3789927363395691,0.10376209020614624,0.4217464029788971,0.3360399603843689,0.25276854634284973,0.40688347816467285,0.3698575496673584,0.10957741737365723,0.4119216203689575,0.36278235912323,0.11789411306381226,0.4186924695968628,0.35667797923088074,0.13146981596946716,0.4261961877346039,0.3525850176811218,0.14790797233581543,0.4317306876182556,0.35176408290863037,0.16084815561771393,0.39952701330184937,0.366727352142334,0.40327391028404236,0.43908441066741943,0.35852086544036865,0.16051726043224335,0.5733205676078796,0.39057403802871704,0.0016031808918341994,0.5306642055511475,0.3753054738044739,-0.029125232249498367,0.5500479936599731,0.4029003381729126,-0.047718893736600876,0.7037922143936157,0.44897520542144775,0.1204710304737091,0.7152409553527832,0.4616791009902954,0.07361266762018204,0.7347805500030518,0.48628970980644226,-0.02462386153638363,0.6654435396194458,0.4710634648799896,0.2728101313114166,0.40617460012435913,0.3759952187538147,0.10461286455392838,0.4430728554725647,0.36830824613571167,-0.011328802444040775,0.7459608316421509,0.48614177107810974,0.044361960142850876,0.5836683511734009,0.40920281410217285,0.29936540126800537,0.6266828775405884,0.4295181334018707,-0.011333148926496506,0.6385692954063416,0.4265848398208618,-0.014363635331392288,0.6519143581390381,0.42445749044418335,-0.01722991093993187,0.6637760400772095,0.42530232667922974,-0.01405714638531208,0.6691699028015137,0.44482719898223877,-0.0007750596269033849,0.5834736824035645,0.38931235671043396,0.03170771151781082,0.5861920118331909,0.38320085406303406,0.03840545192360878,0.5874603390693665,0.3774886429309845,0.0435706302523613,0.6176062822341919,0.39523541927337646,0.06153910234570503,0.587078332901001,0.37650179862976074,0.1612945795059204,0.41699737310409546,0.37329211831092834,0.012567044235765934,0.39458614587783813,0.3750394582748413,0.06761936098337173,0.3986870050430298,0.3745090961456299,0.09242181479930878,0.5803171396255493,0.3940122127532959,0.03034280799329281,0.6356362104415894,0.4020863175392151,0.18221132457256317,0.39374837279319763,0.37528735399246216,0.025507064536213875,0.6837854981422424,0.4555665850639343,0.008545569144189358,0.4275009036064148,0.36802250146865845,-0.034374140202999115,0.4817934036254883,0.3684678077697754,-0.010280806571245193,0.6852030754089355,0.470592737197876,-0.03375855088233948,0.6645026206970215,0.4229430556297302,0.07572699338197708,0.5450136661529541,0.3804401755332947,0.04208117350935936,0.6778351664543152,0.4399014115333557,0.04331459477543831,0.5597890615463257,0.3690412640571594,0.08774036169052124,0.5731948614120483,0.38125497102737427,0.059188421815633774,0.597041130065918,0.3793184161186218,0.11332301795482635,0.7122455835342407,0.4757511615753174,-0.03050580807030201,0.4949154257774353,0.3725683391094208,0.010123263113200665,0.6830362677574158,0.4300922751426697,0.10056605190038681,0.6943293809890747,0.4483708143234253,0.059396322816610336,0.6446610689163208,0.4065896272659302,0.09955652058124542,0.6143550872802734,0.3945808410644531,0.21971525251865387,0.6527225971221924,0.4087623953819275,0.1326809823513031,0.6230695247650146,0.4235105812549591,0.27074092626571655,0.6058487892150879,0.38833969831466675,0.08025283366441727,0.4592917561531067,0.3720461130142212,0.010571765713393688,0.5269752740859985,0.36587077379226685,-0.04999466612935066,0.5333277583122253,0.3699060082435608,-0.025624476373195648,0.5124363899230957,0.35740354657173157,-0.06999871879816055,0.3903805613517761,0.36184895038604736,0.07968605309724808,0.39643317461013794,0.34700703620910645,0.10026350617408752,0.4055524170398712,0.3376779556274414,0.12336795777082443,0.4146151840686798,0.3329799175262451,0.1504317820072174,0.4226374626159668,0.3349967896938324,0.17479193210601807,0.4386116564273834,0.35231345891952515,0.20843073725700378,0.4972471594810486,0.37680405378341675,0.3355991244316101,0.45885998010635376,0.3635074496269226,0.1741952896118164,0.45921093225479126,0.3689173460006714,0.14483757317066193,0.4507606327533722,0.3761637806892395,0.11709784716367722,0.43771231174468994,0.3821635842323303,0.09614412486553192,0.42651861906051636,0.38487911224365234,0.0787297785282135,0.4181293547153473,0.38558095693588257,0.0687437355518341,0.4754384160041809,0.4230397045612335,0.4300130009651184,0.5349476337432861,0.3775864243507385,-0.017621226608753204,0.46564188599586487,0.3642754554748535,-0.031353916972875595,0.5244207382202148,0.3640962839126587,-0.07925219088792801,0.5255415439605713,0.3813771903514862,-0.08383798599243164,0.5256004333496094,0.37187808752059937,-0.06984557956457138,0.5355353355407715,0.38700681924819946,-0.019228389486670494,0.5267854928970337,0.3810237944126129,-0.09188121557235718,0.5254890322685242,0.3934711813926697,-0.07229448109865189,0.4055275321006775,0.3814297616481781,0.08668538928031921,0.40748801827430725,0.38415098190307617,0.060134898871183395,0.4120995104312897,0.3838341534137726,0.03674035519361496,0.4349052906036377,0.3520781397819519,0.1717432141304016,0.4302794933319092,0.3455970883369446,0.1805267482995987,0.2751944065093994,0.4872540235519409,-0.05075797438621521,0.2901453673839569,0.46986624598503113,-0.05075797438621521,0.2581382095813751,0.48211777210235596,-0.05075797438621521,0.25987303256988525,0.504913866519928,-0.05075797438621521,0.29176977276802063,0.492475688457489,-0.05075797438621521,0.4188818335533142,0.3582538366317749,0.13491371273994446,0.42864543199539185,0.35124921798706055,0.13491371273994446,0.40617677569389343,0.35096561908721924,0.13491371273994446,0.4088500738143921,0.3651783764362335,0.13491371273994446,0.4309523403644562,0.36518698930740356,0.13491371273994446,0,0,0,0,0,1,1,1,0,0,0,0,0.05666157230734825,0.0465095080435276,0.06336414068937302,0.04597083479166031,0.024502018466591835,0.04105941206216812,0.046941861510276794,0.050553128123283386,0.06143225356936455,0.08402194082736969,0.6145032644271851,0.21721100807189941,Sadness,-11.264678955078125,-41.53620910644531
251,8.366666666666667,27.868183056460598,-6.858043958279867,0.3493253559856038,0.5276421904563904,0.4216230809688568,-0.1057479977607727,0.5019512176513672,0.40224897861480713,-0.13491901755332947,0.509454607963562,0.4377780556678772,-0.0890887901186943,0.41901490092277527,0.4067962169647217,-0.09005880355834961,0.4837630093097687,0.3927356004714966,-0.1353161633014679,0.45730680227279663,0.391421377658844,-0.11539805680513382,0.38419440388679504,0.39364269375801086,-0.021802926436066628,0.22341400384902954,0.511760950088501,-0.027030879631638527,0.3424786925315857,0.3829365074634552,0.01892121694982052,0.3222045302391052,0.37133947014808655,0.02915990725159645,0.23605334758758545,0.3430318832397461,0.10143369436264038,0.5336984395980835,0.42512691020965576,-0.10555063933134079,0.537826657295227,0.4311159551143646,-0.1010565310716629,0.5388944149017334,0.437226802110672,-0.09387265890836716,0.610704779624939,0.48548534512519836,-0.08562879264354706,0.620673656463623,0.4891514778137207,-0.09324309974908829,0.6293768286705017,0.49480482935905457,-0.10195053368806839,0.6337498426437378,0.5023654103279114,-0.10258380323648453,0.6456934213638306,0.5200696587562561,-0.0905321016907692,0.5093244314193726,0.41534262895584106,-0.1269165724515915,0.4864920377731323,0.43920284509658813,-0.10740956664085388,0.06484067440032959,0.5793632864952087,0.058752696961164474,0.28884127736091614,0.4797526001930237,-0.020084381103515625,0.2738429307937622,0.49319955706596375,-0.032740168273448944,0.2560599446296692,0.5073829293251038,-0.03895578533411026,0.21657364070415497,0.525731086730957,-0.034404125064611435,0.29981911182403564,0.46707916259765625,-0.002675479743629694,0.22486594319343567,0.46641260385513306,-0.025435511022806168,0.24734240770339966,0.45278120040893555,-0.0070846788585186005,0.205529123544693,0.4841729700565338,-0.0337272509932518,0.1951734572649002,0.5007517337799072,-0.034918010234832764,0.21079127490520477,0.5476515889167786,-0.03718853369355202,0.592868983745575,0.6021134853363037,-0.11965429782867432,0.20869101583957672,0.5175180435180664,-0.02307334542274475,0.13897162675857544,0.6234365701675415,0.023462863638997078,0.17111912369728088,0.5633077025413513,-0.022647470235824585,0.36806586384773254,0.5150090456008911,-0.08624615520238876,0.4981659948825836,0.4439791738986969,-0.1180991679430008,0.5146540999412537,0.45171627402305603,-0.11234621703624725,0.48057153820991516,0.47493743896484375,-0.12248916923999786,0.473293662071228,0.4959752857685089,-0.11649920791387558,0.4975096583366394,0.47369256615638733,-0.11527018994092941,0.4883438050746918,0.49100255966186523,-0.10716775059700012,0.4984617233276367,0.5866720676422119,-0.10428817570209503,0.48639029264450073,0.41460323333740234,-0.141525998711586,0.46634045243263245,0.40777477622032166,-0.14292410016059875,0.15165185928344727,0.5141483545303345,-0.0389876626431942,0.3598777651786804,0.4649021029472351,-0.042419515550136566,0.4239392876625061,0.4746910333633423,-0.11345168948173523,0.40930306911468506,0.4754970669746399,-0.1037890762090683,0.3054119944572449,0.5686095952987671,-0.09926579147577286,0.4421214461326599,0.40613725781440735,-0.12202368676662445,0.19513925909996033,0.4554755687713623,-0.03291599079966545,0.1674451380968094,0.4844452738761902,-0.03921477869153023,0.06281867623329163,0.5316653251647949,0.04759787768125534,0.2952074408531189,0.4042051434516907,8.550860002287664e-06,0.2696898877620697,0.44547566771507263,0.009812909178435802,0.4604722857475281,0.586539626121521,-0.10636361688375473,0.3379603922367096,0.7350620627403259,-0.00520189106464386,0.4490984380245209,0.46982938051223755,-0.09882903844118118,0.47082552313804626,0.4599456191062927,-0.09218110144138336,0.47932296991348267,0.5253599286079407,-0.09669265896081924,0.48578429222106934,0.5206696391105652,-0.094068244099617,0.14303338527679443,0.48917317390441895,-0.02818199060857296,0.42769572138786316,0.4859233498573303,-0.10435862839221954,0.23671352863311768,0.4287632703781128,-0.019530031830072403,0.22250574827194214,0.4218742251396179,-0.018020350486040115,0.1248837262392044,0.42831557989120483,0.04301208257675171,0.10447452962398529,0.5088737607002258,0.008095894008874893,0.17128965258598328,0.4219111204147339,0.015084083192050457,0.1269453912973404,0.5248965620994568,-0.02311100624501705,0.10058145225048065,0.5513197183609009,0.021066337823867798,0.507279634475708,0.4478563666343689,-0.11792001128196716,0.48910024762153625,0.47423869371414185,-0.12025216966867447,0.4807882308959961,0.4935739040374756,-0.11353433132171631,0.45626744627952576,0.4705180823802948,-0.09118126332759857,0.48290008306503296,0.5228549838066101,-0.09459815919399261,0.5047191977500916,0.5286831855773926,-0.10075342655181885,0.4883854389190674,0.5187078714370728,-0.09335006773471832,0.4596847891807556,0.4460292160511017,-0.12441334128379822,0.49439293146133423,0.4887632429599762,-0.10349057614803314,0.5045626163482666,0.47262075543403625,-0.1073421835899353,0.5195258855819702,0.45481765270233154,-0.10583306849002838,0.6139485836029053,0.5437009334564209,-0.10394638776779175,0.5997070074081421,0.5247424840927124,-0.11603163182735443,0.5964910984039307,0.5161030292510986,-0.1149706020951271,0.5909073352813721,0.5082290768623352,-0.10578657686710358,0.586020290851593,0.5021550059318542,-0.09774728119373322,0.53489089012146,0.5188054442405701,-0.09714027494192123,0.5323097705841064,0.5242303609848022,-0.1030297726392746,0.5291067957878113,0.5316344499588013,-0.10964396595954895,0.526685357093811,0.5392032265663147,-0.11070864647626877,0.44814860820770264,0.5360474586486816,-0.11090322583913803,0.2093786597251892,0.708310067653656,0.05686263367533684,0.509560763835907,0.4269343912601471,-0.10094311833381653,0.5139551162719727,0.5203421711921692,-0.0937049388885498,0.5093536376953125,0.5243213176727295,-0.09795159101486206,0.4846871495246887,0.4588244557380676,-0.09800335019826889,0.4425134062767029,0.49154967069625854,-0.08639366924762726,0.47844305634498596,0.45919156074523926,-0.09501535445451736,0.3498289883136749,0.48618870973587036,-0.055541589856147766,0.3312271237373352,0.5154319405555725,-0.07595246285200119,0.41180121898651123,0.48666730523109436,-0.09612920135259628,0.08133584260940552,0.4816642105579376,0.03956888988614082,0.12718172371387482,0.46633684635162354,0.0070327571593225,0.17562654614448547,0.45380493998527527,-0.02496161311864853,0.533729076385498,0.5786081552505493,-0.10965592414140701,0.2746655344963074,0.3922729194164276,0.0005524341831915081,0.21875505149364471,0.3860146403312683,0.03404691815376282,0.1753999888896942,0.3842408061027527,0.06441814452409744,0.23462127149105072,0.5199748277664185,-0.03897058591246605,0.19859547913074493,0.574453592300415,-0.04379930719733238,0.3055274784564972,0.4570824205875397,0.008647060953080654,0.1774229258298874,0.5264419317245483,-0.03316850960254669,0.36350488662719727,0.4466552138328552,-0.03732849285006523,0.4340691566467285,0.4515661597251892,-0.12511570751667023,0.20025812089443207,0.6090497970581055,-0.04470304399728775,0.2298441380262375,0.5651600956916809,-0.06361779570579529,0.2667006254196167,0.5439788103103638,-0.06912265717983246,0.3014805018901825,0.5118526220321655,-0.0549171045422554,0.31945228576660156,0.48793530464172363,-0.036778524518013,0.3320232927799225,0.46823063492774963,-0.023744473233819008,0.3698626756668091,0.41016101837158203,-0.028731102123856544,0.24406811594963074,0.6253023147583008,-0.07016754150390625,0.1571919023990631,0.5407168865203857,-0.030826358124613762,0.4997462034225464,0.4218439757823944,-0.13260649144649506,0.3819589614868164,0.4680316746234894,-0.06084437295794487,0.11863915622234344,0.6592669486999512,0.08220035582780838,0.3402652144432068,0.45069223642349243,-0.011609294451773167,0.4077293276786804,0.4954657256603241,-0.07385344803333282,0.19722740352153778,0.5262313485145569,-0.025762584060430527,0.4176267087459564,0.4531353712081909,-0.11179002374410629,0.2660437822341919,0.7270087003707886,0.0302676260471344,0.29812517762184143,0.4550996422767639,0.017543615773320198,0.4284714460372925,0.42720717191696167,-0.12140412628650665,0.4519602954387665,0.6793510913848877,-0.08820540457963943,0.47322946786880493,0.7069694995880127,-0.07261396199464798,0.21937192976474762,0.6722197532653809,-0.0075100865215063095,0.3932654559612274,0.6959898471832275,-0.07351107895374298,0.1142251193523407,0.5875023007392883,0.029441844671964645,0.6127493381500244,0.6205018758773804,-0.1224430724978447,0.501196026802063,0.4322804808616638,-0.10361581295728683,0.3764224648475647,0.49058568477630615,-0.06895802170038223,0.15035979449748993,0.585195779800415,-0.014203744009137154,0.24966372549533844,0.4968169927597046,-0.029680300503969193,0.2655281722545624,0.4859588146209717,-0.0250385832041502,0.500165581703186,0.5336872339248657,-0.10182411968708038,0.2856962978839874,0.6471297144889832,-0.07702033221721649,0.6823408603668213,0.6050297021865845,-0.11421750485897064,0.5873103737831116,0.6584607362747192,-0.10116314888000488,0.5380321741104126,0.681496798992157,-0.08914154022932053,0.2725709080696106,0.35186004638671875,0.06471244245767593,0.7245270013809204,0.5713058710098267,-0.09171285480260849,0.2772546112537384,0.4763031601905823,-0.013587812893092632,0.2875385284423828,0.4663662612438202,-0.00011070867913076654,0.2947549521923065,0.4592176079750061,0.012083594687283039,0.1329112946987152,0.5566145181655884,-0.015468426048755646,0.2754516005516052,0.4586857259273529,0.004046623595058918,0.25740480422973633,0.4666895568370819,-0.0078208576887846,0.24196405708789825,0.4771977663040161,-0.018498245626688004,0.2271372377872467,0.49104899168014526,-0.02600366435945034,0.21841804683208466,0.502197802066803,-0.027269409969449043,0.08176502585411072,0.619985044002533,0.0754399225115776,0.2361145317554474,0.5050905346870422,-0.029509278014302254,0.5203065872192383,0.4428117275238037,-0.08991760015487671,0.45671796798706055,0.5112925171852112,-0.10935419797897339,0.4481940269470215,0.46432429552078247,-0.10273532569408417,0.49379634857177734,0.46675190329551697,-0.10547889769077301,0.3596675992012024,0.3922041654586792,0.007961738854646683,0.5094981789588928,0.6623772978782654,-0.09685812145471573,0.5601110458374023,0.6436589360237122,-0.1083589643239975,0.664763867855072,0.590376615524292,-0.12618626654148102,0.41007500886917114,0.7262461185455322,-0.04285775125026703,0.290668785572052,0.45560139417648315,0.012284331023693085,0.3892953395843506,0.4270845651626587,-0.059456437826156616,0.7092599868774414,0.5562452077865601,-0.10487747192382812,0.6357709169387817,0.6330417990684509,-0.11551014333963394,0.2698334753513336,0.6921600103378296,-0.02554347924888134,0.5603902339935303,0.5133654475212097,-0.09985807538032532,0.5600598454475403,0.5198773145675659,-0.10716448724269867,0.5609400272369385,0.528442919254303,-0.1148381382226944,0.5626254081726074,0.5374296307563782,-0.1164889857172966,0.5728590488433838,0.5649272799491882,-0.11293765902519226,0.484178364276886,0.506806492805481,-0.10102076828479767,0.4783627390861511,0.5095832943916321,-0.10463935881853104,0.47229063510894775,0.5123218297958374,-0.10754193365573883,0.4493710398674011,0.5619418025016785,-0.10954292863607407,0.3285781741142273,0.6139563918113708,-0.10363029688596725,0.36611294746398926,0.427351713180542,-0.030270367860794067,0.30793970823287964,0.4322112202644348,0.02417619153857231,0.29472851753234863,0.4443889856338501,0.019577179104089737,0.48844796419143677,0.5041954517364502,-0.09798906743526459,0.3731766641139984,0.6556543707847595,-0.09257359802722931,0.3324176073074341,0.4138486087322235,0.0057366699911653996,0.579560399055481,0.5847909450531006,-0.11360788345336914,0.4324824810028076,0.3930698037147522,-0.08301378786563873,0.39542582631111145,0.40903016924858093,-0.05846462771296501,0.409260094165802,0.39382433891296387,-0.050400156527757645,0.40353405475616455,0.44956833124160767,-0.08005771785974503,0.687885046005249,0.541543185710907,-0.10639074444770813,0.6635774374008179,0.5303778648376465,-0.09684666246175766,0.6269710659980774,0.558461606502533,-0.11100327968597412,0.48929905891418457,0.6074128150939941,-0.10601753741502762,0.4054800570011139,0.5169678330421448,-0.08510926365852356,0.5344855785369873,0.6012101769447327,-0.11025486141443253,0.3605197072029114,0.5520967841148376,-0.10621576756238937,0.4075701832771301,0.5405706167221069,-0.10130570828914642,0.3734838664531708,0.5892422795295715,-0.11092548072338104,0.6452935934066772,0.5736443996429443,-0.12514102458953857,0.39789390563964844,0.4704468250274658,-0.07745528966188431,0.4908910393714905,0.6352622509002686,-0.1054358184337616,0.5427582263946533,0.6212981939315796,-0.10997235774993896,0.4457218647003174,0.6050873398780823,-0.11079014837741852,0.3253738284111023,0.6653687357902527,-0.07922422140836716,0.42488110065460205,0.6373136043548584,-0.10617783665657043,0.32633280754089355,0.7029727697372437,-0.04724254831671715,0.41719773411750793,0.5701435208320618,-0.10988587141036987,0.38541167974472046,0.447631299495697,-0.059730831533670425,0.45075708627700806,0.44837552309036255,-0.1294272243976593,0.4375842213630676,0.4709659814834595,-0.11270898580551147,0.44999054074287415,0.42822498083114624,-0.1374697983264923,0.2817472219467163,0.4305523931980133,0.012859484180808067,0.24419669806957245,0.4435645043849945,-0.0089153703302145,0.21480610966682434,0.46113815903663635,-0.027585508301854134,0.19234803318977356,0.4828122854232788,-0.03847464174032211,0.17827266454696655,0.5049428343772888,-0.03942728415131569,0.18620309233665466,0.5432050228118896,-0.026109229773283005,0.17578229308128357,0.6497769355773926,0.005234398413449526,0.23129022121429443,0.540401041507721,-0.045244861394166946,0.25969424843788147,0.5248750448226929,-0.04743479564785957,0.284831166267395,0.5037949085235596,-0.040635570883750916,0.30325865745544434,0.48394519090652466,-0.025073647499084473,0.3152996599674225,0.4677073359489441,-0.00803337711840868,0.32363712787628174,0.4548030495643616,0.0023975949734449387,0.16269569098949432,0.6855968236923218,0.07667028158903122,0.4403513967990875,0.4783652722835541,-0.1027609258890152,0.4102897047996521,0.42618465423583984,-0.08729784190654755,0.46984392404556274,0.42849838733673096,-0.1384444534778595,0.48596110939979553,0.4316631555557251,-0.1260099560022354,0.4712739586830139,0.4351240396499634,-0.12860728800296783,0.448844850063324,0.4810808300971985,-0.0930212214589119,0.492257297039032,0.42718374729156494,-0.1310604214668274,0.4942285418510437,0.43675413727760315,-0.10541889816522598,0.3071889877319336,0.4488498866558075,0.020751645788550377,0.32545405626296997,0.4412267804145813,0.014409488067030907,0.3406512439250946,0.43383049964904785,-0.0010854833526536822,0.2132747322320938,0.5102105736732483,-0.02642144449055195,0.19033019244670868,0.5162587761878967,-0.03167472407221794,0.44843846559524536,0.3850592076778412,-0.062239471822977066,0.4640657305717468,0.34686923027038574,0.17385582625865936,0.5200997591018677,0.41475754976272583,-0.086530901491642,0.4300174117088318,0.3221195936203003,0.3867093026638031,0.43511611223220825,0.3806367516517639,0.10955767333507538,0.45105522871017456,0.3721191883087158,0.12330476939678192,0.4641191065311432,0.3632078170776367,0.1410096436738968,0.46911171078681946,0.3485262989997864,0.17789852619171143,0.42041435837745667,0.38530996441841125,0.09954418241977692,0.4257470965385437,0.33719107508659363,0.1353749930858612,0.4101055860519409,0.34856218099594116,0.12008361518383026,0.44141536951065063,0.33032214641571045,0.15255330502986908,0.45309922099113464,0.3299839496612549,0.16703243553638458,0.4856794476509094,0.3496733605861664,0.19091060757637024,0.7178401947021484,0.4953387975692749,-0.023634128272533417,0.4635079503059387,0.34157371520996094,0.18685822188854218,0.5063425898551941,0.35349297523498535,0.33947479724884033,0.48067688941955566,0.33879536390304565,0.23400896787643433,0.5454965829849243,0.3833349347114563,0.04518424719572067,0.5510037541389465,0.40324729681015015,-0.08466869592666626,0.5589271783828735,0.4169273376464844,-0.08145729452371597,0.5774043798446655,0.39545345306396484,-0.053257282823324203,0.5946071147918701,0.39610832929611206,-0.02044939249753952,0.5758926868438721,0.41027525067329407,-0.055119626224040985,0.5883250832557678,0.4090397357940674,-0.02615335024893284,0.673166036605835,0.4480268955230713,0.02040865644812584,0.5145694017410278,0.3942785859107971,-0.12345610558986664,0.49887773394584656,0.38409942388534546,-0.12149161100387573,0.45761287212371826,0.31174933910369873,0.19982624053955078,0.4670649468898773,0.38618004322052,0.04243775084614754,0.5397260189056396,0.3857661783695221,-0.033584825694561005,0.5287013053894043,0.3841521739959717,-0.021418774500489235,0.5793426036834717,0.36583808064460754,0.11790890991687775,0.47334572672843933,0.3829246759414673,-0.09468381851911545,0.4262607991695404,0.31409919261932373,0.13327179849147797,0.4440614581108093,0.3084615468978882,0.16906706988811493,0.3996020257472992,0.30250081419944763,0.34079527854919434,0.37949007749557495,0.3571498990058899,0.054613225162029266,0.3995162546634674,0.36173000931739807,0.11314777284860611,0.6602650880813599,0.4309313893318176,0.044322870671749115,0.6664730310440063,0.46836262941360474,0.30612194538116455,0.5367139577865601,0.40172845125198364,-0.03901984542608261,0.5284656286239624,0.41516339778900146,-0.06259843707084656,0.6097490787506104,0.4120957553386688,0.03369539603590965,0.6048483848571777,0.4168476462364197,0.02010338380932808,0.43782615661621094,0.3001479506492615,0.19369234144687653,0.5456489324569702,0.3943766951560974,-0.025976475328207016,0.4048231840133667,0.32827746868133545,0.09464186429977417,0.39705023169517517,0.3184134364128113,0.09995704144239426,0.32548704743385315,0.29889383912086487,0.21146106719970703,0.4131320118904114,0.3002172112464905,0.254033625125885,0.34752628207206726,0.30820947885513306,0.15190564095973969,0.45292261242866516,0.3051796555519104,0.2338143289089203,0.44266432523727417,0.31327196955680847,0.30013906955718994,0.5571702122688293,0.40860921144485474,-0.08484351634979248,0.5787727236747742,0.4019065499305725,-0.05505591258406639,0.5931359529495239,0.4015304744243622,-0.025875788182020187,0.5350068807601929,0.40833228826522827,-0.04237893968820572,0.6075291037559509,0.4144737720489502,0.025816965848207474,0.6251367926597595,0.4251514673233032,0.0005272554117254913,0.6023381352424622,0.41896888613700867,0.01737615093588829,0.5278110504150391,0.39542198181152344,-0.07012749463319778,0.5821326375007629,0.4160514771938324,-0.026345454156398773,0.5709367990493774,0.4187805950641632,-0.05043363571166992,0.5568812489509583,0.42543333768844604,-0.07421647757291794,0.6675795912742615,0.49974608421325684,-0.07263316214084625,0.6555005311965942,0.4778944253921509,-0.08196238428354263,0.6491706371307373,0.4720686972141266,-0.08014076203107834,0.638241171836853,0.46938854455947876,-0.0707639753818512,0.6262391209602356,0.4695194959640503,-0.06494540721178055,0.6245890855789185,0.44458693265914917,-0.019687911495566368,0.6322983503341675,0.4405922293663025,-0.02549339458346367,0.641083836555481,0.43675941228866577,-0.02957053668797016,0.6482346653938293,0.435264527797699,-0.023800065740942955,0.6093952059745789,0.41118288040161133,0.00039316905895248055,0.5749214887619019,0.4268943667411804,0.4048050343990326,0.6160833239555359,0.43366873264312744,0.0030831091571599245,0.620898962020874,0.42917507886886597,-0.0006451054941862822,0.5305941104888916,0.4226800203323364,-0.0691874772310257,0.5490317344665527,0.4076140224933624,-0.023520227521657944,0.5298040509223938,0.4189770817756653,-0.06626194715499878,0.4916175305843353,0.38219475746154785,0.0582628957927227,0.5268725156784058,0.3726130723953247,0.0786004588007927,0.5372474789619446,0.39036694169044495,-0.010896988213062286,0.364795982837677,0.2942034602165222,0.27852463722229004,0.38097745180130005,0.29958826303482056,0.20502591133117676,0.4185987412929535,0.3040555715560913,0.15118162333965302,0.6779922246932983,0.46218374371528625,-0.006796309258788824,0.3687598407268524,0.3402414321899414,0.060748014599084854,0.3138851523399353,0.32563939690589905,0.10543206334114075,0.28542301058769226,0.31427234411239624,0.14930938184261322,0.4704234004020691,0.35544514656066895,0.16099271178245544,0.50379478931427,0.3502769470214844,0.21045958995819092,0.4100498855113983,0.38686603307724,0.09985033422708511,0.46425503492355347,0.3291822075843811,0.19881154596805573,0.4457036256790161,0.3864285349845886,0.030085699632763863,0.526297390460968,0.3825587034225464,-0.06062527000904083,0.5507546663284302,0.3514118790626526,0.2446974366903305,0.5147225856781006,0.3572854995727539,0.1758268028497696,0.5118157267570496,0.36723023653030396,0.13354907929897308,0.486263632774353,0.3813416361808777,0.10017634928226471,0.46040642261505127,0.3900033235549927,0.08067147433757782,0.4410606324672699,0.3940778374671936,0.06399913132190704,0.4040030539035797,0.38565921783447266,6.661000224994496e-05,0.5920756459236145,0.3644222319126129,0.2190823256969452,0.46768277883529663,0.3238328993320465,0.2223135083913803,0.5165244936943054,0.40992438793182373,-0.11826570332050323,0.48786506056785583,0.3888317346572876,0.021244356408715248,0.49073219299316406,0.3805551528930664,0.43880876898765564,0.4253028929233551,0.3951498866081238,0.05673456937074661,0.5371630191802979,0.39596793055534363,0.011509094387292862,0.46545103192329407,0.33992886543273926,0.19500267505645752,0.512576162815094,0.3815869092941284,-0.04646915942430496,0.6206419467926025,0.4474218487739563,0.36380884051322937,0.40328550338745117,0.3847178816795349,0.11339587718248367,0.49132561683654785,0.3806155323982239,-0.07343690097332001,0.7136396169662476,0.46040070056915283,0.12934793531894684,0.7267711758613586,0.4898444414138794,0.1642046719789505,0.5929247736930847,0.38813844323158264,0.30856984853744507,0.6956611275672913,0.44734612107276917,0.18223392963409424,0.4708288311958313,0.33304083347320557,0.32933318614959717,0.7403539419174194,0.5082054734230042,-0.01875639706850052,0.5152316093444824,0.4223586916923523,-0.0949358344078064,0.5136667490005493,0.3884420394897461,0.032830264419317245,0.4839518070220947,0.33983972668647766,0.26887810230255127,0.456624835729599,0.35813573002815247,0.14695262908935547,0.44460517168045044,0.36673110723495483,0.1314525008201599,0.6295633316040039,0.4223582148551941,0.006878922693431377,0.6283149719238281,0.3839437961578369,0.20172563195228577,0.7501574754714966,0.5429389476776123,-0.053072262555360794,0.7515424489974976,0.51127690076828,0.05139085650444031,0.7428488731384277,0.5012995600700378,0.10325989127159119,0.4304734468460083,0.37423545122146606,0.12001707404851913,0.416239857673645,0.37996751070022583,0.11505423486232758,0.4076211452484131,0.38331830501556396,0.11545628309249878,0.4652470052242279,0.32039594650268555,0.2574785053730011,0.4075855314731598,0.3701920509338379,0.12134908139705658,0.4174894690513611,0.35915040969848633,0.12772338092327118,0.4305999279022217,0.3493082523345947,0.13914494216442108,0.4446263611316681,0.342643678188324,0.15322920680046082,0.45440706610679626,0.3409469723701477,0.1647149920463562,0.4572479724884033,0.34758609533309937,0.4230230748653412,0.4620618224143982,0.3519022464752197,0.1621888279914856,0.5840405225753784,0.41136521100997925,-0.025042233988642693,0.5358332395553589,0.3971590995788574,-0.04663017392158508,0.5466985106468201,0.4257943630218506,-0.07104229182004929,0.727873682975769,0.4764445424079895,0.07951582968235016,0.7334719300270081,0.49281325936317444,0.03065401315689087,0.7350558042526245,0.5285279750823975,-0.06958063691854477,0.7023520469665527,0.4816494286060333,0.23508575558662415,0.40438181161880493,0.3792566657066345,0.11712297797203064,0.4470852017402649,0.3847825527191162,-0.014024246484041214,0.755939781665802,0.5240164995193481,-0.0024636255111545324,0.6321685910224915,0.40979519486427307,0.2776031792163849,0.6298233270645142,0.45630964636802673,-0.04179910197854042,0.6400916576385498,0.4534408152103424,-0.04681830108165741,0.6511853933334351,0.4523446261882782,-0.051737114787101746,0.6596903800964355,0.4550466537475586,-0.04978412762284279,0.6776508688926697,0.4790981709957123,-0.037918757647275925,0.5969468951225281,0.41149187088012695,0.000493812607601285,0.6013665199279785,0.4068114161491394,0.006463991478085518,0.6045252084732056,0.4017868638038635,0.011202100664377213,0.6359931230545044,0.41780370473861694,0.029242832213640213,0.6266897916793823,0.38574308156967163,0.13257355988025665,0.4232352077960968,0.386142373085022,0.016663728281855583,0.3897009491920471,0.379719614982605,0.08434858173131943,0.3960510492324829,0.3776950240135193,0.10693763196468353,0.5919780135154724,0.4155242443084717,-0.0010681722778826952,0.673050045967102,0.416957825422287,0.14861604571342468,0.38663604855537415,0.38270413875579834,0.04094041883945465,0.6941627264022827,0.4881989061832428,-0.030257226899266243,0.4274813234806061,0.38547492027282715,-0.033967457711696625,0.4887152910232544,0.3860045075416565,-0.02034241519868374,0.6861286163330078,0.5081862807273865,-0.071011982858181,0.6857712268829346,0.4491272568702698,0.03854871168732643,0.5626274943351746,0.3970945477485657,0.022533653303980827,0.6944882869720459,0.4690939784049988,0.004765672609210014,0.5885343551635742,0.3818233013153076,0.06315385550260544,0.5943588018417358,0.3986915946006775,0.03342915326356888,0.6290493607521057,0.3939581513404846,0.08306621760129929,0.7127648591995239,0.5159218311309814,-0.0721733495593071,0.5059869289398193,0.3885262608528137,-0.001835344941355288,0.7074222564697266,0.45661771297454834,0.06122755631804466,0.712741494178772,0.4778429865837097,0.018696703016757965,0.6697704195976257,0.4289371371269226,0.06362751871347427,0.6575692296028137,0.40405818819999695,0.18928955495357513,0.6844723224639893,0.42889270186424255,0.09630824625492096,0.6664862036705017,0.43047794699668884,0.24094663560390472,0.6294020414352417,0.40765509009361267,0.04965978115797043,0.467237263917923,0.38696661591529846,0.005036302376538515,0.5301082134246826,0.38910505175590515,-0.0705433040857315,0.5412899851799011,0.3912120461463928,-0.04529380053281784,0.5129465460777283,0.38164710998535156,-0.08977018296718597,0.3907386362552643,0.3617854714393616,0.09622982889413834,0.4079780876636505,0.3408374786376953,0.1136481985449791,0.427181601524353,0.3272421360015869,0.13252565264701843,0.44429686665534973,0.3202189803123474,0.15599942207336426,0.45645108819007874,0.32124701142311096,0.17837393283843994,0.47206777334213257,0.3400256335735321,0.20920205116271973,0.5513990521430969,0.3693895936012268,0.3290180265903473,0.48947662115097046,0.35596081614494324,0.16901427507400513,0.48424041271209717,0.3652878999710083,0.13988307118415833,0.46696245670318604,0.376380980014801,0.11386826634407043,0.44545647501945496,0.38547489047050476,0.09633874893188477,0.4281345009803772,0.39042672514915466,0.0835912674665451,0.415921151638031,0.39247676730155945,0.07654087990522385,0.5297555923461914,0.40652215480804443,0.43233728408813477,0.5431199073791504,0.39822083711624146,-0.03668210655450821,0.4678621292114258,0.3836555778980255,-0.040305089205503464,0.5223769545555115,0.38988780975341797,-0.10079409182071686,0.5202314257621765,0.40718382596969604,-0.1043553575873375,0.5236124992370605,0.39708608388900757,-0.09036356955766678,0.5425558686256409,0.40718093514442444,-0.03758206218481064,0.5198176503181458,0.4076698124408722,-0.11319971829652786,0.5192071199417114,0.4185181260108948,-0.0906994417309761,0.4011218547821045,0.38678401708602905,0.1001911610364914,0.4020954966545105,0.3914473354816437,0.07236385345458984,0.40732547640800476,0.39251476526260376,0.04686573147773743,0.46016207337379456,0.34094440937042236,0.17497238516807556,0.46094128489494324,0.332649290561676,0.1829771101474762,0.24807757139205933,0.4926025867462158,-0.013005398213863373,0.2645169198513031,0.47871118783950806,-0.013005398213863373,0.23435848951339722,0.4858070909976959,-0.013005398213863373,0.23107179999351501,0.5065162181854248,-0.013005398213863373,0.26123207807540894,0.49943670630455017,-0.013005398213863373,0.4348932206630707,0.35714876651763916,0.14146801829338074,0.4494832158088684,0.3484504222869873,0.14146801829338074,0.422037273645401,0.34769362211227417,0.14146801829338074,0.41997429728507996,0.3658304214477539,0.14146801829338074,0.4472830295562744,0.3662334680557251,0.14146801829338074,0,0,0,0,0,1,0,0,0,0,0,0,0.061699241399765015,0.0473489947617054,0.08150485157966614,0.04717222601175308,0.024510717019438744,0.04896259307861328,0.055449843406677246,0.06924846023321152,0.0868205800652504,0.09902819991111755,1.0398516654968262,0.21614192426204681,Neutral,4.9703497886657715,-4.952179908752441
259,8.633333333333333,37.426353382853165,-8.231226080611636,1.2369650121475801,0.5495954751968384,0.4101409614086151,-0.07775705307722092,0.4916173815727234,0.35473906993865967,-0.10915720462799072,0.5019903182983398,0.39692991971969604,-0.06844588369131088,0.40924787521362305,0.37257054448127747,-0.08674846589565277,0.47159457206726074,0.34669071435928345,-0.11118166893720627,0.4431711435317993,0.3504014313220978,-0.09721355885267258,0.363224595785141,0.3709568679332733,-0.028602750971913338,0.24758519232273102,0.5154607892036438,-0.0901813954114914,0.31407755613327026,0.3672480583190918,-0.0015751781174913049,0.2900913953781128,0.3577911853790283,0.003656544489786029,0.19919176399707794,0.3475791811943054,0.04499517008662224,0.5546790957450867,0.4130333960056305,-0.07701998949050903,0.5564694404602051,0.4173187017440796,-0.07257375866174698,0.555190920829773,0.4216851592063904,-0.06563164293766022,0.629226803779602,0.4515860676765442,-0.05590617656707764,0.642156183719635,0.45486345887184143,-0.06065032631158829,0.6535776853561401,0.45959535241127014,-0.0666276142001152,0.6610381603240967,0.46584373712539673,-0.0655410885810852,0.6582332849502563,0.4595234990119934,-0.053559403866529465,0.5005834102630615,0.36903977394104004,-0.10179053246974945,0.4840441346168518,0.39806705713272095,-0.09137263894081116,0.09544658660888672,0.6245027780532837,-0.06479772925376892,0.3050433099269867,0.47080329060554504,-0.06286568939685822,0.2927815020084381,0.48932957649230957,-0.08040282130241394,0.2782227396965027,0.5077229738235474,-0.09222277253866196,0.2469433844089508,0.5288870930671692,-0.09871424734592438,0.3125418722629547,0.45371031761169434,-0.041591577231884,0.2307339310646057,0.4717557728290558,-0.08002771437168121,0.249349445104599,0.4519842267036438,-0.05580221489071846,0.21774426102638245,0.493495911359787,-0.09345250576734543,0.2145320624113083,0.5105772018432617,-0.09842820465564728,0.24715250730514526,0.5538262724876404,-0.10469003766775131,0.644180417060852,0.5481982827186584,-0.10306665301322937,0.23601272702217102,0.5220628380775452,-0.09006847441196442,0.18708299100399017,0.6534124612808228,-0.07944859564304352,0.215779647231102,0.5703755617141724,-0.10252399742603302,0.3970498740673065,0.4921978712081909,-0.10718328505754471,0.5260493755340576,0.43353235721588135,-0.0973571240901947,0.5387417078018188,0.43872445821762085,-0.09039346873760223,0.5104975700378418,0.46328282356262207,-0.1105395257472992,0.5020812749862671,0.4848062992095947,-0.11237972974777222,0.5238789319992065,0.46092331409454346,-0.10123995691537857,0.5135825872421265,0.47920119762420654,-0.09966284781694412,0.5512349605560303,0.5444874167442322,-0.10496333986520767,0.48169147968292236,0.3684927821159363,-0.11972180753946304,0.46121811866760254,0.36280614137649536,-0.12361074239015579,0.17416149377822876,0.5303815007209778,-0.1173064112663269,0.36728909611701965,0.445075124502182,-0.06447868794202805,0.44112956523895264,0.43987348675727844,-0.11455076187849045,0.4259699583053589,0.44385597109794617,-0.10823269933462143,0.354035884141922,0.556313693523407,-0.1440005749464035,0.4350399971008301,0.36582162976264954,-0.11041336506605148,0.19099919497966766,0.4708101153373718,-0.09456726163625717,0.1759984791278839,0.5022594928741455,-0.11094040423631668,0.08247888088226318,0.5694829225540161,-0.07022108137607574,0.27060434222221375,0.3977753520011902,-0.03387777507305145,0.27114203572273254,0.4380112886428833,-0.03473880514502525,0.5158904790878296,0.5501119494438171,-0.11615170538425446,0.4243883490562439,0.7475676536560059,-0.06923921406269073,0.4612075090408325,0.4335961639881134,-0.0949380174279213,0.47607743740081787,0.4223485589027405,-0.080286405980587,0.5030941963195801,0.5159783363342285,-0.10290969163179398,0.5090960264205933,0.5106081962585449,-0.0963541567325592,0.15535224974155426,0.5079278349876404,-0.10683505237102509,0.44727975130081177,0.4528998136520386,-0.1055532693862915,0.21983502805233002,0.43672269582748413,-0.0674181580543518,0.20338015258312225,0.432059109210968,-0.06908049434423447,0.11878754198551178,0.4450915455818176,-0.04643954336643219,0.1201598048210144,0.5323593616485596,-0.08580106496810913,0.16205498576164246,0.42852404713630676,-0.0519450418651104,0.1548011749982834,0.5411513447761536,-0.11003052443265915,0.12716107070446014,0.5816773176193237,-0.08152506500482559,0.5341827869415283,0.43626669049263,-0.09652075171470642,0.517903208732605,0.46202710270881653,-0.10707215964794159,0.5081223249435425,0.482107549905777,-0.10714997351169586,0.46725982427597046,0.43437713384628296,-0.08557234704494476,0.506534218788147,0.5131992697715759,-0.09847571700811386,0.5297976732254028,0.5146896839141846,-0.09700967371463776,0.5111418962478638,0.5083508491516113,-0.09492382407188416,0.46437913179397583,0.4061329960823059,-0.116389200091362,0.5162254571914673,0.47737810015678406,-0.09498689323663712,0.5263917446136475,0.46008366346359253,-0.0928267166018486,0.5402349233627319,0.4409114122390747,-0.08442004024982452,0.6404677629470825,0.4856710433959961,-0.0736713781952858,0.6345688104629517,0.4947616159915924,-0.0866207703948021,0.6285709142684937,0.48700442910194397,-0.08762456476688385,0.6189984083175659,0.4791494607925415,-0.08126769214868546,0.6092957258224487,0.4726504981517792,-0.07539861649274826,0.5579963326454163,0.49824801087379456,-0.08796079456806183,0.5581063032150269,0.5045895576477051,-0.09202850610017776,0.5577623844146729,0.5126798152923584,-0.09761742502450943,0.5574219226837158,0.5202193260192871,-0.09975805878639221,0.4882087707519531,0.5004287958145142,-0.11378032714128494,0.2815719544887543,0.7411974668502808,-0.04155820608139038,0.5014095306396484,0.38355663418769836,-0.07946452498435974,0.5354336500167847,0.5041386485099792,-0.09069306403398514,0.5329934358596802,0.5092388987541199,-0.09399446845054626,0.48823511600494385,0.4200226366519928,-0.08364444971084595,0.4620605707168579,0.45841044187545776,-0.0844988077878952,0.4827495217323303,0.4208199381828308,-0.08186537772417068,0.3659355044364929,0.4680512845516205,-0.08200430870056152,0.35979709029197693,0.49891793727874756,-0.10923503339290619,0.43150395154953003,0.4563188850879669,-0.10161849856376648,0.08908873796463013,0.5095029473304749,-0.06590117514133453,0.13072656095027924,0.48186954855918884,-0.07501734048128128,0.17167556285858154,0.4709360599517822,-0.09214971214532852,0.5806640982627869,0.5312526226043701,-0.10147736966609955,0.24427032470703125,0.3900625705718994,-0.03743510693311691,0.19728562235832214,0.3870013356208801,-0.018100086599588394,0.15549692511558533,0.3936384916305542,-0.007509465795010328,0.2617753744125366,0.5224597454071045,-0.09830905497074127,0.2447831779718399,0.5835209488868713,-0.11595454812049866,0.314879834651947,0.44149816036224365,-0.029821060597896576,0.20747427642345428,0.5357796549797058,-0.10658452659845352,0.3636850118637085,0.42580533027648926,-0.0567966066300869,0.4434419572353363,0.4136284291744232,-0.1206839457154274,0.25556662678718567,0.6194541454315186,-0.12448359280824661,0.2678602337837219,0.5755087733268738,-0.12615109980106354,0.29473787546157837,0.5519153475761414,-0.11981190741062164,0.3201296925544739,0.5117809176445007,-0.09468330442905426,0.33275866508483887,0.48095595836639404,-0.06996366381645203,0.3396856188774109,0.45676469802856445,-0.05186634510755539,0.3561558127403259,0.38797301054000854,-0.04222797229886055,0.3077768087387085,0.6290952563285828,-0.14042942225933075,0.19169728457927704,0.5520791411399841,-0.11129782348871231,0.4939436912536621,0.37638938426971436,-0.1105414405465126,0.39169198274612427,0.4441796839237213,-0.07598335295915604,0.17043457925319672,0.7036498188972473,-0.036965105682611465,0.34206563234329224,0.43650203943252563,-0.03803001716732979,0.42912670969963074,0.4677625894546509,-0.08318454772233963,0.22854366898536682,0.5308693647384644,-0.09552335739135742,0.42666593194007874,0.4185805916786194,-0.11121155321598053,0.3476007282733917,0.7514486312866211,-0.05219636857509613,0.30777043104171753,0.43927425146102905,-0.02443288452923298,0.4288710057735443,0.389299213886261,-0.11506103724241257,0.5333717465400696,0.6567872166633606,-0.11552533507347107,0.5569373965263367,0.6908856630325317,-0.09734857082366943,0.29083260893821716,0.6910077929496765,-0.09439832717180252,0.4785190522670746,0.6859152913093567,-0.11696736514568329,0.15070226788520813,0.619059145450592,-0.0752972885966301,0.6703185439109802,0.5659357309341431,-0.1054982841014862,0.4954594075679779,0.3895569443702698,-0.08416956663131714,0.3949663043022156,0.4678085148334503,-0.0863850936293602,0.20591749250888824,0.5919403433799744,-0.1022472009062767,0.26861387491226196,0.49766620993614197,-0.08508308976888657,0.28239378333091736,0.48261013627052307,-0.07540669292211533,0.5261470079421997,0.5202627182006836,-0.0998549833893776,0.3574879467487335,0.6463850736618042,-0.1380031406879425,0.7252896428108215,0.5397968292236328,-0.0816667377948761,0.6563893556594849,0.6147307753562927,-0.09631653875112534,0.6148187518119812,0.6501044034957886,-0.09758086502552032,0.2369278371334076,0.3484000265598297,0.027571197599172592,0.7471303939819336,0.5009607076644897,-0.0466621033847332,0.2925381064414978,0.4684138596057892,-0.05977560952305794,0.3007197976112366,0.45380616188049316,-0.043815210461616516,0.3058379590511322,0.44414466619491577,-0.03090859204530716,0.17555388808250427,0.5673768520355225,-0.10485192388296127,0.2845710515975952,0.44917410612106323,-0.041861843317747116,0.2675967216491699,0.46315231919288635,-0.0572480671107769,0.25396454334259033,0.4788811206817627,-0.07224714010953903,0.24323982000350952,0.4961935877799988,-0.08432602882385254,0.2387515902519226,0.5083714723587036,-0.08892186731100082,0.12275069952011108,0.6666809916496277,-0.048470258712768555,0.25750625133514404,0.5077992081642151,-0.08931092172861099,0.5172388553619385,0.400775671005249,-0.06707782298326492,0.48626062273979187,0.4752417802810669,-0.10593663901090622,0.45923495292663574,0.42714622616767883,-0.09873821586370468,0.5039318799972534,0.42638593912124634,-0.08918050676584244,0.3356718420982361,0.37469300627708435,-0.007182103581726551,0.5851699113845825,0.6281070709228516,-0.10811135917901993,0.6283113360404968,0.6001784205436707,-0.10530228912830353,0.7061808109283447,0.5258963704109192,-0.09396332502365112,0.49650752544403076,0.7240134477615356,-0.08648284524679184,0.2995780408382416,0.4419266879558563,-0.03163275495171547,0.3845100700855255,0.39970332384109497,-0.06809349358081818,0.7297897338867188,0.48670142889022827,-0.060647960752248764,0.6940457820892334,0.5777496099472046,-0.09709876030683517,0.34975290298461914,0.7045446634292603,-0.10023121535778046,0.5848575234413147,0.4878775179386139,-0.08460928499698639,0.5888242721557617,0.4956628084182739,-0.09015120565891266,0.5933629274368286,0.5046157836914062,-0.09649534523487091,0.5977222919464111,0.5133633017539978,-0.09772104769945145,0.6115264892578125,0.5119784474372864,-0.09476736187934875,0.5078392624855042,0.4962264895439148,-0.09904565662145615,0.5029218792915344,0.4996682405471802,-0.10502757132053375,0.4977027475833893,0.5026594400405884,-0.10978671908378601,0.4982162415981293,0.5262952446937561,-0.11858577281236649,0.3916642367839813,0.601685106754303,-0.1465306431055069,0.35883933305740356,0.40590018033981323,-0.0471445769071579,0.305196076631546,0.4166940748691559,-0.010295203886926174,0.29823267459869385,0.43019038438796997,-0.022017953917384148,0.5106989145278931,0.49345967173576355,-0.09554725885391235,0.4487474858760834,0.6406581997871399,-0.13189958035945892,0.3181598484516144,0.39814871549606323,-0.019205238670110703,0.6245247721672058,0.5320166945457458,-0.09607776254415512,0.41629233956336975,0.3581043779850006,-0.07327224314212799,0.3840831518173218,0.38062477111816406,-0.06288750469684601,0.39093318581581116,0.3647969365119934,-0.04938194900751114,0.40872833132743835,0.41918253898620605,-0.08567021042108536,0.7039511203765869,0.47454026341438293,-0.0641426369547844,0.6767271161079407,0.46737128496170044,-0.058139096945524216,0.6570499539375305,0.4986328184604645,-0.08083155006170273,0.548306405544281,0.5688607096672058,-0.11089251935482025,0.43519091606140137,0.4893273413181305,-0.09648572653532028,0.5888482332229614,0.5555727481842041,-0.10359504818916321,0.40393203496932983,0.5302088856697083,-0.1315530240535736,0.44700708985328674,0.5115030407905579,-0.11481180042028427,0.42961451411247253,0.5669844746589661,-0.1383969932794571,0.6810561418533325,0.5107887387275696,-0.09433245658874512,0.41002053022384644,0.44287675619125366,-0.08628423511981964,0.5586032867431641,0.5989872217178345,-0.11459030210971832,0.6036278605461121,0.576554536819458,-0.10547278821468353,0.506220281124115,0.5728964805603027,-0.12585577368736267,0.4028802812099457,0.6601300239562988,-0.1318540722131729,0.49542516469955444,0.6112880706787109,-0.1297236829996109,0.41136085987091064,0.7064083218574524,-0.10889235883951187,0.4674968123435974,0.5402156710624695,-0.1258852779865265,0.3878307342529297,0.42193588614463806,-0.0720103457570076,0.45798230171203613,0.4087584614753723,-0.12214814126491547,0.45270654559135437,0.4345746636390686,-0.10972113162279129,0.4516160190105438,0.38645756244659424,-0.12572826445102692,0.2745930850505829,0.42202115058898926,-0.02749014087021351,0.23913079500198364,0.4458203911781311,-0.05764450132846832,0.21604403853416443,0.4707373380661011,-0.0844072476029396,0.20187103748321533,0.4960004985332489,-0.10251398384571075,0.198145791888237,0.5178072452545166,-0.10910466313362122,0.22331473231315613,0.5488424301147461,-0.0997014194726944,0.23660001158714294,0.674328088760376,-0.09144141525030136,0.26357436180114746,0.5458093881607056,-0.10657761245965958,0.28504273295402527,0.5282526612281799,-0.09977152943611145,0.30441126227378845,0.5014828443527222,-0.08448277413845062,0.31837886571884155,0.47534826397895813,-0.06282614171504974,0.32609373331069946,0.4544873833656311,-0.04160254821181297,0.33007490634918213,0.43889620900154114,-0.029174359515309334,0.22432367503643036,0.7252094745635986,-0.034556977450847626,0.456654816865921,0.44330546259880066,-0.10067500919103622,0.4075988829135895,0.39324843883514404,-0.08907680213451385,0.4697883129119873,0.385006844997406,-0.12314369529485703,0.48291924595832825,0.3888484239578247,-0.10735210031270981,0.47151270508766174,0.3931925594806671,-0.11509761214256287,0.4644928574562073,0.4463202953338623,-0.088829904794693,0.48811662197113037,0.38294360041618347,-0.11019554734230042,0.49048328399658203,0.3948594629764557,-0.08772614598274231,0.3138696551322937,0.43208789825439453,-0.01727931946516037,0.32729771733283997,0.42370840907096863,-0.016523420810699463,0.33658185601234436,0.41765740513801575,-0.025580082088708878,0.23698656260967255,0.515985906124115,-0.09066428244113922,0.2166471928358078,0.5244383215904236,-0.09890583157539368,0.42620670795440674,0.3508596420288086,-0.04799412563443184,0.40704068541526794,0.35690733790397644,0.18853691220283508,0.5039599537849426,0.37351712584495544,-0.06222308799624443,0.3359373211860657,0.3503647446632385,0.37765762209892273,0.4029673635959625,0.3741966784000397,0.11736857146024704,0.41063377261161804,0.3708837330341339,0.13607966899871826,0.41520005464553833,0.3669230341911316,0.1570211499929428,0.4076994061470032,0.3636084198951721,0.19591300189495087,0.39520663022994995,0.374634712934494,0.10097341239452362,0.37792640924453735,0.3449593782424927,0.14280694723129272,0.3727620244026184,0.3504481613636017,0.12053068727254868,0.38363444805145264,0.3428322672843933,0.16450968384742737,0.38964298367500305,0.3451117277145386,0.18138550221920013,0.41508254408836365,0.36750802397727966,0.21252664923667908,0.7005232572555542,0.4397573471069336,0.028354216367006302,0.4032403826713562,0.35578083992004395,0.2015077918767929,0.4177083969116211,0.3668838143348694,0.3594927489757538,0.4003155827522278,0.36272022128105164,0.25437551736831665,0.4986271262168884,0.35894179344177246,0.07443412393331528,0.559402585029602,0.3889167010784149,-0.05133909732103348,0.5666805505752563,0.401557981967926,-0.04791087657213211,0.57207852602005,0.3767791986465454,-0.014846761710941792,0.5837472081184387,0.37391427159309387,0.020110400393605232,0.5754566192626953,0.3919033110141754,-0.018085284158587456,0.5836092233657837,0.38755539059638977,0.011805647052824497,0.6425749063491821,0.4035705029964447,0.06601980328559875,0.49818021059036255,0.34757232666015625,-0.09475768357515335,0.4797969460487366,0.3390507102012634,-0.09389884769916534,0.3744804859161377,0.3306400179862976,0.21569935977458954,0.42869865894317627,0.36646246910095215,0.05353172868490219,0.5041807889938354,0.35030102729797363,-0.0036765013355761766,0.49134254455566406,0.35177433490753174,0.006066720467060804,0.5145492553710938,0.3486921191215515,0.15755517780780792,0.4526768624782562,0.3428610563278198,-0.07243768125772476,0.36090126633644104,0.32238346338272095,0.1381095051765442,0.3677077293395996,0.32327595353126526,0.17989636957645416,0.3100031614303589,0.3261907696723938,0.3252336084842682,0.35167962312698364,0.34319615364074707,0.04309377446770668,0.3709070682525635,0.3578503429889679,0.10889558494091034,0.6238055229187012,0.3913881778717041,0.09049899131059647,0.6104626655578613,0.4576781988143921,0.34929683804512024,0.508488655090332,0.3654893636703491,-0.013423601165413857,0.5072052478790283,0.377534955739975,-0.039731159806251526,0.6061389446258545,0.3824186325073242,0.07584452629089355,0.6032252907752991,0.3887174725532532,0.060212571173906326,0.3556618392467499,0.31727704405784607,0.202205091714859,0.5108963251113892,0.36005374789237976,0.0034536083694547415,0.3543771207332611,0.327369749546051,0.09157305955886841,0.3417247235774994,0.3182915449142456,0.0949389636516571,0.2576284408569336,0.30996888875961304,0.17949478328227997,0.32531532645225525,0.3125677704811096,0.255581796169281,0.28189629316329956,0.3106372356414795,0.13763345777988434,0.3623645305633545,0.3277401626110077,0.24724316596984863,0.3499748706817627,0.3298162817955017,0.3065536320209503,0.5653458833694458,0.39458292722702026,-0.05093751475214958,0.5754512548446655,0.3838669955730438,-0.016993729397654533,0.584712028503418,0.37983036041259766,0.013596903532743454,0.5087542533874512,0.3724766671657562,-0.01831895112991333,0.6051266193389893,0.38553494215011597,0.0665016919374466,0.6215283870697021,0.39117443561553955,0.04183804243803024,0.6012859344482422,0.3912073075771332,0.05712730810046196,0.5027230381965637,0.35534194111824036,-0.04099301993846893,0.5804721117019653,0.3941245675086975,0.011009637266397476,0.572913408279419,0.3988214135169983,-0.01430404931306839,0.5650990009307861,0.4081498384475708,-0.04068898409605026,0.6666775941848755,0.4413193166255951,-0.03059825859963894,0.6716188788414001,0.43818986415863037,-0.039742276072502136,0.6630567312240601,0.434278666973114,-0.03944200649857521,0.6499403715133667,0.43270212411880493,-0.033003296703100204,0.6365482807159424,0.43287256360054016,-0.02986668422818184,0.6237234473228455,0.40872901678085327,0.018488410860300064,0.6303527355194092,0.40456682443618774,0.014468634501099586,0.6382065415382385,0.4000760316848755,0.013096258044242859,0.644438624382019,0.3973434269428253,0.020095249637961388,0.5744938850402832,0.3746318817138672,0.039933886379003525,0.5012860894203186,0.43993455171585083,0.4266740679740906,0.6136338710784912,0.400620698928833,0.04182340204715729,0.6181045174598694,0.3956329822540283,0.039374399930238724,0.5129199028015137,0.3840600252151489,-0.043445851653814316,0.5183826684951782,0.3740435242652893,0.0029003405943512917,0.5103821754455566,0.3807186484336853,-0.04243728891015053,0.44797834753990173,0.36304783821105957,0.07601725310087204,0.4742668569087982,0.3539848327636719,0.10515733063220978,0.5000565648078918,0.358282208442688,0.016728097572922707,0.2841334342956543,0.3116855025291443,0.25587111711502075,0.30286645889282227,0.3070806860923767,0.19986100494861603,0.3482976257801056,0.31363141536712646,0.15323157608509064,0.6537585258483887,0.4129027724266052,0.03938627615571022,0.33352506160736084,0.32844680547714233,0.04680358245968819,0.2622475028038025,0.3246225118637085,0.0809570923447609,0.23142439126968384,0.32091641426086426,0.10619810968637466,0.4139452278614044,0.3651735782623291,0.17889751493930817,0.4231400489807129,0.3734424114227295,0.2370755672454834,0.38945257663726807,0.3743382692337036,0.09720099717378616,0.3899995982646942,0.34883713722229004,0.215744286775589,0.4104904234409332,0.3662804365158081,0.03735879063606262,0.49475547671318054,0.34440064430236816,-0.031159117817878723,0.4684840142726898,0.3495667576789856,0.277240127325058,0.440420538187027,0.3736819624900818,0.2059134989976883,0.4503328204154968,0.37384653091430664,0.16184408962726593,0.44278639554977417,0.377408504486084,0.12088484317064285,0.4289018213748932,0.3803386092185974,0.09384841471910477,0.4178868234157562,0.3797672688961029,0.0704994946718216,0.3759765028953552,0.36387118697166443,-0.0020245809573680162,0.5151925086975098,0.35626667737960815,0.26064229011535645,0.38448745012283325,0.3460662066936493,0.2401479035615921,0.5042697787284851,0.36387965083122253,-0.09057975560426712,0.4512655735015869,0.3648587763309479,0.03788241744041443,0.40304210782051086,0.4078972637653351,0.44334784150123596,0.40706002712249756,0.3777809739112854,0.05767577141523361,0.49973103404045105,0.36625730991363525,0.03599417954683304,0.4001392126083374,0.3581782579421997,0.21115052700042725,0.47907698154449463,0.3471512198448181,-0.02032509259879589,0.555260181427002,0.4495232403278351,0.39500904083251953,0.38457685708999634,0.372509241104126,0.10821106284856796,0.46427708864212036,0.34281685948371887,-0.048517074435949326,0.668390154838562,0.4231865704059601,0.18344959616661072,0.6852421760559082,0.4551965892314911,0.21925240755081177,0.5145601034164429,0.38816195726394653,0.344085693359375,0.6431032419204712,0.4192418158054352,0.23521201312541962,0.37903764843940735,0.3496394157409668,0.3409932553768158,0.7252723574638367,0.4489388167858124,0.03693059831857681,0.5041349530220032,0.37946322560310364,-0.0721619501709938,0.47301751375198364,0.36414623260498047,0.05442192032933235,0.3971972167491913,0.36847835779190063,0.29092806577682495,0.40870657563209534,0.3607632517814636,0.16012418270111084,0.404205858707428,0.36451995372772217,0.14164894819259644,0.6242889165878296,0.38757479190826416,0.04952866584062576,0.5572359561920166,0.3697521388530731,0.2483980357646942,0.7531293630599976,0.4750022292137146,0.0012207875261083245,0.7286034822463989,0.45804518461227417,0.10782139003276825,0.710828423500061,0.455793559551239,0.15935149788856506,0.39721444249153137,0.367647647857666,0.1256137639284134,0.3897138833999634,0.3695972263813019,0.11576148867607117,0.386229008436203,0.37154847383499146,0.11210088431835175,0.3737718164920807,0.34722840785980225,0.27476319670677185,0.38477644324302673,0.36297595500946045,0.11955348402261734,0.38813546299934387,0.35737085342407227,0.13002437353134155,0.39227616786956787,0.3527646064758301,0.1457262635231018,0.3973080813884735,0.3501664996147156,0.16390694677829742,0.4011043608188629,0.3512314260005951,0.1774957776069641,0.36409544944763184,0.37676000595092773,0.41957390308380127,0.408847838640213,0.3580982983112335,0.1765570044517517,0.5536193251609802,0.37435799837112427,0.01050588395446539,0.5072115659713745,0.3599367141723633,-0.020928168669342995,0.5317900776863098,0.3856184780597687,-0.041668444871902466,0.6918696165084839,0.43062958121299744,0.1333247870206833,0.7065949440002441,0.44165781140327454,0.08524876087903976,0.7363673448562622,0.4620920419692993,-0.016443729400634766,0.6541056632995605,0.4582768976688385,0.28636619448661804,0.3843643367290497,0.36843377351760864,0.1133386641740799,0.41777142882347107,0.3575699031352997,-0.0046095778234303,0.7442692518234253,0.462765097618103,0.05462432652711868,0.5620309710502625,0.4012303948402405,0.31944334506988525,0.6333645582199097,0.4189789891242981,-0.004604703281074762,0.643802285194397,0.4160768389701843,-0.0069405329413712025,0.6548380851745605,0.414092481136322,-0.009244643151760101,0.6646832227706909,0.4146508574485779,-0.005669784266501665,0.6630477905273438,0.425004780292511,0.007918506860733032,0.5920954346656799,0.38705602288246155,0.03923039510846138,0.5939458012580872,0.38076698780059814,0.04666481912136078,0.5941095948219299,0.3752405643463135,0.052585240453481674,0.599439799785614,0.3802991509437561,0.07259918749332428,0.5627744793891907,0.3653828501701355,0.17945121228694916,0.3915993273258209,0.36544036865234375,0.018608856946229935,0.37056395411491394,0.36649125814437866,0.07283445447683334,0.375194251537323,0.36742496490478516,0.09984418749809265,0.5891209840774536,0.3920532464981079,0.03738393262028694,0.6154208183288574,0.3891674876213074,0.19935351610183716,0.3707043528556824,0.3635600209236145,0.030104905366897583,0.6770011782646179,0.43548423051834106,0.01788143813610077,0.4025033116340637,0.35710012912750244,-0.028666915372014046,0.45675086975097656,0.3558196723461151,-0.0023360156919807196,0.6833666563034058,0.4490751028060913,-0.026203632354736328,0.6501960158348083,0.40574559569358826,0.08704524487257004,0.5220519304275513,0.3673741817474365,0.05233870446681976,0.6669800281524658,0.4210882782936096,0.05360036343336105,0.5346298217773438,0.3570021986961365,0.1022709310054779,0.5507928133010864,0.3676014542579651,0.07090485841035843,0.5736161470413208,0.366595983505249,0.1288190484046936,0.7112317681312561,0.45264312624931335,-0.021999776363372803,0.47022730112075806,0.3605937361717224,0.018735269084572792,0.6684141755104065,0.4123445749282837,0.11319789290428162,0.6837441921234131,0.42900899052619934,0.07057372480630875,0.6275418996810913,0.3911561965942383,0.11296260356903076,0.5926854610443115,0.3832123577594757,0.2384646236896515,0.6344540119171143,0.39367836713790894,0.1477152407169342,0.605124831199646,0.4127953350543976,0.289582222700119,0.5852745771408081,0.37439510226249695,0.0932805985212326,0.43412917852401733,0.361578106880188,0.018168874084949493,0.5023002028465271,0.3492116332054138,-0.040468476712703705,0.5091155767440796,0.3543506860733032,-0.01630226895213127,0.4870709776878357,0.3397499918937683,-0.06076490134000778,0.36280685663223267,0.35411691665649414,0.08726756274700165,0.36521345376968384,0.34247106313705444,0.11175498366355896,0.37116342782974243,0.3360443711280823,0.13822081685066223,0.37739506363868713,0.3337717652320862,0.16812562942504883,0.38354402780532837,0.33830928802490234,0.19378779828548431,0.40040895342826843,0.3609342575073242,0.22715871036052704,0.46650806069374084,0.37644919753074646,0.3582715690135956,0.4252963662147522,0.36872631311416626,0.1916760504245758,0.42969760298728943,0.37057316303253174,0.16032244265079498,0.42488738894462585,0.3743877708911896,0.13014686107635498,0.41423484683036804,0.3777780532836914,0.10621678084135056,0.40480855107307434,0.3783174753189087,0.08649387210607529,0.3971829414367676,0.37770602107048035,0.07507207244634628,0.4490826725959778,0.4285144805908203,0.4451591968536377,0.511946976184845,0.3625714182853699,-0.008800702169537544,0.4405220150947571,0.3509618639945984,-0.023676862940192223,0.5000404119491577,0.3457639515399933,-0.07100661098957062,0.5034905672073364,0.3637174367904663,-0.0772843062877655,0.5020217299461365,0.3544832468032837,-0.06191777065396309,0.5138223767280579,0.37226247787475586,-0.011614073999226093,0.5050380825996399,0.3625809848308563,-0.08554540574550629,0.5053262710571289,0.37634730339050293,-0.06718781590461731,0.3832649886608124,0.3735355734825134,0.09315698593854904,0.3858780562877655,0.3754183053970337,0.06527290493249893,0.3917597234249115,0.3736419677734375,0.041854966431856155,0.4027321934700012,0.3531166911125183,0.1887291520833969,0.3941018581390381,0.35014599561691284,0.1985621452331543,0.263123482465744,0.46832597255706787,-0.0659928023815155,0.2769600450992584,0.45109492540359497,-0.0659928023815155,0.2487953156232834,0.4630926549434662,-0.0659928023815155,0.24910478293895721,0.4855702817440033,-0.0659928023815155,0.2775142788887024,0.4735974371433258,-0.0659928023815155,0.37656426429748535,0.3503433167934418,0.14805229008197784,0.38354066014289856,0.3446691036224365,0.14805229008197784,0.36151182651519775,0.3435555100440979,0.14805229008197784,0.3691846430301666,0.3563183546066284,0.14805229008197784,0.3910351097583771,0.3573092818260193,0.14805229008197784,0,0,0,0,0,1,1,0,0,0,0,0,0.09620074182748795,0.060957539826631546,0.08372022211551666,0.05772018805146217,0.023928537964820862,0.05195144936442375,0.05604252219200134,0.05558227747678757,0.07846582680940628,0.10343220084905624,0.8537430763244629,0.2630442976951599,Sadness,-4.334932327270508,-32.044334411621094
260,8.666666666666666,33.51145163504683,-6.818419592632664,0.9256278046560559,0.5484937429428101,0.42842283844947815,-0.07924698293209076,0.5033806562423706,0.36990630626678467,-0.10825938731431961,0.5135643482208252,0.40839865803718567,-0.06947900354862213,0.4253939986228943,0.3820308446884155,-0.08154532313346863,0.484612375497818,0.3614955544471741,-0.10961683094501495,0.45834803581237793,0.3631529211997986,-0.09500525891780853,0.3840511441230774,0.3768460154533386,-0.024890130385756493,0.25806206464767456,0.5134780406951904,-0.06785110384225845,0.3398898243904114,0.3704998195171356,0.003776267869397998,0.31786254048347473,0.3604438602924347,0.01036739069968462,0.23322640359401703,0.3449895977973938,0.055901654064655304,0.5528405904769897,0.4304209053516388,-0.07884290814399719,0.5552520155906677,0.43309423327445984,-0.07486017048358917,0.5551763772964478,0.43557924032211304,-0.06867910176515579,0.6246609687805176,0.46362748742103577,-0.05943448469042778,0.636243999004364,0.46763208508491516,-0.0648922249674797,0.6467084288597107,0.4723343551158905,-0.07138166576623917,0.654453456401825,0.4772212505340576,-0.07092969864606857,0.6650046110153198,0.4766697287559509,-0.060407690703868866,0.511939525604248,0.3833395838737488,-0.10138040035963058,0.49487343430519104,0.4096336364746094,-0.08963610231876373,0.11677758395671844,0.6002310514450073,-0.030645880848169327,0.3153306245803833,0.4744170308113098,-0.04683775454759598,0.3031684160232544,0.4913250505924225,-0.06226292625069618,0.28875309228897095,0.5076009035110474,-0.07206720858812332,0.2585963010787964,0.5239237546920776,-0.07573093473911285,0.32326534390449524,0.45854702591896057,-0.028320295736193657,0.24829725921154022,0.46739253401756287,-0.06009344011545181,0.2677994966506958,0.45033279061317444,-0.03873379901051521,0.2342691421508789,0.48672938346862793,-0.07153822481632233,0.22978045046329498,0.5026032328605652,-0.07526169717311859,0.2589913606643677,0.5456027984619141,-0.08088044822216034,0.643046498298645,0.561035692691803,-0.10226457566022873,0.2466399371623993,0.5177323818206787,-0.0669279471039772,0.19939512014389038,0.6335673928260803,-0.04825595021247864,0.2341516613960266,0.5528650283813477,-0.07597467303276062,0.40575534105300903,0.49474331736564636,-0.094986692070961,0.521706223487854,0.4493336081504822,-0.09593838453292847,0.5355581045150757,0.4529063105583191,-0.08991976082324982,0.5054872035980225,0.4753310978412628,-0.10621051490306854,0.49833163619041443,0.49361419677734375,-0.10586657375097275,0.5200303792953491,0.47257500886917114,-0.09807389229536057,0.5109413862228394,0.4882428050041199,-0.09484629333019257,0.5496693253517151,0.5531823635101318,-0.09836528450250626,0.4926532208919525,0.3826293349266052,-0.11713242530822754,0.4732436537742615,0.3764602839946747,-0.12003893405199051,0.19638995826244354,0.5119668841362,-0.09023455530405045,0.3822791874408722,0.4476090967655182,-0.054321736097335815,0.4497647285461426,0.4478267729282379,-0.10684631019830704,0.43559521436691284,0.4505596160888672,-0.09999220818281174,0.35985007882118225,0.5536720156669617,-0.12414160370826721,0.4492015838623047,0.3775555491447449,-0.10575956106185913,0.21579641103744507,0.4591204822063446,-0.07305330783128738,0.1994440257549286,0.4866090714931488,-0.08609108626842499,0.10723552107810974,0.5484074354171753,-0.03721916675567627,0.2938994765281677,0.40021583437919617,-0.02312503010034561,0.28914740681648254,0.43877580761909485,-0.01999722234904766,0.5141475200653076,0.5566533207893372,-0.10634740442037582,0.4228653311729431,0.7348566651344299,-0.04971027001738548,0.4698777198791504,0.4424474835395813,-0.0895208790898323,0.4858153462409973,0.43205249309539795,-0.078397735953331,0.5032654404640198,0.5182310938835144,-0.09467136114835739,0.5093529224395752,0.5136064887046814,-0.08937730640172958,0.18152739107608795,0.48772674798965454,-0.0800885558128357,0.45534443855285645,0.46011197566986084,-0.09853699803352356,0.2456488162279129,0.4309413731098175,-0.050617288798093796,0.23094558715820312,0.4235970973968506,-0.05124525725841522,0.14933937788009644,0.43351468443870544,-0.021534956991672516,0.14291974902153015,0.5161665081977844,-0.056022170931100845,0.18953488767147064,0.4203842878341675,-0.030428806319832802,0.17972645163536072,0.5184127688407898,-0.08114803582429886,0.14697062969207764,0.562578558921814,-0.050052717328071594,0.5298047065734863,0.4516162872314453,-0.09533067047595978,0.5129674673080444,0.47431445121765137,-0.10325297713279724,0.5045332908630371,0.4912634491920471,-0.10151107609272003,0.4760960042476654,0.4432061016559601,-0.08166339993476868,0.5066502690315247,0.5159267783164978,-0.09102912247180939,0.5284603238105774,0.5188453197479248,-0.09156952798366547,0.5113353729248047,0.5115972757339478,-0.08835897594690323,0.474088191986084,0.4170801639556885,-0.11077674478292465,0.5146099925041199,0.48585736751556396,-0.09094825387001038,0.5243183374404907,0.4706629514694214,-0.09061636030673981,0.5387380719184875,0.45362570881843567,-0.0845910832285881,0.6443812847137451,0.5015248656272888,-0.07763069123029709,0.6267133951187134,0.5031547546386719,-0.08878755569458008,0.6202957034111023,0.49690455198287964,-0.08908692002296448,0.6117850542068481,0.4896179437637329,-0.08221403509378433,0.6031458973884583,0.48300793766975403,-0.0759221538901329,0.55524080991745,0.505075991153717,-0.08428587764501572,0.5549517869949341,0.5109778642654419,-0.08869999647140503,0.554371178150177,0.5182276368141174,-0.09426454454660416,0.5543016195297241,0.5246120691299438,-0.09609771519899368,0.4905320405960083,0.5079995393753052,-0.10556704550981522,0.2878361940383911,0.7199286222457886,-0.014453680254518986,0.5129348635673523,0.3963514566421509,-0.07991587370634079,0.5347602963447571,0.5096164345741272,-0.08535031229257584,0.5318475365638733,0.5141497850418091,-0.08874376118183136,0.4980403780937195,0.4301867187023163,-0.0821077972650528,0.4698222875595093,0.46570977568626404,-0.07973765581846237,0.4925341010093689,0.43083298206329346,-0.08020522445440292,0.3789503276348114,0.4696508049964905,-0.06984793394804001,0.37007689476013184,0.4990098178386688,-0.09412931650876999,0.44038861989974976,0.4624194800853729,-0.09363524615764618,0.11709590256214142,0.4925575852394104,-0.03604981303215027,0.15630130469799042,0.46915939450263977,-0.04857848584651947,0.1987459361553192,0.4556468725204468,-0.06884422898292542,0.5799887776374817,0.5423431396484375,-0.09755460172891617,0.27102693915367126,0.3884432017803192,-0.02501007914543152,0.22605381906032562,0.38285958766937256,-0.0023117943201214075,0.18783102929592133,0.38678693771362305,0.010691962204873562,0.2729245126247406,0.5197669863700867,-0.07641208916902542,0.2581748068332672,0.5706299543380737,-0.09038595110177994,0.32707294821739197,0.44680848717689514,-0.01740412786602974,0.22552262246608734,0.5220171809196472,-0.08098652958869934,0.38033461570739746,0.4289775788784027,-0.047819070518016815,0.4533185362815857,0.4233086109161377,-0.1137915849685669,0.2640042006969452,0.6070345640182495,-0.0966312512755394,0.27407705783843994,0.5709431171417236,-0.10218904167413712,0.29671645164489746,0.5543335676193237,-0.09909650683403015,0.32185226678848267,0.5187190175056458,-0.07835068553686142,0.3363577127456665,0.4892789125442505,-0.056609656661748886,0.3446049392223358,0.4664681553840637,-0.04088461771607399,0.37579071521759033,0.3927270770072937,-0.03587323799729347,0.31222763657569885,0.6196613907814026,-0.11414128541946411,0.21236412227153778,0.5333748459815979,-0.08372418582439423,0.5048726201057434,0.3901268243789673,-0.10879509150981903,0.40485358238220215,0.4483616054058075,-0.06685763597488403,0.1843358427286148,0.6781205534934998,-0.00514261843636632,0.3496007025241852,0.4467576742172241,-0.02842753939330578,0.4380069375038147,0.47288209199905396,-0.07538945227861404,0.2415045201778412,0.5230931043624878,-0.07157242298126221,0.43783581256866455,0.42683830857276917,-0.10388873517513275,0.3495028614997864,0.7338297367095947,-0.028579412028193474,0.3212777078151703,0.4438987970352173,-0.01127246581017971,0.4417886435985565,0.3994109034538269,-0.10884357243776321,0.5284864902496338,0.6578381061553955,-0.10259200632572174,0.5514634847640991,0.6897628307342529,-0.08633361011743546,0.2949872612953186,0.675809383392334,-0.0668790340423584,0.4745404124259949,0.6823548078536987,-0.1000862568616867,0.167042076587677,0.5989980697631836,-0.04367365688085556,0.6678146719932556,0.5789368748664856,-0.10501831769943237,0.5066456198692322,0.4019370973110199,-0.08380459994077682,0.4060603976249695,0.47111037373542786,-0.07615561038255692,0.22806032001972198,0.5679318904876709,-0.0735541358590126,0.2799319624900818,0.49865812063217163,-0.0647788941860199,0.2936044931411743,0.4849838614463806,-0.05692025646567345,0.5249135494232178,0.5233612656593323,-0.09388598054647446,0.3585061728954315,0.6390601992607117,-0.11463852226734161,0.7243772149085999,0.5558591485023499,-0.08808846771717072,0.6517366170883179,0.6232765913009644,-0.09359389543533325,0.6093376278877258,0.6544875502586365,-0.09082096070051193,0.26737675070762634,0.3481961190700531,0.036569274961948395,0.750043511390686,0.5196043848991394,-0.05869638919830322,0.3036550283432007,0.47157973051071167,-0.043307241052389145,0.31229168176651,0.4576490819454193,-0.029047412797808647,0.3184475302696228,0.4485381245613098,-0.017177624627947807,0.20032986998558044,0.5428133606910706,-0.07557836920022964,0.29721495509147644,0.45179301500320435,-0.026214059442281723,0.2793005108833313,0.4642127454280853,-0.04000362381339073,0.2643330991268158,0.47857964038848877,-0.05295714735984802,0.25249969959259033,0.49435165524482727,-0.06324262171983719,0.24789804220199585,0.5054402947425842,-0.06684054434299469,0.14054927229881287,0.6410415768623352,-0.01504549104720354,0.26843076944351196,0.5073950886726379,-0.06783657521009445,0.5279142260551453,0.4130788743495941,-0.06838661432266235,0.49085429310798645,0.48349571228027344,-0.10002546012401581,0.4680634140968323,0.43646207451820374,-0.09335622936487198,0.5122626423835754,0.43731218576431274,-0.0875173881649971,0.35902178287506104,0.3785366415977478,-0.002589165698736906,0.5803407430648804,0.6334394216537476,-0.09983161836862564,0.6243200898170471,0.6091198325157166,-0.10106650739908218,0.7059679627418518,0.5427074432373047,-0.09819710999727249,0.4926084876060486,0.7171545028686523,-0.07125195860862732,0.31280994415283203,0.44583821296691895,-0.01738591492176056,0.40095001459121704,0.40591758489608765,-0.06099745258688927,0.7333104014396667,0.5061321258544922,-0.07011395692825317,0.6908395290374756,0.5902755856513977,-0.09834554046392441,0.35032621026039124,0.6922611594200134,-0.07591498643159866,0.5796311497688293,0.4963787794113159,-0.08272066712379456,0.5829473733901978,0.503725528717041,-0.08855713903903961,0.5870835781097412,0.5118888020515442,-0.09487304091453552,0.5920260548591614,0.5192790627479553,-0.09626731276512146,0.6126296520233154,0.5256162285804749,-0.09402795881032944,0.5070091485977173,0.5020955204963684,-0.09278735518455505,0.501734733581543,0.5052099823951721,-0.0978122428059578,0.49638277292251587,0.5076468586921692,-0.101819708943367,0.49814414978027344,0.5333476662635803,-0.10846215486526489,0.3930496573448181,0.5990313291549683,-0.12708398699760437,0.37712639570236206,0.4097684621810913,-0.03948984667658806,0.32273706793785095,0.4209480881690979,0.00024818204110488296,0.31449729204177856,0.43341630697250366,-0.009136633016169071,0.5102968811988831,0.49938008189201355,-0.08991913497447968,0.44643521308898926,0.6388248205184937,-0.11446357518434525,0.33550208806991577,0.40505102276802063,-0.01116016786545515,0.6245090961456299,0.5448612570762634,-0.09568925201892853,0.4335089921951294,0.36850422620773315,-0.07057195156812668,0.4018826186656952,0.3878389000892639,-0.057327453047037125,0.40986379981040955,0.37302494049072266,-0.04607579484581947,0.42181435227394104,0.42604464292526245,-0.07834366708993912,0.7084819674491882,0.49344098567962646,-0.07263317704200745,0.6826205253601074,0.48508867621421814,-0.06571009010076523,0.6597319841384888,0.5145604014396667,-0.08474127948284149,0.546068549156189,0.5758512616157532,-0.1031336784362793,0.4420800805091858,0.49386411905288696,-0.08730617165565491,0.5871978402137756,0.5653092861175537,-0.09959165006875992,0.40894436836242676,0.5316922664642334,-0.11702258884906769,0.4512404203414917,0.5160546898841858,-0.10385328531265259,0.43105170130729675,0.5680875778198242,-0.12285827845335007,0.6821287274360657,0.5273841023445129,-0.09786859154701233,0.4217164218425751,0.4483673572540283,-0.07818076759576797,0.5551410913467407,0.6047039031982422,-0.10589274764060974,0.6010851263999939,0.5857280492782593,-0.10117501765489578,0.5043799877166748,0.5775995254516602,-0.1143394187092781,0.4015239477157593,0.6546252965927124,-0.11119721829891205,0.49255484342575073,0.6132917404174805,-0.11611692607402802,0.40933558344841003,0.6976627111434937,-0.08782339841127396,0.46852391958236694,0.5447720289230347,-0.11375550925731659,0.4026733338832855,0.4270825982093811,-0.06377707421779633,0.46742191910743713,0.41942352056503296,-0.11591117084026337,0.46100914478302,0.44337087869644165,-0.10342152416706085,0.46270865201950073,0.39819738268852234,-0.12018764764070511,0.29562151432037354,0.4232374429702759,-0.014137374237179756,0.26144668459892273,0.4424374997615814,-0.040510717779397964,0.23736488819122314,0.4636947512626648,-0.0640290156006813,0.22172749042510986,0.48551273345947266,-0.07941582798957825,0.2169928401708603,0.5050370097160339,-0.08420254290103912,0.2394222617149353,0.5364571213722229,-0.07471313327550888,0.24473704397678375,0.6566460132598877,-0.06136787682771683,0.27234041690826416,0.5421125292778015,-0.08401083201169968,0.2919144928455353,0.5286105275154114,-0.0796990618109703,0.3110516667366028,0.5049697160720825,-0.06737513840198517,0.3258225917816162,0.4807017147541046,-0.048259396106004715,0.33430740237236023,0.46145904064178467,-0.02978832647204399,0.33988839387893677,0.44645944237709045,-0.01869199052453041,0.23462620377540588,0.7013465762138367,-0.004677030257880688,0.46479323506355286,0.45148196816444397,-0.09485853463411331,0.4223938286304474,0.40154945850372314,-0.08242903649806976,0.48022061586380005,0.39763158559799194,-0.1187610775232315,0.493680864572525,0.40128710865974426,-0.10495437681674957,0.48186981678009033,0.40518590807914734,-0.11089422553777695,0.4727463722229004,0.45442935824394226,-0.08431751281023026,0.4988650679588318,0.39603811502456665,-0.10821469128131866,0.5013911724090576,0.4068240821361542,-0.0866934135556221,0.3279261291027069,0.43719804286956787,-0.005723039153963327,0.34026217460632324,0.43086743354797363,-0.007019481156021357,0.3483528196811676,0.42682093381881714,-0.017401056364178658,0.24655143916606903,0.512357771396637,-0.06804828345775604,0.23137159645557404,0.5151296257972717,-0.07493828982114792,0.4442635178565979,0.36155474185943604,-0.04804949462413788,0.43257203698158264,0.35995668172836304,0.17268428206443787,0.516952633857727,0.38632911443710327,-0.06440479308366776,0.37830033898353577,0.34168383479118347,0.35459017753601074,0.42247632145881653,0.3802415132522583,0.10881296545267105,0.43118923902511597,0.37593331933021545,0.12477140873670578,0.43733981251716614,0.37108445167541504,0.1432056874036789,0.43210330605506897,0.3655449151992798,0.1785973608493805,0.4142906069755554,0.3814435601234436,0.09486772119998932,0.40832024812698364,0.34795933961868286,0.13184842467308044,0.4009212851524353,0.3541598916053772,0.113306924700737,0.4150352478027344,0.34499451518058777,0.15066713094711304,0.420340895652771,0.34692108631134033,0.16590029001235962,0.43954217433929443,0.3685973882675171,0.19309227168560028,0.7130767107009888,0.4561803936958313,0.011949018575251102,0.4296460449695587,0.3583700656890869,0.18469078838825226,0.4566073715686798,0.3616209924221039,0.33062562346458435,0.42670974135398865,0.36153846979141235,0.23216581344604492,0.5202900767326355,0.3674454092979431,0.06237151101231575,0.5598459243774414,0.40630030632019043,-0.05590435862541199,0.5676029324531555,0.4161209762096405,-0.0528830848634243,0.5758761167526245,0.39207589626312256,-0.02300969325006008,0.5893444418907166,0.38601556420326233,0.009502124041318893,0.5786249041557312,0.4043862521648407,-0.025703134015202522,0.5886459350585938,0.3976549506187439,0.002290103817358613,0.6570777297019958,0.4165641963481903,0.0506136454641819,0.510962963104248,0.3628607988357544,-0.0955658107995987,0.4940013885498047,0.3539651036262512,-0.09432580322027206,0.41117334365844727,0.33006522059440613,0.19709575176239014,0.45115506649017334,0.3728371858596802,0.04765228182077408,0.5221518874168396,0.3622318208217621,-0.010853848420083523,0.5103675127029419,0.36265164613723755,-0.001091641141101718,0.5407136082649231,0.35530659556388855,0.13679304718971252,0.4688820242881775,0.3558567762374878,-0.07288915663957596,0.40123552083969116,0.3236292004585266,0.12779204547405243,0.4070816934108734,0.3232136368751526,0.16490499675273895,0.35094720125198364,0.32044410705566406,0.3071519732475281,0.38462743163108826,0.34921494126319885,0.04339560866355896,0.3960498571395874,0.3623673915863037,0.10379891842603683,0.6395283937454224,0.40285736322402954,0.0735616385936737,0.6419174671173096,0.45408594608306885,0.3158293068408966,0.5245897769927979,0.3771783113479614,-0.019100727513432503,0.5216752886772156,0.3891940712928772,-0.04330071061849594,0.6140636205673218,0.3870282769203186,0.06110672280192375,0.6110925078392029,0.39317476749420166,0.04721493646502495,0.3964231312274933,0.31557971239089966,0.18639898300170898,0.528693675994873,0.37138426303863525,-0.004131562076508999,0.3931833803653717,0.33066993951797485,0.08647243678569794,0.3831827938556671,0.32021763920783997,0.09027686715126038,0.29484808444976807,0.30859997868537903,0.17510108649730682,0.36491096019744873,0.3107585906982422,0.23834246397018433,0.31654447317123413,0.3114098310470581,0.13308651745319366,0.3996298611164093,0.32555440068244934,0.227044478058815,0.3908092975616455,0.32611238956451416,0.2848353385925293,0.5655391216278076,0.4108470678329468,-0.055730611085891724,0.5783899426460266,0.39807260036468506,-0.02483569271862507,0.5898226499557495,0.3911122679710388,0.00366653292439878,0.5244055986404419,0.38383251428604126,-0.02341138944029808,0.6129021644592285,0.3901815414428711,0.05286542698740959,0.6294482350349426,0.39797163009643555,0.029551958665251732,0.6094110012054443,0.39535263180732727,0.04429541528224945,0.5178055763244629,0.36844033002853394,-0.045514948666095734,0.5864310264587402,0.4026845693588257,0.0014616984408348799,0.5769968628883362,0.4100005030632019,-0.022214282304048538,0.567062497138977,0.42110151052474976,-0.04646981880068779,0.6760378479957581,0.4582090675830841,-0.040076158940792084,0.6689590215682983,0.4507891535758972,-0.04781851917505264,0.6601181030273438,0.4474461078643799,-0.0470241978764534,0.6478644609451294,0.4454670250415802,-0.040074098855257034,0.6352033615112305,0.44484633207321167,-0.03610936924815178,0.6297963261604309,0.4169912040233612,0.008687491528689861,0.6364121437072754,0.4131368398666382,0.004226841032505035,0.6445142030715942,0.4090546667575836,0.0024286159314215183,0.6511749029159546,0.40657344460487366,0.008577868342399597,0.5906314253807068,0.38626521825790405,0.028157709166407585,0.5389150381088257,0.4295494556427002,0.3941398561000824,0.6213819980621338,0.4069187343120575,0.03028077632188797,0.6259684562683105,0.4022881090641022,0.027592618018388748,0.5264012813568115,0.39587557315826416,-0.047250185161828995,0.5351953506469727,0.38479915261268616,-0.0038205443415790796,0.524272084236145,0.39252758026123047,-0.0460289791226387,0.47127199172973633,0.36940890550613403,0.06681063771247864,0.49846896529197693,0.3608631491661072,0.091378353536129,0.518954873085022,0.36880970001220703,0.008863536641001701,0.3232949376106262,0.30849897861480713,0.24419958889484406,0.34037917852401733,0.3067111670970917,0.1884571760892868,0.3907703757286072,0.3132246732711792,0.14278961718082428,0.6671121120452881,0.4272153973579407,0.025285126641392708,0.3713969588279724,0.33289599418640137,0.047790952026844025,0.29460158944129944,0.3254176378250122,0.08312355726957321,0.267240047454834,0.31978070735931396,0.1095469743013382,0.43718773126602173,0.36819276213645935,0.16282689571380615,0.4472429156303406,0.373453825712204,0.21448925137519836,0.4084053039550781,0.38111335039138794,0.09229236841201782,0.4201657176017761,0.34875720739364624,0.19719481468200684,0.43257904052734375,0.3726528286933899,0.033528704196214676,0.5116544365882874,0.3572880029678345,-0.03631721809506416,0.5025314688682556,0.3500741720199585,0.2502933144569397,0.4645363986492157,0.3761587142944336,0.18463025987148285,0.4741407036781311,0.37875789403915405,0.14432862401008606,0.4641175866127014,0.38423410058021545,0.10800957679748535,0.4483242630958557,0.3880072236061096,0.08508545160293579,0.4369005262851715,0.3880951404571533,0.06481317430734634,0.397582471370697,0.3701206147670746,-0.0011312883580103517,0.546795129776001,0.3585978150367737,0.23243866860866547,0.416300505399704,0.3447040915489197,0.21943172812461853,0.5161364078521729,0.37837809324264526,-0.09152790904045105,0.4722678065299988,0.37252992391586304,0.031520627439022064,0.44477468729019165,0.3954417109489441,0.41343212127685547,0.42665886878967285,0.38623011112213135,0.05432921275496483,0.5191085338592529,0.37568366527557373,0.02806219644844532,0.4266013205051422,0.3593764305114746,0.19321489334106445,0.4973152279853821,0.35870182514190674,-0.025306660681962967,0.5902811884880066,0.4417061507701874,0.36199867725372314,0.40264201164245605,0.3791840076446533,0.1031765565276146,0.4814806580543518,0.35533952713012695,-0.05130576714873314,0.6911889910697937,0.43235519528388977,0.1563383936882019,0.7087808847427368,0.4610744118690491,0.19014596939086914,0.5495955348014832,0.38589853048324585,0.3118200898170471,0.6697313785552979,0.4250123202800751,0.20468586683273315,0.4190429747104645,0.34467071294784546,0.3154306709766388,0.7378339767456055,0.4661339819431305,0.01861240155994892,0.5160733461380005,0.39238595962524414,-0.07341241836547852,0.49433594942092896,0.37201792001724243,0.04565940797328949,0.42255207896232605,0.3657250702381134,0.2658718228340149,0.4321011006832123,0.3648735582828522,0.14688892662525177,0.4260762333869934,0.3694666624069214,0.13050469756126404,0.632547914981842,0.3943008482456207,0.036352284252643585,0.5873011350631714,0.3730992078781128,0.21952450275421143,0.7603353261947632,0.49379411339759827,-0.015643605962395668,0.7440959215164185,0.4719191789627075,0.08481676876544952,0.7298740148544312,0.46631598472595215,0.13355711102485657,0.4179486036300659,0.37345612049102783,0.1167144849896431,0.4094313383102417,0.37611305713653564,0.10870896279811859,0.4049476981163025,0.3782067894935608,0.10620208829641342,0.4058738946914673,0.34431561827659607,0.25196021795272827,0.4052315950393677,0.36931437253952026,0.1128721758723259,0.4110751152038574,0.36321914196014404,0.12133420258760452,0.4178834855556488,0.3581154942512512,0.13479073345661163,0.42445722222328186,0.3549904227256775,0.15065397322177887,0.428347110748291,0.355205237865448,0.16287881135940552,0.4067607820034027,0.3658207058906555,0.3926986753940582,0.43343445658683777,0.36173075437545776,0.1617209017276764,0.5691837072372437,0.38616740703582764,0.0011861056555062532,0.5233272910118103,0.37205421924591064,-0.026009079068899155,0.5443907380104065,0.3981466293334961,-0.04621286317706108,0.711098849773407,0.44293248653411865,0.10942550003528595,0.7229503393173218,0.45597773790359497,0.06420312821865082,0.7442038059234619,0.48153144121170044,-0.030920688062906265,0.6815786361694336,0.45947009325027466,0.2542550265789032,0.40342408418655396,0.37499886751174927,0.10757053643465042,0.43796563148498535,0.366067111492157,-0.006243758834898472,0.7558784484863281,0.47956210374832153,0.03421694040298462,0.5950058698654175,0.40075892210006714,0.2867600917816162,0.6360808610916138,0.4296031892299652,-0.012900285422801971,0.6463505029678345,0.4271579086780548,-0.01590779796242714,0.6572703719139099,0.4256974756717682,-0.018643181771039963,0.6673203706741333,0.42657795548439026,-0.015795405954122543,0.6747932434082031,0.44061073660850525,-0.004365371074527502,0.5988494157791138,0.39407026767730713,0.027644159272313118,0.6006944179534912,0.3885914385318756,0.03427433222532272,0.6013164520263672,0.38362979888916016,0.03960481658577919,0.6154316663742065,0.39171290397644043,0.05792180821299553,0.5891778469085693,0.37154972553253174,0.15506064891815186,0.4134323298931122,0.3717041313648224,0.01726437918841839,0.3935580551624298,0.3724127411842346,0.07175194472074509,0.39663881063461304,0.37308943271636963,0.09601981937885284,0.5965690612792969,0.39820605516433716,0.026009486988186836,0.6408318281173706,0.3962724208831787,0.17235717177391052,0.3958829641342163,0.3705447316169739,0.03136618062853813,0.6893266439437866,0.4508269429206848,0.003580243093892932,0.42230018973350525,0.36567527055740356,-0.027796493843197823,0.47596073150634766,0.36564743518829346,-0.006408112123608589,0.6925166249275208,0.46626484394073486,-0.0372464694082737,0.6664043068885803,0.41847366094589233,0.06911119818687439,0.5412336587905884,0.377126544713974,0.04182425141334534,0.6814298033714294,0.4351644515991211,0.03728068619966507,0.5570893287658691,0.3657726049423218,0.08565469086170197,0.569815993309021,0.3779442310333252,0.05741557478904724,0.5961033701896667,0.37544912099838257,0.10892489552497864,0.7196331024169922,0.4713129997253418,-0.035092342644929886,0.4901474118232727,0.36971351504325867,0.012641693465411663,0.6864966154098511,0.4250210225582123,0.09179050475358963,0.6993595957756042,0.44318506121635437,0.05174975097179413,0.6456006765365601,0.4024064540863037,0.09322870522737503,0.6213197708129883,0.3877926468849182,0.20927105844020844,0.655903160572052,0.4036674499511719,0.12448092550039291,0.6355341672897339,0.4149026870727539,0.25674012303352356,0.6039509773254395,0.38486048579216003,0.07664703577756882,0.45468324422836304,0.3696487545967102,0.014084922149777412,0.5180388689041138,0.36245694756507874,-0.04522344097495079,0.5260658264160156,0.36655861139297485,-0.02252827398478985,0.5026240348815918,0.35387659072875977,-0.06413094699382782,0.39059868454933167,0.35887986421585083,0.08467390388250351,0.3973312973976135,0.34556302428245544,0.10547784715890884,0.40581563115119934,0.3378087282180786,0.12796752154827118,0.41305819153785706,0.33467477560043335,0.15404728055000305,0.41763025522232056,0.33874616026878357,0.1771901249885559,0.4264742434024811,0.3608321249485016,0.20746219158172607,0.5036451816558838,0.3726215958595276,0.3269730508327484,0.4489714801311493,0.3713338375091553,0.17360734939575195,0.4523235261440277,0.37486982345581055,0.14497867226600647,0.4457632899284363,0.3801921606063843,0.11807951331138611,0.43339264392852783,0.38453829288482666,0.09786103665828705,0.4233885705471039,0.3857406675815582,0.08090607821941376,0.4159046411514282,0.3853144943714142,0.07145106047391891,0.4888344407081604,0.41651028394699097,0.41353318095207214,0.5287432074546814,0.374238520860672,-0.015243221074342728,0.4591122269630432,0.3614775538444519,-0.025992346927523613,0.514140784740448,0.36039236187934875,-0.07363000512123108,0.5164120197296143,0.37747740745544434,-0.07897760719060898,0.5161249041557312,0.3683703541755676,-0.06484445929527283,0.5301313996315002,0.3834143877029419,-0.01743084192276001,0.5174270272254944,0.3768239915370941,-0.08681800961494446,0.5177980661392212,0.38928085565567017,-0.0689401850104332,0.40247130393981934,0.38015198707580566,0.0896344780921936,0.40568551421165466,0.38268226385116577,0.06365025043487549,0.4129047393798828,0.38157010078430176,0.04083141312003136,0.42985665798187256,0.35643434524536133,0.1729990690946579,0.42301756143569946,0.35121026635169983,0.18162411451339722,0.27652686834335327,0.479730486869812,-0.04748823493719101,0.29104524850845337,0.463218629360199,-0.04748823493719101,0.2599338889122009,0.474330335855484,-0.04748823493719101,0.26165759563446045,0.49615851044654846,-0.04748823493719101,0.29259616136550903,0.48509564995765686,-0.04748823493719101,0.4111783504486084,0.35843130946159363,0.13714945316314697,0.42125293612480164,0.35194462537765503,0.13714945316314697,0.39876601099967957,0.3507136106491089,0.13714945316314697,0.4007145166397095,0.36494743824005127,0.13714945316314697,0.422809362411499,0.36603090167045593,0.13714945316314697,0,0,0,0,0,1,1,1,0,0,0,0,0.07027465105056763,0.05409533157944679,0.05378203094005585,0.05268429219722748,0.02578131854534149,0.04033710062503815,0.0552067831158638,0.05374107137322426,0.0710643008351326,0.09731852263212204,0.6218937039375305,0.2183375507593155,Sadness,-9.818010330200195,-28.32162094116211
261,8.7,31.737855547516062,-3.5777255209357772,0.6279018471885148,0.5556833744049072,0.43929582834243774,-0.07681017369031906,0.5300456881523132,0.37546253204345703,-0.11486440896987915,0.5343091487884521,0.41463905572891235,-0.07054940611124039,0.44679898023605347,0.3857080042362213,-0.09132983535528183,0.5114639401435852,0.36640286445617676,-0.1179078072309494,0.48312002420425415,0.3672754466533661,-0.10441778600215912,0.40324336290359497,0.3787863254547119,-0.03553204983472824,0.26400285959243774,0.5195883512496948,-0.07751291990280151,0.35705530643463135,0.37110328674316406,-0.008984575979411602,0.33495593070983887,0.3599904179573059,-0.005177284590899944,0.24637889862060547,0.33998197317123413,0.0354849211871624,0.5630642175674438,0.44222983717918396,-0.0754692405462265,0.5701398253440857,0.44618111848831177,-0.07058380544185638,0.5740917921066284,0.4493389427661896,-0.06268562376499176,0.6100926399230957,0.4625319242477417,-0.05509675666689873,0.6226330995559692,0.4669231176376343,-0.059736866503953934,0.635388195514679,0.47234174609184265,-0.06625209003686905,0.6452245712280273,0.4778943657875061,-0.06597603112459183,0.6628931760787964,0.48076897859573364,-0.05374493822455406,0.536862850189209,0.38928458094596863,-0.10663972795009613,0.516425609588623,0.4166557490825653,-0.09329599142074585,0.11209180951118469,0.6000471711158752,-0.04099593311548233,0.32445228099823,0.4792155623435974,-0.055846769362688065,0.31118664145469666,0.49622318148612976,-0.07145567983388901,0.2955402731895447,0.5126095414161682,-0.08126222342252731,0.26394182443618774,0.5300440192222595,-0.08450067788362503,0.33305081725120544,0.46337494254112244,-0.036507874727249146,0.25586172938346863,0.4727594256401062,-0.07325972616672516,0.27680590748786926,0.45542430877685547,-0.051347631961107254,0.2406248152256012,0.4920203387737274,-0.08409304171800613,0.23486199975013733,0.5083252787590027,-0.08714114129543304,0.26360201835632324,0.5507587790489197,-0.08792571723461151,0.637787938117981,0.5664519667625427,-0.093414805829525,0.2516213357448578,0.5242003202438354,-0.07642421871423721,0.19693849980831146,0.6349005699157715,-0.052360281348228455,0.23692655563354492,0.5588995814323425,-0.08323877304792404,0.41512587666511536,0.5001134276390076,-0.09836846590042114,0.5300852060317993,0.4615546762943268,-0.0944501981139183,0.5508748292922974,0.46738094091415405,-0.08622856438159943,0.5145273208618164,0.4881443977355957,-0.10422556847333908,0.5065517425537109,0.5057103633880615,-0.10280812531709671,0.534487783908844,0.4868777394294739,-0.09433702379465103,0.5231717228889465,0.5015676021575928,-0.0902811586856842,0.5478536486625671,0.5587605834007263,-0.09148207306861877,0.5180920362472534,0.3885676860809326,-0.12415383011102676,0.4983878433704376,0.38176584243774414,-0.12871259450912476,0.20065568387508392,0.518582820892334,-0.10368478298187256,0.395193487405777,0.4516993463039398,-0.06063498184084892,0.4652559757232666,0.45459941029548645,-0.112094946205616,0.45021355152130127,0.456603080034256,-0.10545995831489563,0.36319467425346375,0.5586130023002625,-0.12651555240154266,0.47244375944137573,0.3820543885231018,-0.11536161601543427,0.22471511363983154,0.4641772508621216,-0.08868711441755295,0.20570576190948486,0.49237939715385437,-0.10099092870950699,0.10483083128929138,0.5487951636314392,-0.05223355442285538,0.30989575386047363,0.40493687987327576,-0.036987438797950745,0.2989006042480469,0.44406360387802124,-0.031298235058784485,0.5134138464927673,0.5631160736083984,-0.10100936144590378,0.4063863158226013,0.7379660606384277,-0.033934496343135834,0.4863429069519043,0.4498021900653839,-0.09344539046287537,0.5034107565879822,0.4391534924507141,-0.0804956704378128,0.5067205429077148,0.5286288261413574,-0.08827855437994003,0.5130259394645691,0.5239357948303223,-0.08291536569595337,0.18681639432907104,0.49409836530685425,-0.09593801945447922,0.4687647819519043,0.46692144870758057,-0.10224366933107376,0.25835663080215454,0.43559011816978455,-0.06633391976356506,0.24379298090934753,0.42792803049087524,-0.06883315742015839,0.1542583554983139,0.43312767148017883,-0.0429830476641655,0.14519916474819183,0.5181885957717896,-0.07277315855026245,0.1986452341079712,0.4215855598449707,-0.051501963287591934,0.18345484137535095,0.5249765515327454,-0.09477609395980835,0.1470680981874466,0.5641000270843506,-0.06345677375793457,0.5409432649612427,0.464876651763916,-0.09289425611495972,0.5241914391517639,0.4878941774368286,-0.10034438967704773,0.5146173238754272,0.5039669871330261,-0.0977633073925972,0.4921268820762634,0.4505225419998169,-0.08427847176790237,0.5100739598274231,0.5262714624404907,-0.08455813676118851,0.5289235711097717,0.5264773368835449,-0.0854753702878952,0.5156267285346985,0.5218706130981445,-0.0817752406001091,0.49507319927215576,0.42400646209716797,-0.11690164357423782,0.5291822552680969,0.49961966276168823,-0.08535291254520416,0.5418285727500916,0.4856160879135132,-0.0852384939789772,0.5572496652603149,0.4686439037322998,-0.07914402335882187,0.6417582631111145,0.5053576231002808,-0.07131053507328033,0.6180458068847656,0.5039453506469727,-0.08442007005214691,0.6095815896987915,0.4972863495349884,-0.08476802706718445,0.5987358093261719,0.489595890045166,-0.07785023003816605,0.5896883010864258,0.4830806851387024,-0.07213868200778961,0.549885630607605,0.5097140669822693,-0.07981032133102417,0.5504010915756226,0.5157474875450134,-0.08403617143630981,0.5510395765304565,0.5233830213546753,-0.08953369408845901,0.552128255367279,0.5301225185394287,-0.09101175516843796,0.4979516565799713,0.5146611332893372,-0.10357461124658585,0.27545514702796936,0.7221561670303345,-0.005007825791835785,0.5359460711479187,0.40245696902275085,-0.08262605965137482,0.5338066816329956,0.5165132880210876,-0.07977896183729172,0.5315176844596863,0.5213775038719177,-0.08285631239414215,0.5158576965332031,0.4370010197162628,-0.08348570764064789,0.48223087191581726,0.47252050042152405,-0.08105763792991638,0.5102602243423462,0.43776261806488037,-0.08200109004974365,0.3898721933364868,0.4738834798336029,-0.07507886737585068,0.37852585315704346,0.5036106705665588,-0.09829964488744736,0.4532482624053955,0.46864891052246094,-0.09766730666160583,0.11768294870853424,0.49321815371513367,-0.05469692870974541,0.16118794679641724,0.47123679518699646,-0.06790851801633835,0.20750509202480316,0.4607166349887848,-0.08632249385118484,0.5780870914459229,0.5468569993972778,-0.09079618752002716,0.2870740294456482,0.39318597316741943,-0.04179829731583595,0.23881939053535461,0.38240498304367065,-0.023492585867643356,0.19678716361522675,0.38439685106277466,-0.011209695599973202,0.2787681519985199,0.5255895853042603,-0.08543182164430618,0.2618787884712219,0.5749310255050659,-0.09614729136228561,0.3373958468437195,0.4516907334327698,-0.025656521320343018,0.22937749326229095,0.5281704068183899,-0.09159646183252335,0.39491143822669983,0.43286362290382385,-0.05508308485150337,0.4726795554161072,0.42971286177635193,-0.12071863561868668,0.26367610692977905,0.6100518703460693,-0.1002352312207222,0.27966588735580444,0.5745730400085449,-0.10789333283901215,0.30415078997612,0.5575857162475586,-0.10491348057985306,0.33136263489723206,0.5214813947677612,-0.08399409055709839,0.3467375338077545,0.4923456311225891,-0.06264045089483261,0.3558014929294586,0.46978655457496643,-0.04752593860030174,0.393673837184906,0.3953731656074524,-0.046313315629959106,0.31036558747291565,0.623199462890625,-0.11484850943088531,0.21573476493358612,0.5396047830581665,-0.09471505880355835,0.5292612910270691,0.3964166045188904,-0.11438751220703125,0.4184454679489136,0.4529087543487549,-0.07232225686311722,0.1759714037179947,0.6786152124404907,-0.004105560947209597,0.3615299463272095,0.4502113461494446,-0.03577466309070587,0.44913309812545776,0.4787086248397827,-0.07780367881059647,0.24600061774253845,0.5298318266868591,-0.08056798577308655,0.45563969016075134,0.4325304627418518,-0.1110786497592926,0.3349274694919586,0.736274778842926,-0.015862470492720604,0.3308990001678467,0.4495970904827118,-0.020245017483830452,0.46267566084861755,0.4045272469520569,-0.11763793230056763,0.5177394151687622,0.6621482372283936,-0.09102543443441391,0.5368670225143433,0.6934283971786499,-0.07058604061603546,0.28863799571990967,0.678061842918396,-0.06311772018671036,0.4626796841621399,0.6865766644477844,-0.08840987831354141,0.1660352498292923,0.6002914309501648,-0.052567750215530396,0.6595438718795776,0.583785891532898,-0.09384744614362717,0.5291444063186646,0.40839314460754395,-0.0866641104221344,0.4173801839351654,0.4759449362754822,-0.08036661148071289,0.22974741458892822,0.5737593770027161,-0.08004669100046158,0.28732508420944214,0.5040526390075684,-0.07470528036355972,0.3016567528247833,0.49028611183166504,-0.06673696637153625,0.5261983275413513,0.5313658118247986,-0.08746694028377533,0.3543657660484314,0.6431753635406494,-0.11133917421102524,0.7147359848022461,0.5614651441574097,-0.07396897673606873,0.6401797533035278,0.6279800534248352,-0.07983572036027908,0.596564531326294,0.6585953235626221,-0.07634003460407257,0.28322190046310425,0.3455745577812195,0.016822416335344315,0.741713285446167,0.5258863568305969,-0.042986009269952774,0.31229695677757263,0.4769951105117798,-0.052857283502817154,0.32122498750686646,0.463375449180603,-0.038166116923093796,0.32776159048080444,0.45425447821617126,-0.02603008970618248,0.2027956247329712,0.5489010810852051,-0.08596424013376236,0.3055095970630646,0.4565865993499756,-0.03725089505314827,0.28662747144699097,0.468255877494812,-0.05169655755162239,0.270940899848938,0.4824492931365967,-0.06507723033428192,0.25852641463279724,0.49863728880882263,-0.07505304366350174,0.25339484214782715,0.5104485154151917,-0.0780244991183281,0.13422530889511108,0.6408228278160095,-0.01985323801636696,0.2750660181045532,0.5131797790527344,-0.07762055844068527,0.5472866296768188,0.4195306897163391,-0.0681639090180397,0.5019692182540894,0.4897445738315582,-0.09932553023099899,0.4856840968132019,0.44381141662597656,-0.09790698438882828,0.5288242101669312,0.44402629137039185,-0.08793920278549194,0.3763061761856079,0.37995028495788574,-0.014121136628091335,0.5708004832267761,0.6377649307250977,-0.08790643513202667,0.6154234409332275,0.6136184334754944,-0.08934885263442993,0.6989786624908447,0.54800945520401,-0.08701254427433014,0.4761936068534851,0.7210166454315186,-0.05470650643110275,0.3219512403011322,0.4512484073638916,-0.0272535290569067,0.4188116192817688,0.40964990854263306,-0.06982777267694473,0.727588415145874,0.5118319988250732,-0.057657141238451004,0.6802663803100586,0.5952953696250916,-0.08511142432689667,0.34153223037719727,0.6949034929275513,-0.06844934821128845,0.5697150230407715,0.4986620247364044,-0.0787961333990097,0.5736968517303467,0.505854606628418,-0.08435653150081635,0.5794495940208435,0.5142218470573425,-0.09083954989910126,0.5859085321426392,0.52158522605896,-0.09185855090618134,0.6101467609405518,0.529458224773407,-0.0877164974808693,0.5159802436828613,0.5137372016906738,-0.08744505047798157,0.5093638896942139,0.5167081356048584,-0.09274881333112717,0.5029991865158081,0.519007682800293,-0.0972156822681427,0.5014811158180237,0.5400838851928711,-0.10519937425851822,0.39191657304763794,0.6043539643287659,-0.12543851137161255,0.3934004604816437,0.4130961298942566,-0.04832861199975014,0.3350832164287567,0.42565110325813293,-0.009971307590603828,0.3251740038394928,0.43853580951690674,-0.0190737247467041,0.5211601257324219,0.5110430717468262,-0.08378221094608307,0.43991777300834656,0.6443188190460205,-0.10761943459510803,0.35017815232276917,0.408752977848053,-0.02249838411808014,0.6211105585098267,0.5497485995292664,-0.08815634250640869,0.4561693072319031,0.37183213233947754,-0.08036491274833679,0.42148005962371826,0.39094069600105286,-0.0677153691649437,0.43080878257751465,0.3756380081176758,-0.056460168212652206,0.4386644661426544,0.4308894872665405,-0.08526316285133362,0.7057374715805054,0.49896690249443054,-0.06287224590778351,0.6806594133377075,0.48998725414276123,-0.05790700018405914,0.6568275690078735,0.519423246383667,-0.07752315700054169,0.5434532761573792,0.5814144611358643,-0.09598329663276672,0.4512501358985901,0.49999189376831055,-0.08886951208114624,0.5839955806732178,0.5704106092453003,-0.0917922854423523,0.41439977288246155,0.5376506447792053,-0.11878076195716858,0.4579629600048065,0.5227314233779907,-0.10400321334600449,0.43221789598464966,0.5747541189193726,-0.12195504456758499,0.6780233979225159,0.5329213738441467,-0.0892425999045372,0.43592798709869385,0.45344656705856323,-0.0835428312420845,0.5494333505630493,0.6100109815597534,-0.09691565483808517,0.5954655408859253,0.590863049030304,-0.09171528369188309,0.5027356743812561,0.583791971206665,-0.10909298807382584,0.3949436545372009,0.6592484712600708,-0.10475818067789078,0.4875141978263855,0.6190723776817322,-0.10961446911096573,0.39821234345436096,0.7010051012039185,-0.07719884812831879,0.4711996912956238,0.5518088340759277,-0.11203762143850327,0.4185003638267517,0.4313114583492279,-0.07083696126937866,0.4879167675971985,0.4262164235115051,-0.12268469482660294,0.47752460837364197,0.45051440596580505,-0.10816014558076859,0.4854208827018738,0.4041355550289154,-0.12825056910514832,0.30800119042396545,0.428233802318573,-0.026474541053175926,0.2717094123363495,0.4473618268966675,-0.05422811582684517,0.24533623456954956,0.46875303983688354,-0.07786903530359268,0.227859765291214,0.49085310101509094,-0.09275771677494049,0.221353679895401,0.5111961960792542,-0.09664981067180634,0.2432333379983902,0.5425019860267639,-0.08298034965991974,0.2405776083469391,0.6584353446960449,-0.061505284160375595,0.2777625322341919,0.5471611022949219,-0.09107135981321335,0.29895883798599243,0.5327731370925903,-0.08689790964126587,0.319404274225235,0.5090111494064331,-0.07446997612714767,0.33517569303512573,0.4848824739456177,-0.05563809722661972,0.3446131944656372,0.46563470363616943,-0.036841101944446564,0.3510235548019409,0.4506639242172241,-0.026064980775117874,0.22434696555137634,0.7026156187057495,0.0007636947557330132,0.47971510887145996,0.45864880084991455,-0.09846315532922745,0.441756010055542,0.40581828355789185,-0.09100400656461716,0.5038982629776001,0.4041401743888855,-0.12589877843856812,0.5167171359062195,0.4081260561943054,-0.11038438975811005,0.5044475197792053,0.4120450019836426,-0.11718295514583588,0.4868660569190979,0.4615331292152405,-0.08667601644992828,0.5226173400878906,0.40261170268058777,-0.1137259379029274,0.523335337638855,0.41356223821640015,-0.08992809057235718,0.3388828933238983,0.4422749876976013,-0.014281894080340862,0.3522978723049164,0.4351804852485657,-0.015399902127683163,0.36106041073799133,0.43062835931777954,-0.025919407606124878,0.2518610954284668,0.5181165337562561,-0.07837259769439697,0.23605048656463623,0.5212762355804443,-0.0856907069683075,0.467512309551239,0.364702045917511,-0.05651955306529999,0.4546425938606262,0.3511660397052765,0.17305277287960052,0.5409389138221741,0.39111387729644775,-0.06698095798492432,0.3960402011871338,0.33598774671554565,0.3601517677307129,0.4421841502189636,0.3751058578491211,0.1059262827038765,0.45199495553970337,0.3692247271537781,0.12311630696058273,0.45969638228416443,0.3629864454269409,0.14286185801029205,0.4598464369773865,0.3523724675178528,0.18035757541656494,0.43234819173812866,0.37839990854263306,0.09136833250522614,0.420759916305542,0.3432786464691162,0.12705501914024353,0.4126199781894684,0.3512396216392517,0.10715101659297943,0.43025368452072144,0.33825865387916565,0.1477942317724228,0.4392795264720917,0.3379802107810974,0.16443182528018951,0.4724806547164917,0.35239413380622864,0.19711646437644958,0.7146003246307373,0.46304750442504883,0.025676338002085686,0.4531019628047943,0.34748685359954834,0.18576449155807495,0.47022610902786255,0.3641934394836426,0.34233736991882324,0.4645281136035919,0.3426186144351959,0.23761439323425293,0.5404350757598877,0.37044572830200195,0.06519781798124313,0.5681310296058655,0.4153352975845337,-0.05280075967311859,0.5837630033493042,0.42697980999946594,-0.047690607607364655,0.586390495300293,0.39784032106399536,-0.017591409385204315,0.6002103090286255,0.388708233833313,0.01719766855239868,0.5943079590797424,0.4120103716850281,-0.01907157525420189,0.6027634739875793,0.4017622470855713,0.010803699493408203,0.6650257110595703,0.42171353101730347,0.06359704583883286,0.5381882190704346,0.3679920434951782,-0.10166444629430771,0.5212498307228088,0.3585169017314911,-0.10194294899702072,0.43245285749435425,0.3219236135482788,0.1957789659500122,0.47033584117889404,0.37512636184692383,0.04530937597155571,0.5456187129020691,0.365858793258667,-0.012105537578463554,0.5328967571258545,0.3661305010318756,-0.0024743452668190002,0.5597188472747803,0.35747867822647095,0.1447061449289322,0.4942159652709961,0.35970085859298706,-0.08114250749349594,0.4102287292480469,0.3247188329696655,0.12030962854623795,0.42090511322021484,0.3198302686214447,0.16053028404712677,0.3709352910518646,0.31235402822494507,0.3063381612300873,0.391625314950943,0.35825151205062866,0.03203923627734184,0.40873152017593384,0.36069363355636597,0.09765982627868652,0.6508586406707764,0.40758100152015686,0.08640475571155548,0.6381114721298218,0.46530741453170776,0.346481591463089,0.5474375486373901,0.38098984956741333,-0.019624534994363785,0.543946385383606,0.3933289647102356,-0.043757058680057526,0.6227589845657349,0.3842628598213196,0.07388370484113693,0.6199958324432373,0.3900628089904785,0.059155870229005814,0.4110136032104492,0.3118998408317566,0.18202465772628784,0.5505855083465576,0.37491321563720703,-0.004051902797073126,0.4001365005970001,0.33633628487586975,0.07658716291189194,0.3881051242351532,0.3277040123939514,0.07876743376255035,0.3140084147453308,0.29963380098342896,0.1621493548154831,0.38657063245773315,0.3053101897239685,0.23442299664020538,0.33763882517814636,0.3056573271751404,0.11922533065080643,0.4246082603931427,0.3156847059726715,0.22662578523159027,0.41090044379234314,0.32242077589035034,0.2856932282447815,0.5772523283958435,0.4205572009086609,-0.051634591072797775,0.5912532806396484,0.40467211604118347,-0.01874840445816517,0.6021432876586914,0.3946759104728699,0.01165778562426567,0.5466727614402771,0.38756489753723145,-0.023556502535939217,0.6214953660964966,0.3873269259929657,0.06513679027557373,0.634093165397644,0.3959319591522217,0.04052596539258957,0.6185202598571777,0.3925401568412781,0.05620865151286125,0.5432471036911011,0.37274521589279175,-0.04881995916366577,0.6024882793426514,0.40749692916870117,0.010666589252650738,0.5953671932220459,0.41835010051727295,-0.014202287420630455,0.5864542722702026,0.43251651525497437,-0.039628900587558746,0.6755032539367676,0.46305376291275024,-0.03235504776239395,0.6613656282424927,0.4517759084701538,-0.04197926074266434,0.6504791975021362,0.4476110637187958,-0.04130617529153824,0.6358962059020996,0.4444934129714966,-0.034233253449201584,0.6226913928985596,0.44338083267211914,-0.03099452704191208,0.6270859241485596,0.4142828583717346,0.016681930050253868,0.6354677081108093,0.41101738810539246,0.012497946619987488,0.6453863978385925,0.4076969027519226,0.010629024356603622,0.6538066864013672,0.40588539838790894,0.01753353700041771,0.6080569624900818,0.3909391760826111,0.03551304712891579,0.5414248108863831,0.43723374605178833,0.42008084058761597,0.6236655712127686,0.4040125012397766,0.04050467908382416,0.6292694807052612,0.3998478651046753,0.03813975676894188,0.5477410554885864,0.40067917108535767,-0.0472436286509037,0.5553672313690186,0.3884515166282654,-0.002280903747305274,0.5461480617523193,0.3969813883304596,-0.04632740095257759,0.4903400242328644,0.3717719614505768,0.066860631108284,0.5182936787605286,0.3629342317581177,0.0943075492978096,0.5403996706008911,0.37242764234542847,0.008903205394744873,0.34363213181495667,0.29929476976394653,0.23709295690059662,0.3622162342071533,0.3003988265991211,0.1795271635055542,0.3980204463005066,0.31557291746139526,0.13437806069850922,0.672183096408844,0.43290409445762634,0.03688393905758858,0.37519341707229614,0.34486645460128784,0.03389027714729309,0.31355759501457214,0.32089710235595703,0.06577780842781067,0.28392305970191956,0.3122769594192505,0.09209012985229492,0.4627334475517273,0.35742849111557007,0.16389043629169464,0.48824894428253174,0.3522699475288391,0.22121742367744446,0.42535629868507385,0.37956565618515015,0.08825229108333588,0.44686686992645264,0.3362565040588379,0.1982649564743042,0.45219123363494873,0.37473052740097046,0.029363086447119713,0.5370686054229736,0.3610612452030182,-0.039934657514095306,0.5184562802314758,0.3533901572227478,0.2610354721546173,0.49869346618652344,0.35865235328674316,0.19066354632377625,0.499489426612854,0.36663156747817993,0.14820538461208344,0.48360946774482727,0.37687554955482483,0.10951749235391617,0.465833455324173,0.3830539882183075,0.08430934697389603,0.45187023282051086,0.38585391640663147,0.06229737028479576,0.4175511598587036,0.37184903025627136,-0.01025047991424799,0.5615976452827454,0.3626212179660797,0.2459375411272049,0.4465964734554291,0.33099275827407837,0.2214544117450714,0.5416160225868225,0.3839157223701477,-0.09637568145990372,0.4923540949821472,0.3753349781036377,0.029978033155202866,0.45373523235321045,0.39740946888923645,0.4317970871925354,0.43986597657203674,0.3865588903427124,0.05006420239806175,0.5389276742935181,0.37933090329170227,0.029299618676304817,0.4540256857872009,0.3457339406013489,0.19516690075397491,0.5213651657104492,0.3621681332588196,-0.029212534427642822,0.5894907712936401,0.451965868473053,0.39060285687446594,0.4198189973831177,0.37752753496170044,0.09887520223855972,0.5065459609031677,0.3589984178543091,-0.057711295783519745,0.6922000646591187,0.4415360689163208,0.17897027730941772,0.7043054103851318,0.47260764241218567,0.21780505776405334,0.5585402846336365,0.39246031641960144,0.3314343988895416,0.6711531281471252,0.433966726064682,0.22933751344680786,0.43621307611465454,0.3437681198120117,0.3218628466129303,0.7360689640045166,0.47373878955841064,0.035182029008865356,0.5396109819412231,0.3980241119861603,-0.07582142949104309,0.5140172243118286,0.3751029372215271,0.04629332572221756,0.46811527013778687,0.34223058819770813,0.2735118567943573,0.45143529772758484,0.3590598702430725,0.14563746750354767,0.4442364275455475,0.3647953271865845,0.1282442957162857,0.6384745836257935,0.39253461360931396,0.048007309436798096,0.5994830131530762,0.37865114212036133,0.23644529283046722,0.7542020678520203,0.5010129809379578,0.001712570432573557,0.7407490015029907,0.481264591217041,0.10652313381433487,0.7262297868728638,0.47702181339263916,0.15808932483196259,0.43554168939590454,0.36974868178367615,0.11355787515640259,0.42660045623779297,0.37375837564468384,0.10509006679058075,0.42190250754356384,0.376356303691864,0.10240087658166885,0.44248437881469727,0.3271096646785736,0.2553533613681793,0.4191475808620453,0.36691808700561523,0.10792858153581619,0.42390042543411255,0.35947051644325256,0.11662224680185318,0.4311111569404602,0.3532319664955139,0.13090206682682037,0.439566969871521,0.34890544414520264,0.14804743230342865,0.44621506333351135,0.3475216031074524,0.16144205629825592,0.4205154776573181,0.3636065721511841,0.4048783779144287,0.4541333317756653,0.3546895682811737,0.16147693991661072,0.587917685508728,0.39119982719421387,0.005979941226541996,0.5471667051315308,0.37592747807502747,-0.02771720103919506,0.5645833611488342,0.4036027491092682,-0.044937893748283386,0.7112736701965332,0.4522496461868286,0.13050684332847595,0.7222689390182495,0.46452540159225464,0.08316167443990707,0.740697979927063,0.4881025552749634,-0.01673753373324871,0.6767244338989258,0.4709552824497223,0.28443339467048645,0.4190325140953064,0.37349987030029297,0.10296041518449783,0.4594527781009674,0.36863115429878235,-0.012902569957077503,0.7516509294509888,0.4878486692905426,0.05350707098841667,0.6006239652633667,0.4091227948665619,0.30946826934814453,0.6279414892196655,0.42734861373901367,-0.006406196393072605,0.6393131017684937,0.4257079064846039,-0.009070050902664661,0.6524306535720825,0.4253835678100586,-0.011955874040722847,0.6641676425933838,0.42725157737731934,-0.008592055179178715,0.6768813133239746,0.4461615979671478,0.005310168024152517,0.610491156578064,0.3948550224304199,0.03822882100939751,0.6116728186607361,0.3891494870185852,0.04499412700533867,0.6117925047874451,0.38372868299484253,0.050175074487924576,0.6304263472557068,0.3961191177368164,0.06798531860113144,0.6042982935905457,0.3758060038089752,0.16832320392131805,0.43330496549606323,0.3734767735004425,0.010626209899783134,0.4070512354373932,0.37422090768814087,0.0647505447268486,0.4115387201309204,0.3724786639213562,0.09021824598312378,0.6090953350067139,0.399882435798645,0.03679695725440979,0.6495511531829834,0.4029867649078369,0.19127137959003448,0.40501120686531067,0.3768765926361084,0.021718695759773254,0.6916549205780029,0.4571593999862671,0.015145017765462399,0.4439452886581421,0.36814406514167786,-0.0370376892387867,0.4981067180633545,0.36880195140838623,-0.010401993058621883,0.6926392316818237,0.47172069549560547,-0.02796798199415207,0.6738482713699341,0.42509937286376953,0.08360882848501205,0.560600996017456,0.3809140920639038,0.04529561474919319,0.6860129833221436,0.4420664608478546,0.05068645626306534,0.576581597328186,0.3686516284942627,0.09191370755434036,0.5885946154594421,0.38175275921821594,0.06375591456890106,0.6129150390625,0.37926191091537476,0.11922278255224228,0.7191689014434814,0.4774368405342102,-0.023595882579684258,0.5110270380973816,0.37286072969436646,0.010982295498251915,0.6914932727813721,0.4328458309173584,0.10941047966480255,0.7021668553352356,0.4507768154144287,0.06773556023836136,0.6562721729278564,0.40808606147766113,0.1073271781206131,0.6303517818450928,0.3948066830635071,0.22902292013168335,0.664458155632019,0.41031908988952637,0.1411871463060379,0.638234555721283,0.4239637851715088,0.2819730341434479,0.6201415061950684,0.38890859484672546,0.0863288938999176,0.4755491614341736,0.37233978509902954,0.010157812386751175,0.543728768825531,0.36655956506729126,-0.048997800797224045,0.5497837066650391,0.3703799247741699,-0.023837782442569733,0.5294702053070068,0.3579280376434326,-0.0694623664021492,0.4020867943763733,0.36126112937927246,0.07683811336755753,0.40777114033699036,0.3457348346710205,0.09808363765478134,0.4172148108482361,0.3355913758277893,0.1222010925412178,0.427444189786911,0.32998573780059814,0.15052028000354767,0.43733325600624084,0.33048295974731445,0.17576146125793457,0.45845553278923035,0.34465348720550537,0.21091383695602417,0.5152378678321838,0.3773663640022278,0.3429774045944214,0.47777870297431946,0.3576713800430298,0.17682677507400513,0.47637543082237244,0.3646451234817505,0.14678184688091278,0.46624279022216797,0.3726569414138794,0.11827225238084793,0.452251136302948,0.37906891107559204,0.09609151631593704,0.4404667317867279,0.3825889229774475,0.07801796495914459,0.43175727128982544,0.3840521275997162,0.06733857095241547,0.4944052994251251,0.42127805948257446,0.4360089898109436,0.551180362701416,0.3779091238975525,-0.015610776841640472,0.482169508934021,0.36455869674682617,-0.03229355067014694,0.5412436723709106,0.36493903398513794,-0.07880375534296036,0.5418117642402649,0.38244372606277466,-0.08326468616724014,0.5421980619430542,0.3728371560573578,-0.06918064504861832,0.5514936447143555,0.38705283403396606,-0.01713385619223118,0.5430196523666382,0.38210856914520264,-0.09141125530004501,0.5415681600570679,0.3944859504699707,-0.07139431685209274,0.4189489185810089,0.3794619143009186,0.08480321615934372,0.420844703912735,0.38318076729774475,0.057837437838315964,0.4248647093772888,0.3843740224838257,0.03446417301893234,0.45047736167907715,0.3472723960876465,0.17276641726493835,0.44658589363098145,0.3398112654685974,0.18190531432628632,0.2780493199825287,0.48645102977752686,-0.05768917500972748,0.29415982961654663,0.469020277261734,-0.05768917500972748,0.2608090043067932,0.48052358627319336,-0.05768917500972748,0.26154226064682007,0.50413978099823,-0.05768917500972748,0.29479631781578064,0.4925910234451294,-0.05768917500972748,0.43213436007499695,0.3543925881385803,0.134673073887825,0.4419470429420471,0.34719765186309814,0.134673073887825,0.4176376163959503,0.3466391861438751,0.134673073887825,0.4221392273902893,0.3615579307079315,0.134673073887825,0.4461187720298767,0.3618290424346924,0.134673073887825,0,0,0,0,0,1,1,0,0,0,0,0,0.062965527176857,0.05104370787739754,0.07533783465623856,0.04769795015454292,0.020848777145147324,0.04282860457897186,0.04602227360010147,0.04589663818478584,0.07000690698623657,0.08293324708938599,0.7134538888931274,0.24332760274410248,Neutral,11.930450439453125,4.619551658630371
275,9.166666666666666,32.471286564742385,-8.210698780046307,0.9054072306233397,0.5433847308158875,0.4229184091091156,-0.08591586351394653,0.49512428045272827,0.36976078152656555,-0.11355099081993103,0.5058270692825317,0.408315509557724,-0.07428105920553207,0.4171873927116394,0.3824414610862732,-0.08287429809570312,0.4761621952056885,0.36135536432266235,-0.11436272412538528,0.44991737604141235,0.3630969524383545,-0.09830823540687561,0.37732362747192383,0.3775147795677185,-0.022634124383330345,0.24886265397071838,0.5180796980857849,-0.061900049448013306,0.3319450616836548,0.37101244926452637,0.00930030271410942,0.3091036081314087,0.3609023094177246,0.017105335369706154,0.2264970988035202,0.34553974866867065,0.06868160516023636,0.5481865406036377,0.4256400167942047,-0.08584969490766525,0.5504966378211975,0.42922496795654297,-0.08200942724943161,0.5497484803199768,0.43261945247650146,-0.07591618597507477,0.624370813369751,0.4634370803833008,-0.06626467406749725,0.6359571218490601,0.46668392419815063,-0.0723864734172821,0.6461297273635864,0.4709698557853699,-0.07931110262870789,0.6528586745262146,0.4761554002761841,-0.07903897017240524,0.6576411724090576,0.47747111320495605,-0.06853793561458588,0.5040081739425659,0.3833233714103699,-0.1067442074418068,0.487087607383728,0.41042840480804443,-0.09435192495584488,0.11531038582324982,0.6046743392944336,-0.013276265002787113,0.30620139837265015,0.47912880778312683,-0.042883340269327164,0.29353511333465576,0.49635034799575806,-0.05819621682167053,0.2791658639907837,0.512895405292511,-0.06755908578634262,0.24971693754196167,0.5297435522079468,-0.06982648372650146,0.31509286165237427,0.4625305235385895,-0.02406458742916584,0.24169403314590454,0.46905243396759033,-0.054640285670757294,0.26169589161872864,0.45194002985954285,-0.033254366368055344,0.22710749506950378,0.48886218667030334,-0.06570237874984741,0.2219776213169098,0.5054042339324951,-0.06907130032777786,0.24986538290977478,0.5527552366256714,-0.07474274188280106,0.6349775791168213,0.5638751983642578,-0.11104398965835571,0.23775798082351685,0.5225819945335388,-0.06025387719273567,0.19818414747714996,0.6389651894569397,-0.03780540078878403,0.2274254709482193,0.5586057305335999,-0.06795406341552734,0.39633241295814514,0.4971666634082794,-0.09631001204252243,0.5170187950134277,0.44567734003067017,-0.10260511934757233,0.5311309695243835,0.45037055015563965,-0.0972071960568428,0.5007603168487549,0.4749904274940491,-0.11265908926725388,0.49320706725120544,0.4958934485912323,-0.11162213236093521,0.5156756639480591,0.4722308814525604,-0.10490904748439789,0.506144642829895,0.48996227979660034,-0.10096536576747894,0.5375626087188721,0.5570775270462036,-0.10391023010015488,0.48427730798721313,0.3828730583190918,-0.12236497551202774,0.4645549952983856,0.3767142593860626,-0.12464962154626846,0.1876409500837326,0.5152381658554077,-0.08137393742799759,0.3746914863586426,0.44924429059028625,-0.05295412242412567,0.440580815076828,0.4490545690059662,-0.11037363111972809,0.42668622732162476,0.4515087902545929,-0.10285014659166336,0.34992101788520813,0.5575100183486938,-0.12340386211872101,0.44053196907043457,0.3778342604637146,-0.10886405408382416,0.2075420320034027,0.460313618183136,-0.06492751091718674,0.19070588052272797,0.48858845233917236,-0.07725996524095535,0.10369062423706055,0.5528724193572998,-0.019724011421203613,0.28670310974121094,0.4009462594985962,-0.01703028194606304,0.28343868255615234,0.4402925968170166,-0.01465817354619503,0.5012734532356262,0.5607447028160095,-0.11118412762880325,0.41964036226272583,0.7381644248962402,-0.04648100584745407,0.46102625131607056,0.4438267648220062,-0.0934254601597786,0.4771960377693176,0.4331345856189728,-0.08263212442398071,0.497861385345459,0.5258502960205078,-0.09939791262149811,0.503821074962616,0.5204694271087646,-0.0942673459649086,0.1735365241765976,0.4892173409461975,-0.07033334672451019,0.4458774924278259,0.4614291191101074,-0.10211732238531113,0.23747506737709045,0.4319618344306946,-0.04368732124567032,0.22347986698150635,0.42369407415390015,-0.04363163560628891,0.1422351598739624,0.43662306666374207,-0.006613064557313919,0.13690173625946045,0.5217940211296082,-0.044086672365665436,0.18086794018745422,0.4244268834590912,-0.02018863894045353,0.1724669486284256,0.5212529897689819,-0.07106486707925797,0.1431545615196228,0.5682884454727173,-0.037835657596588135,0.5257694721221924,0.44838643074035645,-0.1024007573723793,0.5088756680488586,0.4737117886543274,-0.1099671944975853,0.4998739957809448,0.4932006597518921,-0.10756488144397736,0.4670751392841339,0.44458648562431335,-0.0853399932384491,0.5012820959091187,0.5230497121810913,-0.09586397558450699,0.5222769975662231,0.5243422389030457,-0.09704221785068512,0.5056247711181641,0.5182781219482422,-0.09321592003107071,0.4659768342971802,0.4181534945964813,-0.11493777483701706,0.5091618299484253,0.48766428232192993,-0.09714007377624512,0.5187621116638184,0.4707093834877014,-0.097488172352314,0.5332276225090027,0.45178142189979553,-0.09193671494722366,0.6360994577407837,0.50346440076828,-0.08583109080791473,0.6226085424423218,0.5044428706169128,-0.09694088995456696,0.6177778244018555,0.4976978302001953,-0.09700915962457657,0.6100022792816162,0.4904839098453522,-0.08963757753372192,0.6017537713050842,0.48420292139053345,-0.08278515934944153,0.5503045916557312,0.5086693167686462,-0.09003604203462601,0.5493773221969604,0.5147215127944946,-0.09489773958921432,0.5479560494422913,0.5221852660179138,-0.10075058788061142,0.5466880798339844,0.5290964841842651,-0.10256380587816238,0.4788699150085449,0.5112000107765198,-0.11011654883623123,0.2875848710536957,0.7232503890991211,-0.004212292842566967,0.5054569244384766,0.3963765799999237,-0.08491481840610504,0.528889536857605,0.5143216252326965,-0.09047751873731613,0.5259457230567932,0.5191665291786194,-0.09407875686883926,0.4892740547657013,0.430931031703949,-0.08681059628725052,0.4599878191947937,0.4672069549560547,-0.08330836892127991,0.48386168479919434,0.4317300021648407,-0.08463738113641739,0.3708204925060272,0.47157105803489685,-0.06878475844860077,0.36084145307540894,0.5017410516738892,-0.0931265577673912,0.4312534034252167,0.4635903537273407,-0.09655768424272537,0.11135481297969818,0.4967372715473175,-0.01948193460702896,0.14833346009254456,0.47442305088043213,-0.0374208502471447,0.19138605892658234,0.45605236291885376,-0.060036011040210724,0.569616436958313,0.5461056232452393,-0.10402217507362366,0.26490259170532227,0.3877142369747162,-0.017892353236675262,0.21802115440368652,0.3855019211769104,0.00716124102473259,0.18056565523147583,0.38866516947746277,0.024081259965896606,0.26354438066482544,0.5253326296806335,-0.07129351794719696,0.24849024415016174,0.5788596272468567,-0.08428047597408295,0.3193860352039337,0.4501933157444,-0.012944517657160759,0.21753636002540588,0.5261877179145813,-0.07320410758256912,0.37310144305229187,0.4305158257484436,-0.04614191874861717,0.44460076093673706,0.4243086874485016,-0.11757245659828186,0.25904563069343567,0.6116083264350891,-0.09030035883188248,0.26192736625671387,0.5806528329849243,-0.09784490615129471,0.2837410569190979,0.5641776919364929,-0.09616712480783463,0.3099948465824127,0.5270746946334839,-0.0758173018693924,0.3259444832801819,0.49606460332870483,-0.05403788760304451,0.3353085517883301,0.47162628173828125,-0.03823831304907799,0.36895260214805603,0.39373940229415894,-0.03351268172264099,0.30545833706855774,0.6240679621696472,-0.11035844683647156,0.20551028847694397,0.5373730063438416,-0.07520560920238495,0.4968109726905823,0.3904227316379547,-0.11411327868700027,0.3967702388763428,0.4495680332183838,-0.06714747846126556,0.18527989089488983,0.681979775428772,0.010038749314844608,0.3408315181732178,0.45082342624664307,-0.025341825559735298,0.42887014150619507,0.4740384519100189,-0.077647365629673,0.233320951461792,0.5282416939735413,-0.06446200609207153,0.4292299747467041,0.42755356431007385,-0.10686296224594116,0.34788376092910767,0.7370489239692688,-0.021560659632086754,0.314154714345932,0.4463115632534027,-0.006332745775580406,0.43318021297454834,0.40000826120376587,-0.11191071569919586,0.521325945854187,0.6615676283836365,-0.10664500296115875,0.5456638336181641,0.6937146186828613,-0.08984045684337616,0.2919529974460602,0.6805862784385681,-0.0607643723487854,0.46838557720184326,0.686419665813446,-0.10206703841686249,0.164969801902771,0.6046805381774902,-0.03198191151022911,0.6605543494224548,0.5814388394355774,-0.11446993798017502,0.49904704093933105,0.40219181776046753,-0.08873988687992096,0.39738404750823975,0.47261252999305725,-0.07697713375091553,0.2229972779750824,0.5730715394020081,-0.06488344073295593,0.2701796889305115,0.5029360055923462,-0.05981288105249405,0.2841528356075287,0.4892008304595947,-0.052335623651742935,0.5182502865791321,0.5296338200569153,-0.09933218359947205,0.35128703713417053,0.6436133980751038,-0.11320619285106659,0.7168970704078674,0.558294951915741,-0.09975715726613998,0.6442018747329712,0.6269068717956543,-0.10122744739055634,0.6023558378219604,0.6583274602890015,-0.09653340280056,0.2601287364959717,0.34918591380119324,0.04567411169409752,0.7429545521736145,0.520856499671936,-0.07086321711540222,0.29491621255874634,0.4754577875137329,-0.03877826780080795,0.3043372929096222,0.46096768975257874,-0.02431252971291542,0.3108137249946594,0.4514128565788269,-0.012167371809482574,0.19560645520687103,0.5460988879203796,-0.06594625115394592,0.2907622456550598,0.45391756296157837,-0.0211877953261137,0.27298855781555176,0.46639132499694824,-0.03477926552295685,0.25757160782814026,0.4810895323753357,-0.04763982445001602,0.2450636327266693,0.49750974774360657,-0.05763814225792885,0.23968318104743958,0.5094109773635864,-0.06088687479496002,0.14055070281028748,0.6453573703765869,0.0016796319978311658,0.2589645981788635,0.5118547081947327,-0.062365297228097916,0.5187360048294067,0.41304832696914673,-0.0736713632941246,0.4801311492919922,0.4855475425720215,-0.10474032163619995,0.4593788683414459,0.43782567977905273,-0.09697894752025604,0.5019246935844421,0.43828442692756653,-0.09289159625768661,0.35245728492736816,0.3793626129627228,0.0014218189753592014,0.5728360414505005,0.6366330981254578,-0.10571260750293732,0.6168254017829895,0.6120433211326599,-0.10875145345926285,0.6990532875061035,0.5444285273551941,-0.10921167582273483,0.48797106742858887,0.7209339737892151,-0.0718168392777443,0.30603912472724915,0.44805726408958435,-0.012311256490647793,0.39314061403274536,0.40683382749557495,-0.060679927468299866,0.7269416451454163,0.506931483745575,-0.08131977170705795,0.6830954551696777,0.593429446220398,-0.10815641283988953,0.3464840054512024,0.6968531012535095,-0.07246414572000504,0.576373815536499,0.49883726239204407,-0.08916875720024109,0.5788856148719788,0.5061089992523193,-0.095395028591156,0.5819551348686218,0.5143691897392273,-0.10208610445261002,0.5851321816444397,0.5222471952438354,-0.10353455692529678,0.6034672260284424,0.5286839008331299,-0.10149334371089935,0.5015220642089844,0.5064721703529358,-0.09821967035531998,0.49619972705841064,0.5100032091140747,-0.10305309295654297,0.49050837755203247,0.5129123330116272,-0.10688533633947372,0.4854658246040344,0.537178099155426,-0.11283969134092331,0.383715957403183,0.6033801436424255,-0.12805570662021637,0.37007880210876465,0.41108816862106323,-0.03743467479944229,0.3163943290710449,0.42276933789253235,0.005066245328634977,0.3085760772228241,0.4352406859397888,-0.0038170027546584606,0.5043349862098694,0.5034698247909546,-0.09535226225852966,0.43808215856552124,0.6433656811714172,-0.11672364175319672,0.32825061678886414,0.40716105699539185,-0.0070408061146736145,0.6158484220504761,0.5478968024253845,-0.10378984361886978,0.425452321767807,0.36860328912734985,-0.07200532406568527,0.39421766996383667,0.388477623462677,-0.056785959750413895,0.4023773968219757,0.3733692765235901,-0.045558005571365356,0.4135444760322571,0.42691242694854736,-0.07971976697444916,0.7019895315170288,0.4943724274635315,-0.08292622119188309,0.6758716702461243,0.48597413301467896,-0.0749252513051033,0.6520876884460449,0.5165466070175171,-0.09387486428022385,0.5355433225631714,0.5795812606811523,-0.10880877822637558,0.43255335092544556,0.4958215355873108,-0.08998482674360275,0.5774433612823486,0.5687999129295349,-0.10651525110006332,0.39863669872283936,0.535286009311676,-0.11906570196151733,0.44086068868637085,0.5192680954933167,-0.107100710272789,0.4206704795360565,0.5723965764045715,-0.1257696896791458,0.6748501062393188,0.5293236970901489,-0.10803848505020142,0.4133671522140503,0.4492266774177551,-0.07973556965589523,0.5461035966873169,0.6083619594573975,-0.11167001724243164,0.5924193263053894,0.5890378952026367,-0.10858355462551117,0.49316588044166565,0.5816105604171753,-0.1191217452287674,0.3943319022655487,0.6592708826065063,-0.11150479316711426,0.4830470681190491,0.6176215410232544,-0.12020456045866013,0.4045913815498352,0.7019071578979492,-0.08705543726682663,0.456981897354126,0.5488388538360596,-0.11761265248060226,0.39479419589042664,0.4281634986400604,-0.06372901797294617,0.4589724540710449,0.42048802971839905,-0.12001169472932816,0.45197463035583496,0.4447343051433563,-0.10730761289596558,0.45413294434547424,0.39886218309402466,-0.12436920404434204,0.28890514373779297,0.4247424006462097,-0.008577734231948853,0.2542221248149872,0.44379502534866333,-0.03426586836576462,0.2297300398349762,0.46498870849609375,-0.05729060620069504,0.2139827460050583,0.4872123599052429,-0.07224518805742264,0.20892512798309326,0.5075756907463074,-0.07654013484716415,0.23192283511161804,0.5423147082328796,-0.06713424623012543,0.24274301528930664,0.661644697189331,-0.05295101925730705,0.2620389461517334,0.5497941970825195,-0.07895950973033905,0.2811916768550873,0.5359339118003845,-0.07549452036619186,0.30079343914985657,0.5115666389465332,-0.06376112252473831,0.31657880544662476,0.48633432388305664,-0.044928740710020065,0.32597285509109497,0.4659925103187561,-0.02608623169362545,0.33215153217315674,0.45006632804870605,-0.014982949011027813,0.2353774905204773,0.7047833800315857,0.008226325735449791,0.45553216338157654,0.4528414011001587,-0.09862161427736282,0.41410112380981445,0.4022727608680725,-0.08374626189470291,0.47198423743247986,0.39838773012161255,-0.12345230579376221,0.4858211278915405,0.40209177136421204,-0.10995694249868393,0.4738410413265228,0.4061771035194397,-0.11541247367858887,0.4632912278175354,0.45587965846061707,-0.08812157064676285,0.4908967614173889,0.39658617973327637,-0.11343912780284882,0.49367690086364746,0.4073413610458374,-0.09150593727827072,0.3209490478038788,0.43982407450675964,-0.0010079892817884684,0.33300885558128357,0.4335613250732422,-0.0029146529268473387,0.3402442932128906,0.4297945201396942,-0.01391605008393526,0.2378998100757599,0.5167537331581116,-0.061738286167383194,0.22309376299381256,0.5191501379013062,-0.06828346848487854,0.4365523159503937,0.36145031452178955,-0.04942234978079796,0.4291479289531708,0.35642147064208984,0.17825737595558167,0.5103057622909546,0.38589346408843994,-0.06910090893507004,0.38226526975631714,0.3396294414997101,0.3685183525085449,0.41877463459968567,0.3785698413848877,0.11250775307416916,0.42787909507751465,0.3740007281303406,0.12854133546352386,0.4342142343521118,0.3685668110847473,0.14740703999996185,0.4288291931152344,0.36134451627731323,0.18409135937690735,0.41014164686203003,0.3797106146812439,0.09890815615653992,0.40287986397743225,0.3448411524295807,0.13738027215003967,0.3953483998775482,0.3515143394470215,0.11873945593833923,0.4099794626235962,0.3413694500923157,0.1565479189157486,0.4157826006412506,0.34292787313461304,0.17194801568984985,0.4366317689418793,0.36431896686553955,0.19859477877616882,0.7073349356651306,0.45583999156951904,0.003364182310178876,0.4258720278739929,0.3541333079338074,0.1909647434949875,0.4590872526168823,0.3617006540298462,0.3399152457714081,0.42401471734046936,0.3562518358230591,0.2393297553062439,0.5151437520980835,0.3658662438392639,0.061154790222644806,0.5547164082527161,0.40131068229675293,-0.062200915068387985,0.5622096657752991,0.4132266044616699,-0.05970591679215431,0.5710264444351196,0.3888735771179199,-0.02890976518392563,0.5848059058189392,0.3854910135269165,0.004372862167656422,0.5727543830871582,0.4031250476837158,-0.03187277540564537,0.5827399492263794,0.39835208654403687,-0.0030726520344614983,0.649591326713562,0.41578933596611023,0.0455741249024868,0.5032753944396973,0.3624936640262604,-0.10074760764837265,0.48607897758483887,0.35355377197265625,-0.09892246127128601,0.4073128402233124,0.32585614919662476,0.20520788431167603,0.4456302225589752,0.37248361110687256,0.04898660257458687,0.5150219798088074,0.3611428737640381,-0.014286422170698643,0.5032050609588623,0.36177533864974976,-0.0039039021357893944,0.5376303195953369,0.3525158762931824,0.1372387707233429,0.46087348461151123,0.3555089235305786,-0.0759812444448471,0.3953617513179779,0.32114705443382263,0.13536210358142853,0.40219834446907043,0.3198264241218567,0.17307746410369873,0.35262471437454224,0.31841903924942017,0.3213035464286804,0.378254234790802,0.3489954471588135,0.049290731549263,0.3906589150428772,0.36008092761039734,0.1091652512550354,0.6321115493774414,0.40183156728744507,0.0690922811627388,0.6405938267707825,0.4533379375934601,0.31553590297698975,0.5178329348564148,0.37618356943130493,-0.02265903167426586,0.514795184135437,0.3883381187915802,-0.04736890643835068,0.609946072101593,0.39276546239852905,0.056933414191007614,0.6059258580207825,0.39890995621681213,0.042893186211586,0.391250342130661,0.31172341108322144,0.19560907781124115,0.521499752998352,0.37009397149086,-0.007557835429906845,0.38670945167541504,0.3292742371559143,0.09320412576198578,0.37577521800994873,0.31862950325012207,0.09763836860656738,0.29147887229919434,0.30718523263931274,0.18804797530174255,0.3639707565307617,0.3086881637573242,0.24957506358623505,0.31217098236083984,0.3100174367427826,0.14292018115520477,0.3957735300064087,0.32091206312179565,0.2365150898694992,0.39192500710487366,0.32444801926612854,0.29609090089797974,0.560619592666626,0.4069121479988098,-0.06236885115504265,0.5733628273010254,0.3957643508911133,-0.030937213450670242,0.5848180055618286,0.39109116792678833,-0.0016756976256147027,0.5175835490226746,0.3827001452445984,-0.026981128379702568,0.6083415746688843,0.39585548639297485,0.04859374463558197,0.6245498657226562,0.40139269828796387,0.024725180119276047,0.6036331653594971,0.4010884463787079,0.03997862711548805,0.5112085938453674,0.3679966330528259,-0.049631617963314056,0.5791506171226501,0.40394723415374756,-0.004063582979142666,0.5698989629745483,0.40915942192077637,-0.02847849205136299,0.5607857704162598,0.41892939805984497,-0.05339358001947403,0.6690356731414795,0.4583824872970581,-0.04774395003914833,0.6673041582107544,0.44890639185905457,-0.05534663796424866,0.6592490673065186,0.4457736015319824,-0.05433433875441551,0.6469625234603882,0.4445963203907013,-0.04691412299871445,0.6340903043746948,0.4448105990886688,-0.042465370148420334,0.6247789859771729,0.41937875747680664,0.0035834601148962975,0.631745457649231,0.4150707423686981,-0.0012419810518622398,0.6402183175086975,0.4103613793849945,-0.003411500947549939,0.6468619108200073,0.4073622524738312,0.0027162337210029364,0.5834256410598755,0.3847264051437378,0.023981891572475433,0.5413501262664795,0.4291006028652191,0.40075212717056274,0.6155272722244263,0.4108327329158783,0.025807872414588928,0.6206051111221313,0.40588271617889404,0.022858310490846634,0.5190622210502625,0.39500242471694946,-0.05190403759479523,0.5279120206832886,0.3832017183303833,-0.007311324123293161,0.5172148942947388,0.3916444778442383,-0.050350505858659744,0.46607035398483276,0.36855170130729675,0.06779897212982178,0.4940446615219116,0.3591195344924927,0.0921635627746582,0.5118439197540283,0.3678496479988098,0.006049508694559336,0.32235798239707947,0.30663859844207764,0.2578277289867401,0.33747774362564087,0.3046073317527771,0.19900183379650116,0.38406676054000854,0.3104349970817566,0.1512073576450348,0.6603507995605469,0.42680734395980835,0.01938784122467041,0.36382922530174255,0.332475483417511,0.05462930351495743,0.2889360785484314,0.32514888048171997,0.09240254014730453,0.2621507942676544,0.3190958499908447,0.12211409211158752,0.4342081844806671,0.36483219265937805,0.1676718145608902,0.44476965069770813,0.3686929941177368,0.21982647478580475,0.40402206778526306,0.3792584538459778,0.09660623967647552,0.41658732295036316,0.3441414535045624,0.2042536437511444,0.4269067645072937,0.37266409397125244,0.0351431742310524,0.5046663284301758,0.35649991035461426,-0.040087319910526276,0.502711296081543,0.3488779067993164,0.25574445724487305,0.46220558881759644,0.3725479245185852,0.1883496791124344,0.47127047181129456,0.3764464259147644,0.14684666693210602,0.4606292247772217,0.38286250829696655,0.11025221645832062,0.4443974494934082,0.3869667649269104,0.08733224123716354,0.4325990080833435,0.38732200860977173,0.06735312938690186,0.3913065493106842,0.3705824017524719,0.0011947350576519966,0.5461698174476624,0.3562483787536621,0.23538072407245636,0.41303277015686035,0.33985087275505066,0.2272215336561203,0.5085765719413757,0.3782060146331787,-0.09684976190328598,0.4661318063735962,0.3719291090965271,0.03125178441405296,0.44951674342155457,0.3948976993560791,0.4254194498062134,0.4221227765083313,0.3856302499771118,0.05722717568278313,0.5121448636054993,0.37471461296081543,0.025780921801924706,0.4231385588645935,0.354727566242218,0.1997128129005432,0.49015289545059204,0.35801878571510315,-0.028338029980659485,0.5911067128181458,0.4409485161304474,0.3653823435306549,0.39842337369918823,0.37699979543685913,0.10809768736362457,0.4739927053451538,0.35489389300346375,-0.05436624214053154,0.6863331198692322,0.43185263872146606,0.15181945264339447,0.7041292190551758,0.4607692360877991,0.18448930978775024,0.5509881973266602,0.3845968246459961,0.3167751729488373,0.666411280632019,0.42414718866348267,0.2020871639251709,0.4214230477809906,0.343947172164917,0.32614031434059143,0.7320817708969116,0.4657859802246094,0.00913199968636036,0.508922815322876,0.39214569330215454,-0.07833465933799744,0.4883054792881012,0.3710523843765259,0.04495112970471382,0.41988787055015564,0.3595961034297943,0.27363231778144836,0.428938090801239,0.3624953627586365,0.15142826735973358,0.42263010144233704,0.3675810694694519,0.13479653000831604,0.6279456615447998,0.3975951671600342,0.03150299936532974,0.5859881043434143,0.37066012620925903,0.22032281756401062,0.7536846399307251,0.4942663609981537,-0.027446618303656578,0.7379494309425354,0.4716697931289673,0.07589567452669144,0.7241025567054749,0.4661442041397095,0.1262325942516327,0.41416478157043457,0.37166690826416016,0.12104097008705139,0.40533721446990967,0.37422043085098267,0.11333289742469788,0.4007190763950348,0.3761145770549774,0.1111605241894722,0.4028801918029785,0.33882495760917664,0.26083701848983765,0.40028318762779236,0.3669413924217224,0.11808716505765915,0.40574654936790466,0.36050495505332947,0.12672840058803558,0.41255971789360046,0.35513895750045776,0.14024785161018372,0.41938573122024536,0.35171085596084595,0.15624277293682098,0.4236341118812561,0.3516014814376831,0.16865727305412292,0.4116457402706146,0.36436977982521057,0.4061805307865143,0.43022581934928894,0.3588072657585144,0.1668136715888977,0.5615018606185913,0.38484469056129456,-0.00316398567520082,0.5166357159614563,0.37121301889419556,-0.029568994417786598,0.5358515381813049,0.3971569538116455,-0.05138988420367241,0.7052255868911743,0.4428163766860962,0.10335337370634079,0.7170517444610596,0.45560920238494873,0.05643368139863014,0.7381889224052429,0.4815581142902374,-0.04165853559970856,0.6783362627029419,0.45901891589164734,0.25098732113838196,0.3989400863647461,0.37279295921325684,0.11270049959421158,0.4311702847480774,0.3660527467727661,-0.005961262620985508,0.7494998574256897,0.47949546575546265,0.023610493168234825,0.5952407717704773,0.3993421196937561,0.2891831398010254,0.6329342126846313,0.43033552169799805,-0.018623530864715576,0.6435168981552124,0.42725902795791626,-0.022021545097231865,0.6546983122825623,0.4250597357749939,-0.02515261434018612,0.6645029187202454,0.42521193623542786,-0.022370869293808937,0.6682764291763306,0.4404495358467102,-0.011035347357392311,0.5930038094520569,0.3973788022994995,0.023057235404849052,0.5957757830619812,0.39131855964660645,0.02978859841823578,0.5968204736709595,0.3860971927642822,0.035177022218704224,0.6081686019897461,0.3902338743209839,0.05384417995810509,0.5864988565444946,0.3688587546348572,0.15404576063156128,0.4075382649898529,0.3719635605812073,0.019281167536973953,0.388120174407959,0.37101298570632935,0.07669538259506226,0.3916226625442505,0.3710941970348358,0.1012667715549469,0.5895093679428101,0.40151846408843994,0.02125442773103714,0.6372148990631104,0.3947451114654541,0.16999635100364685,0.39007553458213806,0.37027689814567566,0.035507943481206894,0.6833230257034302,0.45052409172058105,-0.004078193102031946,0.415184885263443,0.3658190667629242,-0.02731618843972683,0.4690098166465759,0.36524832248687744,-0.007817733101546764,0.6863142251968384,0.4663929045200348,-0.04606306552886963,0.659777045249939,0.4179806411266327,0.06384871155023575,0.5349473357200623,0.37590306997299194,0.03943502530455589,0.6748381853103638,0.4347647428512573,0.030780810862779617,0.5528954267501831,0.363425612449646,0.08380166441202164,0.5643536448478699,0.3764840364456177,0.05443456768989563,0.5921370983123779,0.37322473526000977,0.10623833537101746,0.7135475277900696,0.4714750647544861,-0.044938210397958755,0.4833320081233978,0.36910951137542725,0.011110975407063961,0.6803597211837769,0.42477354407310486,0.08617941290140152,0.6932282447814941,0.4428073763847351,0.04450543597340584,0.6394476890563965,0.40142446756362915,0.08888376504182816,0.6191176176071167,0.385954886674881,0.20855532586574554,0.6509116888046265,0.40250086784362793,0.12059701234102249,0.6341207027435303,0.4137556254863739,0.2567390501499176,0.5983561873435974,0.3833346962928772,0.07327264547348022,0.4482805132865906,0.36938732862472534,0.014113062992691994,0.5112477540969849,0.36176174879074097,-0.04931892827153206,0.5191280841827393,0.3655141294002533,-0.02629837766289711,0.49535006284713745,0.3532382547855377,-0.06809557229280472,0.3848167657852173,0.357308954000473,0.0903092473745346,0.39143475890159607,0.34340429306030273,0.11162294447422028,0.40012121200561523,0.33501997590065,0.13443098962306976,0.40791499614715576,0.3312816023826599,0.16071312129497528,0.4133107364177704,0.3347150683403015,0.18416064977645874,0.4232388138771057,0.35587966442108154,0.214309424161911,0.505752682685852,0.3721534311771393,0.33423009514808655,0.44605734944343567,0.367817223072052,0.178162083029747,0.44922736287117004,0.37238967418670654,0.1487841159105301,0.4422476887702942,0.3784172534942627,0.1214066594839096,0.4294891953468323,0.3831227421760559,0.10088755935430527,0.41917768120765686,0.3844091594219208,0.08433957397937775,0.41150379180908203,0.38407015800476074,0.07491110265254974,0.4926086366176605,0.4162435233592987,0.42325714230537415,0.5217034816741943,0.3730352222919464,-0.018873434513807297,0.45185211300849915,0.3611844778060913,-0.027357017621397972,0.5070677995681763,0.35989782214164734,-0.07830669730901718,0.5095797777175903,0.3771863579750061,-0.08396506309509277,0.509416937828064,0.3680380880832672,-0.06938911229372025,0.5230542421340942,0.38200831413269043,-0.021082205697894096,0.5102411508560181,0.3765861690044403,-0.09208564460277557,0.5109289884567261,0.38890987634658813,-0.07373666018247604,0.3979623317718506,0.37823018431663513,0.09425342828035355,0.40097659826278687,0.3814329206943512,0.06758428364992142,0.40796610713005066,0.3810420036315918,0.044171854853630066,0.42557811737060547,0.35253703594207764,0.17902299761772156,0.4191482961177826,0.3468000888824463,0.18795393407344818,0.26355189085006714,0.4796915650367737,-0.04215250536799431,0.27911269664764404,0.4621548056602478,-0.04215250536799431,0.24749112129211426,0.47394615411758423,-0.04215250536799431,0.2478335201740265,0.49702611565589905,-0.04215250536799431,0.2790982127189636,0.4853319823741913,-0.04215250536799431,0.404656320810318,0.3599875569343567,0.1423487365245819,0.4144201874732971,0.35369259119033813,0.1423487365245819,0.39174118638038635,0.35214534401893616,0.1423487365245819,0.39421600103378296,0.3664698600769043,0.1423487365245819,0.41667428612709045,0.3679302930831909,0.1423487365245819,0,0,0,0,0,1,1,1,0,0,0,0,0.09242965281009674,0.06380083411931992,0.0910041555762291,0.0583784319460392,0.03102150931954384,0.05533556640148163,0.06867367774248123,0.06137785315513611,0.067691870033741,0.11305800080299377,0.6573286652565002,0.2225598692893982,Sadness,-10.87244701385498,-20.501163482666016
276,9.2,29.26855572199346,-12.590619151341658,0.8762612773486665,0.5627166032791138,0.44982513785362244,-0.06488285213708878,0.4809200167655945,0.3928527235984802,-0.10846959799528122,0.49900728464126587,0.423714816570282,-0.06036444753408432,0.4008248448371887,0.4166387617588043,-0.09326864778995514,0.4591866731643677,0.38833266496658325,-0.11370449513196945,0.4299905300140381,0.3935506343841553,-0.10350913554430008,0.347956120967865,0.416131854057312,-0.046276479959487915,0.27428629994392395,0.5742634534835815,-0.08435830473899841,0.2943647801876068,0.4173376262187958,-0.028520148247480392,0.2664501667022705,0.4116685688495636,-0.02942265383899212,0.16261067986488342,0.40967074036598206,0.0037476238794624805,0.574296772480011,0.44979649782180786,-0.06255009770393372,0.5859938859939575,0.4498746395111084,-0.05612709000706673,0.5935525894165039,0.44953808188438416,-0.045221250504255295,0.6200507879257202,0.4444501996040344,-0.04169042035937309,0.6368675231933594,0.44470781087875366,-0.04269293323159218,0.6546752452850342,0.4452838897705078,-0.046832125633955,0.670205295085907,0.44524580240249634,-0.04315473511815071,0.6507779359817505,0.450269877910614,-0.024650534614920616,0.49203741550445557,0.4032694101333618,-0.09923267364501953,0.48406529426574707,0.4308742582798004,-0.08448075503110886,0.1549513041973114,0.6887526512145996,-0.05077096074819565,0.3180161714553833,0.5171089172363281,-0.06342025846242905,0.31356900930404663,0.5371776223182678,-0.07763484120368958,0.305687814950943,0.5577048659324646,-0.0868898332118988,0.2771511673927307,0.585978627204895,-0.0901908352971077,0.3181006908416748,0.4999433159828186,-0.04528873413801193,0.2404431849718094,0.5376337766647339,-0.08471670746803284,0.25149035453796387,0.515526294708252,-0.06476671248674393,0.2359817922115326,0.5604327917098999,-0.0945480614900589,0.23930419981479645,0.5768346190452576,-0.09661776572465897,0.28789466619491577,0.6060368418693542,-0.09198718518018723,0.6639432907104492,0.5321740508079529,-0.058417052030563354,0.2624047100543976,0.5829433798789978,-0.0838891863822937,0.25444141030311584,0.6975246667861938,-0.056281838566064835,0.2588050365447998,0.6305141448974609,-0.08896827697753906,0.42661425471305847,0.5236684083938599,-0.09077289700508118,0.5492498278617859,0.4707074761390686,-0.08123988658189774,0.5791109204292297,0.4682682156562805,-0.07133900374174118,0.5484483242034912,0.49169567227363586,-0.09068462997674942,0.551339864730835,0.5038766860961914,-0.09103180468082428,0.5733376145362854,0.4841686487197876,-0.08042141795158386,0.5696735382080078,0.49505382776260376,-0.07800615578889847,0.5926267504692078,0.5388373732566833,-0.0748995989561081,0.4758732318878174,0.4072943925857544,-0.11726817488670349,0.4544435143470764,0.4048954248428345,-0.12393946945667267,0.2085203230381012,0.6023232936859131,-0.11633194983005524,0.37703633308410645,0.48478808999061584,-0.06388393044471741,0.457199364900589,0.4723628759384155,-0.10417795926332474,0.4427028000354767,0.47681307792663574,-0.098830945789814,0.4045228958129883,0.5877038836479187,-0.11843038350343704,0.4272283613681793,0.4096265435218811,-0.11361502856016159,0.20592376589775085,0.5452663898468018,-0.10626870393753052,0.2018003761768341,0.5768683552742004,-0.11652389168739319,0.12639319896697998,0.6421496272087097,-0.0681721493601799,0.2608913481235504,0.4588390588760376,-0.055254340171813965,0.2682251036167145,0.49782097339630127,-0.04516413435339928,0.5657677054405212,0.5496234893798828,-0.08532161265611649,0.5003095865249634,0.7321749925613403,-0.005233239382505417,0.47384557127952576,0.4631320834159851,-0.08483024686574936,0.4835502803325653,0.45118948817253113,-0.07098942250013351,0.5635712146759033,0.5160289406776428,-0.07611517608165741,0.567497968673706,0.5105081796646118,-0.07223905622959137,0.18164408206939697,0.5867152810096741,-0.11346089094877243,0.4663606882095337,0.4812624156475067,-0.09319578856229782,0.22315751016139984,0.5067383646965027,-0.08474018424749374,0.20401352643966675,0.5074902176856995,-0.08969215303659439,0.11978211998939514,0.5214535593986511,-0.06859813630580902,0.15112149715423584,0.6064662933349609,-0.09437429904937744,0.16038519144058228,0.5023159980773926,-0.07991120219230652,0.19065657258033752,0.6162998676300049,-0.10856414586305618,0.17247949540615082,0.6484894752502441,-0.08049827069044113,0.5651958584785461,0.469882071018219,-0.07926621288061142,0.5612167716026306,0.48822617530822754,-0.08703145384788513,0.5603967905044556,0.49987971782684326,-0.08579839020967484,0.4791322946548462,0.4623337984085083,-0.07517054677009583,0.5659043788909912,0.5130867958068848,-0.07325978577136993,0.5811976194381714,0.5073434710502625,-0.07395696640014648,0.5685822367668152,0.5082794427871704,-0.07121596485376358,0.4690302610397339,0.4411029815673828,-0.10942582041025162,0.5751227140426636,0.4918012022972107,-0.07142186164855957,0.5810098052024841,0.4808225929737091,-0.0692848488688469,0.5875772833824158,0.4664011597633362,-0.06164909899234772,0.6445027589797974,0.4753343164920807,-0.042118560522794724,0.656213641166687,0.47056064009666443,-0.06169174984097481,0.6416023969650269,0.4689282178878784,-0.06550458073616028,0.624830961227417,0.46598878502845764,-0.06102193146944046,0.611018180847168,0.46321651339530945,-0.05874207615852356,0.5890925526618958,0.49037057161331177,-0.06888708472251892,0.593268632888794,0.4946737289428711,-0.07067576050758362,0.5985161066055298,0.499703973531723,-0.07502731680870056,0.6036257743835449,0.5037610530853271,-0.07530328631401062,0.5235308408737183,0.5137563943862915,-0.0928509458899498,0.36625880002975464,0.7537606954574585,0.011598155833780766,0.49562329053878784,0.4142416715621948,-0.07351305335760117,0.5795970559120178,0.4989810883998871,-0.06976228207349777,0.5805642604827881,0.5031171441078186,-0.07183344662189484,0.4941421449184418,0.44658204913139343,-0.07238391786813736,0.48162466287612915,0.4825280010700226,-0.07070186734199524,0.4892927408218384,0.4486715793609619,-0.07183613628149033,0.38412240147590637,0.5061432719230652,-0.07501138746738434,0.3907448947429657,0.5360190868377686,-0.09480034559965134,0.45143118500709534,0.48601341247558594,-0.08997997641563416,0.11334046721458435,0.5866520404815674,-0.07638950645923615,0.14551247656345367,0.558525025844574,-0.09333759546279907,0.18527936935424805,0.5504767894744873,-0.10639310628175735,0.6105594635009766,0.5226006507873535,-0.0710376426577568,0.22970910370349884,0.4594857692718506,-0.06405696272850037,0.18155798316001892,0.45527708530426025,-0.054510537534952164,0.1372273713350296,0.46446493268013,-0.03997034579515457,0.292618066072464,0.5757719278335571,-0.09063909947872162,0.2960740029811859,0.6322147250175476,-0.09789285808801651,0.31555116176605225,0.488614559173584,-0.03535499796271324,0.24078965187072754,0.6009983420372009,-0.1010366678237915,0.3667050004005432,0.46778443455696106,-0.06024543195962906,0.45204460620880127,0.45083490014076233,-0.11424865573644638,0.31853601336479187,0.6600992679595947,-0.09860412031412125,0.32152676582336426,0.6171822547912598,-0.1075722947716713,0.3440648317337036,0.5887975096702576,-0.10487528145313263,0.3555991053581238,0.5476595759391785,-0.08520437777042389,0.35571417212486267,0.5176631212234497,-0.06614025682210922,0.353181928396225,0.4949910342693329,-0.05335859954357147,0.3466551601886749,0.4337964653968811,-0.05590313300490379,0.37556299567222595,0.658234715461731,-0.10703463852405548,0.2302774041891098,0.6189594864845276,-0.10463131964206696,0.488361120223999,0.4112546145915985,-0.10641095042228699,0.40392008423805237,0.4804258942604065,-0.07145016640424728,0.24979716539382935,0.7434582114219666,0.0004677888937294483,0.34792834520339966,0.47691473364830017,-0.04360587149858475,0.4511518180370331,0.4953366219997406,-0.07045184820890427,0.25853216648101807,0.5922704339027405,-0.08778232336044312,0.4357620179653168,0.4561554789543152,-0.10643347352743149,0.43112829327583313,0.7493972778320312,0.006622380577027798,0.30602121353149414,0.48921239376068115,-0.03085060603916645,0.4284607172012329,0.43111199140548706,-0.11445530503988266,0.5887468457221985,0.6411508917808533,-0.06131356582045555,0.6091132164001465,0.6642741560935974,-0.03720698133111,0.3691403865814209,0.7110875844955444,-0.05340505763888359,0.5436915159225464,0.6734497547149658,-0.060559939593076706,0.20790529251098633,0.675296425819397,-0.06381064653396606,0.6880095601081848,0.5443833470344543,-0.05367296561598778,0.4920780062675476,0.4211084544658661,-0.0774867981672287,0.4152965843677521,0.5011157989501953,-0.07640457898378372,0.2528771162033081,0.6526980996131897,-0.08467889577150345,0.2919620871543884,0.5522748231887817,-0.08156032860279083,0.30007970333099365,0.5346733927726746,-0.07412121444940567,0.5817030668258667,0.5116000771522522,-0.07509882748126984,0.4276737868785858,0.662438690662384,-0.09711737930774689,0.7232992649078369,0.5147669315338135,-0.03504518046975136,0.68232262134552,0.5884095430374146,-0.044036105275154114,0.6532512307167053,0.6230599284172058,-0.04237731173634529,0.20595170557498932,0.4092748165130615,-0.016173454001545906,0.7322268486022949,0.4762324094772339,-0.006623785477131605,0.3038611114025116,0.5186900496482849,-0.061207450926303864,0.3052474558353424,0.5034050941467285,-0.04745328053832054,0.30616697669029236,0.4936894178390503,-0.036156896501779556,0.21595926582813263,0.6372372508049011,-0.09589700400829315,0.2842148542404175,0.5045636892318726,-0.04905430227518082,0.2714109420776367,0.5211419463157654,-0.06304924935102463,0.26328665018081665,0.5384458303451538,-0.07537375390529633,0.25926995277404785,0.5569005608558655,-0.08437702059745789,0.25986719131469727,0.5693362951278687,-0.08659888058900833,0.19385512173175812,0.7207789421081543,-0.02265171892940998,0.28330978751182556,0.5647328495979309,-0.08424258977174759,0.5157768726348877,0.4240691363811493,-0.05695102736353874,0.5123395323753357,0.49322509765625,-0.08701101690530777,0.4703606963157654,0.4586539566516876,-0.09032456576824188,0.5127745270729065,0.44866499304771423,-0.07561285048723221,0.318615198135376,0.42163151502609253,-0.02916138246655464,0.6292393803596497,0.6103640198707581,-0.05568879842758179,0.6598143577575684,0.5796743631362915,-0.05302047356963158,0.7095375061035156,0.5047817826271057,-0.04462748020887375,0.5605579018592834,0.7006898522377014,-0.022724654525518417,0.29801756143569946,0.49406152963638306,-0.038497988134622574,0.38207390904426575,0.44270166754722595,-0.0742061659693718,0.7185289859771729,0.4654598832130432,-0.016349470242857933,0.706251859664917,0.5518003702163696,-0.04714216664433479,0.42833390831947327,0.7108088731765747,-0.05165575072169304,0.6003457307815552,0.4784369468688965,-0.06633094698190689,0.6093722581863403,0.4825705587863922,-0.06919720023870468,0.620311975479126,0.48698416352272034,-0.0741204023361206,0.6322716474533081,0.4903058707714081,-0.07292284816503525,0.6289844512939453,0.5015837550163269,-0.06337239593267441,0.567389726638794,0.503771185874939,-0.07646609842777252,0.561789333820343,0.5080427527427673,-0.08194105327129364,0.5553562641143799,0.5117965340614319,-0.0860118716955185,0.5424332022666931,0.5327906012535095,-0.09371337294578552,0.45186924934387207,0.6182430982589722,-0.1102871373295784,0.35511305928230286,0.4501626789569855,-0.056099481880664825,0.29740098118782043,0.46933606266975403,-0.024693619459867477,0.29333752393722534,0.48375049233436584,-0.03234429657459259,0.5713268518447876,0.5000613927841187,-0.07198378443717957,0.5118744373321533,0.6409637331962585,-0.08552059531211853,0.3083052337169647,0.44847723841667175,-0.036626916378736496,0.6445493698120117,0.51863032579422,-0.05813074856996536,0.4027461111545563,0.40167129039764404,-0.08335160464048386,0.3753526210784912,0.42535775899887085,-0.07420852035284042,0.3765113055706024,0.40892624855041504,-0.06373877823352814,0.41525375843048096,0.4576539397239685,-0.084433414041996,0.694758951663971,0.4582921266555786,-0.025410311296582222,0.6694245338439941,0.4548889100551605,-0.024274393916130066,0.6623696088790894,0.48542338609695435,-0.043512362986803055,0.5931103825569153,0.5633748173713684,-0.07501363009214401,0.4640963673591614,0.514371931552887,-0.0795782208442688,0.6223553419113159,0.5448984503746033,-0.06639400124549866,0.4463939368724823,0.5557781457901001,-0.106559157371521,0.48409372568130493,0.5319259762763977,-0.09314834326505661,0.481540322303772,0.5827314853668213,-0.10614859312772751,0.6862822771072388,0.49465155601501465,-0.050964951515197754,0.4240506887435913,0.4771224558353424,-0.08023984730243683,0.6044725179672241,0.5896672010421753,-0.07033556699752808,0.6364419460296631,0.5622578263282776,-0.06054222583770752,0.5585711598396301,0.5734838843345642,-0.08993147313594818,0.47255152463912964,0.6654177904129028,-0.08511242270469666,0.551196277141571,0.6088125705718994,-0.0877586081624031,0.48586004972457886,0.7016355991363525,-0.053880225867033005,0.5147491693496704,0.5522099733352661,-0.09842239320278168,0.39260900020599365,0.46189314126968384,-0.07272198796272278,0.46437692642211914,0.44476738572120667,-0.1156085878610611,0.46674662828445435,0.46624982357025146,-0.09955776482820511,0.4519355893135071,0.42705580592155457,-0.12261476367712021,0.2685285210609436,0.48161911964416504,-0.04315092787146568,0.2415837049484253,0.5115780234336853,-0.07041054219007492,0.22779101133346558,0.5399361848831177,-0.09245054423809052,0.22325295209884644,0.5663367509841919,-0.10547353327274323,0.22678542137145996,0.5868901610374451,-0.10815920680761337,0.2599666714668274,0.6089935302734375,-0.08979188650846481,0.31085801124572754,0.7073194980621338,-0.0584837980568409,0.3042149841785431,0.594045877456665,-0.09452272951602936,0.3222423791885376,0.5721991658210754,-0.09038923680782318,0.3323524296283722,0.5435407161712646,-0.07855334877967834,0.3355173170566559,0.5169884562492371,-0.06131633371114731,0.33471494913101196,0.49674633145332336,-0.044424500316381454,0.3329033851623535,0.48226070404052734,-0.03500112146139145,0.30705004930496216,0.7516422271728516,0.011128325015306473,0.4725809395313263,0.47198596596717834,-0.08943478763103485,0.40557968616485596,0.43573474884033203,-0.0916791707277298,0.4689306616783142,0.42344534397125244,-0.11891306191682816,0.48076194524765015,0.42398589849472046,-0.1023985967040062,0.4718129634857178,0.42962706089019775,-0.11004706472158432,0.48038244247436523,0.47235554456710815,-0.07713967561721802,0.48449721932411194,0.4181267321109772,-0.10567634552717209,0.48881474137306213,0.4269767701625824,-0.0809982493519783,0.3104979693889618,0.4811859130859375,-0.025377094745635986,0.3239966630935669,0.4699186682701111,-0.026749756187200546,0.33462920784950256,0.4619276523590088,-0.036200687289237976,0.2612842619419098,0.5769931077957153,-0.08623906970024109,0.2457250952720642,0.5888946652412415,-0.0941220298409462,0.40921488404273987,0.39156097173690796,-0.060108721256256104,0.38758528232574463,0.37415528297424316,0.15381509065628052,0.4939677119255066,0.40243294835090637,-0.059351179748773575,0.2866228222846985,0.3667234182357788,0.3297807276248932,0.392935186624527,0.39427807927131653,0.09075873345136642,0.397553950548172,0.3876078724861145,0.10742690414190292,0.3998168408870697,0.38151174783706665,0.12644614279270172,0.394264280796051,0.38008037209510803,0.16190391778945923,0.38621819019317627,0.39824604988098145,0.07642097026109695,0.35492926836013794,0.3748757243156433,0.10596691817045212,0.3531128168106079,0.3830742835998535,0.0861639454960823,0.35902532935142517,0.36965084075927734,0.12634967267513275,0.3659234344959259,0.36875802278518677,0.14294672012329102,0.40576469898223877,0.38033097982406616,0.17917156219482422,0.6800523996353149,0.4226517975330353,0.05296539515256882,0.38508471846580505,0.37401795387268066,0.16541828215122223,0.3731779456138611,0.3721295893192291,0.3179737329483032,0.3931272625923157,0.38108310103416443,0.216280996799469,0.4732438325881958,0.37837761640548706,0.06459365785121918,0.560379147529602,0.428613543510437,-0.04162285104393959,0.5876744985580444,0.43175339698791504,-0.034762509167194366,0.5692814588546753,0.408036470413208,-0.008376981131732464,0.577593207359314,0.3940817713737488,0.02186278998851776,0.5880472660064697,0.41587159037590027,-0.009122510440647602,0.5892280340194702,0.4032719135284424,0.016834724694490433,0.6267261505126953,0.399566650390625,0.06847541034221649,0.48383763432502747,0.3836340308189392,-0.09576141834259033,0.46362975239753723,0.37747523188591003,-0.09845215827226639,0.3461230397224426,0.3594902753829956,0.16902174055576324,0.4071125388145447,0.39660412073135376,0.038019176572561264,0.4855211675167084,0.3774636387825012,-0.008320491760969162,0.47188377380371094,0.3797929883003235,-0.00012010199134238064,0.4791262447834015,0.3604500889778137,0.1388658732175827,0.4357945919036865,0.38319113850593567,-0.08105774223804474,0.32610198855400085,0.3599853813648224,0.09211121499538422,0.33413535356521606,0.35630548000335693,0.13218259811401367,0.25551876425743103,0.3522648811340332,0.27189359068870544,0.32558247447013855,0.38667938113212585,0.010054276324808598,0.3549904525279999,0.3917030692100525,0.07789566367864609,0.6084185838699341,0.3907037377357483,0.08819855004549026,0.5749373435974121,0.43773698806762695,0.3541998565196991,0.49493879079818726,0.3915531039237976,-0.013945907354354858,0.4971092939376831,0.4030442237854004,-0.03578655794262886,0.5953249931335449,0.37654542922973633,0.07357148826122284,0.59591144323349,0.3828602731227875,0.05875605717301369,0.3207801580429077,0.3549436926841736,0.15064603090286255,0.49389541149139404,0.38489478826522827,0.0009973641717806458,0.3217030465602875,0.3689044117927551,0.05059661716222763,0.3042566478252411,0.36493515968322754,0.050301991403102875,0.20351536571979523,0.3541322350502014,0.12508973479270935,0.27212828397750854,0.34251415729522705,0.1976047158241272,0.2352532148361206,0.3556867241859436,0.08192505687475204,0.33531734347343445,0.36083322763442993,0.19741719961166382,0.29882335662841797,0.3512071967124939,0.25170767307281494,0.575386643409729,0.4296839237213135,-0.04003932699561119,0.5796571969985962,0.41175180673599243,-0.009565180167555809,0.5838025212287903,0.3982587456703186,0.016983812674880028,0.49698877334594727,0.3976784348487854,-0.01727912947535515,0.5959810018539429,0.37973618507385254,0.06475412845611572,0.610742449760437,0.3830706775188446,0.04262462630867958,0.5958237648010254,0.3850895166397095,0.05606960877776146,0.4875749349594116,0.3854565918445587,-0.044269002974033356,0.5920242071151733,0.4067484438419342,0.018344903364777565,0.5933783650398254,0.41915974020957947,-0.0021865495946258307,0.5947357416152954,0.433606892824173,-0.02404119074344635,0.6526505947113037,0.4322734773159027,-0.0061863986775279045,0.6712977886199951,0.4212394058704376,-0.021919045597314835,0.6558473706245422,0.4222862422466278,-0.024214763194322586,0.637393593788147,0.42424529790878296,-0.019684890285134315,0.6218158006668091,0.4269424378871918,-0.01955173909664154,0.6107079386711121,0.40079212188720703,0.02137949876487255,0.6180139183998108,0.39576730132102966,0.0191849023103714,0.6271275877952576,0.39040207862854004,0.018465453758835793,0.6353261470794678,0.38599327206611633,0.025418929755687714,0.5578239560127258,0.3851565718650818,0.03790402412414551,0.4678809940814972,0.42524656653404236,0.4119032621383667,0.6035348176956177,0.3929218053817749,0.04170721024274826,0.6074056029319763,0.3878679573535919,0.040246304124593735,0.5042316913604736,0.4088417887687683,-0.03759096562862396,0.5048718452453613,0.39640092849731445,0.004681072197854519,0.5008129477500916,0.40593189001083374,-0.03759090602397919,0.4238572120666504,0.389384388923645,0.06060679256916046,0.445766419172287,0.3745976686477661,0.08849827945232391,0.48121213912963867,0.38364773988723755,0.012328644283115864,0.22762852907180786,0.34665268659591675,0.20032337307929993,0.2513850927352905,0.3441980481147766,0.14177477359771729,0.30924782156944275,0.3565451502799988,0.10302699357271194,0.6352369785308838,0.40639060735702515,0.04688571020960808,0.2999786138534546,0.37927669286727905,0.007479748222976923,0.22163693606853485,0.37720704078674316,0.030102675780653954,0.1830531805753708,0.37400591373443604,0.05746842548251152,0.3993178904056549,0.37973499298095703,0.14669150114059448,0.4192500710487366,0.38259944319725037,0.2040066123008728,0.3806983530521393,0.4008358120918274,0.07306589931249619,0.3710227906703949,0.37155571579933167,0.17477211356163025,0.39024683833122253,0.3997487425804138,0.020955108106136322,0.476232647895813,0.37515494227409363,-0.036830343306064606,0.42380818724632263,0.3570460379123688,0.24423401057720184,0.4318673312664032,0.3764040470123291,0.17645874619483948,0.4366455078125,0.373940110206604,0.13605625927448273,0.428703248500824,0.38179588317871094,0.09911610931158066,0.41679975390434265,0.3909587264060974,0.07433874160051346,0.40513259172439575,0.3955899775028229,0.05213667079806328,0.3572154939174652,0.40542787313461304,-0.02153805084526539,0.4727861285209656,0.36003759503364563,0.23562651872634888,0.3667907416820526,0.37058210372924805,0.1968107968568802,0.4935451149940491,0.3966212272644043,-0.08914037048816681,0.43141278624534607,0.3944690227508545,0.026707667857408524,0.36764243245124817,0.40432828664779663,0.4111461639404297,0.3929567337036133,0.3983997106552124,0.038620948791503906,0.4811744689941406,0.3902311623096466,0.03227824345231056,0.3850606083869934,0.37724950909614563,0.17404426634311676,0.4598838686943054,0.3790168762207031,-0.027598422020673752,0.5209406614303589,0.43224507570266724,0.3906104564666748,0.3758293092250824,0.40115654468536377,0.08201112598180771,0.44547826051712036,0.37892061471939087,-0.05704076215624809,0.636368989944458,0.40546056628227234,0.19306281208992004,0.6531070470809937,0.43331587314605713,0.23325099050998688,0.47345560789108276,0.38232606649398804,0.32130497694015503,0.6067438125610352,0.402563214302063,0.24008043110370636,0.3311806321144104,0.3623966574668884,0.2923792898654938,0.7020683288574219,0.4270477592945099,0.06754472851753235,0.4964219033718109,0.4093550443649292,-0.0669916421175003,0.45103219151496887,0.389201283454895,0.04472949355840683,0.39681291580200195,0.38760122656822205,0.25130265951156616,0.3894822597503662,0.3778098523616791,0.12793435156345367,0.38787519931793213,0.3834357261657715,0.11122946441173553,0.6137639284133911,0.37877458333969116,0.05030373856425285,0.5163718461990356,0.36922115087509155,0.23312661051750183,0.730797290802002,0.4505354166030884,0.03468327969312668,0.7018104195594788,0.4351992607116699,0.13006336987018585,0.6821092963218689,0.43370404839515686,0.17665071785449982,0.3840565085411072,0.3896259367465973,0.09700749069452286,0.3791157603263855,0.3950522840023041,0.08857665210962296,0.3770555853843689,0.3990914523601532,0.08551470190286636,0.3609706461429596,0.3751804530620575,0.2291363626718521,0.3695181906223297,0.391274631023407,0.08924617618322372,0.36916235089302063,0.38389521837234497,0.09745891392230988,0.3705635666847229,0.3770295977592468,0.11119697988033295,0.3743828237056732,0.3718067705631256,0.1280653178691864,0.3791213035583496,0.3709438443183899,0.1413109451532364,0.32162415981292725,0.38331055641174316,0.3789025545120239,0.3886822760105133,0.3749389350414276,0.1430436372756958,0.5389660596847534,0.38993215560913086,0.012314800173044205,0.49260401725769043,0.38716578483581543,-0.022877417504787445,0.5239511132240295,0.4064480662345886,-0.034828249365091324,0.663307249546051,0.4112356901168823,0.1498056799173355,0.6818803548812866,0.4210008382797241,0.10935159772634506,0.7172819972038269,0.4399648606777191,0.021330347284674644,0.6190536022186279,0.4367626905441284,0.29772910475730896,0.37263256311416626,0.3970869779586792,0.08515143394470215,0.39871320128440857,0.3945544958114624,-0.019547786563634872,0.7193215489387512,0.4389723241329193,0.08162366598844528,0.5215041637420654,0.39106786251068115,0.30756139755249023,0.6182405948638916,0.41227591037750244,0.0018665308598428965,0.6304504871368408,0.40748849511146545,0.0015597394667565823,0.6445467472076416,0.4034437835216522,5.4650725360261276e-05,0.6589363813400269,0.400412917137146,0.004496928304433823,0.6447398662567139,0.4169595241546631,0.022281277924776077,0.5912092924118042,0.3923722505569458,0.04037392884492874,0.5887274742126465,0.38733652234077454,0.045946765691041946,0.5851860642433167,0.3832627534866333,0.0506591722369194,0.5828399658203125,0.3851221203804016,0.06758306920528412,0.5265003442764282,0.3686472773551941,0.1673831343650818,0.3723815381526947,0.4030570983886719,0.0006863734452053905,0.3571770489215851,0.4018149971961975,0.047212839126586914,0.363447904586792,0.4000972807407379,0.07188522070646286,0.5925503373146057,0.3961964249610901,0.04002588614821434,0.5788567662239075,0.3825112581253052,0.19643104076385498,0.35219937562942505,0.3997073173522949,0.0055736517533659935,0.6597371101379395,0.42286044359207153,0.03777734562754631,0.3845995366573334,0.39808470010757446,-0.04488708823919296,0.43799659609794617,0.3882228434085846,-0.012136444449424744,0.6695187091827393,0.4361003637313843,0.0026171719655394554,0.6297450661659241,0.39742720127105713,0.09134398400783539,0.5014047026634216,0.3854813575744629,0.04805821180343628,0.6477020978927612,0.41018763184547424,0.06565941125154495,0.5051596760749817,0.36867523193359375,0.09215110540390015,0.5285623669624329,0.378963440656662,0.06488854438066483,0.5432168245315552,0.3710238039493561,0.12009560316801071,0.6948091387748718,0.4351590573787689,0.010296681895852089,0.4511348009109497,0.3898082375526428,0.010723507963120937,0.6422942876815796,0.39895421266555786,0.12218254059553146,0.6614155173301697,0.4133670926094055,0.08853749185800552,0.6058146953582764,0.3869830369949341,0.11121232062578201,0.5525140166282654,0.3780364990234375,0.23117533326148987,0.604114294052124,0.38592594861984253,0.1471771001815796,0.5657039880752563,0.39848804473876953,0.28755274415016174,0.5636866092681885,0.3788563907146454,0.08703537285327911,0.4147506356239319,0.3946606516838074,0.0052599720656871796,0.4854832589626312,0.37950921058654785,-0.04516379535198212,0.49237164855003357,0.38111746311187744,-0.018713045865297318,0.4690266251564026,0.3746924102306366,-0.06621396541595459,0.3443489074707031,0.3922690153121948,0.05577046796679497,0.34125635027885437,0.37891075015068054,0.0743883028626442,0.3431698679924011,0.3691924810409546,0.09753772616386414,0.3476261496543884,0.36321383714675903,0.12577171623706818,0.3569985330104828,0.364146888256073,0.15106263756752014,0.38920721411705017,0.37968307733535767,0.18972265720367432,0.42372047901153564,0.37554144859313965,0.32506969571113586,0.41355469822883606,0.3780789375305176,0.16088712215423584,0.4159291982650757,0.378989577293396,0.1322246640920639,0.41192761063575745,0.3855627775192261,0.10488367080688477,0.4037845730781555,0.3938358426094055,0.08329766988754272,0.39506471157073975,0.39876893162727356,0.06544240564107895,0.38700491189956665,0.4016944468021393,0.05441023036837578,0.4160638153553009,0.4185571074485779,0.4210175573825836,0.496782511472702,0.3876965343952179,-0.009966159239411354,0.42169898748397827,0.38771334290504456,-0.03512502461671829,0.4835440218448639,0.3792504072189331,-0.0740833654999733,0.4912429451942444,0.3945402204990387,-0.0765438824892044,0.48702698945999146,0.38598477840423584,-0.06410811841487885,0.5010457038879395,0.3962101638317108,-0.010345651768147945,0.4930744171142578,0.3943781554698944,-0.08447743952274323,0.4962182641029358,0.40564870834350586,-0.06313993036746979,0.3744698762893677,0.4029598832130432,0.06905216723680496,0.3753104507923126,0.4044879078865051,0.04344773665070534,0.3765047788619995,0.40082406997680664,0.021527564153075218,0.3821457624435425,0.3718201518058777,0.15260246396064758,0.3739411532878876,0.37162068486213684,0.16045314073562622,0.26235631108283997,0.5399914383888245,-0.0666893795132637,0.2698928415775299,0.5179967284202576,-0.0666893795132637,0.24103377759456635,0.5378983616828918,-0.0666893795132637,0.2540951073169708,0.5615484118461609,-0.0666893795132637,0.2825971245765686,0.5417553186416626,-0.0666893795132637,0.3514748811721802,0.3795134127140045,0.11622393876314163,0.3554145097732544,0.37197816371917725,0.11622393876314163,0.33495503664016724,0.3769800662994385,0.11622393876314163,0.3474373519420624,0.38744276762008667,0.11622393876314163,0.3677402138710022,0.3821607232093811,0.11622393876314163,0,0,0,0,0,1,1,0,0,0,0,0,0.12663789093494415,0.0947040393948555,0.09169500321149826,0.10745551437139511,0.026831161230802536,0.06569980829954147,0.12698812782764435,0.08324631303548813,0.09170319139957428,0.15284615755081177,1.1549584865570068,0.4685642123222351,Sadness,15.075996398925781,-25.51262664794922
277,9.233333333333333,30.16091083262133,4.570917820493122,0.17724675493386996,0.5969117283821106,0.4710850119590759,-0.09206420183181763,0.5795280337333679,0.3874354362487793,-0.12415096908807755,0.5670156478881836,0.42575711011886597,-0.08049877732992172,0.48266494274139404,0.38119012117385864,-0.09111439436674118,0.5622202157974243,0.3749731779098511,-0.1253214180469513,0.529803454875946,0.3702263832092285,-0.10822062194347382,0.4385199248790741,0.36414211988449097,-0.025704657658934593,0.2198115885257721,0.47876834869384766,-0.06884527951478958,0.39173179864883423,0.3487338125705719,0.008642736822366714,0.3729444444179535,0.3341143727302551,0.01623724400997162,0.2751738429069519,0.29286232590675354,0.07714377343654633,0.6046231985092163,0.47784915566444397,-0.09162154048681259,0.611674964427948,0.48565131425857544,-0.08728061616420746,0.6153050661087036,0.49088236689567566,-0.08016479760408401,0.6140897274017334,0.4910542666912079,-0.0725250393152237,0.6215987205505371,0.496654748916626,-0.07892618328332901,0.6298493146896362,0.5044281482696533,-0.0866757184267044,0.6368064880371094,0.5127265453338623,-0.08679236471652985,0.6843733787536621,0.5316445231437683,-0.07542728632688522,0.5813150405883789,0.4018896222114563,-0.1163489893078804,0.5498992204666138,0.4225310981273651,-0.1022765040397644,0.030286580324172974,0.5134047865867615,-0.015978192910552025,0.3059825897216797,0.44744977355003357,-0.04809742420911789,0.28304943442344666,0.4624379575252533,-0.06460551917552948,0.25752317905426025,0.47623151540756226,-0.07472918182611465,0.2115108221769333,0.48952966928482056,-0.07694742828607559,0.3220230042934418,0.4333024024963379,-0.02713107503950596,0.22858014702796936,0.4311489462852478,-0.06235158070921898,0.25817984342575073,0.41768836975097656,-0.03866500407457352,0.20311295986175537,0.4480421841144562,-0.07423815131187439,0.1897754669189453,0.463837206363678,-0.0775810182094574,0.20013804733753204,0.5097150206565857,-0.08180201053619385,0.6144116520881653,0.6084262728691101,-0.1186138391494751,0.20453675091266632,0.4816688895225525,-0.0669722929596901,0.10347157716751099,0.570366382598877,-0.04154902696609497,0.15822985768318176,0.516810417175293,-0.07459884881973267,0.399635910987854,0.48515987396240234,-0.10425150394439697,0.564586877822876,0.48606857657432556,-0.1096930280327797,0.5857575535774231,0.5016276240348816,-0.10297562181949615,0.5386257171630859,0.5094618797302246,-0.11990643292665482,0.5236661434173584,0.5273205637931824,-0.11870931088924408,0.5615077018737793,0.5165590643882751,-0.11077095568180084,0.5429778099060059,0.5294390916824341,-0.10688325762748718,0.5154988765716553,0.5749269723892212,-0.11148537695407867,0.5615960359573364,0.3977552056312561,-0.1336459517478943,0.5418911576271057,0.3876793086528778,-0.1364431381225586,0.1403016448020935,0.46835246682167053,-0.08974576741456985,0.3975560665130615,0.43355199694633484,-0.05762184038758278,0.4761545956134796,0.4489985704421997,-0.1193605288863182,0.45827075839042664,0.44803985953330994,-0.11140259355306625,0.31653982400894165,0.5330520272254944,-0.13272890448570251,0.5120333433151245,0.38287121057510376,-0.1194416880607605,0.1861533224582672,0.4174330234527588,-0.07233112305402756,0.15580859780311584,0.44278648495674133,-0.08545028418302536,0.04588550329208374,0.4626009166240692,-0.02225320041179657,0.3122287690639496,0.3669055104255676,-0.01999550126492977,0.28789234161376953,0.40988266468048096,-0.018063679337501526,0.4763166010379791,0.5686553716659546,-0.11925199627876282,0.2833733856678009,0.7131209373474121,-0.05598975345492363,0.5019784569740295,0.4477854371070862,-0.10140001028776169,0.5256917476654053,0.44110116362571716,-0.08920334279537201,0.5117071866989136,0.5529157519340515,-0.10619989037513733,0.5184792280197144,0.5489072203636169,-0.10079878568649292,0.1327478289604187,0.44199106097221375,-0.0781366378068924,0.4749019742012024,0.4606836140155792,-0.11006852239370346,0.2345319390296936,0.39176279306411743,-0.04991132393479347,0.21952208876609802,0.38288813829421997,-0.04987580329179764,0.14424924552440643,0.3620105981826782,-0.0068481056950986385,0.10817843675613403,0.44584283232688904,-0.050041962414979935,0.20486798882484436,0.3634757399559021,-0.02548714354634285,0.11758209764957428,0.4719279408454895,-0.07844565063714981,0.0886685848236084,0.490439772605896,-0.04268307238817215,0.5756718516349792,0.4945164918899536,-0.10895764827728271,0.5504648089408875,0.513285756111145,-0.11640077084302902,0.533452033996582,0.5284751653671265,-0.1141229122877121,0.5079996585845947,0.44942763447761536,-0.09230119735002518,0.5152918696403503,0.5508913397789001,-0.10230032354593277,0.5316660404205322,0.5481809973716736,-0.10384654998779297,0.5216729640960693,0.5469669103622437,-0.09934917092323303,0.5228558778762817,0.42561572790145874,-0.12472913414239883,0.5497549772262573,0.5296449661254883,-0.10250385105609894,0.5687220096588135,0.5181639194488525,-0.10237304866313934,0.5915382504463196,0.5051646828651428,-0.09667932987213135,0.6478051543235779,0.5510329008102417,-0.09342251718044281,0.6077958345413208,0.5299742817878723,-0.1052263006567955,0.6017263531684875,0.5210438370704651,-0.10452490299940109,0.5952377319335938,0.5121193528175354,-0.09632109850645065,0.5909357666969299,0.5057990550994873,-0.08911406993865967,0.5506965517997742,0.5308401584625244,-0.09653395414352417,0.5506048202514648,0.5360643267631531,-0.1017003059387207,0.5500448346138,0.5433838367462158,-0.10823933780193329,0.5501736402511597,0.5505556464195251,-0.11035212874412537,0.4823591113090515,0.5152688026428223,-0.11757717281579971,0.1448451727628708,0.6661814451217651,-0.009677701629698277,0.5742385387420654,0.4139220714569092,-0.09207548201084137,0.536575973033905,0.5390813946723938,-0.09702856093645096,0.5346073508262634,0.543198823928833,-0.10069148242473602,0.5393682718276978,0.4422542154788971,-0.0938301533460617,0.48665547370910645,0.46821558475494385,-0.0896410420536995,0.5332160592079163,0.44149327278137207,-0.09131090342998505,0.38220685720443726,0.45398804545402527,-0.07466202974319458,0.357235848903656,0.48178380727767944,-0.10055022686719894,0.45651066303253174,0.45970383286476135,-0.10415603965520859,0.08278650045394897,0.41192877292633057,-0.02122238278388977,0.14568883180618286,0.4037059247493744,-0.043560758233070374,0.1665201038122177,0.41224583983421326,-0.06759805977344513,0.5557386875152588,0.573210597038269,-0.11201690137386322,0.28718462586402893,0.35265684127807617,-0.021896714344620705,0.2620687782764435,0.3339613676071167,0.004016493447124958,0.20702998340129852,0.3244384527206421,0.027426213026046753,0.23126094043254852,0.4866577982902527,-0.07857314497232437,0.18215090036392212,0.5341050624847412,-0.0919891893863678,0.33055970072746277,0.4229413568973541,-0.014854307286441326,0.1691499799489975,0.4838331937789917,-0.08101189136505127,0.4057971239089966,0.41546431183815,-0.05054140090942383,0.4950661063194275,0.4274047613143921,-0.12779977917671204,0.18456310033798218,0.5613793134689331,-0.09812861680984497,0.21180686354637146,0.5319780707359314,-0.10664007067680359,0.2528049945831299,0.517182469367981,-0.10445602238178253,0.30126407742500305,0.48677074909210205,-0.08236370235681534,0.33131101727485657,0.4615115523338318,-0.059149835258722305,0.352254182100296,0.44079092144966125,-0.04188251495361328,0.42107194662094116,0.3787806034088135,-0.03746677190065384,0.22926853597164154,0.5838650465011597,-0.11900810897350311,0.14581377804279327,0.49276870489120483,-0.08318611234426498,0.5709911584854126,0.407075971364975,-0.1242438331246376,0.4229775369167328,0.4388733506202698,-0.07307588309049606,0.05791062116622925,0.603691577911377,0.0065085445530712605,0.3665356934070587,0.4226799011230469,-0.028017448261380196,0.4468664526939392,0.46826380491256714,-0.08347892016172409,0.19228971004486084,0.48735496401786804,-0.07122350484132767,0.4738922417163849,0.4268614947795868,-0.1162550151348114,0.20402416586875916,0.6935592293739319,-0.02932380512356758,0.32333120703697205,0.4203740060329437,-0.008452614769339561,0.4926550090312958,0.40237128734588623,-0.12249097228050232,0.4363352358341217,0.6698301434516907,-0.113242007791996,0.44710370898246765,0.704125165939331,-0.10063164681196213,0.18038733303546906,0.6299188137054443,-0.06474041193723679,0.3655741214752197,0.679511547088623,-0.10760006308555603,0.08959850668907166,0.530042827129364,-0.0359979085624218,0.6301958560943604,0.6307523846626282,-0.12136019021272659,0.5657113790512085,0.4179113507270813,-0.09607306122779846,0.4120059013366699,0.46089228987693787,-0.08351710438728333,0.13621607422828674,0.5328013896942139,-0.07126891613006592,0.25236785411834717,0.4670158922672272,-0.06659308820962906,0.27488458156585693,0.45559927821159363,-0.05849720165133476,0.5287679433822632,0.5532788634300232,-0.10636793822050095,0.26833871006965637,0.612163782119751,-0.12089374661445618,0.707224428653717,0.6255061626434326,-0.10388927906751633,0.5896056294441223,0.6692827939987183,-0.10938683897256851,0.5274776220321655,0.6866596341133118,-0.10637668520212173,0.32179081439971924,0.3079177737236023,0.04598691314458847,0.7554754018783569,0.5959203243255615,-0.07222531735897064,0.2931908667087555,0.4438479244709015,-0.0436878502368927,0.3083510994911194,0.4321151375770569,-0.027799811214208603,0.3182552456855774,0.4244478642940521,-0.01460483018308878,0.12244969606399536,0.5014036297798157,-0.0728122740983963,0.2962820529937744,0.4248630106449127,-0.025639064610004425,0.27308690547943115,0.4341113567352295,-0.04051772505044937,0.2513582110404968,0.4452759921550751,-0.05466983839869499,0.2305552363395691,0.4586081802845001,-0.06536030024290085,0.2176542580127716,0.46888113021850586,-0.0686442106962204,0.03310522437095642,0.5579978227615356,-0.0010970914736390114,0.234556645154953,0.4741368889808655,-0.06932045519351959,0.5781661868095398,0.432925283908844,-0.07988371700048447,0.49867773056030273,0.4909058213233948,-0.11235976219177246,0.5039425492286682,0.4422394335269928,-0.10501938313245773,0.5481269955635071,0.4523189961910248,-0.10011129081249237,0.40864264965057373,0.3600389361381531,4.4919292122358456e-05,0.5051394701004028,0.6600319147109985,-0.11215834319591522,0.5658866167068481,0.647861123085022,-0.11547910422086716,0.6934125423431396,0.6061720848083496,-0.11567235738039017,0.36861568689346313,0.7149361371994019,-0.08264601230621338,0.3141533434391022,0.4211040735244751,-0.015282337553799152,0.4423326849937439,0.39836549758911133,-0.06677789241075516,0.7444503307342529,0.5770336389541626,-0.08579007536172867,0.6503134965896606,0.6490364670753479,-0.11479464918375015,0.23006871342658997,0.6576470136642456,-0.07623358070850372,0.5692052841186523,0.5192156434059143,-0.09556618332862854,0.5711157917976379,0.5257365107536316,-0.10221241414546967,0.574151337146759,0.534237265586853,-0.10960226505994797,0.57830411195755,0.5428807139396667,-0.11165714263916016,0.6003981232643127,0.5660131573677063,-0.10967273265123367,0.5292547941207886,0.5399461388587952,-0.10457289963960648,0.521658718585968,0.5412846803665161,-0.10996741056442261,0.5141761302947998,0.5418119430541992,-0.11431445181369781,0.47399356961250305,0.5420035719871521,-0.12090424448251724,0.32780197262763977,0.5833771824836731,-0.1372925341129303,0.41306498646736145,0.39602339267730713,-0.04119893163442612,0.3371235430240631,0.3957366943359375,0.0038877329789102077,0.32043901085853577,0.40835896134376526,-0.005606655962765217,0.5356851816177368,0.538192868232727,-0.10089275985956192,0.361625075340271,0.6332095861434937,-0.12454565614461899,0.36537662148475647,0.37970834970474243,-0.008868258446455002,0.6027611494064331,0.5881494283676147,-0.11156004667282104,0.4983626902103424,0.3691742420196533,-0.07946312427520752,0.4530804455280304,0.3806649446487427,-0.06269028782844543,0.4694227874279022,0.36729854345321655,-0.0508895181119442,0.4550943374633789,0.42234593629837036,-0.08690041303634644,0.7260053157806396,0.5590178370475769,-0.08832961320877075,0.7012552618980408,0.5444609522819519,-0.08051857352256775,0.6587541103363037,0.568306028842926,-0.10064669698476791,0.5014401078224182,0.5966413021087646,-0.11656803637742996,0.4402252435684204,0.4903849959373474,-0.0967944785952568,0.550906777381897,0.597481906414032,-0.11448054760694504,0.38320738077163696,0.5228736400604248,-0.12841558456420898,0.4373183846473694,0.5158465504646301,-0.11546854674816132,0.38633716106414795,0.5629980564117432,-0.13540758192539215,0.6771210432052612,0.5862216949462891,-0.11507613956928253,0.44253066182136536,0.44254717230796814,-0.08649135380983353,0.4959445893764496,0.6274825930595398,-0.11949823796749115,0.5548593997955322,0.6210037469863892,-0.11595847457647324,0.4568326473236084,0.5875535011291504,-0.1277870386838913,0.30541715025901794,0.6368613243103027,-0.11849253624677658,0.4249494671821594,0.6200807094573975,-0.12872879207134247,0.288962185382843,0.6772772073745728,-0.09106580913066864,0.43815433979034424,0.5475766062736511,-0.12629936635494232,0.43234336376190186,0.41870638728141785,-0.06958995014429092,0.5137970447540283,0.4266684651374817,-0.13048295676708221,0.49193519353866577,0.4472373127937317,-0.11606235802173615,0.5191048383712769,0.4061160087585449,-0.13580633699893951,0.3008035123348236,0.39358896017074585,-0.011831061914563179,0.25023210048675537,0.40771642327308655,-0.04014723002910614,0.21273010969161987,0.4254849851131439,-0.06487392634153366,0.18460072576999664,0.4455863833427429,-0.08068005740642548,0.16905035078525543,0.4651116132736206,-0.08517961204051971,0.1781895011663437,0.5006414651870728,-0.07400066405534744,0.13808491826057434,0.6015067100524902,-0.0570220910012722,0.2212773859500885,0.5067540407180786,-0.08614237606525421,0.25458163022994995,0.4944436848163605,-0.08265384286642075,0.2896510660648346,0.474526584148407,-0.07009869813919067,0.31818509101867676,0.45356273651123047,-0.05005751922726631,0.33762073516845703,0.4359961152076721,-0.0290740504860878,0.35081708431243896,0.42252036929130554,-0.016652876511216164,0.09794503450393677,0.6367996335029602,0.004275606945157051,0.49059921503067017,0.4549802839756012,-0.10641442239284515,0.4687492251396179,0.3996807932853699,-0.09178148210048676,0.5404305458068848,0.4094253182411194,-0.13466781377792358,0.553780198097229,0.4150715470314026,-0.11973526328802109,0.5385286808013916,0.41658446192741394,-0.12553082406520844,0.4969523549079895,0.45881322026252747,-0.09501714259386063,0.5620142221450806,0.41142183542251587,-0.12348930537700653,0.5581002235412598,0.4213143289089203,-0.09908061474561691,0.3349255919456482,0.4141507148742676,-0.0020839835051447153,0.3570021986961365,0.407709002494812,-0.003665965748950839,0.3721095323562622,0.40377119183540344,-0.015682794153690338,0.21019594371318817,0.47588980197906494,-0.06914595514535904,0.18412357568740845,0.4775420129299164,-0.07619926333427429,0.5137836933135986,0.36397138237953186,-0.054956577718257904,0.49748197197914124,0.33467793464660645,0.19344638288021088,0.5822448134422302,0.403544545173645,-0.07508181780576706,0.42874348163604736,0.30862537026405334,0.4061436057090759,0.4792914390563965,0.3579108715057373,0.12102172523736954,0.49138981103897095,0.35298317670822144,0.13878144323825836,0.5016467571258545,0.34755033254623413,0.15983091294765472,0.5067808032035828,0.3359600007534027,0.19995862245559692,0.46679162979125977,0.36056381464004517,0.10654376447200775,0.45625734329223633,0.3225831985473633,0.14786803722381592,0.4456713795661926,0.329916775226593,0.12740524113178253,0.4694098234176636,0.318348228931427,0.1690877079963684,0.4817460775375366,0.31884056329727173,0.18591074645519257,0.5252077579498291,0.3376844823360443,0.21584245562553406,0.7492738962173462,0.517200231552124,0.005126652307808399,0.4980515241622925,0.3306475877761841,0.20695984363555908,0.5057981610298157,0.34832870960235596,0.3699653148651123,0.5231741666793823,0.32603099942207336,0.2603400647640228,0.588438868522644,0.37914684414863586,0.06623207032680511,0.6193339228630066,0.452181339263916,-0.0669306293129921,0.6332836747169495,0.47124549746513367,-0.06384839117527008,0.6454459428787231,0.4407534599304199,-0.031045665964484215,0.6634002923965454,0.4359959363937378,0.004872220102697611,0.6499296426773071,0.4592615067958832,-0.033905208110809326,0.6627169847488403,0.4508712589740753,-0.002922698389738798,0.704849362373352,0.46115177869796753,0.05020519345998764,0.5908133387565613,0.3813069462776184,-0.11032816767692566,0.5756895542144775,0.36885935068130493,-0.10867413133382797,0.47989171743392944,0.30030596256256104,0.222426638007164,0.5117068290710449,0.3710474371910095,0.052496202290058136,0.5962324142456055,0.37883079051971436,-0.01629364863038063,0.5826900005340576,0.3762374520301819,-0.004926135763525963,0.612097442150116,0.36669570207595825,0.15001019835472107,0.5447897911071777,0.36449843645095825,-0.08389557152986526,0.44166019558906555,0.30206525325775146,0.14564433693885803,0.4600529670715332,0.29755711555480957,0.18709991872310638,0.4114193320274353,0.28359487652778625,0.3554551601409912,0.4136491119861603,0.33779558539390564,0.05197199061512947,0.44038742780685425,0.33924561738967896,0.11690635234117508,0.6918520927429199,0.44146668910980225,0.07665587961673737,0.6331825256347656,0.48534107208251953,0.3415232002735138,0.5913327932357788,0.39389508962631226,-0.02501658722758293,0.5835821032524109,0.40595826506614685,-0.05126342177391052,0.6880378127098083,0.4368351697921753,0.0630393773317337,0.6825253963470459,0.44022905826568604,0.04745381325483322,0.45294997096061707,0.287283331155777,0.21192792057991028,0.596989095211029,0.388548344373703,-0.009035123512148857,0.4258502125740051,0.31458598375320435,0.09991173446178436,0.4137539565563202,0.3037048578262329,0.10430395603179932,0.35793668031692505,0.2662036716938019,0.2106063812971115,0.44093626737594604,0.28050920367240906,0.27072861790657043,0.39096975326538086,0.2773752808570862,0.1533201038837433,0.47704699635505676,0.29232656955718994,0.2563660442829132,0.45966246724128723,0.29880398511886597,0.3212336599826813,0.6276803016662598,0.46181055903434753,-0.06662869453430176,0.6483861207962036,0.4503525495529175,-0.033125538378953934,0.6632765531539917,0.4435519278049469,-0.0016020461916923523,0.5879110097885132,0.40038758516311646,-0.029397979378700256,0.685326099395752,0.4386507570743561,0.053953174501657486,0.6820285320281982,0.448282390832901,0.027079114690423012,0.680084228515625,0.44194281101226807,0.04427371546626091,0.5920552015304565,0.38516443967819214,-0.05455860495567322,0.6607819199562073,0.4568108320236206,-0.0034086720552295446,0.6496098041534424,0.4659695625305176,-0.029666287824511528,0.6346079707145691,0.47765666246414185,-0.056373875588178635,0.7075132131576538,0.5146306157112122,-0.05320385843515396,0.6599044799804688,0.4953923523426056,-0.06205904856324196,0.6519713997840881,0.4877522587776184,-0.060590315610170364,0.6418992280960083,0.48135852813720703,-0.0521521121263504,0.633522629737854,0.477888286113739,-0.04778091236948967,0.6601382493972778,0.4574871063232422,0.002830175682902336,0.66786128282547,0.4577159285545349,-0.0018862276338040829,0.6768776178359985,0.45891842246055603,-0.005156629253178835,0.6850897073745728,0.4612542986869812,0.001934161758981645,0.6544978618621826,0.4154127538204193,0.02622258849442005,0.5381053686141968,0.43188607692718506,0.4356231391429901,0.6692922115325928,0.4501763582229614,0.0280611589550972,0.6755623817443848,0.4491812586784363,0.02507287822663784,0.5861074328422546,0.414094477891922,-0.056514982134103775,0.5967344641685486,0.4023466408252716,-0.008558877743780613,0.5851634740829468,0.410073846578598,-0.05460182577371597,0.5337660312652588,0.3707132935523987,0.07336724549531937,0.5674203038215637,0.3659747242927551,0.10054081678390503,0.5873600244522095,0.3839234411716461,0.005685362033545971,0.38784828782081604,0.2691495716571808,0.28695160150527954,0.41638392210006714,0.2742806077003479,0.2152039110660553,0.43089181184768677,0.29064083099365234,0.1629883050918579,0.712973415851593,0.4772564470767975,0.021249568089842796,0.39616748690605164,0.3213956952095032,0.05734347179532051,0.3620222508907318,0.2890971601009369,0.09734974056482315,0.32337963581085205,0.2735983431339264,0.137033611536026,0.5074640512466431,0.3417629599571228,0.1820715218782425,0.5463575124740601,0.3397521376609802,0.23938272893428802,0.4574890434741974,0.36100974678993225,0.10420825332403183,0.49644553661346436,0.31750255823135376,0.2216864675283432,0.49295592308044434,0.3680334687232971,0.03737930953502655,0.5903965830802917,0.3727719187736511,-0.04442724213004112,0.5632761120796204,0.35128331184387207,0.2789595127105713,0.5529166460037231,0.34852761030197144,0.20529596507549286,0.5476754307746887,0.35806816816329956,0.15969863533973694,0.5253251194953918,0.36720091104507446,0.11983469873666763,0.503404974937439,0.3711501657962799,0.09404133260250092,0.485430508852005,0.3725370764732361,0.07243102788925171,0.45723891258239746,0.35968148708343506,0.00022563610400538892,0.6048896312713623,0.3692408800125122,0.2571572959423065,0.5010066628456116,0.31205058097839355,0.2470206618309021,0.5879121422767639,0.39752286672592163,-0.10583794862031937,0.5353487133979797,0.3760591745376587,0.033268172293901443,0.46511852741241455,0.3747302293777466,0.46470367908477783,0.469612181186676,0.3717421591281891,0.061316221952438354,0.5821390748023987,0.38995102047920227,0.02710748463869095,0.5017485618591309,0.3283543884754181,0.21680782735347748,0.5731022357940674,0.37060511112213135,-0.031759437173604965,0.583345890045166,0.45797544717788696,0.3963567316532135,0.45205628871917725,0.3580583930015564,0.11684766411781311,0.5584994554519653,0.3655529022216797,-0.060211677104234695,0.7177950143814087,0.4821816682815552,0.16867083311080933,0.7161482572555542,0.5137882232666016,0.2011982947587967,0.5835626125335693,0.39484718441963196,0.3460012674331665,0.6909675002098083,0.4677866995334625,0.22330594062805176,0.47803258895874023,0.32300683856010437,0.3546522855758667,0.7683695554733276,0.532889723777771,0.012161679565906525,0.5793501138687134,0.41030949354171753,-0.08495087176561356,0.5574352741241455,0.37957465648651123,0.048383764922618866,0.5319046974182129,0.3254580497741699,0.2977535128593445,0.49052324891090393,0.3421030044555664,0.1639266014099121,0.4816754460334778,0.3471941649913788,0.14570274949073792,0.6882246732711792,0.4478132724761963,0.034632422029972076,0.6371344327926636,0.3940960764884949,0.24109795689582825,0.7801360487937927,0.5693556070327759,-0.025847721844911575,0.7656378746032715,0.5370370149612427,0.08472016453742981,0.7462767958641052,0.526081919670105,0.13884490728378296,0.47167202830314636,0.3513544797897339,0.1306074559688568,0.4611785411834717,0.3547987937927246,0.1223437711596489,0.4549669027328491,0.3570552468299866,0.12028530985116959,0.5018767714500427,0.3068128824234009,0.28305503726005554,0.453888475894928,0.3475361466407776,0.127115398645401,0.4607515335083008,0.3406343460083008,0.13620217144489288,0.46977895498275757,0.3353140950202942,0.1510317474603653,0.4804137647151947,0.33187898993492126,0.16848357021808624,0.48873233795166016,0.33095479011535645,0.18212856352329254,0.4435809254646301,0.33771777153015137,0.44539520144462585,0.49516040086746216,0.3381280303001404,0.1808832883834839,0.6331695318222046,0.4121275842189789,-0.003441368928179145,0.5933181047439575,0.3888514041900635,-0.03269488364458084,0.6035594940185547,0.42053088545799255,-0.055817436426877975,0.7409613132476807,0.49960535764694214,0.11577875167131424,0.7532297372817993,0.5167757868766785,0.06399745494127274,0.7694629430770874,0.5524808168411255,-0.043089162558317184,0.6791179180145264,0.5033807754516602,0.2715618312358856,0.45200008153915405,0.35401463508605957,0.12156947702169418,0.5035462379455566,0.3649681508541107,-0.007475103251636028,0.7791849374771118,0.5504266023635864,0.02933424524962902,0.6194802522659302,0.42223286628723145,0.31675004959106445,0.6486012935638428,0.4664839208126068,-0.021573467180132866,0.6572707891464233,0.468230277299881,-0.025279035791754723,0.6671203374862671,0.47207367420196533,-0.029121536761522293,0.6762549877166748,0.47802552580833435,-0.026143910363316536,0.7157309055328369,0.4951407015323639,-0.012976711615920067,0.6734230518341064,0.44463062286376953,0.025991085916757584,0.6761833429336548,0.43965381383895874,0.033473532646894455,0.6780397891998291,0.43439316749572754,0.03919345885515213,0.6751313209533691,0.42511120438575745,0.05932477489113808,0.6483985185623169,0.39429599046707153,0.16915783286094666,0.4733980894088745,0.3637690544128418,0.01994897611439228,0.4348660707473755,0.3536032438278198,0.08245021849870682,0.4420650005340576,0.3519572615623474,0.10866966098546982,0.6697260737419128,0.44971030950546265,0.024235088378190994,0.684079647064209,0.43298521637916565,0.187542125582695,0.4289013147354126,0.35767000913619995,0.03740362077951431,0.727049708366394,0.5068811178207397,-0.003952063154429197,0.48708096146583557,0.3620481491088867,-0.03080904856324196,0.5447760820388794,0.37211209535598755,-0.009287463501095772,0.72370845079422,0.5258285999298096,-0.04940304160118103,0.713099479675293,0.46484243869781494,0.07093501091003418,0.6056763529777527,0.3950852155685425,0.04237440973520279,0.7236509323120117,0.4869571030139923,0.034405674785375595,0.6268757581710815,0.3838680684566498,0.09158512204885483,0.6360385417938232,0.4009571075439453,0.059333667159080505,0.6594710946083069,0.4020729660987854,0.11654733121395111,0.750261664390564,0.5369437336921692,-0.047156766057014465,0.5563043355941772,0.3779453933238983,0.011295554228127003,0.728614866733551,0.47625672817230225,0.09658549726009369,0.7375742197036743,0.498911589384079,0.05044587701559067,0.6969630122184753,0.44197845458984375,0.09865521639585495,0.6629872918128967,0.4184931814670563,0.22913441061973572,0.7027970552444458,0.4455389976501465,0.13356362283229828,0.6543651223182678,0.44755983352661133,0.2820410132408142,0.6654205322265625,0.41450923681259155,0.08054256439208984,0.5190945863723755,0.37072309851646423,0.014554190449416637,0.5950798988342285,0.3792639374732971,-0.05437956005334854,0.5985292792320251,0.3840864896774292,-0.029152218252420425,0.5843130946159363,0.36892473697662354,-0.07473228871822357,0.4297563433647156,0.3401128947734833,0.09679043292999268,0.4377899169921875,0.32433366775512695,0.12014354020357132,0.4509185552597046,0.3144225478172302,0.14488853514194489,0.4662288725376129,0.30965059995651245,0.17360232770442963,0.4812691807746887,0.3106202483177185,0.1994524747133255,0.5110073089599609,0.3273833394050598,0.2330228090286255,0.5463218688964844,0.37045320868492126,0.364288866519928,0.5271936655044556,0.34448885917663574,0.1934034526348114,0.5218213796615601,0.3521934151649475,0.16157247126102448,0.5074937343597412,0.35948196053504944,0.1312740594148636,0.4899100959300995,0.36441677808761597,0.10845409333705902,0.4747570753097534,0.36682626605033875,0.09058449417352676,0.4631524980068207,0.3673681914806366,0.08039958029985428,0.4967525005340576,0.4057408571243286,0.46062564849853516,0.5964013338088989,0.3915894031524658,-0.021167980507016182,0.5295411348342896,0.36595970392227173,-0.030536189675331116,0.5944103598594666,0.3782503604888916,-0.08597707748413086,0.5873521566390991,0.39554551243782043,-0.09160001575946808,0.5914782285690308,0.38579660654067993,-0.0761261060833931,0.5932378172874451,0.4005891680717468,-0.023474838584661484,0.5895348191261292,0.39576220512390137,-0.10043340176343918,0.5822731852531433,0.4071255326271057,-0.07999909669160843,0.4493786692619324,0.35982608795166016,0.10173922032117844,0.4494577646255493,0.3647019863128662,0.07229378819465637,0.45161545276641846,0.3674072027206421,0.047236911952495575,0.49429285526275635,0.33085745573043823,0.19379153847694397,0.49284490942955017,0.3215540945529938,0.20372547209262848,0.25944843888282776,0.4551093578338623,-0.047752052545547485,0.2844966650009155,0.44074547290802,-0.047752052545547485,0.24649080634117126,0.4457516372203827,-0.047752052545547485,0.23406313359737396,0.4694121479988098,-0.047752052545547485,0.27171993255615234,0.4643346667289734,-0.047752052545547485,0.47152572870254517,0.34565532207489014,0.1538328379392624,0.48280441761016846,0.340410977602005,0.1538328379392624,0.4586932063102722,0.33588510751724243,0.1538328379392624,0.46021294593811035,0.35067981481552124,0.1538328379392624,0.4840601980686188,0.3551178574562073,0.1538328379392624,0,0,0,0,0,1,0,1,0,0,0,0,0.045142095535993576,0.04278849810361862,0.0759711042046547,0.04930651932954788,0.026499025523662567,0.046827249228954315,0.06954674422740936,0.07561492919921875,0.05565096065402031,0.0899549126625061,0.9395495653152466,0.2512759268283844,Happiness,-20.0401668548584,-33.69333267211914
278,9.266666666666667,34.11730603781651,-6.1128011396322535,0.7136319948965284,0.5471731424331665,0.41709795594215393,-0.10607247799634933,0.5025829076766968,0.3813849091529846,-0.12888561189174652,0.5103188157081604,0.4222825765609741,-0.08742570877075195,0.4183533489704132,0.39452216029167175,-0.08820631355047226,0.483131468296051,0.37278997898101807,-0.12805378437042236,0.45564013719558716,0.3750850558280945,-0.10799644887447357,0.3792479634284973,0.3892073631286621,-0.017273489385843277,0.23800784349441528,0.5146905779838562,-0.05783617123961449,0.3412415087223053,0.38514280319213867,0.021905582398176193,0.32141056656837463,0.374996542930603,0.03315489739179611,0.2294818013906479,0.3558014929294586,0.10177311301231384,0.5526275634765625,0.42118245363235474,-0.10686245560646057,0.5556412935256958,0.42771297693252563,-0.10319867730140686,0.5553649663925171,0.4341939687728882,-0.09720835834741592,0.6084260940551758,0.4733225405216217,-0.08181881159543991,0.6216408014297485,0.4779292345046997,-0.08947936445474625,0.634891152381897,0.48488059639930725,-0.09706331789493561,0.6424573063850403,0.49349063634872437,-0.09605113416910172,0.6761335134506226,0.5049852132797241,-0.08366944640874863,0.5106990337371826,0.39586979150772095,-0.12210270017385483,0.48936453461647034,0.42232009768486023,-0.10788747668266296,0.06726422905921936,0.6062622666358948,-0.0010864661308005452,0.3008304238319397,0.48068392276763916,-0.03842438384890556,0.28468990325927734,0.4964561462402344,-0.05549918860197067,0.266514390707016,0.5119630694389343,-0.06599529087543488,0.23378826677799225,0.5287484526634216,-0.06769873946905136,0.3118997812271118,0.46578019857406616,-0.01789041794836521,0.23916852474212646,0.4674791395664215,-0.047283805906772614,0.260541707277298,0.4520643949508667,-0.023759780451655388,0.2217182070016861,0.4860636293888092,-0.06008854880928993,0.21320098638534546,0.5026649236679077,-0.06423373520374298,0.2259189784526825,0.5543939471244812,-0.07477295398712158,0.631391167640686,0.5910673141479492,-0.13371190428733826,0.2265223115682602,0.5196102857589722,-0.055897392332553864,0.14878204464912415,0.6459706425666809,-0.032952602952718735,0.19598878920078278,0.5662293434143066,-0.06580476462841034,0.37982654571533203,0.5091930031776428,-0.1060023233294487,0.5165680646896362,0.43862083554267883,-0.12321988493204117,0.5311122536659241,0.44948363304138184,-0.11920062452554703,0.4954121708869934,0.47177281975746155,-0.13372266292572021,0.4826468527317047,0.49765700101852417,-0.1319131702184677,0.5100712776184082,0.47395190596580505,-0.12664349377155304,0.4964863061904907,0.49542900919914246,-0.12139727920293808,0.5286051034927368,0.5786913633346558,-0.12327156960964203,0.4886458218097687,0.39423561096191406,-0.13825754821300507,0.4680955410003662,0.3880890905857086,-0.13917246460914612,0.17477864027023315,0.5154954195022583,-0.07582786679267883,0.3641718029975891,0.46073365211486816,-0.054015032947063446,0.4326627552509308,0.4616974890232086,-0.12324705719947815,0.41741877794265747,0.4643455445766449,-0.11392931640148163,0.3218146562576294,0.5681341886520386,-0.13565032184123993,0.44282084703445435,0.3898690640926361,-0.11926864087581635,0.20833022892475128,0.4572310745716095,-0.057031646370887756,0.1855473518371582,0.4861357808113098,-0.07108458876609802,0.06448230147361755,0.5528542995452881,-0.003782412735745311,0.29619815945625305,0.4026437997817993,-0.005859112832695246,0.28224802017211914,0.44302940368652344,-0.0037303261924535036,0.487199068069458,0.5789387822151184,-0.13127635419368744,0.3668699860572815,0.7608035802841187,-0.06954476237297058,0.45637398958206177,0.4563675820827484,-0.10530444234609604,0.47612231969833374,0.4457785487174988,-0.09525538235902786,0.48045843839645386,0.5393906235694885,-0.11793260276317596,0.4863142967224121,0.5344997048377991,-0.11209672689437866,0.16589447855949402,0.4893289804458618,-0.06172565743327141,0.4371752142906189,0.4745011031627655,-0.11496992409229279,0.2433382272720337,0.42938655614852905,-0.03410831093788147,0.23004384338855743,0.42200613021850586,-0.03226889297366142,0.12482570111751556,0.44052356481552124,0.0161689892411232,0.10805994272232056,0.522803544998169,-0.029310159385204315,0.17201845347881317,0.4285001754760742,-0.0010401332983747125,0.1545087993144989,0.5251116752624512,-0.06318268924951553,0.10529187321662903,0.5702196359634399,-0.02402423694729805,0.5251375436782837,0.443946897983551,-0.12398669123649597,0.5031914114952087,0.4725739061832428,-0.1316126585006714,0.4896375834941864,0.4964902400970459,-0.12812183797359467,0.46316245198249817,0.4573619067668915,-0.09738698601722717,0.48375988006591797,0.5368537902832031,-0.11395510286092758,0.507768452167511,0.5393535494804382,-0.11453476548194885,0.4883853793144226,0.5325571894645691,-0.11085400730371475,0.4647773504257202,0.429348349571228,-0.12874068319797516,0.5004803538322449,0.4948787987232208,-0.1176401823759079,0.514571487903595,0.4747866988182068,-0.11911509186029434,0.533544659614563,0.4539775550365448,-0.11404162645339966,0.6467324495315552,0.5308016538619995,-0.10233090072870255,0.6108947992324829,0.5194658637046814,-0.1151231974363327,0.6040216684341431,0.50998854637146,-0.11516932398080826,0.5935196876525879,0.5005410313606262,-0.10717849433422089,0.5845237374305725,0.4934980571269989,-0.09893463551998138,0.534233570098877,0.5224130153656006,-0.106208436191082,0.5347417593002319,0.5287020206451416,-0.11161398142576218,0.535275936126709,0.5372843146324158,-0.11804403364658356,0.5359557867050171,0.5456604361534119,-0.12026772648096085,0.4658157527446747,0.5255971550941467,-0.12834231555461884,0.2266533076763153,0.7397822737693787,-0.013752711936831474,0.5105830430984497,0.40964868664741516,-0.098533995449543,0.5127043724060059,0.5293098092079163,-0.1068362221121788,0.510573148727417,0.5339617729187012,-0.11099383234977722,0.4896876811981201,0.4441962242126465,-0.10088074207305908,0.45198047161102295,0.48061874508857727,-0.09564913809299469,0.4836657643318176,0.4447508752346039,-0.09796089679002762,0.3565931022167206,0.48278188705444336,-0.07279470562934875,0.3417612910270691,0.5123490691184998,-0.10087720304727554,0.4209156632423401,0.4767373204231262,-0.1077577993273735,0.08261579275131226,0.49761292338371277,-0.000672938593197614,0.1295744925737381,0.4760042130947113,-0.020765144377946854,0.19138146936893463,0.45462384819984436,-0.04950644448399544,0.5655609965324402,0.569954514503479,-0.12286996841430664,0.27561894059181213,0.3901894688606262,-0.004638177342712879,0.21635353565216064,0.39201828837394714,0.0289645716547966,0.1730961948633194,0.3955754041671753,0.05183929204940796,0.24832646548748016,0.5241474509239197,-0.06966669857501984,0.215844064950943,0.583072304725647,-0.08645503222942352,0.3173435628414154,0.4544188678264618,-0.0049674236215651035,0.20051458477973938,0.5276997089385986,-0.0692654699087143,0.3657277226448059,0.4419209659099579,-0.04576899856328964,0.4403010606765747,0.43595728278160095,-0.13071434199810028,0.21503368020057678,0.6208404898643494,-0.09479811787605286,0.23655787110328674,0.5782151222229004,-0.10274462401866913,0.26606184244155884,0.558210015296936,-0.10125894099473953,0.30008992552757263,0.5226691961288452,-0.07949484884738922,0.320392906665802,0.49478399753570557,-0.054774925112724304,0.333008348941803,0.472690224647522,-0.036531586199998856,0.3674483299255371,0.4054555594921112,-0.029362007975578308,0.262582927942276,0.6349776387214661,-0.12108051776885986,0.1823994517326355,0.542288064956665,-0.07061176747083664,0.5020790100097656,0.4022899866104126,-0.12994533777236938,0.3871035575866699,0.4617014527320862,-0.07159873843193054,0.12627430260181427,0.6922304034233093,0.012375298887491226,0.3408876657485962,0.45321062207221985,-0.021172933280467987,0.41721031069755554,0.48750823736190796,-0.08685114979743958,0.2179006040096283,0.5276065468788147,-0.06085893511772156,0.4234471619129181,0.43985632061958313,-0.11768065392971039,0.28843751549720764,0.756924033164978,-0.03779106214642525,0.3125523626804352,0.4509669840335846,0.0033918798435479403,0.4317503273487091,0.4120407700538635,-0.12277950346469879,0.48944205045700073,0.6841145753860474,-0.12921682000160217,0.5115243196487427,0.7191967368125916,-0.11896850913763046,0.23858642578125,0.6930325627326965,-0.06728887557983398,0.4281531572341919,0.7064715623855591,-0.12311172485351562,0.12060369551181793,0.6089376211166382,-0.021713735535740852,0.6555821299552917,0.6104507446289062,-0.14008890092372894,0.5030456781387329,0.4150162935256958,-0.10251834243535995,0.3843975365161896,0.4849196672439575,-0.08368699252605438,0.18211227655410767,0.5862970948219299,-0.06256064772605896,0.2614768445491791,0.5001015663146973,-0.0559961274266243,0.2778697907924652,0.4877525866031647,-0.04789935424923897,0.504379391670227,0.5451014637947083,-0.11739155650138855,0.30873772501945496,0.656413197517395,-0.12796400487422943,0.7259258031845093,0.5915413498878479,-0.12309662252664566,0.6307517886161804,0.6571091413497925,-0.12844324111938477,0.57924485206604,0.6864349842071533,-0.12514398992061615,0.26621147990226746,0.3588685393333435,0.07058524340391159,0.7636623382568359,0.553717851638794,-0.0901903584599495,0.2908362150192261,0.4759463667869568,-0.032977111637592316,0.3020895719528198,0.4637269377708435,-0.01698487438261509,0.30929791927337646,0.4554016888141632,-0.003349474398419261,0.16426138579845428,0.5562678575515747,-0.05984906852245331,0.2892743647098541,0.45626094937324524,-0.011563862673938274,0.27046892046928406,0.4666275680065155,-0.026419680565595627,0.25441431999206543,0.4789416193962097,-0.04043453931808472,0.24048522114753723,0.4936736822128296,-0.05169893801212311,0.23297446966171265,0.5051531195640564,-0.05557883530855179,0.08579030632972717,0.6506818532943726,0.009603750891983509,0.24885667860507965,0.508346438407898,-0.058576181530952454,0.523567795753479,0.42637452483177185,-0.08837799727916718,0.47034528851509094,0.4995739459991455,-0.12188679724931717,0.45515578985214233,0.44989362359046936,-0.10878713428974152,0.5009523630142212,0.4514292776584625,-0.10911071300506592,0.3558993935585022,0.39202219247817993,0.011688700877130032,0.5493108034133911,0.6621538996696472,-0.12936866283416748,0.6015005707740784,0.63917475938797,-0.13340714573860168,0.7062995433807373,0.5745031237602234,-0.13470518589019775,0.44468799233436584,0.7451350092887878,-0.09905935078859329,0.3044000267982483,0.4519787132740021,-0.002487338613718748,0.3901630640029907,0.4186372756958008,-0.06212140619754791,0.7463112473487854,0.5368697643280029,-0.10437163710594177,0.6802621483802795,0.6254599690437317,-0.13426685333251953,0.29422393441200256,0.711716890335083,-0.08434051275253296,0.5598136186599731,0.5101974606513977,-0.10540687292814255,0.5632799863815308,0.5179224014282227,-0.11261824518442154,0.5692134499549866,0.5278075933456421,-0.11964792013168335,0.5747286081314087,0.5375643968582153,-0.12133418768644333,0.6059004068374634,0.5546900629997253,-0.11969919502735138,0.4877195656299591,0.5162954926490784,-0.11742248386144638,0.48212021589279175,0.5185844898223877,-0.12252537906169891,0.47630634903907776,0.5205406546592712,-0.12656600773334503,0.47158941626548767,0.5527178645133972,-0.13181115686893463,0.3511597812175751,0.6159111857414246,-0.1447683721780777,0.3657582402229309,0.4225786328315735,-0.03467785567045212,0.31697309017181396,0.4284564256668091,0.016927996650338173,0.3070829212665558,0.4403810203075409,0.007247561123222113,0.49139803647994995,0.5143401622772217,-0.11433983594179153,0.40350160002708435,0.660028338432312,-0.13645979762077332,0.33258056640625,0.4126306176185608,0.00338110513985157,0.6144608855247498,0.5742864608764648,-0.12324048578739166,0.42961347103118896,0.3808066248893738,-0.07639048993587494,0.39385828375816345,0.4004056751728058,-0.05681086331605911,0.40517085790634155,0.3853205442428589,-0.044524673372507095,0.4078422784805298,0.4392165541648865,-0.08579394966363907,0.7212656736373901,0.5224446654319763,-0.10376440733671188,0.6943703889846802,0.5134347677230835,-0.09240873903036118,0.6610159873962402,0.5440285205841064,-0.11296746879816055,0.5206660628318787,0.601112425327301,-0.12941919267177582,0.4184017777442932,0.5092039704322815,-0.10140608996152878,0.5683503746986389,0.5933140516281128,-0.12662996351718903,0.3775552809238434,0.5469362735748291,-0.13276374340057373,0.4246630072593689,0.5325414538383484,-0.12187687307596207,0.3962775468826294,0.5854511857032776,-0.14265422523021698,0.6828806400299072,0.5574759840965271,-0.1309448927640915,0.4040418565273285,0.4619470536708832,-0.08691161125898361,0.5263020992279053,0.6315358281135559,-0.13418149948120117,0.5799530148506165,0.614527702331543,-0.13111624121665955,0.47389984130859375,0.5995873212814331,-0.1399206519126892,0.3530106842517853,0.6742784976959229,-0.12914450466632843,0.4564392566680908,0.6364002823829651,-0.14112132787704468,0.35627618432044983,0.719469428062439,-0.10400291532278061,0.43913164734840393,0.5628290772438049,-0.1353304386138916,0.38845294713974,0.4401509761810303,-0.06676823645830154,0.456384539604187,0.4318181276321411,-0.13399887084960938,0.4458237290382385,0.4570794999599457,-0.12046100944280624,0.45388129353523254,0.41022688150405884,-0.13875062763690948,0.2912462651729584,0.42746680974960327,0.003337947651743889,0.254965603351593,0.44332316517829895,-0.02468278259038925,0.22817233204841614,0.4627630114555359,-0.05024491995573044,0.2084060162305832,0.4848063588142395,-0.06712973862886429,0.1982324719429016,0.5065194964408875,-0.07239044457674026,0.20871108770370483,0.5453996062278748,-0.06451521068811417,0.1903432011604309,0.6714044809341431,-0.054159171879291534,0.2418200522661209,0.5484943389892578,-0.0797688290476799,0.26525482535362244,0.533744215965271,-0.07673769444227219,0.29017606377601624,0.5104987025260925,-0.06430748850107193,0.31011807918548584,0.4875015914440155,-0.04266226291656494,0.32254695892333984,0.4688756763935089,-0.021797683089971542,0.33037322759628296,0.45444267988204956,-0.008570920675992966,0.17503812909126282,0.7184659242630005,0.005569316912442446,0.44896867871284485,0.4656517505645752,-0.11126412451267242,0.4120970368385315,0.4144710898399353,-0.0895628109574318,0.4735615849494934,0.40932825207710266,-0.13869528472423553,0.48895809054374695,0.4132760763168335,-0.12494945526123047,0.47532859444618225,0.41698384284973145,-0.12980009615421295,0.45723313093185425,0.46897828578948975,-0.10047660022974014,0.49497532844543457,0.4080527424812317,-0.12912985682487488,0.49672332406044006,0.419602632522583,-0.10514380782842636,0.31954556703567505,0.4449273943901062,0.008859041146934032,0.33264026045799255,0.43915703892707825,0.006155205424875021,0.34183841943740845,0.43414267897605896,-0.0072736493311822414,0.22917777299880981,0.5129804015159607,-0.0570555217564106,0.21048618853092194,0.5178660750389099,-0.06401781737804413,0.4437919855117798,0.3733944892883301,-0.05188971757888794,0.45282018184661865,0.36097395420074463,0.20357978343963623,0.5179370045661926,0.39924728870391846,-0.08065115660429001,0.39639782905578613,0.35382968187332153,0.42730554938316345,0.4298894703388214,0.3878459930419922,0.1308778077363968,0.442702978849411,0.38140350580215454,0.1480739414691925,0.4530315101146698,0.3742603659629822,0.16831305623054504,0.4571041464805603,0.3620312213897705,0.20864835381507874,0.41781124472618103,0.3912692666053772,0.11615373194217682,0.41729065775871277,0.351174533367157,0.16157017648220062,0.4057251214981079,0.36014795303344727,0.14165332913398743,0.4295826852321625,0.34570950269699097,0.181563600897789,0.4398167133331299,0.34551846981048584,0.19790934026241302,0.46995115280151367,0.3619086742401123,0.22277630865573883,0.7364431619644165,0.4796654284000397,-0.008411397226154804,0.45211097598075867,0.3563706576824188,0.21740470826625824,0.47718051075935364,0.3751547932624817,0.3786740005016327,0.4655456244945526,0.35068097710609436,0.2687157988548279,0.5341699719429016,0.37866073846817017,0.06587430089712143,0.5644527673721313,0.39639508724212646,-0.0797090157866478,0.5728361010551453,0.41220521926879883,-0.07896904647350311,0.585386335849762,0.38603675365448,-0.043261587619781494,0.600726306438446,0.3859346807003021,-0.006273468025028706,0.586491584777832,0.40346473455429077,-0.04803400859236717,0.5971027612686157,0.4011111855506897,-0.015445115976035595,0.6796042919158936,0.43560683727264404,0.0399240106344223,0.5132630467414856,0.3743608891963959,-0.11480596661567688,0.4961465895175934,0.36509764194488525,-0.11120132356882095,0.439401239156723,0.32795172929763794,0.2347593456506729,0.45737361907958984,0.38355547189712524,0.056665726006031036,0.5317103266716003,0.37329375743865967,-0.019239181652665138,0.5199357867240906,0.3733198046684265,-0.006669614464044571,0.5618258714675903,0.36711618304252625,0.14838820695877075,0.4695354700088501,0.3674798607826233,-0.08356989175081253,0.4122432470321655,0.3308817744255066,0.15990859270095825,0.4266623854637146,0.3257363438606262,0.20004421472549438,0.36910420656204224,0.33177465200424194,0.3787698745727539,0.3782607614994049,0.36761635541915894,0.06587140262126923,0.39831072092056274,0.37095844745635986,0.13086962699890137,0.6602056622505188,0.4200536906719208,0.06615796685218811,0.6576396226882935,0.4821457862854004,0.33767199516296387,0.530378520488739,0.38936519622802734,-0.0288221575319767,0.5239053964614868,0.4021117389202118,-0.05725124478340149,0.620712399482727,0.4043397903442383,0.05274099111557007,0.6154011487960815,0.4089580774307251,0.037473760545253754,0.42022162675857544,0.31716394424438477,0.22646643221378326,0.5375107526779175,0.38302576541900635,-0.012726719491183758,0.3960809111595154,0.34338968992233276,0.11441788077354431,0.38744333386421204,0.334311842918396,0.12099654972553253,0.3059881031513214,0.3204870820045471,0.23577727377414703,0.38560691475868225,0.3206169009208679,0.28948912024497986,0.3296588957309723,0.3227344751358032,0.17642946541309357,0.4346996247768402,0.32077234983444214,0.27038291096687317,0.41237974166870117,0.3360121250152588,0.33868229389190674,0.5709258913993835,0.4032359719276428,-0.08084264397621155,0.5879475474357605,0.394278347492218,-0.04648271203041077,0.6002175211906433,0.3926137685775757,-0.013533608987927437,0.5288065075874329,0.39629247784614563,-0.034030232578516006,0.6184074878692627,0.40668997168540955,0.04370608553290367,0.6335750818252563,0.41630566120147705,0.017848780378699303,0.612541913986206,0.41062626242637634,0.034209951758384705,0.5230623483657837,0.38030871748924255,-0.05813828110694885,0.592043399810791,0.40806519985198975,-0.01687188260257244,0.5827023386955261,0.411810040473938,-0.04483362287282944,0.5708364844322205,0.42048290371894836,-0.07270591706037521,0.6941940784454346,0.4837455153465271,-0.06127834692597389,0.661739706993103,0.46872639656066895,-0.07062063366174698,0.6521626710891724,0.4616466164588928,-0.06985083222389221,0.6368581056594849,0.4573954641819,-0.06172366440296173,0.622501790523529,0.456318199634552,-0.05613594129681587,0.6259818077087402,0.4326953887939453,-0.00500505231320858,0.6356664299964905,0.4299719035625458,-0.01039175782352686,0.6466297507286072,0.42759180068969727,-0.012925767339766026,0.6557282209396362,0.42741280794143677,-0.006093516480177641,0.6051079034805298,0.39882490038871765,0.017523769289255142,0.5515225529670715,0.45318254828453064,0.4413485825061798,0.620833158493042,0.42327892780303955,0.019588734954595566,0.6277390122413635,0.4195546805858612,0.016199667006731033,0.5277233719825745,0.4088022708892822,-0.06324834376573563,0.541648805141449,0.396969735622406,-0.013247450813651085,0.5260322690010071,0.4054704010486603,-0.06098354235291481,0.48045486211776733,0.3801085948944092,0.07602042704820633,0.5128830671310425,0.3715253472328186,0.10132730007171631,0.528718113899231,0.38011348247528076,0.0034354717936366796,0.3388511538505554,0.32028883695602417,0.31091633439064026,0.3573736250400543,0.31773245334625244,0.2361069768667221,0.40395036339759827,0.3212043344974518,0.17965182662010193,0.6909270286560059,0.44807952642440796,0.011866659857332706,0.36651015281677246,0.3530566096305847,0.0740303173661232,0.30158451199531555,0.33638614416122437,0.12173004448413849,0.2723691463470459,0.3312385082244873,0.1624602973461151,0.4583433270454407,0.36790210008621216,0.19020871818065643,0.4857071042060852,0.36161813139915466,0.2450282871723175,0.40954965353012085,0.39248406887054443,0.11446376889944077,0.4491966664791107,0.34392422437667847,0.23266582190990448,0.4367862641811371,0.3834783434867859,0.042348798364400864,0.5195746421813965,0.3681354224681854,-0.046894729137420654,0.5262439250946045,0.36355161666870117,0.2824831008911133,0.4941590428352356,0.3687070608139038,0.20946800708770752,0.49136221408843994,0.37754127383232117,0.1634850949048996,0.47067469358444214,0.3889983892440796,0.12343895435333252,0.449548602104187,0.39594292640686035,0.09914705157279968,0.43352770805358887,0.39906832575798035,0.07809524238109589,0.3969631493091583,0.38190215826034546,0.008300507441163063,0.5705751180648804,0.3729134202003479,0.2562050521373749,0.4511674642562866,0.33790236711502075,0.2581578493118286,0.5166841745376587,0.3909127712249756,-0.11130330711603165,0.4789322316646576,0.3832660913467407,0.03548811748623848,0.45830249786376953,0.4128773808479309,0.47929123044013977,0.4203520715236664,0.399924635887146,0.06836239993572235,0.528257429599762,0.3874911665916443,0.025578569620847702,0.45349082350730896,0.3544113039970398,0.226639524102211,0.5048642158508301,0.3693969249725342,-0.03259669616818428,0.6040421724319458,0.4676831364631653,0.39748716354370117,0.40466541051864624,0.3903433382511139,0.12854261696338654,0.4857536554336548,0.3665210008621216,-0.06029883772134781,0.7157328128814697,0.4560054540634155,0.15432807803153992,0.7310083508491516,0.4890439212322235,0.19085624814033508,0.5715028047561646,0.40334558486938477,0.3444025218486786,0.6919457912445068,0.4488580524921417,0.2098144143819809,0.4398881196975708,0.35639509558677673,0.3681175708770752,0.7622301578521729,0.4916377067565918,-0.005015323869884014,0.5149999260902405,0.4056994915008545,-0.09128469973802567,0.503823459148407,0.38317757844924927,0.049231745302677155,0.4692543148994446,0.35019588470458984,0.3061788082122803,0.44683799147605896,0.3704128563404083,0.17421646416187286,0.43704235553741455,0.376914381980896,0.15613161027431488,0.6388694047927856,0.41402095556259155,0.024859385564923286,0.6109985113143921,0.3897545337677002,0.23580090701580048,0.7819622159004211,0.5244836807250977,-0.0424959696829319,0.7690554857254028,0.49869275093078613,0.07151397317647934,0.7544281482696533,0.49316829442977905,0.1268221139907837,0.4257427752017975,0.38231924176216125,0.14123891294002533,0.41441720724105835,0.38646167516708374,0.13329976797103882,0.4078815281391144,0.38914501667022705,0.1314375400543213,0.4488770663738251,0.33325308561325073,0.2952117919921875,0.4077354669570923,0.37792134284973145,0.14048825204372406,0.41504037380218506,0.3691769242286682,0.1496221274137497,0.4246228337287903,0.3619649410247803,0.16402724385261536,0.435497522354126,0.35700976848602295,0.180924654006958,0.44361165165901184,0.3557378649711609,0.194172203540802,0.42279553413391113,0.380271852016449,0.46405965089797974,0.45124608278274536,0.3652684986591339,0.19104693830013275,0.5793683528900146,0.3981987237930298,-0.011664423160254955,0.5296357870101929,0.3839786648750305,-0.03592472895979881,0.5463282465934753,0.41025394201278687,-0.06427040696144104,0.7370619773864746,0.4666471481323242,0.10006270557641983,0.748111367225647,0.480021595954895,0.04751439392566681,0.7648830413818359,0.5092593431472778,-0.06105471029877663,0.7002890110015869,0.4882656931877136,0.26372063159942627,0.4053451716899872,0.385701060295105,0.13384287059307098,0.4401508569717407,0.37752366065979004,-0.0028990127611905336,0.7802501916885376,0.5075996518135071,0.014237598516047001,0.6163350343704224,0.4212784767150879,0.31023672223091125,0.6278238296508789,0.4434460997581482,-0.029651286080479622,0.6400177478790283,0.44197767972946167,-0.03391485661268234,0.6544309854507446,0.4426468312740326,-0.03694154694676399,0.6660380959510803,0.4468522071838379,-0.033693160861730576,0.6975480318069458,0.46357282996177673,-0.021367497742176056,0.6056022047996521,0.40308213233947754,0.014459546655416489,0.6096270680427551,0.3972284197807312,0.022184748202562332,0.6118502020835876,0.39140260219573975,0.02831968292593956,0.6331474781036377,0.40630966424942017,0.05009668320417404,0.6118595004081726,0.38668882846832275,0.16318394243717194,0.4150006175041199,0.3830423355102539,0.02648129127919674,0.39091476798057556,0.3861451745033264,0.09481880813837051,0.3971417248249054,0.38438287377357483,0.12151391804218292,0.6004782915115356,0.4077601134777069,0.01245422475039959,0.66542649269104,0.41592758893966675,0.17764060199260712,0.38661089539527893,0.3890620470046997,0.049408309161663055,0.7116814851760864,0.4734365940093994,-0.014210066758096218,0.4214838147163391,0.37753546237945557,-0.02492924965918064,0.4814649522304535,0.3766225576400757,-0.007882240228354931,0.7111692428588867,0.4913601279258728,-0.06081410124897957,0.6905311346054077,0.43788647651672363,0.05973905697464943,0.5533865094184875,0.38946598768234253,0.039418309926986694,0.705591082572937,0.4559589922428131,0.02383052557706833,0.5759447813034058,0.3782028555870056,0.08888771384954453,0.5860105156898499,0.39086970686912537,0.05457920953631401,0.61789470911026,0.39026394486427307,0.11120262742042542,0.7394363284111023,0.4972296357154846,-0.06210317462682724,0.4974674582481384,0.38050293922424316,0.011735250242054462,0.7130140066146851,0.44613707065582275,0.08315500617027283,0.7244110107421875,0.4651370048522949,0.03679533302783966,0.6682685613632202,0.420145183801651,0.08801896125078201,0.6453275680541992,0.4071357250213623,0.2206088900566101,0.6816177368164062,0.42284083366394043,0.12282910943031311,0.656622052192688,0.4378167688846588,0.27103132009506226,0.6227537393569946,0.3997512459754944,0.07309798151254654,0.45916277170181274,0.38070785999298096,0.017778713256120682,0.5245361328125,0.37389034032821655,-0.0575089305639267,0.5342597365379333,0.378082275390625,-0.03287694230675697,0.507956862449646,0.3648580014705658,-0.07777386158704758,0.38997727632522583,0.3712988495826721,0.11094672232866287,0.4017523229122162,0.35386672616004944,0.13416726887226105,0.41590866446495056,0.3426706790924072,0.15833333134651184,0.429555207490921,0.3366433382034302,0.18610762059688568,0.44059044122695923,0.3374340534210205,0.2112407386302948,0.45862501859664917,0.353191614151001,0.2418946474790573,0.525580883026123,0.38790756464004517,0.36774569749832153,0.473320335149765,0.3678249716758728,0.19992020726203918,0.46897459030151367,0.37566298246383667,0.16761016845703125,0.45527875423431396,0.3847074508666992,0.137423574924469,0.4379691183567047,0.39187878370285034,0.11627452075481415,0.42380523681640625,0.3956659436225891,0.09834685921669006,0.41367995738983154,0.39720767736434937,0.08901997655630112,0.5013694763183594,0.43691709637641907,0.47138431668281555,0.5359609723091125,0.3861524760723114,-0.025130586698651314,0.46175503730773926,0.37297970056533813,-0.0283389613032341,0.5189192891120911,0.37191519141197205,-0.0897357314825058,0.5184049606323242,0.3901306390762329,-0.09677477180957794,0.5203186273574829,0.3804789185523987,-0.08003012835979462,0.5357029438018799,0.3957328200340271,-0.028100021183490753,0.5189427137374878,0.38947057723999023,-0.10592946410179138,0.5179315209388733,0.40245553851127625,-0.08596844971179962,0.40235787630081177,0.39231356978416443,0.11290792375802994,0.4021422863006592,0.3962669372558594,0.08248580247163773,0.40524154901504517,0.3975578546524048,0.055609796196222305,0.4487079083919525,0.35576963424682617,0.20508041977882385,0.4474213421344757,0.3478168249130249,0.2147909551858902,0.25976696610450745,0.48186391592025757,-0.03571022301912308,0.27449023723602295,0.468530535697937,-0.03571022301912308,0.24632737040519714,0.4762004017829895,-0.03571022301912308,0.24438436329364777,0.495249480009079,-0.03571022301912308,0.2727022171020508,0.48782971501350403,-0.03571022301912308,0.4311649799346924,0.3584834337234497,0.16531600058078766,0.4424487352371216,0.3513709306716919,0.16531600058078766,0.4199872612953186,0.3498193025588989,0.16531600058078766,0.4193292558193207,0.3658366799354553,0.16531600058078766,0.44193166494369507,0.3671266436576843,0.16531600058078766,0,0,0,0,0,1,1,1,0,0,0,0,0.062076203525066376,0.053792230784893036,0.07463464140892029,0.052930448204278946,0.028175614774227142,0.04841114953160286,0.052341774106025696,0.058657288551330566,0.05934365093708038,0.11098984628915787,0.6577938199043274,0.18826836347579956,Neutral,1.4702627658843994,-24.293655395507812
279,9.3,34.91395852062774,-8.987098134838178,0.9568142575118079,0.5408023595809937,0.4243518114089966,-0.08521135151386261,0.48079538345336914,0.368060827255249,-0.11038010567426682,0.49225229024887085,0.40765392780303955,-0.07290801405906677,0.40243473649024963,0.38393092155456543,-0.08017636835575104,0.4615478217601776,0.36033570766448975,-0.11079508811235428,0.4352344274520874,0.36333703994750977,-0.09456842392683029,0.36171019077301025,0.3811132311820984,-0.019009634852409363,0.23998570442199707,0.5136169791221619,-0.06656600534915924,0.315096378326416,0.3761151432991028,0.013117262162268162,0.2918952703475952,0.3666338324546814,0.021534904837608337,0.2107594907283783,0.35555750131607056,0.07293590158224106,0.5465941429138184,0.42739158868789673,-0.0851982831954956,0.5494707226753235,0.43180567026138306,-0.08160971850156784,0.5495058298110962,0.43609049916267395,-0.07603869587182999,0.6122676134109497,0.459622859954834,-0.0670493021607399,0.6257282495498657,0.46353715658187866,-0.07344205677509308,0.637999415397644,0.4690161943435669,-0.08075819909572601,0.6456347107887268,0.4754106402397156,-0.08137363940477371,0.6471565365791321,0.4707775115966797,-0.07267839461565018,0.49002018570899963,0.38161319494247437,-0.1039213091135025,0.4732430577278137,0.40902793407440186,-0.09278249740600586,0.09678566455841064,0.6206567287445068,-0.024105699732899666,0.2993515729904175,0.47210693359375,-0.04540741816163063,0.2864134907722473,0.48996105790138245,-0.06125388666987419,0.27115949988365173,0.5074814558029175,-0.0714140310883522,0.23960870504379272,0.5258303880691528,-0.07499372214078903,0.307420551776886,0.4555929899215698,-0.02555754780769348,0.22628560662269592,0.47008153796195984,-0.05700633302330971,0.24603262543678284,0.451093852519989,-0.034707583487033844,0.21211135387420654,0.49124667048454285,-0.06897129118442535,0.20821230113506317,0.5076872110366821,-0.07319258153438568,0.23917871713638306,0.5497336387634277,-0.08071425557136536,0.6284685134887695,0.5583772659301758,-0.11861364543437958,0.22827021777629852,0.5192611813545227,-0.06536930054426193,0.18113194406032562,0.651919424533844,-0.04791836068034172,0.21063943207263947,0.5617386102676392,-0.0750330239534378,0.38382238149642944,0.49964940547943115,-0.0994744598865509,0.5170724987983704,0.44636696577072144,-0.10286589711904526,0.5317171812057495,0.45220860838890076,-0.09774617850780487,0.5011439323425293,0.4750775694847107,-0.11433959752321243,0.49204862117767334,0.4957995116710663,-0.11488532274961472,0.5165730714797974,0.4732491374015808,-0.1066531091928482,0.5057945251464844,0.4905098080635071,-0.10400570183992386,0.5283048152923584,0.554707407951355,-0.11044660955667496,0.4701493978500366,0.3812870383262634,-0.11969737708568573,0.45025771856307983,0.37580606341362,-0.12168251723051071,0.1685216873884201,0.5247911214828491,-0.08633187413215637,0.3608153164386749,0.45265883207321167,-0.053737349808216095,0.42726024985313416,0.4494918882846832,-0.1105940118432045,0.41330820322036743,0.4527919888496399,-0.10327687114477158,0.33802905678749084,0.561725378036499,-0.12944354116916656,0.42614293098449707,0.3781554400920868,-0.10599994659423828,0.18494918942451477,0.47071757912635803,-0.06646919995546341,0.1700378656387329,0.49947550892829895,-0.08049343526363373,0.08517879247665405,0.567574143409729,-0.02839749865233898,0.265356183052063,0.40243053436279297,-0.01503205206245184,0.26871874928474426,0.4377661347389221,-0.015693174675107002,0.49179279804229736,0.5599825382232666,-0.11768487840890884,0.4111451804637909,0.746890664100647,-0.061742812395095825,0.44748809933662415,0.4434872269630432,-0.09356430917978287,0.4638005197048187,0.43234169483184814,-0.08184859901666641,0.48976945877075195,0.5249037742614746,-0.1052752286195755,0.4965783357620239,0.5195503234863281,-0.09966079890727997,0.1513293832540512,0.5031837224960327,-0.07399385422468185,0.4328731298446655,0.4619910418987274,-0.10276839137077332,0.213419109582901,0.4391433000564575,-0.04341570660471916,0.19817547500133514,0.4343799948692322,-0.04302988201379776,0.12517012655735016,0.4486638307571411,-0.008900400251150131,0.11848421394824982,0.5333012342453003,-0.04875349625945091,0.1628846526145935,0.43358829617500305,-0.01970934122800827,0.15092629194259644,0.5337377786636353,-0.07681848108768463,0.12499691545963287,0.5806732177734375,-0.044587574899196625,0.5258129835128784,0.44947755336761475,-0.1027616336941719,0.5094314217567444,0.47413814067840576,-0.11168345808982849,0.49891698360443115,0.4934031665325165,-0.11064529418945312,0.45377305150032043,0.4441855251789093,-0.08511405438184738,0.4936401844024658,0.5221316814422607,-0.10143681615591049,0.5149853229522705,0.5224356055259705,-0.10224892944097519,0.4989113509654999,0.5171425938606262,-0.09847906231880188,0.4520030617713928,0.4171122908592224,-0.11394256353378296,0.5090757012367249,0.4884985387325287,-0.10036611557006836,0.5200029611587524,0.4724377393722534,-0.09957604855298996,0.5342702865600586,0.45427682995796204,-0.09298742562532425,0.6259372234344482,0.49699369072914124,-0.09087666869163513,0.6168684959411621,0.5032474398612976,-0.10026786476373672,0.6107925176620483,0.49518319964408875,-0.09960830956697464,0.6008656024932861,0.486503005027771,-0.09181415289640427,0.5913761854171753,0.4794822037220001,-0.08461874723434448,0.5420147180557251,0.504818320274353,-0.09385108202695847,0.5416630506515503,0.5115349292755127,-0.09897764027118683,0.5410956144332886,0.5200216770172119,-0.1052941232919693,0.5401920676231384,0.5276224613189697,-0.10761827975511551,0.46758460998535156,0.5109462738037109,-0.11377613991498947,0.2741415500640869,0.7368492484092712,-0.019547315314412117,0.49152788519859314,0.3950580954551697,-0.08283214271068573,0.5210963487625122,0.5112628936767578,-0.09523310512304306,0.5183879733085632,0.5166258215904236,-0.09907945245504379,0.4762170910835266,0.43015170097351074,-0.08643053472042084,0.4473538100719452,0.46755897998809814,-0.08424880355596542,0.4706805348396301,0.43091708421707153,-0.08393300324678421,0.3575003445148468,0.4751506447792053,-0.07084691524505615,0.3481186032295227,0.5053548812866211,-0.09659379720687866,0.41816771030426025,0.4648876190185547,-0.09748046100139618,0.09332922101020813,0.5101124048233032,-0.025357607752084732,0.12992027401924133,0.48481637239456177,-0.03969353809952736,0.1670735627412796,0.4701269567012787,-0.061656855046749115,0.5599774718284607,0.5422840118408203,-0.11038125306367874,0.24048417806625366,0.39449501037597656,-0.0153663270175457,0.2006901502609253,0.39377927780151367,0.009956884197890759,0.16440023481845856,0.39955925941467285,0.025259124115109444,0.2542549669742584,0.5205149054527283,-0.07585853338241577,0.23633946478366852,0.5773985981941223,-0.09148122370243073,0.31003880500793457,0.4434939920902252,-0.01402182225137949,0.20180121064186096,0.5302790403366089,-0.07880295068025589,0.3587580919265747,0.43385690450668335,-0.046040866523981094,0.4309055209159851,0.42407411336898804,-0.1167176365852356,0.24457785487174988,0.6209495067596436,-0.09915155172348022,0.25648602843284607,0.5734027028083801,-0.10436958074569702,0.2827472984790802,0.5537915229797363,-0.10135485976934433,0.30968713760375977,0.5159258246421814,-0.07920744270086288,0.3242017924785614,0.48560020327568054,-0.056273769587278366,0.33250853419303894,0.46207889914512634,-0.039204154163599014,0.3535533547401428,0.3973630666732788,-0.030941348522901535,0.2929821014404297,0.631531298160553,-0.11956556886434555,0.18690519034862518,0.544463038444519,-0.08151636272668839,0.4829588532447815,0.388653039932251,-0.11166352033615112,0.38305604457855225,0.4522862732410431,-0.06800819933414459,0.16785573959350586,0.6986392140388489,-0.004197483416646719,0.3359348773956299,0.44236165285110474,-0.02536986954510212,0.4159736931324005,0.4757919907569885,-0.07929693162441254,0.2217969298362732,0.5264754891395569,-0.07005618512630463,0.41554883122444153,0.4283100366592407,-0.10613186657428741,0.33704590797424316,0.7485576272010803,-0.03698960691690445,0.3042401075363159,0.43945321440696716,-0.007556553930044174,0.4191514849662781,0.4004194140434265,-0.11005183309316635,0.5138260126113892,0.6637572050094604,-0.11783836036920547,0.5396418571472168,0.6956773996353149,-0.10250844806432724,0.27901318669319153,0.6906062364578247,-0.07242123037576675,0.4602266848087311,0.6908891797065735,-0.11408064514398575,0.14716872572898865,0.6174968481063843,-0.04057818278670311,0.655836284160614,0.5760212540626526,-0.12280522286891937,0.4852132499217987,0.40081995725631714,-0.08695508539676666,0.38430145382881165,0.4754014015197754,-0.07883938401937485,0.20187202095985413,0.5796420574188232,-0.07310851663351059,0.2620863914489746,0.49733155965805054,-0.06355297565460205,0.2769683599472046,0.48295462131500244,-0.05542225390672684,0.5109751224517822,0.5282125473022461,-0.1048932671546936,0.34040799736976624,0.6497819423675537,-0.12298369407653809,0.715951681137085,0.5488941669464111,-0.10593552142381668,0.6408628225326538,0.6223140954971313,-0.11111493408679962,0.5976935625076294,0.6567806601524353,-0.10783977061510086,0.24320104718208313,0.3567562699317932,0.05059577897191048,0.7423657178878784,0.5100628733634949,-0.0750751793384552,0.2880259156227112,0.46881067752838135,-0.04116812348365784,0.29681649804115295,0.4543277621269226,-0.026168061420321465,0.3020685315132141,0.4446433186531067,-0.013660524040460587,0.17233017086982727,0.5573767423629761,-0.07314298301935196,0.2815394997596741,0.44844046235084534,-0.02284986898303032,0.26445335149765015,0.461515873670578,-0.03678630664944649,0.249140202999115,0.47740259766578674,-0.05025574564933777,0.23672595620155334,0.49474719166755676,-0.06103361025452614,0.23137807846069336,0.5065970420837402,-0.06498894095420837,0.1222197413444519,0.6620593070983887,-0.010951722972095013,0.2503772974014282,0.5067359209060669,-0.06664768606424332,0.505858838558197,0.41192132234573364,-0.07272792607545853,0.4681411385536194,0.485356867313385,-0.10701266676187515,0.44563156366348267,0.43736857175827026,-0.0965992733836174,0.48956167697906494,0.43705621361732483,-0.09304513037204742,0.3364590108394623,0.3839676082134247,0.0049492912366986275,0.5662326812744141,0.6362634897232056,-0.11609995365142822,0.611060380935669,0.6092237830162048,-0.11819636076688766,0.6948069334030151,0.5369673371315002,-0.11612534523010254,0.48094314336776733,0.7260844111442566,-0.08581803739070892,0.29611316323280334,0.4420372545719147,-0.013662002049386501,0.3786267936229706,0.4092637300491333,-0.05913286283612251,0.723102331161499,0.49812477827072144,-0.08674687147140503,0.6809951663017273,0.586209237575531,-0.11634980142116547,0.33553546667099,0.7052122354507446,-0.08458433300256729,0.5673223733901978,0.4943278729915619,-0.09197092056274414,0.5708765983581543,0.5023353099822998,-0.0985870286822319,0.5754045248031616,0.5119211077690125,-0.10590553283691406,0.5793597102165222,0.5208704471588135,-0.10801247507333755,0.5936559438705444,0.5233392119407654,-0.10739725828170776,0.498717725276947,0.5060383081436157,-0.10252278298139572,0.4927908182144165,0.5096341371536255,-0.10763914883136749,0.4865685701370239,0.5125242471694946,-0.11157424747943878,0.4750610589981079,0.5368143916130066,-0.11800236254930496,0.37294483184814453,0.6075618267059326,-0.1359306275844574,0.3551999628543854,0.41452959179878235,-0.03606131300330162,0.3019428253173828,0.419397234916687,0.0054871500469744205,0.29511791467666626,0.4311053156852722,-0.004394267685711384,0.5020437240600586,0.5031671524047852,-0.09982464462518692,0.4289145767688751,0.6469908952713013,-0.12661151587963104,0.3140074610710144,0.40422457456588745,-0.00503486068919301,0.6076227426528931,0.5426362752914429,-0.11062714457511902,0.4104444980621338,0.3700562119483948,-0.06834660470485687,0.37917792797088623,0.39102429151535034,-0.05398564785718918,0.3870443105697632,0.37590497732162476,-0.041932135820388794,0.3997907042503357,0.4284765422344208,-0.07908023148775101,0.6957138180732727,0.48602232336997986,-0.0879318043589592,0.6671720147132874,0.47857189178466797,-0.0795636922121048,0.643627405166626,0.509669840335846,-0.0996105819940567,0.5266351103782654,0.5781854391098022,-0.11625265330076218,0.42012107372283936,0.49740687012672424,-0.09277975559234619,0.5690993666648865,0.5654802918434143,-0.11390674859285355,0.3869187831878662,0.5377281904220581,-0.12401684373617172,0.42908045649528503,0.5204089283943176,-0.11127597093582153,0.40991711616516113,0.5747138261795044,-0.13244390487670898,0.6683740019798279,0.5219837427139282,-0.11435873061418533,0.39979198575019836,0.4512789249420166,-0.08020827919244766,0.5383334755897522,0.6075233221054077,-0.12060099840164185,0.5853780508041382,0.5859196186065674,-0.11695820838212967,0.48368585109710693,0.5818296074867249,-0.12651701271533966,0.3845556676387787,0.6645654439926147,-0.12197796255350113,0.47418004274368286,0.6192091703414917,-0.12902450561523438,0.3952796757221222,0.7087218165397644,-0.09952450543642044,0.44609060883522034,0.5496640205383301,-0.12319965660572052,0.38074278831481934,0.4306872487068176,-0.06344541162252426,0.4451286792755127,0.41965001821517944,-0.11898456513881683,0.43850070238113403,0.44460129737854004,-0.10718977451324463,0.4400775134563446,0.39815130829811096,-0.12244302034378052,0.2708320617675781,0.4238891303539276,-0.00867751706391573,0.2346571385860443,0.44632452726364136,-0.03513694927096367,0.21072372794151306,0.47014036774635315,-0.059259552508592606,0.19604215025901794,0.49391210079193115,-0.07546580582857132,0.19209349155426025,0.5137462019920349,-0.0809452086687088,0.21766185760498047,0.5430260896682739,-0.07331999391317368,0.22765225172042847,0.6733431816101074,-0.06414054334163666,0.25447291135787964,0.5437999963760376,-0.08446335047483444,0.2759111821651459,0.5287861227989197,-0.07992051541805267,0.296431303024292,0.5035108327865601,-0.06703810393810272,0.31173691153526306,0.47792962193489075,-0.04734473675489426,0.3202080726623535,0.45774877071380615,-0.027275510132312775,0.3249971866607666,0.4425763189792633,-0.015486880205571651,0.21966484189033508,0.720302164554596,-0.006790485233068466,0.4423339366912842,0.45286062359809875,-0.09883379936218262,0.39988720417022705,0.4036940336227417,-0.08211831748485565,0.45800524950027466,0.3969002664089203,-0.12152798473834991,0.47196629643440247,0.40037229657173157,-0.10786633938550949,0.45998722314834595,0.4046274423599243,-0.11376098543405533,0.4503138065338135,0.4558350145816803,-0.08835682272911072,0.47707951068878174,0.3948023319244385,-0.11113149672746658,0.47989028692245483,0.405912846326828,-0.08981630206108093,0.3097755014896393,0.4337040185928345,-0.001634012209251523,0.32322782278060913,0.4273281395435333,-0.002571800258010626,0.3317950665950775,0.42355823516845703,-0.0128251938149333,0.2292245328426361,0.5137233734130859,-0.06635213643312454,0.21007168292999268,0.5202776789665222,-0.07323621213436127,0.4213826656341553,0.3628244996070862,-0.04522383213043213,0.40399160981178284,0.36162400245666504,0.18416346609592438,0.49558931589126587,0.385116845369339,-0.06639482080936432,0.36251023411750793,0.34816139936447144,0.3774203062057495,0.39530298113822937,0.3814358711242676,0.11699435859918594,0.404013067483902,0.3778854012489319,0.13379578292369843,0.4098331928253174,0.37342536449432373,0.15319423377513885,0.40242627263069153,0.3686608076095581,0.19020143151283264,0.387844979763031,0.38159239292144775,0.10292619466781616,0.38270124793052673,0.34739285707473755,0.14359897375106812,0.3752852976322174,0.3533012866973877,0.12429233640432358,0.3892360329627991,0.34521597623825073,0.16316920518875122,0.39369311928749084,0.3479378819465637,0.17858299612998962,0.40917080640792847,0.37355178594589233,0.20474715530872345,0.6997767686843872,0.44868993759155273,0.0009918158175423741,0.4006335139274597,0.36016082763671875,0.19691209495067596,0.4398317039012909,0.3670142889022827,0.3464224636554718,0.3957500457763672,0.36699923872947693,0.24587304890155792,0.5005000829696655,0.3670773506164551,0.06536100804805756,0.5513296127319336,0.40346410870552063,-0.06054064258933067,0.5598104596138,0.416528582572937,-0.058476511389017105,0.5643103122711182,0.3911011517047882,-0.02666776441037655,0.5755324959754944,0.38713330030441284,0.006539915222674608,0.5683580636978149,0.4064885675907135,-0.030146397650241852,0.5757453441619873,0.4013773202896118,-0.0014760610647499561,0.6379116773605347,0.4125356674194336,0.046107858419418335,0.4885975122451782,0.3609151244163513,-0.09713825583457947,0.47121307253837585,0.35265475511550903,-0.09485957026481628,0.38764533400535583,0.3318500518798828,0.2130511850118637,0.4305173456668854,0.37545913457870483,0.05299988389015198,0.5003964304924011,0.3616408109664917,-0.01012883149087429,0.4887768030166626,0.3627791404724121,0.00025056549930013716,0.5218327045440674,0.35429567098617554,0.14299261569976807,0.4459686577320099,0.3558266758918762,-0.07169122248888016,0.3797385096549988,0.3225463628768921,0.14272533357143402,0.38493379950523376,0.3234594464302063,0.18104839324951172,0.3334660530090332,0.3272418975830078,0.3305157721042633,0.36312270164489746,0.3462841510772705,0.054273299872875214,0.37070026993751526,0.36137205362319946,0.11380407214164734,0.6201502084732056,0.3996118903160095,0.07110876590013504,0.6311911344528198,0.4539293646812439,0.31898441910743713,0.5029839277267456,0.37624311447143555,-0.019453614950180054,0.5004808306694031,0.3882221281528473,-0.044900406152009964,0.5953483581542969,0.39163047075271606,0.058381740003824234,0.5924801826477051,0.3979107141494751,0.043966930359601974,0.37515535950660706,0.31594347953796387,0.20388266444206238,0.5072711706161499,0.3706854283809662,-0.0038977162912487984,0.3717893064022064,0.32846760749816895,0.09974118322134018,0.36294838786125183,0.3173891007900238,0.10470142215490341,0.27403348684310913,0.3170907497406006,0.19616051018238068,0.34426385164260864,0.31574639678001404,0.25806769728660583,0.2937077283859253,0.31739169359207153,0.1507779359817505,0.3758341073989868,0.328098863363266,0.2444218248128891,0.37162140011787415,0.33131349086761475,0.30412599444389343,0.5576316118240356,0.4093058705329895,-0.06080644577741623,0.5678215622901917,0.3984082341194153,-0.028933798894286156,0.5766078233718872,0.3933664560317993,0.00022496451856568456,0.5030230283737183,0.38284361362457275,-0.024086905643343925,0.594275951385498,0.39479202032089233,0.04988107085227966,0.611049234867096,0.40055274963378906,0.025221755728125572,0.5907652974128723,0.40028589963912964,0.04098327085375786,0.4958929717540741,0.36735421419143677,-0.04566807299852371,0.5728989243507385,0.407725989818573,-0.002874234225600958,0.5664001107215881,0.41334378719329834,-0.027332093566656113,0.5590922832489014,0.4228954613208771,-0.05260459706187248,0.6577895283699036,0.45206212997436523,-0.05097869038581848,0.6583456993103027,0.4487956464290619,-0.056780822575092316,0.6496198177337646,0.4444263279438019,-0.054931316524744034,0.6353365182876587,0.44228190183639526,-0.04707961156964302,0.621117353439331,0.4422975480556488,-0.042371150106191635,0.6113588213920593,0.4186672568321228,0.0041692303493618965,0.6189015507698059,0.41427820920944214,-0.000955314957536757,0.6278183460235596,0.40987053513526917,-0.0034517464227974415,0.6348502039909363,0.40723639726638794,0.0024617603048682213,0.5704269409179688,0.38360583782196045,0.026673054322600365,0.526046872138977,0.43456268310546875,0.40578705072402954,0.6019649505615234,0.41026443243026733,0.026503486558794975,0.6069269776344299,0.4051794409751892,0.023361792787909508,0.5054537057876587,0.39468634128570557,-0.049870871007442474,0.5143337845802307,0.3836263120174408,-0.004787984769791365,0.503261387348175,0.39142346382141113,-0.04801409691572189,0.4511147439479828,0.37126070261001587,0.07212132215499878,0.4787198305130005,0.3612709045410156,0.09725590795278549,0.49772316217422485,0.36885911226272583,0.009829250164330006,0.3039439916610718,0.31594449281692505,0.2668837308883667,0.3183608949184418,0.31189393997192383,0.20741216838359833,0.37065085768699646,0.3118067979812622,0.15910257399082184,0.6488627195358276,0.422253280878067,0.018766075372695923,0.3513496220111847,0.3288313150405884,0.0603550523519516,0.2714445888996124,0.3326326012611389,0.0990239754319191,0.24566812813282013,0.3292415142059326,0.12852726876735687,0.4084724485874176,0.3709978461265564,0.1737758368253708,0.41437506675720215,0.38041746616363525,0.2261754870414734,0.38244113326072693,0.3806564211845398,0.10043070465326309,0.39277657866477966,0.3516269326210022,0.211008220911026,0.41150641441345215,0.37582260370254517,0.039089374244213104,0.4895842373371124,0.3565398156642914,-0.035713475197553635,0.48467347025871277,0.353401780128479,0.26223862171173096,0.4338011145591736,0.38300731778144836,0.19465228915214539,0.4453500807285309,0.38488149642944336,0.1526537984609604,0.4371151328086853,0.38886523246765137,0.11531782895326614,0.4220745861530304,0.3912340998649597,0.09158977121114731,0.41179248690605164,0.3899523913860321,0.07125099748373032,0.37557098269462585,0.37404823303222656,0.005271401256322861,0.5292292237281799,0.3597804307937622,0.24160386621952057,0.3885928988456726,0.34845834970474243,0.23453225195407867,0.49423012137413025,0.37666159868240356,-0.09362736344337463,0.451373815536499,0.37419432401657104,0.03507012501358986,0.4305577278137207,0.4020622968673706,0.4322177469730377,0.4022243618965149,0.3867972195148468,0.06095559895038605,0.49827855825424194,0.3759233355522156,0.028816454112529755,0.39733099937438965,0.36213433742523193,0.20578515529632568,0.4753624498844147,0.358825147151947,-0.023966766893863678,0.5786394476890564,0.4443812966346741,0.3696171045303345,0.37708625197410583,0.3783973455429077,0.11196015775203705,0.459037721157074,0.35541802644729614,-0.049901679158210754,0.6783081293106079,0.4277408719062805,0.1525108963251114,0.6990408897399902,0.455674946308136,0.18610183894634247,0.5341073274612427,0.38913846015930176,0.32186776399612427,0.6564706563949585,0.4222604036331177,0.20387746393680573,0.4013570547103882,0.35010969638824463,0.3334137797355652,0.7271237373352051,0.45766425132751465,0.006401844322681427,0.49477195739746094,0.39105385541915894,-0.07606787979602814,0.4739369750022888,0.3729437589645386,0.04878322407603264,0.3887532651424408,0.3725939989089966,0.2804275155067444,0.4047761559486389,0.36618906259536743,0.15702790021896362,0.3991391956806183,0.37050461769104004,0.14001595973968506,0.6143491268157959,0.39679861068725586,0.032062359154224396,0.5707946419715881,0.37262779474258423,0.22551344335079193,0.7526167035102844,0.48316606879234314,-0.02983202412724495,0.7355996370315552,0.46267348527908325,0.07562808692455292,0.7207919955253601,0.45863431692123413,0.1268526166677475,0.3911781907081604,0.3739061951637268,0.12574440240859985,0.3830808401107788,0.3758668899536133,0.11757397651672363,0.3791334927082062,0.37763121724128723,0.11514897644519806,0.3764110505580902,0.3490791320800781,0.2682046592235565,0.3793269991874695,0.36792856454849243,0.12270800024271011,0.3842557370662689,0.3618205189704895,0.1319405734539032,0.39052337408065796,0.356606125831604,0.1459968239068985,0.39668017625808716,0.3539515733718872,0.16236275434494019,0.4001334309577942,0.355152428150177,0.17465171217918396,0.3918829560279846,0.3722895085811615,0.414096474647522,0.40553104877471924,0.3631218671798706,0.17263059318065643,0.5483742952346802,0.38402649760246277,-0.0006490890518762171,0.5015177130699158,0.3710847496986389,-0.026081036776304245,0.5226422548294067,0.396329402923584,-0.0495312325656414,0.6987541317939758,0.4368802011013031,0.10261981934309006,0.7115670442581177,0.4486461281776428,0.05458325892686844,0.7334868311882019,0.47271180152893066,-0.045550648123025894,0.671316921710968,0.4566705822944641,0.25373828411102295,0.3778582513332367,0.3738221526145935,0.11692319065332413,0.41584211587905884,0.3683898448944092,-0.001909340382553637,0.7478421926498413,0.4692358374595642,0.02255663275718689,0.5805608034133911,0.40220946073532104,0.29326876997947693,0.6196942329406738,0.4289756119251251,-0.018118269741535187,0.6311771273612976,0.42595112323760986,-0.021834490820765495,0.6433838605880737,0.42435306310653687,-0.025417102500796318,0.6537142992019653,0.4252224266529083,-0.023200692608952522,0.6568878889083862,0.4348656237125397,-0.012756528332829475,0.5832395553588867,0.39875075221061707,0.024598609656095505,0.5851269364356995,0.3922901153564453,0.031596168875694275,0.5852047204971313,0.38655269145965576,0.03719012066721916,0.5954872369766235,0.3886956572532654,0.05658140406012535,0.5719031095504761,0.36944401264190674,0.15911462903022766,0.3918836712837219,0.3753429651260376,0.023251468315720558,0.3687118887901306,0.3707602620124817,0.08057498186826706,0.3713000416755676,0.37180787324905396,0.10545775294303894,0.5805860757827759,0.4035671353340149,0.022368820384144783,0.6254875063896179,0.3932356536388397,0.1732426881790161,0.37299761176109314,0.36828917264938354,0.03945498540997505,0.673774778842926,0.4444130063056946,-0.006360743194818497,0.3997053802013397,0.3682361841201782,-0.02316558174788952,0.4541747570037842,0.3667755424976349,-0.003837354015558958,0.6768032312393188,0.4594036340713501,-0.04968981072306633,0.6491799354553223,0.4138672351837158,0.06442654877901077,0.5211292505264282,0.376487135887146,0.042707107961177826,0.6651536226272583,0.4295874238014221,0.029746511951088905,0.5382355451583862,0.36365965008735657,0.08830288052558899,0.5504062175750732,0.3759958744049072,0.05790163204073906,0.5783936977386475,0.3723308742046356,0.11031074076890945,0.7062538862228394,0.4634173512458801,-0.04849020391702652,0.4688609838485718,0.3707544803619385,0.014871305786073208,0.6716723442077637,0.4196033179759979,0.08644434809684753,0.6854943633079529,0.43670281767845154,0.04314476624131203,0.6278255581855774,0.3985011577606201,0.09123898297548294,0.6059117317199707,0.3861992359161377,0.21260155737400055,0.6402305960655212,0.3992975354194641,0.12299224734306335,0.6218746900558472,0.41448089480400085,0.259748250246048,0.5850422382354736,0.38178330659866333,0.07677842676639557,0.43320560455322266,0.3717328608036041,0.018054479733109474,0.4959346055984497,0.361323744058609,-0.045081280171871185,0.5042547583580017,0.3656090795993805,-0.022471170872449875,0.48014527559280396,0.35276979207992554,-0.06356526911258698,0.36632585525512695,0.3571164608001709,0.09504297375679016,0.37337666749954224,0.344504714012146,0.11752122640609741,0.3820001780986786,0.33757954835891724,0.14099305868148804,0.3887726068496704,0.33527499437332153,0.16783113777637482,0.3920239806175232,0.3402228355407715,0.19139352440834045,0.396911084651947,0.365014910697937,0.22057408094406128,0.487491250038147,0.37727779150009155,0.3401700556278229,0.41946396231651306,0.3760440945625305,0.1840914487838745,0.42425334453582764,0.3791654109954834,0.1544470340013504,0.41853880882263184,0.3835798501968384,0.1264820694923401,0.40666288137435913,0.38682299852371216,0.10507465898990631,0.3975529372692108,0.3868067264556885,0.08814043551683426,0.39049792289733887,0.38555943965911865,0.07843632996082306,0.47528618574142456,0.42272335290908813,0.4292304515838623,0.5072058439254761,0.3733375668525696,-0.015436545014381409,0.4367215931415558,0.3626614809036255,-0.023107565939426422,0.49179786443710327,0.358842134475708,-0.07434698194265366,0.49464792013168335,0.3761746883392334,-0.0807277113199234,0.49410924315452576,0.36717358231544495,-0.06565334647893906,0.5089750289916992,0.38233816623687744,-0.018249431625008583,0.49559035897254944,0.3752690851688385,-0.08886139839887619,0.49654537439346313,0.38799142837524414,-0.07125750184059143,0.37669163942337036,0.3790978789329529,0.09793919324874878,0.3803284168243408,0.3818115293979645,0.07109814137220383,0.3888132870197296,0.38081344962120056,0.04791465029120445,0.4011803865432739,0.3573189079761505,0.18502818048000336,0.39558473229408264,0.35331279039382935,0.19433319568634033,0.26873213052749634,0.4651532769203186,-0.0451275072991848,0.28127163648605347,0.4504433870315552,-0.0451275072991848,0.25475451350212097,0.460165798664093,-0.0451275072991848,0.255431592464447,0.4800044000148773,-0.0451275072991848,0.28301185369491577,0.4701882004737854,-0.0451275072991848,0.38570207357406616,0.35875535011291504,0.14754930138587952,0.39431190490722656,0.353084534406662,0.14754930138587952,0.3726997971534729,0.35102730989456177,0.14754930138587952,0.3764471113681793,0.36471205949783325,0.14754930138587952,0.3979800343513489,0.3666064739227295,0.14754930138587952,0,0,0,0,0,0,0,0,0,0,0,0,0.11696390807628632,0.06529806554317474,0.10574008524417877,0.057052601128816605,0.0225648432970047,0.05529534071683884,0.038034457713365555,0.060990940779447556,0.0751563236117363,0.12090495973825455,0.6275748014450073,0.20509175956249237,Sadness,-37.8603401184082,-47.77236557006836
280,9.333333333333334,34.74435976849244,-15.737763747816611,1.4131405863585498,0.5198766589164734,0.4336709678173065,-0.08261989802122116,0.43978145718574524,0.3708977699279785,-0.114939384162426,0.4606589078903198,0.40710145235061646,-0.07233620434999466,0.3593650758266449,0.39232441782951355,-0.0887983962893486,0.41775745153427124,0.3647628128528595,-0.11679380387067795,0.38982754945755005,0.3692910373210907,-0.10176859050989151,0.31321480870246887,0.39059776067733765,-0.029001645743846893,0.22826841473579407,0.542668342590332,-0.07965084910392761,0.26474714279174805,0.38955140113830566,0.00020043726544827223,0.23869898915290833,0.3817213177680969,0.006241194903850555,0.14018961787223816,0.3754909038543701,0.05618424713611603,0.5280333161354065,0.4350598156452179,-0.08199915289878845,0.5350354909896851,0.4375513792037964,-0.07740463316440582,0.5385855436325073,0.43993210792541504,-0.06955078989267349,0.6229479312896729,0.45366206765174866,-0.05893738195300102,0.6340442895889282,0.4552030563354492,-0.06329277157783508,0.6445014476776123,0.45749855041503906,-0.06966398656368256,0.6519961953163147,0.45986050367355347,-0.06845282018184662,0.6376941204071045,0.45319607853889465,-0.055631592869758606,0.4521062970161438,0.38323381543159485,-0.10738130658864975,0.44127357006073,0.411732017993927,-0.09507881104946136,0.08899596333503723,0.6570454239845276,-0.039991527795791626,0.2733563780784607,0.4919171631336212,-0.055729031562805176,0.26724594831466675,0.5089905858039856,-0.07249227166175842,0.2572442889213562,0.5277645587921143,-0.0835312157869339,0.22736907005310059,0.5558741688728333,-0.08803744614124298,0.2753669023513794,0.4772294759750366,-0.035301897674798965,0.20170852541923523,0.5036260485649109,-0.07186521589756012,0.21483880281448364,0.48475709557533264,-0.04846353828907013,0.1926235407590866,0.5250923037528992,-0.08460428565740585,0.19162139296531677,0.542223334312439,-0.08867184072732925,0.23073837161064148,0.5759291052818298,-0.09347191452980042,0.6354913711547852,0.5421655774116516,-0.10183510929346085,0.21695198118686676,0.5512330532073975,-0.07894650846719742,0.18666644394397736,0.6768209338188171,-0.0612177774310112,0.19535385072231293,0.6010431051254272,-0.08937052637338638,0.370653361082077,0.5077098608016968,-0.10364848375320435,0.5033808350563049,0.45704734325408936,-0.10097634047269821,0.5221282839775085,0.4582156240940094,-0.09434863924980164,0.4968234598636627,0.48209285736083984,-0.11308445036411285,0.49509015679359436,0.49840497970581055,-0.11390867084264755,0.5128514766693115,0.476876825094223,-0.10415973514318466,0.5077085494995117,0.4909058213233948,-0.10174032300710678,0.5418784618377686,0.5440040826797485,-0.10450726002454758,0.4319942593574524,0.38539886474609375,-0.12487547099590302,0.4100429117679596,0.381568968296051,-0.1284410059452057,0.15202920138835907,0.565849781036377,-0.10549700260162354,0.3306683897972107,0.46346408128738403,-0.06175757199525833,0.4049230217933655,0.45489180088043213,-0.11534357815980911,0.39073702692985535,0.45910194516181946,-0.10836852341890335,0.33850017189979553,0.5731026530265808,-0.1364925503730774,0.3840705156326294,0.3856106996536255,-0.11390276253223419,0.16401255130767822,0.5049028992652893,-0.08617355674505234,0.15202081203460693,0.5373265743255615,-0.10070046782493591,0.06531703472137451,0.6049777865409851,-0.04694259166717529,0.2298310101032257,0.42677897214889526,-0.029521863907575607,0.23115050792694092,0.47101354598999023,-0.027877356857061386,0.5070948600769043,0.5517462491989136,-0.11427728831768036,0.44200652837753296,0.7435526251792908,-0.05684059113264084,0.4244289994239807,0.4466670751571655,-0.09611237049102783,0.43824830651283264,0.4346182644367218,-0.08302511274814606,0.5040422677993774,0.5173184275627136,-0.10214696824550629,0.5093547105789185,0.5119120478630066,-0.09650682657957077,0.12916123867034912,0.5474035143852234,-0.09498302638530731,0.41421353816986084,0.4657973647117615,-0.10607513040304184,0.18796586990356445,0.46908050775527954,-0.06108423322439194,0.16969193518161774,0.46699631214141846,-0.06230518966913223,0.07651028037071228,0.48010575771331787,-0.02913735993206501,0.09606508910655975,0.567786693572998,-0.0708375871181488,0.11901642382144928,0.4619715213775635,-0.0424029715359211,0.13059796392917633,0.5811065435409546,-0.09620588272809982,0.1125050038099289,0.6146376729011536,-0.06448669731616974,0.5136982798576355,0.4578808546066284,-0.1004442498087883,0.5050146579742432,0.4796141982078552,-0.10993935167789459,0.5013012290000916,0.4949074983596802,-0.10907845199108124,0.431033730506897,0.4465395510196686,-0.08721699565649033,0.5070953369140625,0.5144976377487183,-0.09821802377700806,0.5299458503723145,0.5139528512954712,-0.09777574986219406,0.5110632181167603,0.5097814798355103,-0.09515754133462906,0.42166203260421753,0.42155084013938904,-0.11890841275453568,0.5111058950424194,0.4877883791923523,-0.0967092216014862,0.5169527530670166,0.474509596824646,-0.09513196349143982,0.5267766714096069,0.4581226110458374,-0.08748505264520645,0.6234019994735718,0.4810386300086975,-0.07475247234106064,0.6284177899360657,0.4886701703071594,-0.08844926208257675,0.6220319271087646,0.4844598174095154,-0.08965688198804855,0.6126550436019897,0.47913914918899536,-0.08283412456512451,0.6040463447570801,0.4744897782802582,-0.07744850218296051,0.5556373596191406,0.49811601638793945,-0.08907980471849442,0.5557329058647156,0.5037689208984375,-0.09285400807857513,0.5560880899429321,0.5107125639915466,-0.09867537021636963,0.5563811659812927,0.5162683725357056,-0.10068967938423157,0.4675528109073639,0.5073273777961731,-0.1142197847366333,0.2975263297557831,0.749943733215332,-0.02154717408120632,0.4564360976219177,0.39589208364486694,-0.08392258733510971,0.5346930027008057,0.5040123462677002,-0.0915132537484169,0.5323973894119263,0.5089380145072937,-0.09470587223768234,0.4508318603038788,0.4309183359146118,-0.08645451068878174,0.4309069514274597,0.469198077917099,-0.08513741195201874,0.44507160782814026,0.4325192868709564,-0.08474244177341461,0.3337832987308502,0.4861249029636383,-0.07810278236865997,0.3335621953010559,0.517288863658905,-0.1039247140288353,0.39901918172836304,0.4699903726577759,-0.10141663998365402,0.05978935956954956,0.5458739995956421,-0.04559046030044556,0.09709057211875916,0.5175167322158813,-0.06262664496898651,0.14258873462677002,0.5084341764450073,-0.08257749676704407,0.5692938566207886,0.5292028784751892,-0.10170313715934753,0.2021244615316391,0.42322519421577454,-0.03259003907442093,0.14763717353343964,0.4173945188522339,-0.01129968836903572,0.10400335490703583,0.42580530047416687,0.0065148756839334965,0.24268871545791626,0.5457024574279785,-0.08857057243585587,0.23247003555297852,0.6023844480514526,-0.1038774624466896,0.27445080876350403,0.4674673080444336,-0.023497695103287697,0.18521596491336823,0.5686242580413818,-0.09488969296216965,0.3232746720314026,0.4449292719364166,-0.05469197407364845,0.4019477963447571,0.43065059185028076,-0.12269102782011032,0.2491244673728943,0.6411916613578796,-0.11084557324647903,0.26157107949256897,0.5852466821670532,-0.11578516662120819,0.2884136140346527,0.5552923679351807,-0.11157989501953125,0.304309606552124,0.5165262818336487,-0.08846291154623032,0.30786776542663574,0.490104079246521,-0.06499479711055756,0.3083963692188263,0.4696948826313019,-0.04803131893277168,0.30866727232933044,0.40836894512176514,-0.041409242898225784,0.3043632507324219,0.6455346345901489,-0.12843984365463257,0.16956257820129395,0.5866892337799072,-0.09864362329244614,0.4467566907405853,0.39099276065826416,-0.11561302840709686,0.3558346927165985,0.4609317481517792,-0.07429318875074387,0.17928236722946167,0.7251774072647095,-0.012447190470993519,0.30663567781448364,0.4521220028400421,-0.03455022722482681,0.3989717364311218,0.48053956031799316,-0.0819639265537262,0.20786356925964355,0.5624780654907227,-0.08390966057777405,0.38609957695007324,0.4359003007411957,-0.11260872334241867,0.365625262260437,0.7536380290985107,-0.03588336706161499,0.26583170890808105,0.4685474634170532,-0.017348604276776314,0.3824734091758728,0.40836474299430847,-0.1175767257809639,0.537621796131134,0.6524323225021362,-0.108457550406456,0.5666236281394958,0.6828760504722595,-0.09172242134809494,0.2981964647769928,0.7032920122146606,-0.07883648574352264,0.48635801672935486,0.6823931932449341,-0.10761527717113495,0.14373131096363068,0.6476600170135498,-0.05737147107720375,0.6646944880485535,0.5579732656478882,-0.10398957133293152,0.4515504240989685,0.40242213010787964,-0.08834565430879593,0.3639454245567322,0.48355546593666077,-0.08392342180013657,0.18422599136829376,0.6258837580680847,-0.08732467144727707,0.24717062711715698,0.5213326811790466,-0.07582935690879822,0.2562732398509979,0.505845308303833,-0.06702866405248642,0.5271751284599304,0.5187072157859802,-0.1003304123878479,0.3576667308807373,0.6566965579986572,-0.12737293541431427,0.7185660600662231,0.5290505290031433,-0.08454957604408264,0.6571570634841919,0.6070436239242554,-0.09534209966659546,0.619601309299469,0.6425282955169678,-0.09464342892169952,0.1813676804304123,0.3753562271595001,0.03203761577606201,0.7366262674331665,0.4873877763748169,-0.051834627985954285,0.2609631419181824,0.4926084578037262,-0.05194457247853279,0.2633911669254303,0.4803716540336609,-0.03640911728143692,0.2652764320373535,0.4723115563392639,-0.023595737293362617,0.15068648755550385,0.6074932813644409,-0.0903138816356659,0.24878740310668945,0.47975262999534607,-0.03439938277006149,0.2373773157596588,0.49400097131729126,-0.049558091908693314,0.22909869253635406,0.5086965560913086,-0.06386715918779373,0.22242116928100586,0.5249227285385132,-0.07518147677183151,0.21940666437149048,0.5364060401916504,-0.07904327660799026,0.12460297346115112,0.6948632001876831,-0.023148640990257263,0.23774760961532593,0.5332589745521545,-0.0793423280119896,0.4771285355091095,0.4089430570602417,-0.07111182063817978,0.45997104048728943,0.4835140109062195,-0.10704575479030609,0.42080140113830566,0.44123825430870056,-0.10033873468637466,0.46818092465400696,0.4352533221244812,-0.09215319156646729,0.2868292033672333,0.3952763080596924,-0.005985850468277931,0.5862491130828857,0.6233508586883545,-0.10344698280096054,0.6260803937911987,0.593502938747406,-0.10235857218503952,0.6963977813720703,0.5161453485488892,-0.09438752382993698,0.5105339288711548,0.7165759205818176,-0.07819279283285141,0.2598317861557007,0.4714943766593933,-0.024343715980648994,0.3395460844039917,0.4191107153892517,-0.06806929409503937,0.7159222364425659,0.4741758704185486,-0.06278549879789352,0.690849781036377,0.5689465999603271,-0.09791898727416992,0.3597864806652069,0.7102657556533813,-0.08661768585443497,0.5805248022079468,0.4886227548122406,-0.08604366332292557,0.5842457413673401,0.49476373195648193,-0.09120583534240723,0.5891257524490356,0.5017883777618408,-0.09778355062007904,0.5938667058944702,0.5076004862785339,-0.09892416000366211,0.597915530204773,0.5086802840232849,-0.0953221246600151,0.5064350366592407,0.5023934841156006,-0.10032723098993301,0.5014362335205078,0.5065705180168152,-0.10594891756772995,0.4961344599723816,0.5100116729736328,-0.11014345288276672,0.48385089635849,0.5305665731430054,-0.11773895472288132,0.38507354259490967,0.611475944519043,-0.13867051899433136,0.31460002064704895,0.42579948902130127,-0.045589543879032135,0.2605128884315491,0.4459988474845886,-0.0054414779879152775,0.2548810839653015,0.4610402584075928,-0.015618733130395412,0.5092384815216064,0.4992123544216156,-0.0966583639383316,0.44947096705436707,0.6431213617324829,-0.12376654893159866,0.2742433547973633,0.42200711369514465,-0.01617572456598282,0.6134526133537292,0.5269477367401123,-0.09572644531726837,0.3641479015350342,0.37715989351272583,-0.07638954371213913,0.3354281187057495,0.40059709548950195,-0.06367408484220505,0.33974575996398926,0.38401463627815247,-0.051091305911540985,0.3681405782699585,0.436837762594223,-0.08607377111911774,0.6868703961372375,0.4641239047050476,-0.06604807823896408,0.657930314540863,0.45896559953689575,-0.05955773964524269,0.6419832706451416,0.49200400710105896,-0.08117397129535675,0.5414204597473145,0.5686417818069458,-0.1088765487074852,0.40957432985305786,0.5014859437942505,-0.09489577263593674,0.5803859233856201,0.5526553392410278,-0.10265262424945831,0.3850037157535553,0.5435553789138794,-0.12668243050575256,0.4264174699783325,0.5220236778259277,-0.11301674693822861,0.41825491189956665,0.5760721564292908,-0.13272951543331146,0.6681320667266846,0.5028413534164429,-0.09458258002996445,0.3744458556175232,0.4587245285511017,-0.08574775606393814,0.5556874871253967,0.5976370573043823,-0.11095228791236877,0.5979597568511963,0.5721714496612549,-0.1032048836350441,0.49930107593536377,0.5752129554748535,-0.12227632850408554,0.4058448076248169,0.6652238368988037,-0.12197373807430267,0.4929925203323364,0.6125934720039368,-0.12421947717666626,0.42191609740257263,0.7064611315727234,-0.09727907925844193,0.45381495356559753,0.5470890402793884,-0.1231914684176445,0.34723180532455444,0.440173864364624,-0.07114675641059875,0.41546186804771423,0.4249449074268341,-0.12461333721876144,0.4155859351158142,0.4489750862121582,-0.11112292855978012,0.40472137928009033,0.4048449695110321,-0.1292424350976944,0.23345735669136047,0.4540305733680725,-0.02179344743490219,0.20608127117156982,0.47817015647888184,-0.05073726922273636,0.18840381503105164,0.5027416944503784,-0.07625200599431992,0.17768850922584534,0.5281929969787598,-0.09322011470794678,0.1758192628622055,0.5509614944458008,-0.0986872985959053,0.20264188945293427,0.5794140100479126,-0.08762342482805252,0.24041804671287537,0.6927110552787781,-0.07422290742397308,0.24921581149101257,0.5634387135505676,-0.09649945795536041,0.2693215012550354,0.5412429571151733,-0.09132873266935349,0.2826350927352905,0.5144340395927429,-0.07757434993982315,0.28892332315444946,0.49116331338882446,-0.05675354227423668,0.2905708849430084,0.4734666645526886,-0.036629270762205124,0.29093486070632935,0.4600835144519806,-0.02453709952533245,0.2371790111064911,0.7405004501342773,-0.011779255233705044,0.42174047231674194,0.4561675488948822,-0.10179846733808517,0.3615807294845581,0.41260215640068054,-0.09025567770004272,0.4229479730129242,0.4019826054573059,-0.12711581587791443,0.4378066658973694,0.403647780418396,-0.11178970336914062,0.426483154296875,0.40905433893203735,-0.11867683380842209,0.4308185279369354,0.457766592502594,-0.09009407460689545,0.4420740008354187,0.3977251648902893,-0.11507155746221542,0.44722312688827515,0.4080637991428375,-0.0916355773806572,0.2709506154060364,0.4602946639060974,-0.011105361394584179,0.28470808267593384,0.4479776918888092,-0.012103907763957977,0.2967343032360077,0.4371879994869232,-0.022572236135601997,0.21814681589603424,0.5441343784332275,-0.08014338463544846,0.19489793479442596,0.5567631125450134,-0.08810831606388092,0.37350425124168396,0.367850124835968,-0.051675647497177124,0.33017826080322266,0.36242198944091797,0.18605586886405945,0.4575488567352295,0.384917676448822,-0.06701081991195679,0.2872885465621948,0.35314691066741943,0.3826999068260193,0.3346194624900818,0.37641143798828125,0.11602425575256348,0.3396725058555603,0.3728333115577698,0.13374461233615875,0.34398993849754333,0.3698916435241699,0.1541120558977127,0.3359016180038452,0.3712080121040344,0.1928006410598755,0.3297741711139679,0.37768709659576416,0.10043778270483017,0.3109009265899658,0.3559964895248413,0.1409502774477005,0.30708903074264526,0.3613796830177307,0.11994495987892151,0.31482434272766113,0.3536173701286316,0.16182155907154083,0.31905150413513184,0.35551023483276367,0.1784917563199997,0.35164716839790344,0.3767869472503662,0.20859897136688232,0.6788994073867798,0.42427924275398254,0.02321964129805565,0.3281140625476837,0.3636165261268616,0.1989026963710785,0.3754379451274872,0.361420601606369,0.35642218589782715,0.3383818566799164,0.37826859951019287,0.2508610188961029,0.45190414786338806,0.36156174540519714,0.06964772939682007,0.5292036533355713,0.41145771741867065,-0.05680178478360176,0.5446500182151794,0.4189649820327759,-0.05362920090556145,0.5446170568466187,0.3936704695224762,-0.021326640620827675,0.5587449669837952,0.3839784264564514,0.012413465417921543,0.5538411736488342,0.4049950838088989,-0.02465798333287239,0.5629286170005798,0.3954227864742279,0.004427952226251364,0.6125039458274841,0.3925417363643646,0.05724545568227768,0.4455837607383728,0.3623811602592468,-0.10099504142999649,0.42557454109191895,0.3548133969306946,-0.10001534968614578,0.3091038167476654,0.34900546073913574,0.21229349076747894,0.38105058670043945,0.376279354095459,0.05127005651593208,0.45530813932418823,0.3585009276866913,-0.008721154183149338,0.4426324963569641,0.3601367473602295,0.0015058311400935054,0.4671863317489624,0.34591156244277954,0.15025125443935394,0.3986903727054596,0.3596455454826355,-0.0775662437081337,0.29647141695022583,0.3373523950576782,0.13535569608211517,0.30257880687713623,0.3396690785884857,0.17632216215133667,0.25537943840026855,0.3343774378299713,0.3309505879878998,0.2906153202056885,0.35333409905433655,0.0435306690633297,0.3060888648033142,0.36790961027145386,0.10944508016109467,0.5909269452095032,0.38164639472961426,0.08162748068571091,0.5878289937973022,0.43881863355636597,0.34338921308517456,0.4620773196220398,0.3740045726299286,-0.017738064751029015,0.46254682540893555,0.3864445686340332,-0.04410305619239807,0.5860328078269958,0.37678760290145874,0.06691090017557144,0.5847479104995728,0.3830336630344391,0.05155818536877632,0.29222506284713745,0.33797746896743774,0.19940662384033203,0.4639835059642792,0.3671014904975891,-0.001357985194772482,0.29141965508461,0.340207040309906,0.09030719101428986,0.27881133556365967,0.3334580659866333,0.09416841715574265,0.1959056258201599,0.328072190284729,0.1866285800933838,0.27090921998023987,0.3225942850112915,0.2547324001789093,0.22403094172477722,0.3293175995349884,0.1385078877210617,0.2996451258659363,0.35075902938842773,0.24460594356060028,0.2995546758174896,0.3347986340522766,0.3056580722332001,0.538235068321228,0.4143434166908264,-0.05663950368762016,0.550304651260376,0.39873459935188293,-0.023639937862753868,0.5613698959350586,0.38883543014526367,0.005916109308600426,0.46358489990234375,0.3807208836078644,-0.022645745426416397,0.5857948064804077,0.379949688911438,0.057717837393283844,0.6051092147827148,0.3852480947971344,0.03365590423345566,0.5839848518371582,0.3856300413608551,0.04856240004301071,0.45320063829421997,0.3665426969528198,-0.04642479866743088,0.5618436336517334,0.4006631374359131,0.004046767018735409,0.5543195009231567,0.41031092405319214,-0.020207315683364868,0.5469436049461365,0.4234083592891693,-0.04559106007218361,0.6434463858604431,0.43286412954330444,-0.03418875113129616,0.6593984365463257,0.431627094745636,-0.044084418565034866,0.6518806219100952,0.43097928166389465,-0.04382377117872238,0.6404259204864502,0.43151330947875977,-0.0368594229221344,0.6290342807769775,0.43293386697769165,-0.03401055932044983,0.6124966144561768,0.40458160638809204,0.012079686857759953,0.6173739433288574,0.39995867013931274,0.008183795027434826,0.6236216425895691,0.39455121755599976,0.006276702508330345,0.6282971501350403,0.3903270363807678,0.012732215225696564,0.5343795418739319,0.3721359968185425,0.03223484754562378,0.4733015298843384,0.42521682381629944,0.42467615008354187,0.5996582508087158,0.39539992809295654,0.03410007432103157,0.6026790738105774,0.39019590616226196,0.031572066247463226,0.4696462154388428,0.3923056125640869,-0.04789194092154503,0.4741300344467163,0.37985169887542725,-0.0013039553305134177,0.46633198857307434,0.38935405015945435,-0.04689045995473862,0.40052133798599243,0.3701874911785126,0.07269170880317688,0.426385760307312,0.35708993673324585,0.10000452399253845,0.4527661204338074,0.36528295278549194,0.012332404963672161,0.22508053481578827,0.32498300075531006,0.26220664381980896,0.24634277820587158,0.32159745693206787,0.19969210028648376,0.2849828004837036,0.33161652088165283,0.15133674442768097,0.6253911852836609,0.4017336368560791,0.031442511826753616,0.27142268419265747,0.34198880195617676,0.0474405474960804,0.2043151557445526,0.34710758924484253,0.0834307074546814,0.1694723665714264,0.3438425660133362,0.11516555398702621,0.34199419617652893,0.37024080753326416,0.17573276162147522,0.36556291580200195,0.3850376009941101,0.23243387043476105,0.3251945972442627,0.37848126888275146,0.09745234996080399,0.3218602240085602,0.3625492453575134,0.21246516704559326,0.36220693588256836,0.37841764092445374,0.03551672399044037,0.44388386607170105,0.35500550270080566,-0.036597926169633865,0.42258429527282715,0.34477031230926514,0.27146556973457336,0.3839559257030487,0.37926292419433594,0.20058302581310272,0.39489465951919556,0.3747909367084503,0.15663817524909973,0.38547828793525696,0.3768548369407654,0.11678265780210495,0.3705998361110687,0.3803558349609375,0.09126890450716019,0.3599100708961487,0.38034239411354065,0.06898325681686401,0.3256351947784424,0.3811023235321045,-0.003034756751731038,0.4706364870071411,0.3491893410682678,0.2534814178943634,0.3204282820224762,0.3631693124771118,0.23698563873767853,0.45513445138931274,0.3772457540035248,-0.09646318852901459,0.40378206968307495,0.37419021129608154,0.03501417115330696,0.3683485984802246,0.39953136444091797,0.4452933669090271,0.348407506942749,0.37930452823638916,0.05702204257249832,0.4538266658782959,0.37250131368637085,0.03244367614388466,0.32747289538383484,0.36768457293510437,0.20817090570926666,0.42848214507102966,0.35804083943367004,-0.02505449950695038,0.5297814607620239,0.4323982894420624,0.39122286438941956,0.3186911940574646,0.3778917193412781,0.10894638299942017,0.41145697236061096,0.3567318916320801,-0.053653474897146225,0.6429447531700134,0.40435975790023804,0.1765042096376419,0.666925311088562,0.43436700105667114,0.21054291725158691,0.4772988557815552,0.3761380910873413,0.3388638496398926,0.6147300601005554,0.40138503909111023,0.22824770212173462,0.33260878920555115,0.349274218082428,0.33951398730278015,0.7071925401687622,0.4307635426521301,0.031857479363679886,0.4585496783256531,0.39129334688186646,-0.07675254344940186,0.426127552986145,0.3706240653991699,0.05103345960378647,0.33864447474479675,0.38670697808265686,0.28732728958129883,0.3310975432395935,0.36316174268722534,0.15776726603507996,0.329190731048584,0.3662608861923218,0.1397213637828827,0.6069442629814148,0.38096484541893005,0.0408964529633522,0.5158979892730713,0.3601408302783966,0.24085476994514465,0.739869236946106,0.45832669734954834,-0.00578241515904665,0.7129963636398315,0.437759667634964,0.09956612437963486,0.6942851543426514,0.43476051092147827,0.15060429275035858,0.325234979391098,0.36988967657089233,0.12443937361240387,0.32105007767677307,0.3732125163078308,0.11536604166030884,0.319513201713562,0.37619438767433167,0.11228220909833908,0.313716858625412,0.36886489391326904,0.27196770906448364,0.31620490550994873,0.3689531683921814,0.11965568363666534,0.31806445121765137,0.3634764552116394,0.12929660081863403,0.3214825391769409,0.3584437966346741,0.14422880113124847,0.3252314329147339,0.35603776574134827,0.16175422072410583,0.3278718888759613,0.35744598507881165,0.1751423329114914,0.32206928730010986,0.3740900158882141,0.42343538999557495,0.33091241121292114,0.3618564009666443,0.17409014701843262,0.5117363333702087,0.37549692392349243,0.004132405389100313,0.45951640605926514,0.3691291809082031,-0.0254067350178957,0.4899170994758606,0.3911769986152649,-0.046651534736156464,0.6694099307060242,0.41112256050109863,0.12689152359962463,0.6871550679206848,0.4222676157951355,0.0795406922698021,0.71975177526474,0.4463996887207031,-0.02041633427143097,0.6339877843856812,0.4382430911064148,0.2786717116832733,0.3176761567592621,0.37390416860580444,0.11373665928840637,0.3670942187309265,0.3720303773880005,-0.0071577755734324455,0.7295080423355103,0.44375258684158325,0.04675064608454704,0.5277420878410339,0.38674214482307434,0.3137867748737335,0.6242696046829224,0.4169493317604065,-0.009811172261834145,0.6327182054519653,0.4130559265613556,-0.012054374441504478,0.6417657136917114,0.4096563756465912,-0.014841336756944656,0.6495331525802612,0.40741080045700073,-0.01176532357931137,0.6371075510978699,0.41461294889450073,0.0014295089058578014,0.5729911923408508,0.38821160793304443,0.030854500830173492,0.573049783706665,0.3826434016227722,0.03802938386797905,0.5716263651847839,0.3779270350933075,0.04385511949658394,0.5623021125793457,0.37408149242401123,0.06386719644069672,0.520135223865509,0.35784485936164856,0.1712408810853958,0.3423459529876709,0.3802529573440552,0.017252741381525993,0.30801254510879517,0.3749552369117737,0.0746481791138649,0.31113097071647644,0.3753601908683777,0.10091711580753326,0.5714312195777893,0.3925608992576599,0.02939501591026783,0.5797322392463684,0.3763324022293091,0.19159060716629028,0.3106565773487091,0.37053436040878296,0.031193632632493973,0.6537401676177979,0.4223686754703522,0.012252840213477612,0.35083311796188354,0.3740963935852051,-0.030999911949038506,0.4070854187011719,0.36727070808410645,-0.005673225037753582,0.6620017290115356,0.43818092346191406,-0.02928859554231167,0.620843231678009,0.39235854148864746,0.07869192212820053,0.4773968458175659,0.3699756860733032,0.04751787707209587,0.6408700346946716,0.407029390335083,0.04623938351869583,0.4891740083694458,0.3547653555870056,0.09557837247848511,0.5079799294471741,0.36586812138557434,0.06397924572229385,0.5318081378936768,0.3601818084716797,0.12096690386533737,0.6913099884986877,0.43933114409446716,-0.02567763812839985,0.42231178283691406,0.3698047995567322,0.015389738604426384,0.6413580179214478,0.39611655473709106,0.10563045740127563,0.6605854034423828,0.4123242497444153,0.06431446969509125,0.5941541194915771,0.37959980964660645,0.10418196767568588,0.5548484325408936,0.3711232542991638,0.23098212480545044,0.6016356945037842,0.38007599115371704,0.13938604295253754,0.5739031434059143,0.3962016701698303,0.2832288444042206,0.5459693670272827,0.3683210015296936,0.08497915416955948,0.3851194679737091,0.37340033054351807,0.015566262416541576,0.4519636631011963,0.36012256145477295,-0.046119775623083115,0.46082958579063416,0.3627856969833374,-0.021227585151791573,0.43401414155960083,0.3531973958015442,-0.06691500544548035,0.2997782230377197,0.3651033639907837,0.08837568014860153,0.301180899143219,0.35511744022369385,0.11097505688667297,0.30551987886428833,0.34894052147865295,0.13582859933376312,0.3100278377532959,0.34667885303497314,0.16475842893123627,0.31475910544395447,0.3513442575931549,0.19034408032894135,0.33322325348854065,0.37375539541244507,0.22387157380580902,0.42672300338745117,0.3673556447029114,0.3536897599697113,0.36102548241615295,0.3741360306739807,0.18775273859500885,0.3666488826274872,0.37309497594833374,0.15641756355762482,0.3611592650413513,0.3754473328590393,0.1268552988767624,0.35114961862564087,0.3790966868400574,0.10453296452760696,0.34334856271743774,0.38056614995002747,0.08573291450738907,0.33635494112968445,0.38114306330680847,0.07510413229465485,0.41872623562812805,0.41668713092803955,0.4453248083591461,0.46527963876724243,0.37017491459846497,-0.013488564640283585,0.38870906829833984,0.3653498888015747,-0.027276841923594475,0.44790148735046387,0.3590012788772583,-0.07713230699300766,0.45474788546562195,0.37609541416168213,-0.08292217552661896,0.4517154395580292,0.36690837144851685,-0.0676058754324913,0.4689103066921234,0.37934809923171997,-0.015954386442899704,0.4559059739112854,0.3753966689109802,-0.09137400984764099,0.4593341052532196,0.387861430644989,-0.07187097519636154,0.31913259625434875,0.379058837890625,0.09429442137479782,0.3245429992675781,0.3806914687156677,0.06618595868349075,0.33203616738319397,0.37745141983032227,0.0417725071310997,0.3286532759666443,0.3599559962749481,0.1862225979566574,0.3220702111721039,0.36065608263015747,0.19570811092853546,0.2476617693901062,0.4932411313056946,-0.05728951469063759,0.2581382989883423,0.4733833968639374,-0.05728951469063759,0.22989825904369354,0.48953351378440857,-0.05728951469063759,0.23652398586273193,0.5129089951515198,-0.05728951469063759,0.26452621817588806,0.4966627359390259,-0.05728951469063759,0.32908400893211365,0.3584529757499695,0.14672550559043884,0.3353395164012909,0.3519653081893921,0.14672550559043884,0.3147578537464142,0.35349178314208984,0.14672550559043884,0.3227485716342926,0.3650941848754883,0.14672550559043884,0.3432580530643463,0.36342576146125793,0.14672550559043884,0,0,0,0,0,1,1,1,0,0,0,0,0.07921784371137619,0.06341791898012161,0.05515141040086746,0.08033495396375656,0.024695152416825294,0.048814233392477036,0.15072518587112427,0.09357496351003647,0.1001937985420227,0.20542100071907043,0.933391809463501,0.3268504738807678,Sadness,-11.86865234375,-23.149677276611328
281,9.366666666666667,34.90190250978267,-12.299740467697015,1.0589214487732197,0.5227043628692627,0.4280063807964325,-0.08836307376623154,0.45587480068206787,0.3612041771411896,-0.11042439192533493,0.4733580946922302,0.4011174440383911,-0.07419779896736145,0.37735703587532043,0.38011059165000916,-0.0794530063867569,0.4352039098739624,0.35400909185409546,-0.11017841845750809,0.4086611270904541,0.35806751251220703,-0.0931764543056488,0.33607158064842224,0.3790174722671509,-0.015686534345149994,0.23418767750263214,0.5223752856254578,-0.07209989428520203,0.291098028421402,0.3768221437931061,0.01790955290198326,0.2668275833129883,0.36825326085090637,0.027327092364430428,0.17907235026359558,0.35939717292785645,0.08340124785900116,0.5298259258270264,0.43008121848106384,-0.08868283033370972,0.535940945148468,0.43380284309387207,-0.08526292443275452,0.5386359095573425,0.43748533725738525,-0.07966014742851257,0.6147898435592651,0.4581192135810852,-0.07018490880727768,0.6262502074241638,0.4607486128807068,-0.07645472139120102,0.6376491189002991,0.4644017815589905,-0.08382803201675415,0.6458197236061096,0.4684714674949646,-0.0843878909945488,0.6427973508834839,0.4598556458950043,-0.07583340257406235,0.46711641550064087,0.37484827637672424,-0.10431297868490219,0.45292651653289795,0.4030478596687317,-0.0943683609366417,0.09069788455963135,0.63193678855896,-0.030680594965815544,0.28920653462409973,0.47449272871017456,-0.048067718744277954,0.278428316116333,0.49182507395744324,-0.06532325595617294,0.26451146602630615,0.5102304816246033,-0.07664169371128082,0.23150712251663208,0.5356459021568298,-0.08147501200437546,0.29530268907546997,0.4595380425453186,-0.027121689170598984,0.21211513876914978,0.4782197177410126,-0.05987182632088661,0.22984156012535095,0.45958298444747925,-0.036027416586875916,0.19948187470436096,0.4997236430644989,-0.07338187098503113,0.19671685993671417,0.5174311399459839,-0.07845846563577652,0.2309003472328186,0.5571087598800659,-0.08849893510341644,0.6325709819793701,0.5489010810852051,-0.12684366106987,0.22208011150360107,0.5304595828056335,-0.07125803083181381,0.18142056465148926,0.6588611006736755,-0.05977146327495575,0.1945991963148117,0.5773158669471741,-0.08372419327497482,0.37276533246040344,0.49687960743904114,-0.10506835579872131,0.5006008744239807,0.4514941871166229,-0.10709104686975479,0.5189179182052612,0.45501047372817993,-0.10250373184680939,0.4901881814002991,0.47911202907562256,-0.12029831856489182,0.48638880252838135,0.49818965792655945,-0.12215179204940796,0.506983757019043,0.475445419549942,-0.11262146383523941,0.5003370046615601,0.4916132390499115,-0.11097259074449539,0.5314198732376099,0.5471125841140747,-0.11945829540491104,0.44622278213500977,0.37485241889953613,-0.1205173060297966,0.4253026247024536,0.3698607087135315,-0.1220489963889122,0.15072651207447052,0.538416862487793,-0.0925791785120964,0.34299129247665405,0.451084703207016,-0.056095026433467865,0.41135668754577637,0.44461774826049805,-0.11410261690616608,0.39737793803215027,0.44837063550949097,-0.10658635944128036,0.3331885039806366,0.5609039664268494,-0.13905595242977142,0.40086984634399414,0.3733331561088562,-0.1058724969625473,0.16798493266105652,0.477611243724823,-0.06895504891872406,0.1526411920785904,0.5096004605293274,-0.08517076075077057,0.07288950681686401,0.5781532526016235,-0.03207676112651825,0.2473575472831726,0.40568017959594727,-0.012481123208999634,0.25068557262420654,0.4469204246997833,-0.016054213047027588,0.4946818947792053,0.5526704788208008,-0.1272619366645813,0.43069279193878174,0.7449195384979248,-0.08002472668886185,0.43162280321121216,0.4380776882171631,-0.09637997299432755,0.44704535603523254,0.4267558455467224,-0.08412003517150879,0.4933798015117645,0.5230585336685181,-0.11431602388620377,0.49948036670684814,0.5178453922271729,-0.10807396471500397,0.12953928112983704,0.5173137187957764,-0.07863852381706238,0.4192196726799011,0.4570034146308899,-0.10656394064426422,0.19665570557117462,0.44381803274154663,-0.04343027621507645,0.1791018843650818,0.4402741491794586,-0.04244260862469673,0.10065682232379913,0.4555855095386505,-0.005551465786993504,0.10399556159973145,0.5419760942459106,-0.053415071219205856,0.13935703039169312,0.43917369842529297,-0.01825627312064171,0.12837480008602142,0.5515100359916687,-0.08325464278459549,0.11550851166248322,0.5899655818939209,-0.05151308327913284,0.510532021522522,0.4534260630607605,-0.10734143853187561,0.49872902035713196,0.47734326124191284,-0.11770112067461014,0.4932688772678375,0.4952165484428406,-0.11775640398263931,0.4383111298084259,0.4387115240097046,-0.08795259892940521,0.4967363774776459,0.520374596118927,-0.11006725579500198,0.5183960199356079,0.520514965057373,-0.11014556884765625,0.5017808675765991,0.5155320763587952,-0.10677193105220795,0.4321216940879822,0.4114276170730591,-0.11627383530139923,0.504673957824707,0.48888489603996277,-0.10716167092323303,0.5116970539093018,0.47363215684890747,-0.1054680198431015,0.5236708521842957,0.4559381306171417,-0.09782031178474426,0.6238807439804077,0.4869425594806671,-0.0952165350317955,0.6176608800888062,0.4975181221961975,-0.1044684499502182,0.6110414266586304,0.49156513810157776,-0.10394664108753204,0.6014827489852905,0.48457714915275574,-0.09604372084140778,0.5930421352386475,0.4786432385444641,-0.08891114592552185,0.5448676347732544,0.5033783316612244,-0.1002582386136055,0.544207751750946,0.5097675919532776,-0.10529454052448273,0.5437777638435364,0.5176804661750793,-0.1117563545703888,0.5436133146286011,0.5241256356239319,-0.1144772469997406,0.46254536509513855,0.5041332840919495,-0.12122470885515213,0.28762316703796387,0.7415220737457275,-0.03539523482322693,0.47044622898101807,0.3886142373085022,-0.08369287103414536,0.5245001316070557,0.5096769332885742,-0.10272679477930069,0.5214215517044067,0.5150263905525208,-0.1067252829670906,0.45980873703956604,0.4240477383136749,-0.08896052837371826,0.4352383613586426,0.46222707629203796,-0.0879390761256218,0.45406845211982727,0.4250764846801758,-0.08633735030889511,0.3424440026283264,0.47366365790367126,-0.07481671869754791,0.33650627732276917,0.5042643547058105,-0.10283870249986649,0.4041852355003357,0.4603588283061981,-0.10132062435150146,0.07478615641593933,0.5191405415534973,-0.02582872100174427,0.11087357997894287,0.49224042892456055,-0.041546449065208435,0.14688856899738312,0.4795086085796356,-0.06379321217536926,0.5621212720870972,0.5338075160980225,-0.11834653466939926,0.21999117732048035,0.3992266356945038,-0.012073253281414509,0.1737806648015976,0.3978261947631836,0.014526802115142345,0.13575349748134613,0.4048933982849121,0.03231314942240715,0.24725425243377686,0.5268763303756714,-0.08209075033664703,0.2276735156774521,0.5843806862831116,-0.10093506425619125,0.29654601216316223,0.4492216408252716,-0.014950920827686787,0.18747276067733765,0.5436227917671204,-0.08550409227609634,0.3385745882987976,0.4322755038738251,-0.0471995584666729,0.41147035360336304,0.419099897146225,-0.11919879913330078,0.24313542246818542,0.624670684337616,-0.11096030473709106,0.25511252880096436,0.5719038844108582,-0.11356814205646515,0.28402063250541687,0.5458260178565979,-0.10899997502565384,0.30808377265930176,0.5072834491729736,-0.08477754890918732,0.31875404715538025,0.4794427752494812,-0.05986317992210388,0.32431089878082275,0.4578946530818939,-0.04134330153465271,0.3293117880821228,0.3958054780960083,-0.029130062088370323,0.29481515288352966,0.6327749490737915,-0.13291695713996887,0.169395312666893,0.5601564049720764,-0.0890502780675888,0.46052131056785583,0.3820807933807373,-0.1127026155591011,0.3660043478012085,0.44951435923576355,-0.07065638899803162,0.1733664721250534,0.7078754901885986,-0.015944456681609154,0.32579776644706726,0.4396531879901886,-0.026209617033600807,0.40346062183380127,0.4715343117713928,-0.08321128040552139,0.21195626258850098,0.5397721529006958,-0.07649233937263489,0.3962310254573822,0.4239403307437897,-0.1083548367023468,0.3542938530445099,0.750091552734375,-0.05428890883922577,0.2890954911708832,0.4487517774105072,-0.008200429379940033,0.3963928818702698,0.3958548903465271,-0.1110759750008583,0.5264898538589478,0.6564302444458008,-0.13217699527740479,0.5573341846466064,0.6896986961364746,-0.11948549002408981,0.2869497835636139,0.6929475665092468,-0.08780562877655029,0.4738963842391968,0.684629499912262,-0.1299556940793991,0.14251330494880676,0.6259595155715942,-0.04995293542742729,0.6623004674911499,0.5663661360740662,-0.13237082958221436,0.4644632935523987,0.39455145597457886,-0.08822088688611984,0.3703188896179199,0.4726296365261078,-0.08279208838939667,0.18125344812870026,0.6002785563468933,-0.0831107348203659,0.2557445466518402,0.5018317699432373,-0.06809481978416443,0.26847290992736816,0.48660922050476074,-0.05901293829083443,0.5151588916778564,0.5256325006484985,-0.1131899282336235,0.34589001536369324,0.6486334204673767,-0.1372928023338318,0.7211817502975464,0.5392167568206787,-0.11653498560190201,0.6528275012969971,0.6151788830757141,-0.12491409480571747,0.61268150806427,0.6502156257629395,-0.12311377376317978,0.2136073112487793,0.3596094846725464,0.05852047726511955,0.7441310286521912,0.49886390566825867,-0.08346149325370789,0.27715325355529785,0.47346657514572144,-0.043637242168188095,0.2835918962955475,0.46101588010787964,-0.027804840356111526,0.2875532805919647,0.452849805355072,-0.014760366640985012,0.14927752315998077,0.5783613324165344,-0.08130741864442825,0.2694748342037201,0.4580767750740051,-0.023821739479899406,0.2548145055770874,0.470963716506958,-0.038511309772729874,0.24286715686321259,0.48566001653671265,-0.053095974028110504,0.23236656188964844,0.502734899520874,-0.06507929414510727,0.22709745168685913,0.5151652097702026,-0.06965745985507965,0.12189465761184692,0.6728343963623047,-0.02007766254246235,0.24466004967689514,0.5132868885993958,-0.07179056853055954,0.48810362815856934,0.40429162979125977,-0.07472924888134003,0.45937594771385193,0.47903814911842346,-0.11283622682094574,0.42868274450302124,0.4320107400417328,-0.09917338192462921,0.47465386986732483,0.42996636033058167,-0.09643203765153885,0.31191349029541016,0.3833213150501251,0.009121610783040524,0.5774309039115906,0.6286771893501282,-0.12902376055717468,0.6203048229217529,0.6005813479423523,-0.12950873374938965,0.698151707649231,0.5258024334907532,-0.12356434762477875,0.5003237128257751,0.7214270830154419,-0.10420985519886017,0.28251349925994873,0.45137158036231995,-0.014498657546937466,0.3559373915195465,0.406599760055542,-0.05916818603873253,0.7228808403015137,0.4854205250740051,-0.0918876975774765,0.6896147131919861,0.5779716968536377,-0.12871524691581726,0.34693092107772827,0.7046005725860596,-0.10083424299955368,0.569169819355011,0.4931301474571228,-0.0973973274230957,0.572306215763092,0.5003849267959595,-0.10396809130907059,0.5767515897750854,0.5089715719223022,-0.11135664582252502,0.581349790096283,0.5163335800170898,-0.11368238925933838,0.5940103530883789,0.514100193977356,-0.11382856965065002,0.49771949648857117,0.5058063268661499,-0.1104494109749794,0.4920198321342468,0.509790301322937,-0.11587944626808167,0.48626604676246643,0.5129485726356506,-0.11994906514883041,0.474229633808136,0.5295941829681396,-0.1267649233341217,0.37504589557647705,0.6045183539390564,-0.14784982800483704,0.33278095722198486,0.4129909873008728,-0.0356723815202713,0.2836865186691284,0.42620036005973816,0.006648689974099398,0.27768826484680176,0.4398200511932373,-0.004504107404500246,0.5014443397521973,0.5025870203971863,-0.1075424924492836,0.43715900182724,0.6416977047920227,-0.1403605192899704,0.2977599799633026,0.4054194390773773,-0.0025354870595037937,0.6099616885185242,0.533135175704956,-0.11775504052639008,0.3840838670730591,0.36583375930786133,-0.06624087691307068,0.354428231716156,0.38822662830352783,-0.05244118347764015,0.3609125018119812,0.3726411461830139,-0.03909245878458023,0.3800828158855438,0.42490506172180176,-0.08066556602716446,0.693384051322937,0.4737716615200043,-0.092060886323452,0.6636778116226196,0.4670485258102417,-0.08297326415777206,0.6430200338363647,0.49908503890037537,-0.10474560409784317,0.5315192341804504,0.5708251595497131,-0.1261442005634308,0.4106655716896057,0.4930753707885742,-0.09829666465520859,0.5733269453048706,0.5572056174278259,-0.12266054004430771,0.3810458481311798,0.5344249606132507,-0.1318400353193283,0.42321017384529114,0.5152690410614014,-0.11875583231449127,0.40972602367401123,0.5703177452087402,-0.14212173223495483,0.669507622718811,0.5109773874282837,-0.12073038518428802,0.3831600844860077,0.4477088153362274,-0.08290432393550873,0.5459996461868286,0.6004419922828674,-0.1320858597755432,0.591619610786438,0.5774177312850952,-0.12686768174171448,0.4878009557723999,0.5750482082366943,-0.13697844743728638,0.3930990397930145,0.6612401604652405,-0.13672585785388947,0.481245756149292,0.6127949953079224,-0.14108788967132568,0.4087311625480652,0.7051278352737427,-0.11644304543733597,0.4453481435775757,0.5434736013412476,-0.1321176439523697,0.3607071340084076,0.4280426502227783,-0.06491242349147797,0.4253934621810913,0.41420114040374756,-0.12135405093431473,0.4223783612251282,0.4393598437309265,-0.1103459969162941,0.41737574338912964,0.39276108145713806,-0.12420621514320374,0.2522679567337036,0.4310111999511719,-0.00798842404037714,0.21809157729148865,0.4529566764831543,-0.036150481551885605,0.1957036405801773,0.4769206941127777,-0.06207585334777832,0.1816820502281189,0.5022817254066467,-0.0801616832613945,0.17805692553520203,0.5250633955001831,-0.08690717071294785,0.204728364944458,0.5564084649085999,-0.08074423670768738,0.23179611563682556,0.6782750487327576,-0.07814352959394455,0.24927759170532227,0.547073483467102,-0.0918431356549263,0.27191251516342163,0.5271325707435608,-0.0863121747970581,0.2906496524810791,0.5009045600891113,-0.07204943150281906,0.3029576539993286,0.47685375809669495,-0.05038474500179291,0.30909258127212524,0.4583849012851715,-0.029131771996617317,0.31199580430984497,0.44467273354530334,-0.016229532659053802,0.2291606366634369,0.7276170253753662,-0.020632846280932426,0.42772552371025085,0.4475640654563904,-0.10210014879703522,0.3770740330219269,0.4001208543777466,-0.0826718732714653,0.4354141354560852,0.39090412855148315,-0.12304466962814331,0.4503629207611084,0.394180566072464,-0.10920830070972443,0.4384831488132477,0.398676335811615,-0.11547785997390747,0.4365769624710083,0.450337290763855,-0.0915403813123703,0.45507925748825073,0.3884342312812805,-0.1123201847076416,0.4594477415084839,0.39978691935539246,-0.09124517440795898,0.2945125102996826,0.441049188375473,-0.0017475776840001345,0.30780914425849915,0.4313645660877228,-0.002050940878689289,0.3186929225921631,0.42321306467056274,-0.012146810069680214,0.22433283925056458,0.5234161019325256,-0.07157140970230103,0.19914725422859192,0.5325404405593872,-0.07921619713306427,0.3947733938694,0.3581954836845398,-0.04196837171912193,0.3841438889503479,0.35767704248428345,0.19662581384181976,0.47396495938301086,0.3787376880645752,-0.06610546261072159,0.3331674337387085,0.3511137068271637,0.3979095220565796,0.3801307678222656,0.37621426582336426,0.12581615149974823,0.3874264061450958,0.3719436526298523,0.1435004621744156,0.3922508955001831,0.3675083518028259,0.16383101046085358,0.3866117298603058,0.36461374163627625,0.20257066190242767,0.3727932572364807,0.3776640295982361,0.11041224747896194,0.35652729868888855,0.348019003868103,0.15550151467323303,0.35133737325668335,0.3546963036060333,0.1344972848892212,0.3621011972427368,0.3447985053062439,0.1758630871772766,0.3682098090648651,0.34626510739326477,0.1917024701833725,0.39593076705932617,0.3684985637664795,0.21708866953849792,0.6937023401260376,0.4361764192581177,8.410783630097285e-05,0.38147249817848206,0.35713011026382446,0.20976677536964417,0.4162971079349518,0.3661367893218994,0.3624207377433777,0.38300013542175293,0.36527541279792786,0.260013222694397,0.47790950536727905,0.36114466190338135,0.07054700702428818,0.5351063013076782,0.40492117404937744,-0.0623001791536808,0.548551619052887,0.4151771068572998,-0.061073992401361465,0.5537090301513672,0.3883019685745239,-0.027339842170476913,0.570229172706604,0.3810698986053467,0.0062330435030162334,0.5601764917373657,0.40201738476753235,-0.03180979937314987,0.5709154009819031,0.3940722346305847,-0.0028242627158761024,0.6290848255157471,0.400415301322937,0.045598480850458145,0.46334296464920044,0.35393112897872925,-0.09633177518844604,0.44463974237442017,0.3459600806236267,-0.09332212060689926,0.3553907573223114,0.33352169394493103,0.22821667790412903,0.40638595819473267,0.37149423360824585,0.05815577879548073,0.47692105174064636,0.35451680421829224,-0.006737574469298124,0.46485719084739685,0.3560970425605774,0.004060137085616589,0.49888086318969727,0.34892135858535767,0.15153056383132935,0.41906192898750305,0.35011547803878784,-0.06914375722408295,0.340701699256897,0.32592344284057617,0.15504446625709534,0.3484340310096741,0.32609009742736816,0.1949128359556198,0.3019478917121887,0.3301329016685486,0.35117989778518677,0.32923808693885803,0.3491326570510864,0.06163880228996277,0.3492128551006317,0.36291104555130005,0.1229219138622284,0.6092910766601562,0.38836753368377686,0.07219068706035614,0.6228034496307373,0.44972866773605347,0.3248941898345947,0.48148608207702637,0.36944979429244995,-0.017215784639120102,0.47998103499412537,0.3817023038864136,-0.04470269754528999,0.5981312394142151,0.3802392780780792,0.058218393474817276,0.5951968431472778,0.3863062858581543,0.04313330352306366,0.3374101221561432,0.32120242714881897,0.21901951730251312,0.4853140115737915,0.3635568916797638,-0.000974790018517524,0.3336736857891083,0.33212798833847046,0.10987796634435654,0.32105782628059387,0.32372426986694336,0.11573570966720581,0.2408563494682312,0.3200061321258545,0.21341799199581146,0.3129650950431824,0.3181106150150299,0.2754881978034973,0.2621658742427826,0.3202524781227112,0.16449177265167236,0.3451193571090698,0.33206239342689514,0.2609260678291321,0.3420860469341278,0.3328932225704193,0.32211846113204956,0.5434653759002686,0.4089668393135071,-0.0629379004240036,0.5583620071411133,0.39449751377105713,-0.03017517738044262,0.5715397000312805,0.38657689094543457,-0.0006961511680856347,0.4822661876678467,0.37619537115097046,-0.022830190137028694,0.5969946384429932,0.3833346962928772,0.04923064261674881,0.6144610643386841,0.3893639147281647,0.024006731808185577,0.5936813354492188,0.38891059160232544,0.040023136883974075,0.4723728895187378,0.36075732111930847,-0.04330073297023773,0.5680883526802063,0.4002634882926941,-0.004409790504723787,0.558841347694397,0.4085610806941986,-0.02919682487845421,0.5494745969772339,0.4210011661052704,-0.05516057088971138,0.6520768404006958,0.4405116140842438,-0.053320564329624176,0.6595065593719482,0.43930143117904663,-0.0588751919567585,0.6505618095397949,0.4372512698173523,-0.056985002011060715,0.6372640132904053,0.43670853972435,-0.0490693598985672,0.6245251297950745,0.43745142221450806,-0.044509533792734146,0.6155426502227783,0.40907829999923706,0.002903963904827833,0.6222822666168213,0.4045240879058838,-0.0021530420053750277,0.6308664083480835,0.39924609661102295,-0.0046127475798130035,0.6375950574874878,0.39553236961364746,0.001304111909121275,0.5539555549621582,0.3740079402923584,0.027527233585715294,0.5119032859802246,0.434113085269928,0.41746360063552856,0.6057442426681519,0.39954590797424316,0.02541169710457325,0.6104069948196411,0.3942662477493286,0.022139888256788254,0.48589739203453064,0.3877068758010864,-0.049999892711639404,0.49422895908355713,0.3765954375267029,-0.0033120475709438324,0.4832332730293274,0.3846709728240967,-0.04802481457591057,0.4272007942199707,0.36700451374053955,0.07786672562360764,0.4548211097717285,0.3564479947090149,0.10397142171859741,0.4749505817890167,0.3619920611381531,0.013325066305696964,0.2711225152015686,0.318919837474823,0.2862464189529419,0.28661656379699707,0.3149961233139038,0.22337323427200317,0.32841476798057556,0.3181714415550232,0.17271950840950012,0.6406488418579102,0.4099445939064026,0.01774085871875286,0.3112795948982239,0.33521389961242676,0.06889238953590393,0.24034252762794495,0.33523890376091003,0.11011523008346558,0.2125953882932663,0.3323834538459778,0.14268939197063446,0.39169377088546753,0.3656961917877197,0.1853434443473816,0.4055216312408447,0.37455135583877563,0.23915188014507294,0.36710304021835327,0.37828508019447327,0.10765174776315689,0.370267391204834,0.3505581319332123,0.22504308819770813,0.3868386149406433,0.3722463548183441,0.043961260467767715,0.4647969901561737,0.3498186767101288,-0.03256931155920029,0.46121323108673096,0.3497251272201538,0.2758025825023651,0.4217948317527771,0.37297627329826355,0.20641320943832397,0.42976129055023193,0.37230920791625977,0.16253288090229034,0.4200316071510315,0.37675830721855164,0.12311293184757233,0.40522921085357666,0.38119375705718994,0.09825502336025238,0.3934033513069153,0.38187846541404724,0.07697011530399323,0.34982070326805115,0.37146294116973877,0.00967916939407587,0.507622241973877,0.35519900918006897,0.2533813714981079,0.36677709221839905,0.3487597405910492,0.24975959956645966,0.4711412787437439,0.3697930872440338,-0.09340416640043259,0.42759615182876587,0.369493693113327,0.0396529845893383,0.4091479480266571,0.4041403830051422,0.4491187334060669,0.3818403482437134,0.3808806240558624,0.06627979129552841,0.4764365553855896,0.3694609999656677,0.03207338973879814,0.37957194447517395,0.35939374566078186,0.21890565752983093,0.4502127170562744,0.3526535630226135,-0.020364820957183838,0.5673393607139587,0.4424939751625061,0.3785429894924164,0.3622485399246216,0.3768599033355713,0.11987453699111938,0.43273377418518066,0.34946346282958984,-0.046678945422172546,0.6693847179412842,0.4170553684234619,0.1561880260705948,0.6941518187522888,0.4463992118835449,0.18749265372753143,0.5158224105834961,0.3852739930152893,0.3340834379196167,0.6456152200698853,0.41354531049728394,0.20959316194057465,0.37462854385375977,0.35063982009887695,0.35077616572380066,0.7226989269256592,0.44450339674949646,0.005124120973050594,0.47346460819244385,0.38454335927963257,-0.07657928019762039,0.45092055201530457,0.36771637201309204,0.05356452614068985,0.38170403242111206,0.37168216705322266,0.2954728603363037,0.3847804367542267,0.36102479696273804,0.16827471554279327,0.380788117647171,0.3652060031890869,0.15027868747711182,0.6177867650985718,0.38532543182373047,0.031033113598823547,0.5517914295196533,0.36699748039245605,0.2351038008928299,0.7519466876983643,0.4713451564311981,-0.03609795495867729,0.7325555086135864,0.45116376876831055,0.07320132106542587,0.7172414064407349,0.44769489765167236,0.12619416415691376,0.3743737041950226,0.36929792165756226,0.13511255383491516,0.36767578125,0.37248867750167847,0.12612749636173248,0.36426499485969543,0.37531766295433044,0.12322696298360825,0.3588535785675049,0.3512229919433594,0.2844361662864685,0.36333969235420227,0.3671121299266815,0.1323070079088211,0.36670631170272827,0.36093592643737793,0.14253833889961243,0.3708135783672333,0.3556390702724457,0.1575116366147995,0.3756106197834015,0.35242295265197754,0.17463821172714233,0.3792341947555542,0.3529726564884186,0.1873253881931305,0.3657186031341553,0.3751617670059204,0.43323591351509094,0.3851330280303955,0.3585033118724823,0.1845800131559372,0.5305155515670776,0.3751071095466614,-4.485558747546747e-05,0.47925513982772827,0.36430755257606506,-0.023789547383785248,0.5042740106582642,0.3880807161331177,-0.050295401364564896,0.6917822957038879,0.42478078603744507,0.10413293540477753,0.7058418989181519,0.43602389097213745,0.0545259527862072,0.731156587600708,0.45943453907966614,-0.04852459579706192,0.6650711297988892,0.44978803396224976,0.2571949064731598,0.36246058344841003,0.3727149963378906,0.12553445994853973,0.39009836316108704,0.3642233610153198,0.0022963564842939377,0.7455862164497375,0.45736050605773926,0.018448885530233383,0.5649999976158142,0.3970416188240051,0.3033103346824646,0.623602032661438,0.42152756452560425,-0.01966218091547489,0.6339772939682007,0.41798144578933716,-0.023173484951257706,0.6454850435256958,0.41500094532966614,-0.026731275022029877,0.655428946018219,0.41388046741485596,-0.02459660917520523,0.6496826410293579,0.42280083894729614,-0.014434869401156902,0.5821718573570251,0.38903725147247314,0.023427017033100128,0.584269642829895,0.38288992643356323,0.030874846503138542,0.5842898488044739,0.3776703476905823,0.03701678290963173,0.5816665887832642,0.3783509135246277,0.057862162590026855,0.5523682832717896,0.3631398677825928,0.1666143536567688,0.3666194975376129,0.37237584590911865,0.027900435030460358,0.34704530239105225,0.3723825216293335,0.08742096275091171,0.3525281846523285,0.3726790249347687,0.11343047767877579,0.5790826082229614,0.3938421905040741,0.021089233458042145,0.6107169389724731,0.3849595785140991,0.17929746210575104,0.34530624747276306,0.36960655450820923,0.04528428614139557,0.6671308279037476,0.4323154091835022,-0.007564106024801731,0.37338390946388245,0.3644951283931732,-0.01934877410531044,0.4293825030326843,0.3615477383136749,6.490960367955267e-05,0.6716615557670593,0.4474855661392212,-0.051864683628082275,0.6398055553436279,0.40201336145401,0.06486895680427551,0.5006104111671448,0.3693438172340393,0.045926034450531006,0.6572739481925964,0.417260080575943,0.0291549451649189,0.516801655292511,0.3571668267250061,0.093996562063694,0.5314129590988159,0.3679623603820801,0.06091401353478432,0.5597362518310547,0.36484044790267944,0.11581891030073166,0.702081561088562,0.45066046714782715,-0.05078182369470596,0.44514065980911255,0.3652558922767639,0.018839679658412933,0.6625978350639343,0.4078262150287628,0.08784160763025284,0.678153395652771,0.4243941903114319,0.04306953772902489,0.6159195899963379,0.3876864016056061,0.09350130707025528,0.589557945728302,0.3792669177055359,0.2204160988330841,0.627548336982727,0.3893498182296753,0.12676361203193665,0.6088377237319946,0.4077111780643463,0.26764270663261414,0.569003701210022,0.37271037697792053,0.07971954345703125,0.4084426760673523,0.3672979772090912,0.02245556004345417,0.4718470573425293,0.3545471727848053,-0.04229182377457619,0.48150816559791565,0.3585050702095032,-0.019802995026111603,0.45419710874557495,0.34610503911972046,-0.061185576021671295,0.34052959084510803,0.3598891794681549,0.1033853217959404,0.3437331020832062,0.3470255136489868,0.12755076587200165,0.34985241293907166,0.33917200565338135,0.1525242179632187,0.35650476813316345,0.3359115421772003,0.18064400553703308,0.36302846670150757,0.3398098051548004,0.20502793788909912,0.3811134994029999,0.3628242015838623,0.23404771089553833,0.4665893316268921,0.37457603216171265,0.3545374274253845,0.40495237708091736,0.36865246295928955,0.19567930698394775,0.40819984674453735,0.3703426122665405,0.16445711255073547,0.4021150469779968,0.37479522824287415,0.13500958681106567,0.39116641879081726,0.37940770387649536,0.11278168112039566,0.3815745711326599,0.38121017813682556,0.094548799097538,0.373598575592041,0.3814670741558075,0.08445040136575699,0.4579934775829315,0.42360860109329224,0.44370216131210327,0.4855489134788513,0.3662489056587219,-0.013082114979624748,0.41081100702285767,0.35768163204193115,-0.01930675096809864,0.4668266177177429,0.3519555330276489,-0.07261579483747482,0.4718446731567383,0.36953994631767273,-0.08014342933893204,0.4703563451766968,0.3604978322982788,-0.06399742513895035,0.48841002583503723,0.3754582405090332,-0.016697794198989868,0.47256433963775635,0.3684833347797394,-0.08847534656524658,0.47508493065834045,0.3814948797225952,-0.07133179903030396,0.3604840636253357,0.37832558155059814,0.1049862802028656,0.3620052635669708,0.38037437200546265,0.07699953019618988,0.3664465844631195,0.37814265489578247,0.052929773926734924,0.3807928264141083,0.35451698303222656,0.19780594110488892,0.37285512685775757,0.3512096405029297,0.20766298472881317,0.25642791390419006,0.46358823776245117,-0.0483059361577034,0.26600146293640137,0.44872814416885376,-0.0483059361577034,0.24095198512077332,0.46010833978652954,-0.0483059361577034,0.24617049098014832,0.47899502515792847,-0.0483059361577034,0.2717103362083435,0.46749383211135864,-0.0483059361577034,0.3657478392124176,0.3568769097328186,0.15822052955627441,0.37251153588294983,0.3513062000274658,0.15822052955627441,0.3529072403907776,0.35045284032821655,0.15822052955627441,0.3585898280143738,0.3625791072845459,0.15822052955627441,0.37815558910369873,0.3633447289466858,0.15822052955627441,0,0,0,0,0,0,1,0,0,0,0,0,0.10369627177715302,0.06334397941827774,0.101063072681427,0.07056862860918045,0.020064640790224075,0.052960049360990524,0.05614878609776497,0.07197724282741547,0.08262790739536285,0.1442684382200241,0.6939975023269653,0.24550898373126984,Sadness,-14.501049041748047,-13.536541938781738
282,9.4,35.05381606131339,-8.12757206248888,1.116209329279141,0.5266587734222412,0.4291905164718628,-0.08429841697216034,0.4631131887435913,0.3567115068435669,-0.11050060391426086,0.4754639267921448,0.398181676864624,-0.07184520363807678,0.3817954659461975,0.3719736933708191,-0.08294136822223663,0.4430345594882965,0.34846335649490356,-0.11135130375623703,0.41536134481430054,0.3510945439338684,-0.09573619812726974,0.3372015953063965,0.3684609830379486,-0.021808158606290817,0.223914235830307,0.5064219236373901,-0.0775163546204567,0.2900162935256958,0.3641611933708191,0.009186341427266598,0.2667144238948822,0.3546278476715088,0.016840860247612,0.1788768470287323,0.34345299005508423,0.06713354587554932,0.5335614681243896,0.4307560920715332,-0.08403993397951126,0.5390185117721558,0.43399888277053833,-0.07992937415838242,0.5412341952323914,0.43716728687286377,-0.07339179515838623,0.6179842948913574,0.4573899507522583,-0.06318805366754532,0.6287313103675842,0.4592439532279968,-0.06843912601470947,0.6392710208892822,0.4622041881084442,-0.07495708018541336,0.6465407013893127,0.4655945599079132,-0.07442747056484222,0.6379453539848328,0.463459849357605,-0.06368812173604965,0.472594678401947,0.37086689472198486,-0.10372374206781387,0.4564222991466522,0.3989907205104828,-0.09301792085170746,0.07584384083747864,0.6113569736480713,-0.04359125345945358,0.27892982959747314,0.46143341064453125,-0.053102314472198486,0.26888999342918396,0.47760364413261414,-0.07006289064884186,0.25585752725601196,0.49561792612075806,-0.08121722936630249,0.22084631025791168,0.5206263661384583,-0.08642855286598206,0.28528934717178345,0.447373628616333,-0.03239912539720535,0.2060680389404297,0.46404731273651123,-0.06669285893440247,0.22357836365699768,0.4461670517921448,-0.043175600469112396,0.19294601678848267,0.4853082597255707,-0.07985789328813553,0.1890294849872589,0.5030627250671387,-0.0846797525882721,0.22144149243831635,0.5436311364173889,-0.09306735545396805,0.6194806098937988,0.5503234267234802,-0.1119367852807045,0.2107425481081009,0.5147120356559753,-0.07696818560361862,0.1639561504125595,0.642636775970459,-0.06466347724199295,0.1841876059770584,0.5647174119949341,-0.08901990950107574,0.37008243799209595,0.4895581603050232,-0.1043621301651001,0.5057924389839172,0.45044052600860596,-0.10272393375635147,0.523858904838562,0.4528534710407257,-0.0968857929110527,0.4964361786842346,0.47568002343177795,-0.11526887863874435,0.4943137466907501,0.4930901825428009,-0.11675714701414108,0.5138039588928223,0.47137176990509033,-0.10689588636159897,0.5089799165725708,0.4860003888607025,-0.1050148755311966,0.5259905457496643,0.5450398921966553,-0.1107163205742836,0.4528979957103729,0.37022992968559265,-0.12050676345825195,0.43243443965911865,0.3642558455467224,-0.12317501753568649,0.14748704433441162,0.521746039390564,-0.10064235329627991,0.3409775197505951,0.4419083297252655,-0.059060655534267426,0.41327977180480957,0.438457727432251,-0.11339068412780762,0.39857226610183716,0.44194602966308594,-0.1063668355345726,0.3272334933280945,0.5517946481704712,-0.13861419260501862,0.40690773725509644,0.3663844168186188,-0.10824059695005417,0.16749213635921478,0.46026501059532166,-0.07855483889579773,0.15137101709842682,0.49219992756843567,-0.09422114491462708,0.0634685754776001,0.5574814677238464,-0.046877965331077576,0.2435036599636078,0.38957422971725464,-0.021474001929163933,0.2434917688369751,0.4343632459640503,-0.023042084649205208,0.48998117446899414,0.5489968657493591,-0.11995889991521835,0.40216192603111267,0.7358640432357788,-0.07336057722568512,0.43348047137260437,0.4325716197490692,-0.09494096040725708,0.44899240136146545,0.42229998111724854,-0.0821257159113884,0.5042083859443665,0.5156595706939697,-0.10744911432266235,0.5100811123847961,0.5105039477348328,-0.10142046958208084,0.12926574051380157,0.4996577799320221,-0.0884462520480156,0.4200423061847687,0.450977623462677,-0.10516492277383804,0.19477733969688416,0.42720890045166016,-0.05278405547142029,0.178696408867836,0.422914981842041,-0.05289047956466675,0.09956999123096466,0.43687188625335693,-0.02182028815150261,0.09931404888629913,0.5231753587722778,-0.06448551267385483,0.1410040259361267,0.42211097478866577,-0.03144508972764015,0.12514813244342804,0.5351446270942688,-0.09187483787536621,0.10571284592151642,0.5714500546455383,-0.06116238608956337,0.515734076499939,0.4517251253128052,-0.10244202613830566,0.5054819583892822,0.47346556186676025,-0.11233226209878922,0.5015020966529846,0.4897955656051636,-0.11205603182315826,0.4399321675300598,0.43345406651496887,-0.0863700732588768,0.5075423717498779,0.5129796266555786,-0.1032792180776596,0.5273653268814087,0.5124973058700562,-0.10264810919761658,0.5120491981506348,0.5082478523254395,-0.10004421323537827,0.43606317043304443,0.40615925192832947,-0.11591454595327377,0.5128906965255737,0.48318028450012207,-0.1007237657904625,0.5181514024734497,0.46943119168281555,-0.09893784672021866,0.528124988079071,0.45355936884880066,-0.09126311540603638,0.6187117099761963,0.48949673771858215,-0.08298493921756744,0.6191771030426025,0.49208518862724304,-0.09436943382024765,0.6134458780288696,0.48679402470588684,-0.09480796754360199,0.6050267219543457,0.4806908965110779,-0.08785673975944519,0.5976183414459229,0.4755336046218872,-0.08171690255403519,0.5522984862327576,0.4968567490577698,-0.09334462881088257,0.5512847900390625,0.5026548504829407,-0.09761486202478409,0.5504257678985596,0.5098980665206909,-0.10363347083330154,0.5497443675994873,0.5159879326820374,-0.10594894737005234,0.46094849705696106,0.49936920404434204,-0.11677535623311996,0.2598561942577362,0.72773677110672,-0.03636147081851959,0.47392818331718445,0.38506853580474854,-0.08207275718450546,0.5334182977676392,0.5025052428245544,-0.09594238549470901,0.5304445028305054,0.5073843002319336,-0.09947747737169266,0.46148714423179626,0.4204249978065491,-0.0863838791847229,0.43532052636146545,0.4566616117954254,-0.08573995530605316,0.45587748289108276,0.4210522174835205,-0.08408702164888382,0.33952412009239197,0.4646696150302887,-0.07679544389247894,0.3330473303794861,0.4954773187637329,-0.10387914627790451,0.4044368863105774,0.4540744423866272,-0.10043518990278244,0.07029962539672852,0.49904805421829224,-0.0416523739695549,0.1102810949087143,0.47386568784713745,-0.05374673381447792,0.14790642261505127,0.46160799264907837,-0.074315145611763,0.5563480854034424,0.533126950263977,-0.1083580031991005,0.21800056099891663,0.3822638690471649,-0.0227998998016119,0.17554871737957,0.38191473484039307,0.000921112485229969,0.13573260605335236,0.38754114508628845,0.0161221195012331,0.23763689398765564,0.5120948553085327,-0.08668021112680435,0.21851477026939392,0.5720857977867126,-0.10462171584367752,0.2867981493473053,0.4375540018081665,-0.020419349893927574,0.1793472021818161,0.5294229984283447,-0.09207495301961899,0.3374524712562561,0.4227527379989624,-0.05104413256049156,0.41528210043907166,0.41315633058547974,-0.11932513862848282,0.22999851405620575,0.6117494702339172,-0.11352492868900299,0.24766598641872406,0.558407187461853,-0.11628785729408264,0.27871066331863403,0.5313432216644287,-0.11148161441087723,0.3022809624671936,0.4923994839191437,-0.08753547072410583,0.3117794692516327,0.46542882919311523,-0.0632859393954277,0.3174332082271576,0.4447629749774933,-0.04526252672076225,0.3298856019973755,0.38539767265319824,-0.035018421709537506,0.28164929151535034,0.6215211153030396,-0.13266521692276,0.1618180125951767,0.546301543712616,-0.09572897106409073,0.46588608622550964,0.3779715895652771,-0.1120363101363182,0.3651348054409027,0.44140368700027466,-0.0722053050994873,0.149496927857399,0.6901103258132935,-0.02378770336508751,0.319802850484848,0.426688015460968,-0.030995657667517662,0.402437686920166,0.46518734097480774,-0.0822024717926979,0.20091262459754944,0.5247334241867065,-0.08227027952671051,0.39899131655693054,0.41751134395599365,-0.10906766355037689,0.325870543718338,0.7383266091346741,-0.05156860500574112,0.2790409028530121,0.43711057305336,-0.01411146204918623,0.4009089469909668,0.3891350328922272,-0.11273161321878433,0.5071788430213928,0.6516722440719604,-0.12027689814567566,0.5325759649276733,0.6853158473968506,-0.10665146261453629,0.26622146368026733,0.6802780032157898,-0.08664477616548538,0.45272096991539,0.6776626110076904,-0.11965013295412064,0.12854324281215668,0.608390748500824,-0.05740773677825928,0.6454774141311646,0.5680673122406006,-0.11564449220895767,0.46798765659332275,0.39090508222579956,-0.08657480031251907,0.3683556318283081,0.4649554491043091,-0.08319071680307388,0.16964831948280334,0.5892126560211182,-0.08816975355148315,0.24660225212574005,0.4862906038761139,-0.07331300526857376,0.2588377594947815,0.4719507694244385,-0.06420138478279114,0.5239800214767456,0.5175713896751404,-0.10545433312654495,0.3311834931373596,0.6383839249610901,-0.1337893307209015,0.703058123588562,0.5438178181648254,-0.09722662717103958,0.6319040060043335,0.6153772473335266,-0.10868968069553375,0.5902299880981445,0.6482633352279663,-0.10849671810865402,0.21473318338394165,0.34489142894744873,0.04481127858161926,0.7272686958312988,0.5053441524505615,-0.06345539540052414,0.26695236563682556,0.4598175585269928,-0.04899561405181885,0.27334317564964294,0.4483022391796112,-0.03340885043144226,0.27753785252571106,0.4406350255012512,-0.020550519227981567,0.1404985934495926,0.5654263496398926,-0.08828520774841309,0.2594994306564331,0.4454857110977173,-0.03021189011633396,0.24423417448997498,0.4579307734966278,-0.045020245015621185,0.23165857791900635,0.4722457826137543,-0.05943576991558075,0.22086864709854126,0.48838403820991516,-0.07122913748025894,0.2155347466468811,0.5000506639480591,-0.07577899098396301,0.10255938768386841,0.653062641620636,-0.030846385285258293,0.2351844608783722,0.49738144874572754,-0.07704652845859528,0.490529328584671,0.4020071029663086,-0.0717538520693779,0.4589695930480957,0.4745709300041199,-0.10894300788640976,0.4311745762825012,0.4263678789138794,-0.09842658787965775,0.4767223298549652,0.4270404577255249,-0.09305524080991745,0.31050240993499756,0.3714805841445923,0.0016934041632339358,0.5590778589248657,0.6261451244354248,-0.11521650105714798,0.6025396585464478,0.6001203060150146,-0.11409766227006912,0.6831076145172119,0.5295783877372742,-0.10589641332626343,0.47326356172561646,0.7149574756622314,-0.09393646568059921,0.27268660068511963,0.43923521041870117,-0.020660456269979477,0.3577921390533447,0.3977336883544922,-0.06301119178533554,0.7091174125671387,0.4907643795013428,-0.07410980761051178,0.6701875925064087,0.5804216265678406,-0.11087755113840103,0.32483619451522827,0.6935243606567383,-0.0962706133723259,0.575063943862915,0.4880397319793701,-0.09029611200094223,0.5773574709892273,0.49444860219955444,-0.0960196703672409,0.5810384750366211,0.5022125840187073,-0.10274715721607208,0.5847483277320862,0.5089067816734314,-0.10447809100151062,0.5883049368858337,0.5150871872901917,-0.10264936834573746,0.507704496383667,0.49901527166366577,-0.1041400209069252,0.5019335150718689,0.503024160861969,-0.1096862331032753,0.495885968208313,0.5063062906265259,-0.11400582641363144,0.4715021848678589,0.5249454975128174,-0.12143944948911667,0.3651542365550995,0.5957903861999512,-0.14385512471199036,0.3326714038848877,0.4030029773712158,-0.040571242570877075,0.2768421173095703,0.41381800174713135,-4.166901999269612e-05,0.26920291781425476,0.4282289743423462,-0.01119930762797594,0.5109742283821106,0.49590417742729187,-0.10095980763435364,0.4225776493549347,0.6341553330421448,-0.13257776200771332,0.29371246695518494,0.3912363052368164,-0.009493935853242874,0.6003707647323608,0.5343771576881409,-0.10452419519424438,0.38910871744155884,0.3576328158378601,-0.07005855441093445,0.3572043478488922,0.3790079951286316,-0.057273559272289276,0.3642767369747162,0.3632993698120117,-0.04421108961105347,0.3816629946231842,0.4174196422100067,-0.08242715895175934,0.6828792095184326,0.4785909354686737,-0.07592633366584778,0.6559577584266663,0.47130370140075684,-0.06864156574010849,0.6344268321990967,0.5021649599075317,-0.09039909392595291,0.5225588083267212,0.5685296654701233,-0.1163625493645668,0.40835005044937134,0.4871082007884979,-0.0961223766207695,0.563591480255127,0.5567296743392944,-0.11093908548355103,0.37700971961021423,0.5270219445228577,-0.12935693562030792,0.42017441987991333,0.50941002368927,-0.11532577872276306,0.4029746353626251,0.5630800127983093,-0.13759161531925201,0.6578559875488281,0.5143873691558838,-0.10472021996974945,0.3832012414932251,0.4405058026313782,-0.08360283821821213,0.5327324867248535,0.5978638529777527,-0.12047166377305984,0.578089714050293,0.5770289301872253,-0.11321315169334412,0.4799165725708008,0.5709785223007202,-0.12902840971946716,0.3767566978931427,0.6519432663917542,-0.1304253190755844,0.46913957595825195,0.6075923442840576,-0.13234718143939972,0.38616645336151123,0.6958800554275513,-0.10857415944337845,0.4409969449043274,0.5378066301345825,-0.12710824608802795,0.3612024784088135,0.4195794463157654,-0.06763555854558945,0.42949384450912476,0.4086849093437195,-0.12128101289272308,0.42468076944351196,0.4334617257118225,-0.10933686047792435,0.4229656457901001,0.38711005449295044,-0.12470799684524536,0.24614554643630981,0.41795724630355835,-0.015514147467911243,0.21425923705101013,0.43862372636795044,-0.044198982417583466,0.19248536229133606,0.46158865094184875,-0.07018300890922546,0.17802254855632782,0.4866752624511719,-0.08781281858682632,0.17264623939990997,0.5096156001091003,-0.09420064091682434,0.19417759776115417,0.5429699420928955,-0.08640533685684204,0.21253827214241028,0.6638813018798828,-0.08010188490152359,0.24046215415000916,0.5330991148948669,-0.09589800238609314,0.2646459639072418,0.5128151774406433,-0.09021364152431488,0.2827167510986328,0.4865055978298187,-0.07597234845161438,0.29410120844841003,0.4634227156639099,-0.054735179990530014,0.30017027258872986,0.4460035264492035,-0.03388742357492447,0.3038601279258728,0.4326343536376953,-0.021358046680688858,0.20271077752113342,0.711876630783081,-0.025210879743099213,0.42908966541290283,0.44186604022979736,-0.10071947425603867,0.3802931308746338,0.3922383785247803,-0.08537489175796509,0.44097232818603516,0.3860337436199188,-0.12311416119337082,0.45481494069099426,0.38993772864341736,-0.1085430160164833,0.44313931465148926,0.39382463693618774,-0.11523035913705826,0.437460720539093,0.4448665976524353,-0.08971155434846878,0.4600300192832947,0.3842986524105072,-0.1116676777601242,0.46290162205696106,0.39597272872924805,-0.08973697572946548,0.28508007526397705,0.42991429567337036,-0.0075939372181892395,0.3004273474216461,0.41935014724731445,-0.007954832166433334,0.31370165944099426,0.41003507375717163,-0.017789142206311226,0.212916299700737,0.5078825950622559,-0.07752570509910583,0.18981662392616272,0.5178335905075073,-0.08522941917181015,0.3995233178138733,0.35014909505844116,-0.04572446644306183,0.38737598061561584,0.34788912534713745,0.18971259891986847,0.4767342209815979,0.37496769428253174,-0.0649069994688034,0.31683048605918884,0.3420500159263611,0.38574138283729553,0.38228869438171387,0.3669539988040924,0.11981472373008728,0.38977673649787903,0.36248260736465454,0.13756485283374786,0.394830584526062,0.3576587736606598,0.1577739715576172,0.3914550840854645,0.35343044996261597,0.19598549604415894,0.3745577931404114,0.3686041831970215,0.1044791042804718,0.3581542372703552,0.3392096161842346,0.14736104011535645,0.35267266631126404,0.3457235097885132,0.12636138498783112,0.3644455671310425,0.3357524871826172,0.167716383934021,0.3712550401687622,0.33673086762428284,0.18367169797420502,0.40149277448654175,0.3560234010219574,0.21095646917819977,0.6827548146247864,0.44123101234436035,0.014108836650848389,0.38560715317726135,0.34689754247665405,0.2025269716978073,0.40036365389823914,0.3566073179244995,0.3552207946777344,0.39067843556404114,0.3515968322753906,0.2529344856739044,0.47548848390579224,0.35728520154953003,0.07032269984483719,0.5385411381721497,0.4082796573638916,-0.058571308851242065,0.551065981388092,0.4175705909729004,-0.056086502969264984,0.5562446117401123,0.39328765869140625,-0.023395581170916557,0.5723139047622681,0.38708335161209106,0.010291521437466145,0.5622987747192383,0.406215101480484,-0.02717582881450653,0.5727752447128296,0.3997243642807007,0.0018338863737881184,0.6249823570251465,0.4034157395362854,0.052988722920417786,0.47007474303245544,0.34944576025009155,-0.09652518481016159,0.4519805312156677,0.3404756188392639,-0.09457982331514359,0.35943564772605896,0.3225513696670532,0.21867689490318298,0.40416672825813293,0.3637288808822632,0.05445348843932152,0.4789726436138153,0.35092759132385254,-0.0068096136674284935,0.4665425717830658,0.35173776745796204,0.003498744685202837,0.49342092871665955,0.3461024761199951,0.15073531866073608,0.42544135451316833,0.3432938754558563,-0.07172541320323944,0.34084153175354004,0.31775540113449097,0.14508524537086487,0.3500225245952606,0.31672054529190063,0.18497104942798615,0.2902471125125885,0.31944921612739563,0.3370344340801239,0.3282753825187683,0.3424866795539856,0.05283251032233238,0.35050836205482483,0.35374152660369873,0.1150672659277916,0.6054518818855286,0.3909967541694641,0.07815098017454147,0.5955092906951904,0.45302096009254456,0.3328837752342224,0.48249733448028564,0.3665863275527954,-0.01674439013004303,0.4810173511505127,0.3787992000579834,-0.043154601007699966,0.599502682685852,0.38792234659194946,0.06361816078424454,0.5963627099990845,0.39395132660865784,0.04838883876800537,0.33935701847076416,0.31083667278289795,0.2079128473997116,0.4860742688179016,0.3609192371368408,-0.00041613983921706676,0.3329567313194275,0.32514268159866333,0.10015179961919785,0.3194395899772644,0.3166157603263855,0.10474096983671188,0.23731783032417297,0.3055656850337982,0.19772188365459442,0.3049923777580261,0.30662792921066284,0.2625829875469208,0.2600500285625458,0.3067759871482849,0.15052083134651184,0.35033556818962097,0.3199774920940399,0.2504608631134033,0.3304634392261505,0.32236427068710327,0.31042343378067017,0.5465769171714783,0.41184017062187195,-0.058653831481933594,0.5607039928436279,0.3990728259086609,-0.025890380144119263,0.5734318494796753,0.39235803484916687,0.0036342907696962357,0.48290058970451355,0.37370631098747253,-0.02176211029291153,0.598305881023407,0.3910088539123535,0.05453948304057121,0.6156870126724243,0.39576035737991333,0.029991723597049713,0.5946975946426392,0.3963002562522888,0.04532990604639053,0.47573912143707275,0.35656654834747314,-0.043462954461574554,0.5695295333862305,0.4053189754486084,0.0008083567954599857,0.560549795627594,0.4122070372104645,-0.023731883615255356,0.5515547394752502,0.42278894782066345,-0.049286291003227234,0.6477161645889282,0.44420841336250305,-0.04163556173443794,0.6596512198448181,0.43928730487823486,-0.049583304673433304,0.6518300175666809,0.43765586614608765,-0.048736799508333206,0.639541506767273,0.4377727806568146,-0.04172632843255997,0.6275821924209595,0.43915823101997375,-0.03809177502989769,0.6179813146591187,0.4142870604991913,0.008501964621245861,0.6241991519927979,0.40956854820251465,0.004147261846810579,0.6321868896484375,0.4042130708694458,0.0022137677296996117,0.6385462284088135,0.40019887685775757,0.00853683054447174,0.5524556636810303,0.3747835159301758,0.030685467645525932,0.4853318929672241,0.4313145577907562,0.4177280068397522,0.60768723487854,0.4058064818382263,0.030781231820583344,0.6119320392608643,0.40066084265708923,0.02800944820046425,0.4870743751525879,0.38530293107032776,-0.04771841689944267,0.49378907680511475,0.3750692307949066,-0.0017366192769259214,0.4843364953994751,0.3819817304611206,-0.04619211331009865,0.424016535282135,0.36040040850639343,0.0751151591539383,0.45139503479003906,0.351213276386261,0.10203827172517776,0.47559046745300293,0.35837095975875854,0.013359985314309597,0.26395565271377563,0.30633631348609924,0.27096861600875854,0.281806617975235,0.3024967908859253,0.20978005230426788,0.32773593068122864,0.30959197878837585,0.161356121301651,0.6363260746002197,0.4134253263473511,0.026411769911646843,0.30926206707954407,0.32895487546920776,0.058311134576797485,0.24008983373641968,0.32105904817581177,0.09614400565624237,0.2111818790435791,0.31699708104133606,0.12656714022159576,0.3954383432865143,0.3551734685897827,0.1790553778409958,0.41308432817459106,0.3604470491409302,0.2336520403623581,0.3686637580394745,0.3691754639148712,0.10149119049310684,0.375398188829422,0.33912283182144165,0.21683087944984436,0.3855237066745758,0.3633851408958435,0.039594490081071854,0.4686996042728424,0.3450457751750946,-0.03329722210764885,0.44981735944747925,0.3424373269081116,0.2711332440376282,0.4264742434024811,0.3606703281402588,0.20192453265190125,0.43137127161026,0.3620266914367676,0.15860120952129364,0.42041367292404175,0.3676925301551819,0.11938522011041641,0.40553486347198486,0.372284859418869,0.09420480579137802,0.39300617575645447,0.3733067214488983,0.07240626960992813,0.35023775696754456,0.36115115880966187,0.0037159062922000885,0.4960976839065552,0.3514010012149811,0.2514967620372772,0.37269365787506104,0.33636993169784546,0.24100154638290405,0.4763631224632263,0.36568671464920044,-0.09288068860769272,0.4266335368156433,0.363197922706604,0.03730273246765137,0.3859146237373352,0.39698469638824463,0.44246700406074524,0.38100171089172363,0.3724481463432312,0.06117105484008789,0.4756622910499573,0.36605894565582275,0.03245946764945984,0.38485920429229736,0.34827330708503723,0.21164044737815857,0.4535570740699768,0.3471261262893677,-0.02167414128780365,0.539818525314331,0.44288909435272217,0.3822158873081207,0.3642083406448364,0.36755287647247314,0.11320336163043976,0.43790218234062195,0.3428775668144226,-0.04879791662096977,0.6530640125274658,0.42142555117607117,0.16626466810703278,0.6719585657119751,0.45326006412506104,0.20070701837539673,0.4976225793361664,0.38038572669029236,0.332917720079422,0.6270606517791748,0.4166162312030792,0.21785421669483185,0.3606148064136505,0.34057703614234924,0.34098726511001587,0.7083959579467773,0.45023587346076965,0.021015824750065804,0.4767375588417053,0.3810325860977173,-0.07499410212039948,0.4490756392478943,0.36257630586624146,0.05228239297866821,0.39213135838508606,0.3566702604293823,0.2882915735244751,0.38696202635765076,0.35186898708343506,0.16181930899620056,0.38259705901145935,0.35633230209350586,0.14390140771865845,0.6190356016159058,0.3915728032588959,0.03724238649010658,0.5383585095405579,0.366230309009552,0.236518993973732,0.7356505393981934,0.4780482351779938,-0.01645914651453495,0.7143124341964722,0.457943856716156,0.08959956467151642,0.6975747346878052,0.45459985733032227,0.14094793796539307,0.3761889636516571,0.3605661392211914,0.12875929474830627,0.36951446533203125,0.363697350025177,0.11966737359762192,0.36617064476013184,0.3662390112876892,0.116654172539711,0.36683058738708496,0.33748531341552734,0.2752622067928314,0.3639795184135437,0.35851460695266724,0.12479808181524277,0.3671830892562866,0.35259515047073364,0.13489018380641937,0.37151437997817993,0.34743496775627136,0.1497989147901535,0.37706708908081055,0.3440248668193817,0.16696731746196747,0.38163796067237854,0.3440322279930115,0.17976950109004974,0.3457791805267334,0.36698341369628906,0.4233698546886444,0.38772279024124146,0.3491053879261017,0.1778857558965683,0.5300807356834412,0.3750303387641907,0.0028111450374126434,0.4809322953224182,0.3610271215438843,-0.02357812412083149,0.5062470436096191,0.3866857588291168,-0.047372572124004364,0.6768032312393188,0.42945829033851624,0.11632484942674637,0.6910221576690674,0.44144874811172485,0.06870318949222565,0.7178768515586853,0.46510550379753113,-0.031282246112823486,0.6401373147964478,0.45519939064979553,0.2680669128894806,0.36370915174484253,0.36373448371887207,0.11848176270723343,0.39212289452552795,0.35568785667419434,-0.0019514118321239948,0.7284978628158569,0.4641827344894409,0.03666944429278374,0.5452449321746826,0.39522239565849304,0.3055030107498169,0.6264058947563171,0.42521634697914124,-0.013721472583711147,0.6360988616943359,0.4212358891963959,-0.0164735596626997,0.6467534303665161,0.41793814301490784,-0.019359247758984566,0.6559031009674072,0.41640764474868774,-0.016525693237781525,0.6452212333679199,0.4265783429145813,-0.004480734467506409,0.5836658477783203,0.39579588174819946,0.028132876381278038,0.5858058929443359,0.3897273540496826,0.03546878322958946,0.5858210325241089,0.38455483317375183,0.041433319449424744,0.5791109800338745,0.38026273250579834,0.06184874475002289,0.5427007079124451,0.36351093649864197,0.16882432997226715,0.36617717146873474,0.36258143186569214,0.02268705889582634,0.3478405773639679,0.36330312490463257,0.07995863258838654,0.3539689779281616,0.3633139133453369,0.10606762021780014,0.5802915692329407,0.39993345737457275,0.02624814212322235,0.5976001620292664,0.38731515407562256,0.18502886593341827,0.34453290700912476,0.3615148663520813,0.03804339841008186,0.6592140197753906,0.4368554353713989,0.004733202513307333,0.37633898854255676,0.35536861419677734,-0.024359529837965965,0.43136852979660034,0.3549113869667053,-0.002236307365819812,0.6641536355018616,0.4519999027252197,-0.03789942339062691,0.6331331729888916,0.4052756726741791,0.07333298027515411,0.4988318085670471,0.36692506074905396,0.04706945642828941,0.6499461531639099,0.4211824834346771,0.03972535952925682,0.5128024816513062,0.35580313205718994,0.09540943056344986,0.528628945350647,0.36705803871154785,0.06320761889219284,0.5531024932861328,0.36575570702552795,0.1190684363245964,0.6919372081756592,0.4557207524776459,-0.035167671740055084,0.44547659158706665,0.35973232984542847,0.01743263006210327,0.6524255275726318,0.4116244316101074,0.09794531762599945,0.6673965454101562,0.4290429651737213,0.05558057501912117,0.6094484329223633,0.3904760181903839,0.0999976098537445,0.574458122253418,0.38034793734550476,0.22443780303001404,0.6172400116920471,0.3926384449005127,0.1336117833852768,0.5886093974113464,0.4084843397140503,0.2731383442878723,0.5646407604217529,0.37411630153656006,0.08332939445972443,0.4089844822883606,0.35977721214294434,0.01916118897497654,0.4756259620189667,0.3503261208534241,-0.04275606945157051,0.4833390712738037,0.35532599687576294,-0.01949060894548893,0.4600975513458252,0.34077775478363037,-0.06236739456653595,0.34121447801589966,0.35126736760139465,0.09482260793447495,0.3443004786968231,0.33843129873275757,0.11860904842615128,0.35069161653518677,0.33046334981918335,0.1436956375837326,0.3581131100654602,0.32682013511657715,0.17187325656414032,0.36629921197891235,0.329830139875412,0.19633665680885315,0.38744255900382996,0.35026365518569946,0.22680307924747467,0.44960641860961914,0.36701151728630066,0.3501911163330078,0.4089426100254059,0.35738450288772583,0.1900838315486908,0.41038382053375244,0.36009401082992554,0.15923944115638733,0.4036746323108673,0.3653132915496826,0.1300153285264969,0.3925008773803711,0.37022513151168823,0.10768534988164902,0.3824668526649475,0.3721478581428528,0.08926606178283691,0.37418031692504883,0.3724687397480011,0.07899477332830429,0.43271833658218384,0.4182063937187195,0.4403436481952667,0.48645931482315063,0.3636510968208313,-0.0123893516138196,0.41448578238487244,0.35010039806365967,-0.022485285997390747,0.4724668860435486,0.3473127782344818,-0.0729944258928299,0.4759204387664795,0.36529475450515747,-0.0796363577246666,0.47460347414016724,0.35597920417785645,-0.06412273645401001,0.488594114780426,0.3735085725784302,-0.015488236211240292,0.4773092567920685,0.3643166422843933,-0.08788827061653137,0.4780455231666565,0.377909779548645,-0.0699569508433342,0.36209824681282043,0.3689950704574585,0.09849287569522858,0.36264652013778687,0.3712383806705475,0.0708332359790802,0.36551910638809204,0.3696344494819641,0.04707248508930206,0.3839850425720215,0.34502387046813965,0.19039671123027802,0.377176970243454,0.3407078683376312,0.19991658627986908,0.24229608476161957,0.4587029218673706,-0.05412337929010391,0.25407737493515015,0.4407239854335785,-0.05412337929010391,0.2261894792318344,0.45445847511291504,-0.05412337929010391,0.23005102574825287,0.47626790404319763,-0.05412337929010391,0.2578577399253845,0.46286439895629883,-0.05412337929010391,0.36028042435646057,0.3497549295425415,0.1512020379304886,0.3677694797515869,0.3437668979167938,0.1512020379304886,0.34639397263526917,0.34309709072113037,0.1512020379304886,0.35281890630722046,0.35574671626091003,0.1512020379304886,0.3736875653266907,0.3563668131828308,0.1512020379304886,0,0,0,0,0,1,1,0,0,0,0,0,0.07827124744653702,0.05418427288532257,0.0777568370103836,0.05921560898423195,0.01856156252324581,0.04572128504514694,0.065158911049366,0.06257621943950653,0.0776519775390625,0.1255502700805664,0.8212294578552246,0.2342231571674347,Sadness,-8.97170639038086,-6.695761680603027
283,9.433333333333334,31.499306609804126,-5.424624835921141,0.5445147310189801,0.5435864925384521,0.41823136806488037,-0.11161825805902481,0.4978041350841522,0.392567902803421,-0.13456833362579346,0.5034757256507874,0.4318678081035614,-0.09141264110803604,0.41250699758529663,0.4012126922607422,-0.08936335891485214,0.47921091318130493,0.3834327459335327,-0.13366883993148804,0.4518923759460449,0.3841211199760437,-0.11247649043798447,0.375649631023407,0.39163142442703247,-0.016478782519698143,0.19481025636196136,0.5159016847610474,-0.043843332678079605,0.336580753326416,0.3842684030532837,0.025648323819041252,0.3168335556983948,0.3732471168041229,0.03773587942123413,0.22660896182060242,0.34736862778663635,0.11469818651676178,0.5506321787834167,0.42219364643096924,-0.11257192492485046,0.5553794503211975,0.42838722467422485,-0.1088089570403099,0.5571057796478271,0.4349801242351532,-0.10258594900369644,0.6080702543258667,0.4698465168476105,-0.0869310051202774,0.6225185394287109,0.47498834133148193,-0.09488043189048767,0.6358846426010132,0.4825217127799988,-0.10246793180704117,0.6441344618797302,0.49123045802116394,-0.10065916925668716,0.6658293604850769,0.5269959568977356,-0.08682126551866531,0.5047433972358704,0.406704843044281,-0.1274459958076477,0.4814971387386322,0.43075689673423767,-0.11098121851682663,0.035368889570236206,0.5880001187324524,0.027913125231862068,0.2678886353969574,0.4804955720901489,-0.02933177724480629,0.2505430579185486,0.4951581656932831,-0.04500342532992363,0.23030692338943481,0.5105184316635132,-0.05402902513742447,0.18504680693149567,0.5307274460792542,-0.053179264068603516,0.28118735551834106,0.4669119715690613,-0.009545995853841305,0.20173776149749756,0.47026100754737854,-0.03574836999177933,0.22625723481178284,0.4554414451122284,-0.013790017925202847,0.17969684302806854,0.4893743097782135,-0.04723525047302246,0.16738566756248474,0.5065511465072632,-0.05050716549158096,0.17738722264766693,0.553312361240387,-0.05913934484124184,0.6049948334693909,0.6070181131362915,-0.13074786961078644,0.1789671778678894,0.522199809551239,-0.040923334658145905,0.11077266931533813,0.6324053406715393,-0.008818596601486206,0.13541778922080994,0.5699336528778076,-0.04747899994254112,0.35969099402427673,0.5121961236000061,-0.10029636323451996,0.5156605243682861,0.44029659032821655,-0.12673801183700562,0.5330430269241333,0.4492816627025604,-0.1230594739317894,0.49723416566848755,0.47196391224861145,-0.13505025207996368,0.4865914583206177,0.4944346249103546,-0.13139908015727997,0.5148890614509583,0.47210416197776794,-0.12859828770160675,0.5026395916938782,0.4911130368709564,-0.12193617969751358,0.5041218400001526,0.5887960195541382,-0.12028493732213974,0.48206305503845215,0.40461546182632446,-0.14297714829444885,0.46195173263549805,0.3981764316558838,-0.1435014307498932,0.11995533108711243,0.5206289291381836,-0.05805527791380882,0.35076257586479187,0.46281805634498596,-0.049264904111623764,0.4196659326553345,0.46734997630119324,-0.12239035218954086,0.4043060839176178,0.46928852796554565,-0.11254122108221054,0.29280415177345276,0.5681697726249695,-0.1241203173995018,0.4367592930793762,0.3984740972518921,-0.12211158871650696,0.1689060479402542,0.4612058401107788,-0.0431840755045414,0.13800157606601715,0.4912411570549011,-0.05464191734790802,0.038554638624191284,0.5362429618835449,0.023817090317606926,0.27956241369247437,0.40194129943847656,0.0011515503283590078,0.2506576180458069,0.44658592343330383,0.00509496359154582,0.4624693989753723,0.5857446193695068,-0.12645745277404785,0.32306113839149475,0.7502058148384094,-0.052781686186790466,0.44494378566741943,0.4623769223690033,-0.10579749941825867,0.4665757715702057,0.45283323526382446,-0.09723185747861862,0.48592710494995117,0.5287978649139404,-0.11487430334091187,0.4929477870464325,0.5240077376365662,-0.11028135567903519,0.11281996965408325,0.4955444037914276,-0.04395970702171326,0.42378371953964233,0.4794793725013733,-0.11399684101343155,0.2144574522972107,0.4312778413295746,-0.023811986669898033,0.20005515217781067,0.424528568983078,-0.02143900841474533,0.1100502461194992,0.4294648766517639,0.03712162375450134,0.08536237478256226,0.5109043717384338,-0.00859936885535717,0.1592615395784378,0.4211556911468506,0.012608029879629612,0.09472891688346863,0.5308457016944885,-0.04347045347094536,0.0770326554775238,0.5565524101257324,-0.0010604859562590718,0.525722086429596,0.44475290179252625,-0.12770697474479675,0.5063306093215942,0.47170212864875793,-0.13325008749961853,0.49452513456344604,0.49261030554771423,-0.1283262073993683,0.45229122042655945,0.46347469091415405,-0.09800823032855988,0.4899563789367676,0.5262103080749512,-0.11162719130516052,0.511966347694397,0.5284042358398438,-0.11357559263706207,0.49554774165153503,0.5223445296287537,-0.10907488316297531,0.4550434648990631,0.43704360723495483,-0.13011565804481506,0.5082122087478638,0.49032485485076904,-0.1183282881975174,0.5210251808166504,0.4724697768688202,-0.12113422155380249,0.5374136567115784,0.4532744884490967,-0.11758773773908615,0.6311136484146118,0.5514146685600281,-0.10373031347990036,0.6104066371917725,0.5148048400878906,-0.11767277121543884,0.6036324501037598,0.5046219229698181,-0.11814957112073898,0.593734860420227,0.4948149621486664,-0.11027631163597107,0.5852373242378235,0.48751091957092285,-0.1019032672047615,0.5389443635940552,0.5138170719146729,-0.10634224861860275,0.537929892539978,0.5198726654052734,-0.11181480437517166,0.5367279648780823,0.5277202129364014,-0.11812731623649597,0.536125898361206,0.5359708666801453,-0.11983273923397064,0.44619297981262207,0.5321396589279175,-0.126461461186409,0.1817498654127121,0.7235089540481567,0.009957862086594105,0.5038076043128967,0.41969677805900574,-0.10286849737167358,0.5190436244010925,0.5198583602905273,-0.10591945797204971,0.5157718658447266,0.523654043674469,-0.11018680781126022,0.4803061783313751,0.45236945152282715,-0.10319218039512634,0.43874093890190125,0.48590409755706787,-0.09515053033828735,0.4741661548614502,0.4523879885673523,-0.10013899207115173,0.3400594890117645,0.4843865633010864,-0.06651368737220764,0.32023751735687256,0.5137600302696228,-0.09235145151615143,0.4069438874721527,0.4811495542526245,-0.1059492975473404,0.062075406312942505,0.48355162143707275,0.024098575115203857,0.11211423575878143,0.466336727142334,-0.0031585146207362413,0.14925459027290344,0.4590829312801361,-0.03485211730003357,0.5422742962837219,0.5834709405899048,-0.12106956541538239,0.2591376006603241,0.39046263694763184,0.0030466667376458645,0.20808887481689453,0.38611143827438354,0.03883528336882591,0.16351695358753204,0.38638585805892944,0.06859403848648071,0.20515841245651245,0.5241417288780212,-0.05628059431910515,0.1612662523984909,0.5821889638900757,-0.06962651014328003,0.2873978018760681,0.4568025469779968,0.003123423084616661,0.1454782783985138,0.5327594876289368,-0.052817653864622116,0.3547370135784149,0.44420692324638367,-0.04171165078878403,0.4292008578777313,0.4430910646915436,-0.131351500749588,0.17861931025981903,0.6131949424743652,-0.07588715106248856,0.1946774125099182,0.5716131329536438,-0.08805610984563828,0.23672662675380707,0.5488238334655762,-0.08931446820497513,0.2774451673030853,0.5149419903755188,-0.06999645382165909,0.2996751368045807,0.489597886800766,-0.04717506095767021,0.3158465027809143,0.46872588992118835,-0.030461499467492104,0.3611655533313751,0.4076828956604004,-0.026840368285775185,0.22543840110301971,0.6293758749961853,-0.10372600704431534,0.12404720485210419,0.5472638010978699,-0.05252799019217491,0.49534934759140015,0.41261690855026245,-0.13455788791179657,0.3739875257015228,0.46493539214134216,-0.06836040318012238,0.08518019318580627,0.6736840605735779,0.040646374225616455,0.3262048363685608,0.4505980908870697,-0.01575450226664543,0.4023338258266449,0.4911419749259949,-0.08413641154766083,0.16603295505046844,0.5314224362373352,-0.04514368250966072,0.4121740162372589,0.44606757164001465,-0.11764328926801682,0.24315732717514038,0.7423558235168457,-0.017447136342525482,0.28106626868247986,0.45389294624328613,0.012085402384400368,0.42301493883132935,0.41969141364097595,-0.12424954771995544,0.4513181746006012,0.6869276165962219,-0.11856986582279205,0.47242724895477295,0.7197026014328003,-0.11048520356416702,0.19574472308158875,0.682055652141571,-0.0457395501434803,0.38744521141052246,0.7048202157020569,-0.10935258865356445,0.08727556467056274,0.5949591398239136,0.002218447159975767,0.6264484524726868,0.6263014078140259,-0.1364884078502655,0.4958021342754364,0.4245001971721649,-0.1063508689403534,0.3683026134967804,0.48772114515304565,-0.07947122305631638,0.11063402891159058,0.5933910608291626,-0.042204152792692184,0.22467517852783203,0.49952924251556396,-0.04380395635962486,0.2429412454366684,0.4874200224876404,-0.03688758239150047,0.5078636407852173,0.5339593887329102,-0.11591900885105133,0.27041518688201904,0.6518163084983826,-0.11204761266708374,0.7030222415924072,0.6121598482131958,-0.1253531128168106,0.5973190069198608,0.6686352491378784,-0.12521345913410187,0.5429271459579468,0.6929662227630615,-0.11970220506191254,0.26336362957954407,0.353986918926239,0.07676707953214645,0.7482811808586121,0.5767368078231812,-0.09565376490354538,0.2566036283969879,0.4765734076499939,-0.02303614839911461,0.2691624164581299,0.4655121862888336,-0.0076185050420463085,0.27728527784347534,0.45801714062690735,0.005713677033782005,0.09686118364334106,0.5642922520637512,-0.039616845548152924,0.2569838762283325,0.459084689617157,-0.0022981588263064623,0.2374158650636673,0.468310683965683,-0.016195518895983696,0.2199060320854187,0.480118989944458,-0.029146740213036537,0.2024378925561905,0.49506109952926636,-0.03924008086323738,0.19143450260162354,0.5068094730377197,-0.04221852496266365,0.048845916986465454,0.6319156289100647,0.03883492201566696,0.20933467149734497,0.5085920095443726,-0.04530150070786476,0.5163064002990723,0.436794251203537,-0.09274518489837646,0.45389601588249207,0.5064955949783325,-0.1213991791009903,0.44391369819641113,0.4562763571739197,-0.10928332805633545,0.4901942312717438,0.4607259929180145,-0.11148592829704285,0.35175877809524536,0.3921559453010559,0.014185667969286442,0.5133785009384155,0.6696372628211975,-0.12133797258138657,0.5685327649116516,0.650335967540741,-0.1275980919599533,0.683280348777771,0.5948742032051086,-0.13405069708824158,0.4032589793205261,0.7404512763023376,-0.08692646026611328,0.2734498679637909,0.45493125915527344,0.006491390522569418,0.3817061483860016,0.4230881631374359,-0.0606674887239933,0.7307156324386597,0.5596247911453247,-0.1067361980676651,0.6513146162033081,0.6418193578720093,-0.1334705501794815,0.2505391836166382,0.7025246620178223,-0.06489771604537964,0.5620515942573547,0.5028485655784607,-0.10679642111063004,0.5646110773086548,0.5104678273200989,-0.11389860510826111,0.5688780546188354,0.5201528668403625,-0.12073708325624466,0.5734291672706604,0.5302599668502808,-0.12198691815137863,0.5855012536048889,0.5719119906425476,-0.11917413026094437,0.49529704451560974,0.5086842775344849,-0.11668767035007477,0.4885939955711365,0.5109872817993164,-0.12116911262273788,0.48172664642333984,0.5133591294288635,-0.12470535188913345,0.4492396116256714,0.5591355562210083,-0.12815143167972565,0.31810829043388367,0.6151638031005859,-0.13284294307231903,0.3572853207588196,0.42479434609413147,-0.03132769837975502,0.2913065254688263,0.4314124882221222,0.023321637883782387,0.27660316228866577,0.44438380002975464,0.015606227330863476,0.49953457713127136,0.5068132281303406,-0.11359600722789764,0.3669101595878601,0.6597569584846497,-0.12443908303976059,0.31879058480262756,0.4127504825592041,0.007975034415721893,0.5907543301582336,0.5904926657676697,-0.1213635727763176,0.42589813470840454,0.38783764839172363,-0.07912728935480118,0.3877768814563751,0.40502864122390747,-0.05635402724146843,0.4015735387802124,0.3902775049209595,-0.04547048732638359,0.3968348205089569,0.4445272386074066,-0.08471468091011047,0.7078361511230469,0.5447051525115967,-0.10578222572803497,0.6826497912406921,0.5352156758308411,-0.09436394274234772,0.643154501914978,0.5641631484031677,-0.11278372257947922,0.492461234331131,0.6099544763565063,-0.1244865134358406,0.4003297686576843,0.513007402420044,-0.09775837510824203,0.5412275195121765,0.6057294607162476,-0.12336355447769165,0.35270312428474426,0.5496828556060791,-0.12527166306972504,0.40326330065727234,0.5369707942008972,-0.11747129261493683,0.36772698163986206,0.5876742601394653,-0.13417012989521027,0.6624304056167603,0.5776754021644592,-0.13020479679107666,0.3911232054233551,0.4661121666431427,-0.08484525233507156,0.49389660358428955,0.6396063566207886,-0.1274692416191101,0.5499505996704102,0.6263354420661926,-0.12633557617664337,0.44584038853645325,0.605148434638977,-0.1332804262638092,0.3138772249221802,0.6708592176437378,-0.11456869542598724,0.4232040047645569,0.6400045156478882,-0.13244841992855072,0.31310418248176575,0.7132092118263245,-0.08685659617185593,0.41482222080230713,0.5672270655632019,-0.12969519197940826,0.37762078642845154,0.44408804178237915,-0.06433257460594177,0.4460712671279907,0.43939268589019775,-0.13525663316249847,0.433504581451416,0.4631184935569763,-0.1205601841211319,0.4452597200870514,0.4188617467880249,-0.14113342761993408,0.26267823576927185,0.4309655427932739,0.010921665467321873,0.2227790504693985,0.44627198576927185,-0.014591455459594727,0.1907334178686142,0.4658409357070923,-0.03774932771921158,0.16530154645442963,0.489173948764801,-0.05279209092259407,0.1486428827047348,0.5115434527397156,-0.05671868845820427,0.1524743288755417,0.549261212348938,-0.04774840548634529,0.14927104115486145,0.6590175628662109,-0.030895967036485672,0.1999271810054779,0.5451478958129883,-0.06554516404867172,0.23226472735404968,0.5286125540733337,-0.06463872641324997,0.26151716709136963,0.5061132907867432,-0.054256074130535126,0.2834321856498718,0.48476237058639526,-0.03455731272697449,0.2978743612766266,0.46768635511398315,-0.014690217562019825,0.30815500020980835,0.4541966915130615,-0.0020513045601546764,0.13175663352012634,0.7006949186325073,0.03206847980618477,0.43653604388237,0.47127699851989746,-0.11104263365268707,0.40369734168052673,0.42068517208099365,-0.08950832486152649,0.46536359190940857,0.41846534609794617,-0.14184753596782684,0.48136696219444275,0.4222733676433563,-0.1287577748298645,0.46675804257392883,0.42551302909851074,-0.132505863904953,0.4450961947441101,0.47470059990882874,-0.10070071369409561,0.4877552390098572,0.4177676737308502,-0.13341328501701355,0.4891256093978882,0.428581565618515,-0.10858047753572464,0.2893454134464264,0.4485197365283966,0.016675172373652458,0.3102095127105713,0.44041454792022705,0.012264530174434185,0.3272925615310669,0.43330666422843933,-0.0023966035805642605,0.18468980491161346,0.515087366104126,-0.042871203273534775,0.16034375131130219,0.5219123363494873,-0.049262627959251404,0.4418386220932007,0.38055527210235596,-0.055925387889146805,0.4549839198589325,0.35359013080596924,0.19699594378471375,0.5128322839736938,0.40951740741729736,-0.0858844593167305,0.4124584197998047,0.33684593439102173,0.425222247838974,0.4258318543434143,0.383624792098999,0.1263531744480133,0.44030117988586426,0.37727463245391846,0.14231885969638824,0.45257455110549927,0.3698556423187256,0.1617644876241684,0.45821934938430786,0.3556186556816101,0.2012677937746048,0.4136474132537842,0.38655591011047363,0.11353409290313721,0.4228556454181671,0.3418537378311157,0.15685425698757172,0.4086940586566925,0.35161980986595154,0.1386355608701706,0.43673211336135864,0.3361990451812744,0.17569656670093536,0.44674885272979736,0.33649569749832153,0.191249281167984,0.47038400173187256,0.35829973220825195,0.2143387794494629,0.7329943180084229,0.49794110655784607,-0.015493680723011494,0.454781711101532,0.34837549924850464,0.2107033133506775,0.49310868978500366,0.3630064129829407,0.3697429895401001,0.4665149748325348,0.3459926247596741,0.2602701187133789,0.5381664037704468,0.3849369287490845,0.057564493268728256,0.562860906124115,0.4016822874546051,-0.086757592856884,0.5720798373222351,0.4159144461154938,-0.08622065931558609,0.5843541026115417,0.39423778653144836,-0.05206657201051712,0.5982732176780701,0.3931288719177246,-0.016138482838869095,0.5846269130706787,0.409453421831131,-0.05667455494403839,0.5942964553833008,0.4065462648868561,-0.02484533190727234,0.6806414127349854,0.4505774676799774,0.02957981452345848,0.5099730491638184,0.3856482207775116,-0.12130296975374222,0.4940636157989502,0.37589678168296814,-0.11775032430887222,0.4517838656902313,0.31828951835632324,0.22783635556697845,0.4585045874118805,0.3870267868041992,0.05261684209108353,0.5321940183639526,0.38308829069137573,-0.026512039825320244,0.5210617184638977,0.3821542263031006,-0.013597737066447735,0.5718866586685181,0.37048065662384033,0.13637614250183105,0.4676220417022705,0.37654227018356323,-0.08920741081237793,0.4273107349872589,0.318966269493103,0.1563245952129364,0.4419490396976471,0.3143942356109619,0.19484467804431915,0.3842502236366272,0.316439151763916,0.37886449694633484,0.38397830724716187,0.3584252595901489,0.06695018708705902,0.398749440908432,0.3632621467113495,0.12917818129062653,0.6623077392578125,0.43300044536590576,0.05507049709558487,0.6649603843688965,0.480747789144516,0.3246249854564667,0.5281100869178772,0.399252712726593,-0.03478293865919113,0.5198821425437927,0.4121004343032837,-0.06208956986665726,0.6135287880897522,0.40388575196266174,0.0419938750565052,0.6089906692504883,0.4085858464241028,0.027080364525318146,0.4370373487472534,0.30504220724105835,0.22150158882141113,0.5375257134437561,0.3927937150001526,-0.01980844885110855,0.40823855996131897,0.33210527896881104,0.11313759535551071,0.4021795094013214,0.3214319348335266,0.1199725866317749,0.31398096680641174,0.3090663552284241,0.24159547686576843,0.39834821224212646,0.3113044202327728,0.28531354665756226,0.33520594239234924,0.31628865003585815,0.17649514973163605,0.44700801372528076,0.3112022280693054,0.263776570558548,0.42660433053970337,0.32480645179748535,0.3328765332698822,0.5694960355758667,0.4077955484390259,-0.08814344555139542,0.5862708687782288,0.4012293219566345,-0.0553169921040535,0.5975514650344849,0.3989715278148651,-0.023223578929901123,0.5259984135627747,0.4061358571052551,-0.039476700127124786,0.6115598678588867,0.4062354564666748,0.03321542218327522,0.628240704536438,0.41741618514060974,0.008037980645895004,0.6067113876342773,0.41073837876319885,0.024044321849942207,0.5206246376037598,0.39050012826919556,-0.06502177566289902,0.5895748138427734,0.41348764300346375,-0.02591685950756073,0.5816366672515869,0.41761329770088196,-0.05308457463979721,0.5712966322898865,0.42434635758399963,-0.0798368826508522,0.6884632706642151,0.505240797996521,-0.06631752848625183,0.6627631187438965,0.46957603096961975,-0.07713515311479568,0.6523419618606567,0.4622417390346527,-0.07689576596021652,0.6364474296569824,0.45772600173950195,-0.06873892992734909,0.6208013296127319,0.4565694332122803,-0.06307780742645264,0.622010350227356,0.4352741837501526,-0.013682634569704533,0.6327033042907715,0.4323594868183136,-0.019003309309482574,0.6440601348876953,0.4299924075603485,-0.022031689062714577,0.6540600061416626,0.42978453636169434,-0.015281552448868752,0.6067153215408325,0.41026875376701355,0.007593612186610699,0.5636295676231384,0.4406580924987793,0.4321649372577667,0.6159166097640991,0.42471402883529663,0.010229070670902729,0.6224568486213684,0.4208481013774872,0.00663927523419261,0.5234017372131348,0.41877225041389465,-0.06856431812047958,0.5405488014221191,0.4065124988555908,-0.01941266655921936,0.5218584537506104,0.4154669940471649,-0.06592197716236115,0.4831275939941406,0.38373833894729614,0.07015567272901535,0.5187410116195679,0.37518495321273804,0.09304594248533249,0.5295206308364868,0.3891456127166748,-0.003507808782160282,0.3513428568840027,0.3067150413990021,0.31369566917419434,0.36702048778533936,0.3099283277988434,0.2337995022535324,0.42142149806022644,0.30792587995529175,0.1763402670621872,0.690990686416626,0.4651414155960083,0.0026406394317746162,0.37622666358947754,0.3414114713668823,0.07544714957475662,0.30324360728263855,0.3309023380279541,0.1244833692908287,0.27545979619026184,0.3217179775238037,0.17162391543388367,0.4587605595588684,0.36257532238960266,0.18308833241462708,0.4837683141231537,0.36034145951271057,0.23522579669952393,0.4054989516735077,0.3871789574623108,0.11285996437072754,0.4554556906223297,0.3359229564666748,0.2252141833305359,0.4370203912258148,0.38662293553352356,0.03931165486574173,0.5194715857505798,0.37808483839035034,-0.053999729454517365,0.5416082739830017,0.35841605067253113,0.2710561752319336,0.4935787320137024,0.3690703511238098,0.1991327553987503,0.4913051724433899,0.3791128993034363,0.15381406247615814,0.4688114523887634,0.390532910823822,0.11624893546104431,0.4462127387523651,0.39651066064834595,0.09398285299539566,0.4300907850265503,0.39879411458969116,0.07494912296533585,0.3953545093536377,0.3844267725944519,0.007763299625366926,0.5847607851028442,0.3714512288570404,0.2430105358362198,0.45795878767967224,0.3305366635322571,0.25035980343818665,0.5115932822227478,0.4020063281059265,-0.11736112087965012,0.4795996844768524,0.3886377215385437,0.030323421582579613,0.47341039776802063,0.3947761654853821,0.4732910394668579,0.4172835648059845,0.39860716462135315,0.0665411651134491,0.5288580060005188,0.3957281708717346,0.01908731646835804,0.4563281536102295,0.3466513156890869,0.21949122846126556,0.505462646484375,0.37811240553855896,-0.03917994350194931,0.6134665012359619,0.4603694677352905,0.3868239223957062,0.40097442269325256,0.3838218152523041,0.12734463810920715,0.4852503538131714,0.3754688501358032,-0.0666259154677391,0.7200762033462524,0.46632710099220276,0.14259973168373108,0.7351288199424744,0.49768760800361633,0.177300363779068,0.5855560898780823,0.39702528715133667,0.332796186208725,0.6988887786865234,0.45527487993240356,0.19717095792293549,0.45506131649017334,0.3440919816493988,0.3611157238483429,0.7573075890541077,0.5106456279754639,-0.012142548337578773,0.5088270902633667,0.4159187376499176,-0.09600390493869781,0.5055554509162903,0.3891370892524719,0.04285981506109238,0.4674878418445587,0.3463689386844635,0.2970428168773651,0.4473411440849304,0.3639969229698181,0.16818080842494965,0.4357944428920746,0.3710594177246094,0.15091758966445923,0.6336753368377686,0.4150593876838684,0.014748835004866123,0.6231135129928589,0.3911903202533722,0.22203177213668823,0.7733607292175293,0.5464382171630859,-0.050844043493270874,0.7681233882904053,0.5147005319595337,0.0604754276573658,0.7559994459152222,0.5060519576072693,0.1145472303032875,0.42300665378570557,0.3764995336532593,0.1372838318347931,0.41102322936058044,0.3803035616874695,0.1306011825799942,0.40419870615005493,0.38274458050727844,0.1298309564590454,0.45473727583885193,0.3263823091983795,0.2872801125049591,0.40597397089004517,0.3707633316516876,0.13809697329998016,0.41481661796569824,0.36138343811035156,0.14625896513462067,0.4262780547142029,0.3534073829650879,0.15960809588432312,0.43858802318573,0.34813034534454346,0.17537519335746765,0.4471477270126343,0.3471521735191345,0.18787230551242828,0.4387456178665161,0.36233317852020264,0.4601404070854187,0.4528321325778961,0.35833021998405457,0.18453828990459442,0.5798107385635376,0.40916427969932556,-0.019988343119621277,0.5275993347167969,0.3940465748310089,-0.041991062462329865,0.5424978137016296,0.4211040139198303,-0.07026562094688416,0.7384563684463501,0.4803594648838043,0.09020504355430603,0.7467615604400635,0.49575912952423096,0.039146434515714645,0.755501389503479,0.5311079025268555,-0.06626437604427338,0.706466019153595,0.49234539270401,0.2496420294046402,0.40261971950531006,0.3788676857948303,0.13218125700950623,0.4394526779651642,0.38276076316833496,-0.006074500270187855,0.7760133743286133,0.526870846748352,0.00446152500808239,0.6281805634498596,0.4186720550060272,0.29809895157814026,0.624994695186615,0.4457869827747345,-0.037567734718322754,0.6388723850250244,0.44432830810546875,-0.041892219334840775,0.6540069580078125,0.4451645314693451,-0.04525630176067352,0.6667146682739258,0.44940587878227234,-0.04197371378540993,0.6955676078796387,0.48305004835128784,-0.02924029342830181,0.6011390089988708,0.4063689410686493,0.004690444562584162,0.6049911975860596,0.40124058723449707,0.011982530355453491,0.6075767278671265,0.3962133526802063,0.01785374991595745,0.6352046728134155,0.4184035658836365,0.039045967161655426,0.6213255524635315,0.39162784814834595,0.15001069009304047,0.4142986536026001,0.3857044279575348,0.0248869601637125,0.38889411091804504,0.37966251373291016,0.09547362476587296,0.39476844668388367,0.37772804498672485,0.12073468416929245,0.5966196060180664,0.4111557602882385,0.0027439158875495195,0.6731169819831848,0.4234655499458313,0.16462907195091248,0.3860018253326416,0.38350415229797363,0.05044208839535713,0.7093098759651184,0.49126651883125305,-0.021315939724445343,0.4198150634765625,0.38262179493904114,-0.0269194133579731,0.4815368056297302,0.38368311524391174,-0.012931698933243752,0.7049015760421753,0.5120317935943604,-0.06498660892248154,0.6926518678665161,0.4517984390258789,0.049475837498903275,0.5551860332489014,0.39794373512268066,0.03174644708633423,0.7058966159820557,0.47155478596687317,0.014910967089235783,0.5820901393890381,0.3852626383304596,0.07815118879079819,0.5889589786529541,0.4002828598022461,0.04478580877184868,0.6239784359931946,0.39864325523376465,0.09890693426132202,0.7316758632659912,0.5185030102729797,-0.06683459132909775,0.49802035093307495,0.38745468854904175,0.0060666389763355255,0.7156441807746887,0.4600827693939209,0.07278729975223541,0.7245347499847412,0.4805547297000885,0.02825004979968071,0.671556830406189,0.4322013258934021,0.07632221281528473,0.6553274393081665,0.4112917482852936,0.20709475874900818,0.6869582533836365,0.43385547399520874,0.11048854887485504,0.6661134958267212,0.4393835663795471,0.2582675814628601,0.625805139541626,0.41023969650268555,0.061881259083747864,0.4592338800430298,0.3859192728996277,0.013595735654234886,0.5231240391731262,0.38418036699295044,-0.0646422952413559,0.5334814190864563,0.388221800327301,-0.03974517807364464,0.507062554359436,0.37518978118896484,-0.084609754383564,0.3917580842971802,0.36310330033302307,0.11067454516887665,0.40792423486709595,0.3443603217601776,0.13214561343193054,0.4252176880836487,0.33244824409484863,0.15430118143558502,0.4403451681137085,0.3265567719936371,0.18036805093288422,0.45033860206604004,0.3279414772987366,0.20441845059394836,0.46030986309051514,0.3469413220882416,0.23428630828857422,0.541285514831543,0.3782682716846466,0.3569439947605133,0.4736683666706085,0.36504220962524414,0.1914340704679489,0.46857643127441406,0.37416893243789673,0.15999603271484375,0.45302441716194153,0.3834066390991211,0.1311558187007904,0.43403688073158264,0.3900313079357147,0.11149408668279648,0.41960740089416504,0.39307498931884766,0.0957314595580101,0.4096412658691406,0.39414477348327637,0.08747032284736633,0.5151170492172241,0.4205699861049652,0.46362313628196716,0.5347883701324463,0.3960738778114319,-0.03170713037252426,0.4611099660396576,0.3801407217979431,-0.03297945857048035,0.5166212320327759,0.3829306960105896,-0.09670667350292206,0.5139893889427185,0.40079647302627563,-0.10275501757860184,0.5172415971755981,0.3910570740699768,-0.08662440627813339,0.533837080001831,0.40548956394195557,-0.03411644697189331,0.5142711400985718,0.40050092339515686,-0.11201126873493195,0.512394368648529,0.4127323031425476,-0.090886689722538,0.3983553946018219,0.38633447885513306,0.1124272271990776,0.39836186170578003,0.39191848039627075,0.08235211670398712,0.40271100401878357,0.39450791478157043,0.05538724735379219,0.4521023631095886,0.3475361466407776,0.19853834807872772,0.45309126377105713,0.3393175005912781,0.20783650875091553,0.22631995379924774,0.5033009052276611,-0.024318382143974304,0.2470446527004242,0.4874265789985657,-0.024318382143974304,0.21499451994895935,0.49456119537353516,-0.024318382143974304,0.20579539239406586,0.5189084410667419,-0.024318382143974304,0.2375383973121643,0.5118916630744934,-0.024318382143974304,0.4411453306674957,0.35392409563064575,0.1608954817056656,0.4544193744659424,0.3462308645248413,0.1608954817056656,0.4301045835018158,0.34447014331817627,0.1608954817056656,0.4273378551006317,0.36195483803749084,0.1608954817056656,0.4518818259239197,0.3633740544319153,0.1608954817056656,0,0,0,0,0,1,1,0,0,0,0,0,0.053606197237968445,0.049485716968774796,0.06028673052787781,0.050274088978767395,0.022451011463999748,0.04389967396855354,0.0775308758020401,0.07305163890123367,0.09193118661642075,0.101131871342659,1.2190895080566406,0.23478078842163086,Neutral,-5.509893417358398,-4.42667293548584
284,9.466666666666667,33.857170642336314,-6.036974906702534,0.8497838686807383,0.5530571937561035,0.41961532831192017,-0.08243755996227264,0.507746696472168,0.367085337638855,-0.11515481024980545,0.5148388743400574,0.4072733223438263,-0.07319123297929764,0.4218445122241974,0.38057246804237366,-0.08786449581384659,0.48764947056770325,0.35854893922805786,-0.11706364154815674,0.4583170711994171,0.3605899214744568,-0.10214479267597198,0.3762844502925873,0.3757084012031555,-0.02862522564828396,0.24044349789619446,0.5125480890274048,-0.07229222357273102,0.3250929117202759,0.3692980408668518,0.0010816107969731092,0.3014523386955261,0.3590620756149292,0.00724805099889636,0.2148958146572113,0.3462216854095459,0.0516166128218174,0.5562735795974731,0.42171454429626465,-0.08158312737941742,0.5572178363800049,0.4252094626426697,-0.07712109386920929,0.5553796291351318,0.4287700951099396,-0.07027899473905563,0.625900387763977,0.4619050621986389,-0.06033995747566223,0.6370279788970947,0.46534451842308044,-0.06589937955141068,0.64693683385849,0.46987390518188477,-0.07261926680803299,0.6531612873077393,0.4754927456378937,-0.07226335257291794,0.664385199546814,0.4748244881629944,-0.06111619621515274,0.51600581407547,0.38097792863845825,-0.10757295787334442,0.4966748356819153,0.40842509269714355,-0.09467941522598267,0.08894997835159302,0.6094831824302673,-0.03402697667479515,0.3017284870147705,0.4699498116970062,-0.05148367956280708,0.2892177999019623,0.48733067512512207,-0.06699885427951813,0.2739505171775818,0.5048723220825195,-0.07670861482620239,0.2376977503299713,0.5267369151115417,-0.07989233732223511,0.3101474642753601,0.453523725271225,-0.03178209811449051,0.2288116216659546,0.4665032923221588,-0.06572042405605316,0.24868673086166382,0.44827091693878174,-0.04366498813033104,0.21366968750953674,0.48789867758750916,-0.07685281336307526,0.20812909305095673,0.5056045055389404,-0.08031401038169861,0.23703017830848694,0.5503989458084106,-0.08452507853507996,0.6393934488296509,0.5614722967147827,-0.10291363298892975,0.22695282101631165,0.5193871259689331,-0.07097139954566956,0.1764272153377533,0.6419827342033386,-0.04868241772055626,0.20285050570964813,0.5668377876281738,-0.07879149913787842,0.39656221866607666,0.49685755372047424,-0.09965696930885315,0.5241802930831909,0.44324398040771484,-0.09989112615585327,0.5350670218467712,0.4478604793548584,-0.09279171377420425,0.5047515630722046,0.4729217290878296,-0.10989850759506226,0.4945313334465027,0.49453362822532654,-0.10873440653085709,0.5171383619308472,0.470930278301239,-0.10089264065027237,0.5064600110054016,0.4895555377006531,-0.09695757925510406,0.5414631962776184,0.5555926561355591,-0.09906499832868576,0.4962371289730072,0.38048145174980164,-0.12436844408512115,0.47519832849502563,0.3743037283420563,-0.1278366595506668,0.16622872650623322,0.5225936770439148,-0.09486271440982819,0.37271180748939514,0.44848552346229553,-0.057925306260585785,0.44636470079421997,0.44783514738082886,-0.11267264187335968,0.4307895302772522,0.45063793659210205,-0.10564514994621277,0.3464389443397522,0.5576626658439636,-0.12848159670829773,0.44831958413124084,0.37571534514427185,-0.11317646503448486,0.19104799628257751,0.4618828594684601,-0.07820852100849152,0.17211100459098816,0.49322932958602905,-0.09087500721216202,0.07996311783790588,0.5572760105133057,-0.04247821494936943,0.27696388959884644,0.3923972249031067,-0.027060940861701965,0.27094537019729614,0.43588459491729736,-0.02416698820888996,0.5041947364807129,0.5597242712974548,-0.10799798369407654,0.40140047669410706,0.7411680221557617,-0.04560758173465729,0.46778860688209534,0.44233930110931396,-0.09474975615739822,0.4849100708961487,0.4314935803413391,-0.0823066309094429,0.49745845794677734,0.526251494884491,-0.09546719491481781,0.5039286613464355,0.5213851928710938,-0.0900876447558403,0.15000133216381073,0.49846917390823364,-0.08503251522779465,0.4509195387363434,0.4603288769721985,-0.1036207377910614,0.2232569307088852,0.42883366346359253,-0.05566832050681114,0.20723319053649902,0.42323359847068787,-0.05677201598882675,0.12568683922290802,0.4394375681877136,-0.02904963307082653,0.11884285509586334,0.5235415697097778,-0.060307811945676804,0.16879622638225555,0.42490354180336,-0.03617481142282486,0.14513318240642548,0.5336605906486511,-0.08543238788843155,0.12266792356967926,0.5702241659164429,-0.05305040255188942,0.5309610962867737,0.4457303583621979,-0.09887664020061493,0.5110020041465759,0.4719572961330414,-0.10650845617055893,0.5002920627593994,0.49229925870895386,-0.10404267907142639,0.4739198386669159,0.4430496394634247,-0.08578917384147644,0.5010650157928467,0.5237736701965332,-0.09170615673065186,0.5244007110595703,0.5262179374694824,-0.09226642549037933,0.506033182144165,0.5192917585372925,-0.08888860791921616,0.47499585151672363,0.41609737277030945,-0.11723734438419342,0.5095556974411011,0.4877757728099823,-0.09272096306085587,0.5202164649963379,0.4698202311992645,-0.09274230897426605,0.5366628766059875,0.4496893882751465,-0.08678233623504639,0.6423922777175903,0.5004369020462036,-0.0789308026432991,0.623860239982605,0.5041646957397461,-0.0908237025141716,0.6188520193099976,0.49739527702331543,-0.09103641659021378,0.6109224557876587,0.49022233486175537,-0.0839228481054306,0.6027727723121643,0.48418867588043213,-0.07747052609920502,0.5526270270347595,0.5111405849456787,-0.0855206698179245,0.5520932674407959,0.5168867111206055,-0.09009359776973724,0.5512142777442932,0.5242804288864136,-0.09595222026109695,0.5503360033035278,0.5310324430465698,-0.09770926088094711,0.48347708582878113,0.5097286701202393,-0.10854923725128174,0.2619248032569885,0.7280304431915283,-0.010854080319404602,0.5157557129859924,0.39453452825546265,-0.0844968855381012,0.5309834480285645,0.5166230201721191,-0.08602307736873627,0.5279906392097473,0.5213074684143066,-0.08947198837995529,0.49762019515037537,0.4295493960380554,-0.08617716282606125,0.4651089310646057,0.4660436511039734,-0.08358146250247955,0.4919493794441223,0.4302195608615875,-0.08411447703838348,0.36855775117874146,0.47105032205581665,-0.07365693151950836,0.35864830017089844,0.5015357136726379,-0.09811821579933167,0.4348115026950836,0.4628258943557739,-0.09864798188209534,0.09095150232315063,0.5005122423171997,-0.0428755097091198,0.13299156725406647,0.475645512342453,-0.05392887815833092,0.1713119000196457,0.4612828493118286,-0.07459243386983871,0.5743718147277832,0.5437976717948914,-0.09852006286382675,0.2518610656261444,0.38321787118911743,-0.029732419177889824,0.20837947726249695,0.3851385712623596,-0.00756371533498168,0.16703331470489502,0.3904195725917816,0.004028091207146645,0.25479212403297424,0.5196370482444763,-0.08083344250917435,0.23253536224365234,0.5795104503631592,-0.09381935000419617,0.31305718421936035,0.4415900707244873,-0.020549006760120392,0.1981179565191269,0.5311468243598938,-0.0851929634809494,0.37130627036094666,0.42951539158821106,-0.051554255187511444,0.4522794485092163,0.42259475588798523,-0.12050173431634903,0.24464157223701477,0.6137619018554688,-0.09923385828733444,0.25864291191101074,0.5704375505447388,-0.10636407136917114,0.2899393141269684,0.5468207597732544,-0.1037306934595108,0.3183108866214752,0.5085535049438477,-0.08228033781051636,0.3323501646518707,0.47924375534057617,-0.06025959178805351,0.3410608470439911,0.45594143867492676,-0.04402617737650871,0.36746472120285034,0.3923152685165405,-0.039946042001247406,0.2942989468574524,0.6253414154052734,-0.11669609695672989,0.18127378821372986,0.5465553402900696,-0.08770319074392319,0.5085300207138062,0.3881779909133911,-0.11524946987628937,0.39710521697998047,0.44876909255981445,-0.07113456726074219,0.15625716745853424,0.6877957582473755,-0.004311725031584501,0.34517136216163635,0.4359893500804901,-0.0314166434109211,0.431138813495636,0.4735092520713806,-0.07937394082546234,0.2184261977672577,0.5283252000808716,-0.0754198282957077,0.4347877502441406,0.42626523971557617,-0.11032121628522873,0.3254329562187195,0.7411038875579834,-0.02455337904393673,0.3056536316871643,0.4388948082923889,-0.014582176692783833,0.439922571182251,0.39827263355255127,-0.11604245007038116,0.5154418349266052,0.6616191267967224,-0.10165350139141083,0.5371345281600952,0.6938174366950989,-0.08340030163526535,0.2738034129142761,0.6826126575469971,-0.06586986780166626,0.4585019648075104,0.6870944499969482,-0.09867505729198456,0.14345455169677734,0.6071581244468689,-0.04519149661064148,0.6639491319656372,0.5792664289474487,-0.10485202074050903,0.509149432182312,0.4004064202308655,-0.08850421756505966,0.3973287343978882,0.4722326695919037,-0.08045180141925812,0.18969155848026276,0.589245080947876,-0.0758930891752243,0.2647368609905243,0.4944959580898285,-0.06965343654155731,0.2794247269630432,0.4800918698310852,-0.06174404174089432,0.5201455950737,0.531095564365387,-0.09451757371425629,0.34151649475097656,0.6442701816558838,-0.11614484339952469,0.7234159111976624,0.5551422238349915,-0.08419226855039597,0.6442015171051025,0.6247764229774475,-0.09078669548034668,0.5987719893455505,0.6571534872055054,-0.08816422522068024,0.25191742181777954,0.3482469916343689,0.03272880241274834,0.7513300180435181,0.5177690386772156,-0.053092606365680695,0.28986334800720215,0.46658605337142944,-0.0477263517677784,0.2984631359577179,0.4525768756866455,-0.03293571621179581,0.30366799235343933,0.4434381127357483,-0.02050189860165119,0.162163645029068,0.5627940893173218,-0.07884391397237778,0.2833484709262848,0.44810187816619873,-0.030734263360500336,0.26634877920150757,0.4611031711101532,-0.04486505314707756,0.2517911493778229,0.4759750962257385,-0.058192603290081024,0.2393452227115631,0.4926501214504242,-0.06839271634817123,0.23278720676898956,0.5049300789833069,-0.07192966341972351,0.1124858409166336,0.650646984577179,-0.016320114955306053,0.25223055481910706,0.5046516060829163,-0.07253693789243698,0.5282324552536011,0.41172724962234497,-0.07177893072366714,0.4858066439628601,0.48424744606018066,-0.10358791053295135,0.46664339303970337,0.43622148036956787,-0.09865491837263107,0.5109257698059082,0.43666595220565796,-0.09154714643955231,0.34753134846687317,0.37775981426239014,-0.005717028398066759,0.5703737139701843,0.6359858512878418,-0.09872568398714066,0.6170657277107239,0.6105531454086304,-0.10031438618898392,0.7056799530982971,0.5417884588241577,-0.09822778403759003,0.4746069014072418,0.7224425673484802,-0.06746599823236465,0.2981279194355011,0.44123226404190063,-0.02110251411795616,0.3946390151977539,0.4054742455482483,-0.06599166244268417,0.7354801297187805,0.5040018558502197,-0.06895370036363602,0.6865330338478088,0.5906985998153687,-0.09543504565954208,0.33030810952186584,0.6982945799827576,-0.07434505224227905,0.5781934857368469,0.5002949237823486,-0.08430229127407074,0.5809140801429749,0.5074735879898071,-0.09027533233165741,0.5846384763717651,0.5155655145645142,-0.09709540009498596,0.5884079337120056,0.5231370329856873,-0.098392054438591,0.6090221405029297,0.5258004069328308,-0.09540694206953049,0.5016072988510132,0.5066776871681213,-0.09412223100662231,0.49614256620407104,0.5097194910049438,-0.09930449724197388,0.49084311723709106,0.512256383895874,-0.10364679992198944,0.4893633723258972,0.5358090996742249,-0.1108599603176117,0.37927231192588806,0.603383481502533,-0.13023413717746735,0.3684900999069214,0.40985772013664246,-0.04335251823067665,0.3064751923084259,0.41628944873809814,-0.002811670769006014,0.29752132296562195,0.4297606945037842,-0.012300068512558937,0.5050154328346252,0.5039887428283691,-0.0910777598619461,0.43225958943367004,0.6434585452079773,-0.11550936102867126,0.3238027095794678,0.39675623178482056,-0.014732439070940018,0.6207945346832275,0.5452834963798523,-0.09671799838542938,0.43059250712394714,0.36640337109565735,-0.07665453851222992,0.3960106372833252,0.3868470788002014,-0.06257203966379166,0.404592901468277,0.37133821845054626,-0.05103176832199097,0.4168255925178528,0.4256671071052551,-0.0836443081498146,0.7105627059936523,0.4913085699081421,-0.07239216566085815,0.6833558082580566,0.48315054178237915,-0.06604288518428802,0.6585991978645325,0.5135766267776489,-0.08577186614274979,0.5376901626586914,0.5782860517501831,-0.10390591621398926,0.43449074029922485,0.49547073245048523,-0.09118250012397766,0.580971360206604,0.5669393539428711,-0.10030563175678253,0.39878231287002563,0.534889280796051,-0.12181229144334793,0.4430241584777832,0.5185698866844177,-0.10757747292518616,0.4200153350830078,0.571840763092041,-0.12703412771224976,0.6818246841430664,0.5264467597007751,-0.09868977963924408,0.4155258536338806,0.4484308362007141,-0.08299452066421509,0.546208918094635,0.60746169090271,-0.10609430819749832,0.5945478081703186,0.5873763561248779,-0.1012784019112587,0.49416521191596985,0.5807485580444336,-0.11625081300735474,0.38521045446395874,0.659683346748352,-0.11185096949338913,0.48099392652511597,0.6172183752059937,-0.11760704964399338,0.3907630741596222,0.7030665278434753,-0.08581238240003586,0.45881685614585876,0.5478044152259827,-0.11700260639190674,0.3957706093788147,0.42708373069763184,-0.06835781782865524,0.4678385853767395,0.4185367226600647,-0.12269943207502365,0.4587517976760864,0.4432413578033447,-0.10902859270572662,0.46351683139801025,0.39682072401046753,-0.127398282289505,0.2760641872882843,0.4197387397289276,-0.018113115802407265,0.24019786715507507,0.440748929977417,-0.04527375102043152,0.21521088480949402,0.4640578031539917,-0.06919097900390625,0.19871599972248077,0.4886913597583771,-0.08442588895559311,0.1917363405227661,0.5112031102180481,-0.08883920311927795,0.21208110451698303,0.5459086298942566,-0.07812494039535522,0.22270828485488892,0.6643506288528442,-0.061207063496112823,0.2554524540901184,0.5421737432479858,-0.08813648670911789,0.2802693247795105,0.5244879126548767,-0.08386723697185516,0.3016397953033447,0.4988609552383423,-0.0713440477848053,0.31656473875045776,0.474152147769928,-0.052374113351106644,0.3251860737800598,0.4542793333530426,-0.03274286165833473,0.3304678201675415,0.4390324056148529,-0.02158483862876892,0.20733441412448883,0.7103158831596375,-0.00228343834169209,0.4616200625896454,0.45151227712631226,-0.0998382419347763,0.41818490624427795,0.40072178840637207,-0.08839278668165207,0.4827819764614105,0.39618566632270813,-0.12590909004211426,0.496384859085083,0.39985716342926025,-0.11114921420812607,0.4840189814567566,0.403923362493515,-0.11749140173196793,0.4693252444267273,0.4544465243816376,-0.08858407288789749,0.502105712890625,0.39439719915390015,-0.11456773430109024,0.5035500526428223,0.405449241399765,-0.09156297892332077,0.31234467029571533,0.43244582414627075,-0.008616655133664608,0.32835516333580017,0.4240717887878418,-0.009832115843892097,0.34083250164985657,0.4172855019569397,-0.02030184492468834,0.22942373156547546,0.5128186941146851,-0.07269353419542313,0.20794527232646942,0.5204099416732788,-0.07955968379974365,0.4417482018470764,0.35891467332839966,-0.05311325192451477,0.42150893807411194,0.35531848669052124,0.17797893285751343,0.5195599794387817,0.3836774528026581,-0.06848742067813873,0.3603402078151703,0.3392350673675537,0.3702755868434906,0.4127825200557709,0.3760697841644287,0.11042428016662598,0.42152857780456543,0.37184619903564453,0.1275830864906311,0.4275040030479431,0.36678677797317505,0.1472553163766861,0.4214244782924652,0.3609992265701294,0.18472547829151154,0.4047841429710388,0.37696462869644165,0.09635840356349945,0.39617225527763367,0.34249791502952576,0.13422845304012299,0.3889913260936737,0.34880903363227844,0.11465977877378464,0.4031866490840912,0.3396553695201874,0.15450380742549896,0.40875956416130066,0.3417328894138336,0.17068292200565338,0.4292536973953247,0.3642200231552124,0.20056268572807312,0.7142469882965088,0.45301568508148193,0.016367394477128983,0.4184154272079468,0.3535325527191162,0.19083908200263977,0.4408040940761566,0.36038920283317566,0.3454798758029938,0.4162923991680145,0.35698187351226807,0.24174445867538452,0.5172176361083984,0.3634045720100403,0.06428512185811996,0.565852165222168,0.39593321084976196,-0.058109380304813385,0.5706806778907776,0.4064757525920868,-0.05410608649253845,0.5818629860877991,0.38103556632995605,-0.023114768788218498,0.594345211982727,0.3755626082420349,0.011664041317999363,0.5818134546279907,0.3941502571105957,-0.025318510830402374,0.5917232632637024,0.38795819878578186,0.004630775656551123,0.6557960510253906,0.41394031047821045,0.05683662369847298,0.5155391693115234,0.35955607891082764,-0.10195133835077286,0.4971342980861664,0.3505887985229492,-0.10114436596632004,0.4004892408847809,0.3253970742225647,0.20387035608291626,0.4449521005153656,0.3702061176300049,0.047977421432733536,0.5227099657058716,0.35922113060951233,-0.013135580345988274,0.5096723437309265,0.3598492741584778,-0.0030623425263911486,0.5352377891540527,0.3504621386528015,0.14347973465919495,0.4691562354564667,0.3527771234512329,-0.07904649525880814,0.387987345457077,0.3184697926044464,0.13074180483818054,0.39499935507774353,0.31835028529167175,0.17028409242630005,0.3339478671550751,0.3172153830528259,0.31886976957321167,0.37156942486763,0.34389281272888184,0.04218566045165062,0.3849300444126129,0.35716021060943604,0.10462649166584015,0.6374471783638,0.4001203179359436,0.08029571175575256,0.6235852241516113,0.45749953389167786,0.3374035656452179,0.5254985690116882,0.3743098974227905,-0.021445991471409798,0.5228521227836609,0.3866267502307892,-0.04576949030160904,0.6186869740486145,0.38071656227111816,0.06753842532634735,0.6151765584945679,0.38688525557518005,0.05285429581999779,0.3845711350440979,0.3106014132499695,0.19235306978225708,0.5285612940788269,0.368694543838501,-0.005700220353901386,0.379273921251297,0.3253873586654663,0.08716394752264023,0.3686313033103943,0.31467175483703613,0.09056998044252396,0.27847298979759216,0.306436151266098,0.17747198045253754,0.3501146137714386,0.3057314157485962,0.24611355364322662,0.30235809087753296,0.307350754737854,0.13397976756095886,0.38896599411964417,0.32084017992019653,0.23512646555900574,0.37550121545791626,0.32181960344314575,0.2952673137187958,0.5702455043792725,0.4005405306816101,-0.05746670067310333,0.5830708742141724,0.38714855909347534,-0.02467520162463188,0.5940460562705994,0.38075965642929077,0.005766762420535088,0.5250808596611023,0.38115763664245605,-0.02527483180165291,0.6173449754714966,0.3838430345058441,0.058904018253088,0.6338608264923096,0.3924065828323364,0.034400977194309235,0.6130279302597046,0.38909825682640076,0.049927737563848495,0.5204825401306152,0.3652469515800476,-0.04949786141514778,0.5881562829017639,0.3938874900341034,0.003891921369358897,0.5787086486816406,0.4005622863769531,-0.021333828568458557,0.5684959888458252,0.41254621744155884,-0.04697734862565994,0.6761285066604614,0.4556601643562317,-0.03947192057967186,0.6691850423812866,0.4474788308143616,-0.0478534996509552,0.6616800427436829,0.44363367557525635,-0.04705897718667984,0.6499394178390503,0.44172000885009766,-0.03987497091293335,0.6377179622650146,0.44151613116264343,-0.035884737968444824,0.6330031156539917,0.4124351739883423,0.011655611917376518,0.6399111151695251,0.4085225462913513,0.007097932510077953,0.6484158039093018,0.404293417930603,0.004988314583897591,0.6547648906707764,0.4018876850605011,0.01166608277708292,0.5901939868927002,0.38313066959381104,0.030847271904349327,0.5169855356216431,0.43315935134887695,0.4170222282409668,0.6245353817939758,0.40196847915649414,0.03493683785200119,0.6299358606338501,0.3968518376350403,0.032248008996248245,0.5277435779571533,0.3937779664993286,-0.049967601895332336,0.5346864461898804,0.38225650787353516,-0.004823892842978239,0.5256217122077942,0.3901654779911041,-0.04858333244919777,0.465353399515152,0.3663140535354614,0.06857115030288696,0.4933551251888275,0.3565548062324524,0.09522628784179688,0.5179503560066223,0.36618417501449585,0.007668848615139723,0.30681541562080383,0.30535823106765747,0.2512396275997162,0.3256816267967224,0.3016428053379059,0.19277521967887878,0.3773078918457031,0.30793312191963196,0.14575764536857605,0.6672426462173462,0.42459356784820557,0.030025295913219452,0.35690563917160034,0.3271523118019104,0.046048711985349655,0.2804657816886902,0.3232300281524658,0.08135932683944702,0.2503766417503357,0.31910425424575806,0.10787847638130188,0.4269718825817108,0.363766610622406,0.168157696723938,0.4367598295211792,0.3690011501312256,0.22342708706855774,0.398921936750412,0.37633293867111206,0.0935290977358818,0.40960556268692017,0.34397342801094055,0.20414385199546814,0.42616385221481323,0.3702525496482849,0.03293868526816368,0.5134048461914062,0.35393887758255005,-0.040148619562387466,0.4907822012901306,0.3478456139564514,0.2618171274662018,0.4544743001461029,0.37218040227890015,0.19214345514774323,0.4640301465988159,0.3753148913383484,0.149631068110466,0.45437294244766235,0.3809499442577362,0.11177805811166763,0.4387706518173218,0.38453906774520874,0.08707527816295624,0.42729926109313965,0.3842981457710266,0.06580520421266556,0.39029961824417114,0.3684145212173462,-0.0038353533018380404,0.5361123085021973,0.355898380279541,0.2441062182188034,0.40564748644828796,0.34001755714416504,0.2276933789253235,0.5202915668487549,0.3756628632545471,-0.09735367447137833,0.46790045499801636,0.36997032165527344,0.031084353104233742,0.42353737354278564,0.3962114155292511,0.434978187084198,0.41681742668151855,0.3820342421531677,0.054487552493810654,0.5170801877975464,0.3731952905654907,0.027802415192127228,0.4156871438026428,0.3545433282852173,0.20001326501369476,0.4973086416721344,0.3557015061378479,-0.028817953541874886,0.5695399045944214,0.44579392671585083,0.38448625802993774,0.3936265707015991,0.3741786479949951,0.10465658456087112,0.48170027136802673,0.35215508937835693,-0.056267865002155304,0.6844503879547119,0.43100056052207947,0.16832531988620758,0.6998046040534973,0.46184709668159485,0.20666372776031494,0.5339936017990112,0.38579994440078735,0.3281106948852539,0.6589158773422241,0.424504816532135,0.21882417798042297,0.4036361873149872,0.3418765664100647,0.32847335934638977,0.7389683127403259,0.4629824459552765,0.023979324847459793,0.5190519690513611,0.3902318477630615,-0.07773050665855408,0.4903639554977417,0.3689461350440979,0.04628421738743782,0.41165798902511597,0.3611968755722046,0.277248352766037,0.4216982126235962,0.3605227470397949,0.150560662150383,0.4157772362232208,0.3652156591415405,0.13328200578689575,0.6368908882141113,0.3887988030910492,0.0416276752948761,0.5770610570907593,0.37069612741470337,0.23175200819969177,0.762122631072998,0.49095723032951355,-0.008104094304144382,0.7423437833786011,0.46983665227890015,0.09654290974140167,0.7253637313842773,0.46552592515945435,0.14747931063175201,0.40785375237464905,0.3691089153289795,0.11881808191537857,0.39971494674682617,0.37145698070526123,0.11056318134069443,0.39565709233283997,0.3733254075050354,0.10810215026140213,0.3946242928504944,0.33951622247695923,0.2617734372615814,0.39521849155426025,0.3642011880874634,0.11430416256189346,0.4000592529773712,0.35804176330566406,0.12327259033918381,0.40614885091781616,0.3526120185852051,0.13740231096744537,0.41257408261299133,0.3493722677230835,0.1542862206697464,0.41662418842315674,0.3498433828353882,0.1671864539384842,0.38736340403556824,0.3647421896457672,0.41172000765800476,0.4227329194545746,0.3572012186050415,0.16636335849761963,0.5691853761672974,0.38337841629981995,0.001805582782253623,0.5247586369514465,0.3690001964569092,-0.028822243213653564,0.5452481508255005,0.39599090814590454,-0.048488274216651917,0.7076148390769958,0.4409671723842621,0.11966487765312195,0.721603512763977,0.4534749686717987,0.07212480157613754,0.7466651201248169,0.4784083366394043,-0.027977420017123222,0.6676146984100342,0.461698055267334,0.2737428545951843,0.39401623606681824,0.36985307931900024,0.10911254584789276,0.4334905743598938,0.36353692412376404,-0.009139476343989372,0.7564270496368408,0.4767252504825592,0.04372379556298256,0.5796952247619629,0.4012347459793091,0.30302301049232483,0.6391748785972595,0.42539066076278687,-0.011309739202260971,0.6493282914161682,0.4228188097476959,-0.014418140985071659,0.6601760983467102,0.4214058816432953,-0.017455771565437317,0.6693370938301086,0.4226304590702057,-0.014305208809673786,0.6753911375999451,0.43802663683891296,-0.0014488829765468836,0.6018507480621338,0.3858676254749298,0.032079052180051804,0.604524552822113,0.3798227310180664,0.03903330862522125,0.6057161092758179,0.3746330440044403,0.04436412453651428,0.6141562461853027,0.38866716623306274,0.06286660581827164,0.5826305150985718,0.36789214611053467,0.1641717255115509,0.406582772731781,0.36959975957870483,0.015579069033265114,0.38270875811576843,0.36728233098983765,0.07162141799926758,0.3863200545310974,0.36784228682518005,0.09697284549474716,0.5984117388725281,0.39052993059158325,0.03026839718222618,0.6335467100143433,0.39390844106674194,0.1837666630744934,0.38463202118873596,0.36545494198799133,0.029380254447460175,0.6900182962417603,0.4481264650821686,0.007142485119402409,0.4175097346305847,0.363441526889801,-0.03192064166069031,0.47352662682533264,0.3629021644592285,-0.009013574570417404,0.693645715713501,0.46359992027282715,-0.0360613577067852,0.6648153066635132,0.4158337116241455,0.07629292458295822,0.5396827459335327,0.37391239404678345,0.04318302869796753,0.6811158657073975,0.43251463770866394,0.04290406033396721,0.5543018579483032,0.36112529039382935,0.08975952118635178,0.5685829520225525,0.3740845024585724,0.06058347970247269,0.5928593873977661,0.37124645709991455,0.11505326628684998,0.7219432592391968,0.46825557947158813,-0.033049650490283966,0.4874131679534912,0.36713743209838867,0.011224166490137577,0.6845728754997253,0.42235225439071655,0.10064031928777695,0.6987429857254028,0.44050079584121704,0.05850481986999512,0.6428879499435425,0.39938342571258545,0.1009899377822876,0.6113650798797607,0.3859691917896271,0.22211165726184845,0.6518566608428955,0.40078240633010864,0.13387060165405273,0.6213713884353638,0.41526663303375244,0.27277761697769165,0.6019704341888428,0.38115012645721436,0.08202370256185532,0.4503476619720459,0.3671191930770874,0.01247698999941349,0.5206016302108765,0.3591238260269165,-0.04936358332633972,0.5272306203842163,0.3635333776473999,-0.0251474529504776,0.5053823590278625,0.3503490686416626,-0.06895726174116135,0.3786792755126953,0.3535884618759155,0.08476884663105011,0.3847963213920593,0.3403305411338806,0.10688585788011551,0.39326566457748413,0.3326725363731384,0.13077569007873535,0.4008544087409973,0.3296213746070862,0.15851162374019623,0.40612319111824036,0.3338391184806824,0.18308697640895844,0.4162694811820984,0.3562491834163666,0.21545663475990295,0.48808181285858154,0.37202975153923035,0.3428112268447876,0.43878671526908875,0.36726874113082886,0.1798141598701477,0.44237324595451355,0.3710532784461975,0.14995835721492767,0.43606600165367126,0.37653568387031555,0.12163955718278885,0.42382726073265076,0.3808266818523407,0.09959328174591064,0.41393470764160156,0.38165250420570374,0.08224724978208542,0.4062935709953308,0.3809235692024231,0.07192065566778183,0.4668908417224884,0.4187907576560974,0.43620190024375916,0.5292023420333862,0.3714645504951477,-0.017268560826778412,0.4568008780479431,0.35858702659606934,-0.029808493331074715,0.5181752443313599,0.35689717531204224,-0.07905025035142899,0.5199628472328186,0.37459200620651245,-0.08418859541416168,0.5195270776748657,0.3650910258293152,-0.06971941143274307,0.5302466154098511,0.3808753490447998,-0.019203515723347664,0.5214185118675232,0.373987078666687,-0.09236864000558853,0.520619809627533,0.38687723875045776,-0.07309302687644958,0.39275118708610535,0.37504059076309204,0.09053481370210648,0.3956449329853058,0.37785953283309937,0.06341512501239777,0.40252721309661865,0.3769102692604065,0.04016145318746567,0.4182676076889038,0.3513701260089874,0.1781906634569168,0.4121340811252594,0.3462764024734497,0.18745698034763336,0.2757439613342285,0.46714308857917786,-0.051928408443927765,0.2896135449409485,0.4511638283729553,-0.051928408443927765,0.26158517599105835,0.4604658782482147,-0.051928408443927765,0.26153764128685,0.48288071155548096,-0.051928408443927765,0.28972697257995605,0.4734775424003601,-0.051928408443927765,0.3921782970428467,0.3544378876686096,0.1403074413537979,0.40120914578437805,0.3482764661312103,0.1403074413537979,0.37834227085113525,0.3466612994670868,0.1403074413537979,0.3826388120651245,0.3608587980270386,0.1403074413537979,0.40531620383262634,0.36242997646331787,0.1403074413537979,0,0,0,0,0,0,0,0,0,0,0,0,0.09922176599502563,0.05550365522503853,0.08883988857269287,0.05267226696014404,0.021093279123306274,0.051429904997348785,0.035946112126111984,0.053280849009752274,0.06538157165050507,0.10357192903757095,0.5726553797721863,0.19099518656730652,Sadness,-26.634653091430664,-48.63550567626953
287,9.566666666666666,31.844558458181353,-13.740509495994589,0.9949127639558911,0.5295641422271729,0.46019846200942993,-0.06304437667131424,0.4770570993423462,0.3888215720653534,-0.10724848508834839,0.4928458333015442,0.4188494384288788,-0.05961420387029648,0.3944539427757263,0.4112299978733063,-0.09201022237539291,0.4553326666355133,0.38419654965400696,-0.11243278533220291,0.42522528767585754,0.388899028301239,-0.10231440514326096,0.34032222628593445,0.4098716676235199,-0.04533657431602478,0.2616081237792969,0.557978093624115,-0.08247850090265274,0.28545093536376953,0.4107351005077362,-0.027327436953783035,0.25784850120544434,0.4049016237258911,-0.02816990576684475,0.1551433801651001,0.4022865295410156,0.0035921272356063128,0.5364745855331421,0.45959168672561646,-0.060552723705768585,0.542443037033081,0.45814764499664307,-0.05426379665732384,0.5460864305496216,0.45619747042655945,-0.04342596232891083,0.6096323132514954,0.4554608464241028,-0.041085384786129,0.6210814714431763,0.4563015401363373,-0.042129628360271454,0.6328004598617554,0.45656487345695496,-0.04682975634932518,0.6436880826950073,0.4549863636493683,-0.0441797599196434,0.6380372047424316,0.44556498527526855,-0.02749081514775753,0.48747479915618896,0.39900460839271545,-0.09805430471897125,0.4779130816459656,0.42653000354766846,-0.08333271741867065,0.1366618275642395,0.676062285900116,-0.051062263548374176,0.3065839111804962,0.5038166642189026,-0.062065672129392624,0.30142316222190857,0.5225485563278198,-0.07601217180490494,0.29349836707115173,0.5423624515533447,-0.0851096585392952,0.26469966769218445,0.5705589056015015,-0.08820909261703491,0.30741527676582336,0.4877634048461914,-0.04409526288509369,0.23116999864578247,0.5192586183547974,-0.08279977738857269,0.2423742711544037,0.49875608086586,-0.0631377100944519,0.2261485904455185,0.5413729548454285,-0.09249669313430786,0.22874973714351654,0.5580067038536072,-0.09454946219921112,0.27573299407958984,0.5917696952819824,-0.0898481234908104,0.6495977640151978,0.527536153793335,-0.05931483954191208,0.25003835558891296,0.5668635964393616,-0.08198117464780807,0.23600947856903076,0.6859525442123413,-0.05416298285126686,0.24729743599891663,0.6155864596366882,-0.0867127850651741,0.41454052925109863,0.5162087082862854,-0.08960434049367905,0.5153276920318604,0.47896742820739746,-0.07927797734737396,0.5331711173057556,0.47381332516670227,-0.06919976323843002,0.5095659494400024,0.49385419487953186,-0.08852193504571915,0.5091028809547424,0.5018945336341858,-0.08865851908922195,0.5260103344917297,0.4857385456562042,-0.07805251330137253,0.5220234394073486,0.4933696985244751,-0.07564717531204224,0.576910674571991,0.5336333513259888,-0.07350002229213715,0.4714395999908447,0.40332359075546265,-0.11584768444299698,0.4498252868652344,0.4006469249725342,-0.12246185541152954,0.1991693526506424,0.5831543207168579,-0.11367074400186539,0.3661746680736542,0.4771895706653595,-0.0627790093421936,0.44779473543167114,0.4671727418899536,-0.10259418189525604,0.4327886700630188,0.4711121618747711,-0.09729836136102676,0.3898242115974426,0.5788801312446594,-0.1163041740655899,0.4217855930328369,0.404837429523468,-0.11224009841680527,0.19682691991329193,0.5251766443252563,-0.1036130040884018,0.1929360032081604,0.5564131736755371,-0.11365418136119843,0.11026100814342499,0.6306272745132446,-0.06815773993730545,0.25092560052871704,0.4440457224845886,-0.05337289720773697,0.25899767875671387,0.48279857635498047,-0.04379777982831001,0.5504975318908691,0.5443626642227173,-0.0831618458032608,0.4778415560722351,0.7251957654953003,-0.006226393394172192,0.4649393856525421,0.4582828879356384,-0.08348365128040314,0.47552669048309326,0.4464187026023865,-0.06989499926567078,0.5185341835021973,0.5067389607429504,-0.07388611882925034,0.5226917862892151,0.5018977522850037,-0.07009987533092499,0.1731206476688385,0.5663090944290161,-0.1105116531252861,0.4559946060180664,0.47586241364479065,-0.09168289601802826,0.2134246975183487,0.488301545381546,-0.08237138390541077,0.19502976536750793,0.488187700510025,-0.0873141661286354,0.10891814529895782,0.5120133757591248,-0.06806386262178421,0.13751600682735443,0.5956653952598572,-0.09166628122329712,0.15082792937755585,0.4933652877807617,-0.07773447781801224,0.1816813349723816,0.597412109375,-0.10586083680391312,0.1570676863193512,0.6364730596542358,-0.07805440574884415,0.5250362753868103,0.47710198163986206,-0.0771307423710823,0.5180538892745972,0.49036866426467896,-0.08465506136417389,0.5154589414596558,0.4981120824813843,-0.08333608508110046,0.47013944387435913,0.45744726061820984,-0.07397767156362534,0.5209808349609375,0.5042690634727478,-0.07106081396341324,0.5408793091773987,0.5021865963935852,-0.07240156084299088,0.5239313840866089,0.5001060962677002,-0.06914572417736053,0.4623444676399231,0.4365284740924835,-0.10793357342481613,0.5258104801177979,0.48927927017211914,-0.06915748119354248,0.5311635136604309,0.4813254773616791,-0.0669911727309227,0.5386691093444824,0.4702719748020172,-0.05956867337226868,0.6309583783149719,0.47044941782951355,-0.04441871866583824,0.626497745513916,0.4785049557685852,-0.062263984233140945,0.6167904138565063,0.4782733619213104,-0.06524310261011124,0.6062408089637756,0.47583332657814026,-0.06020067632198334,0.5964833498001099,0.4728851914405823,-0.05781275033950806,0.5592848658561707,0.49082276225090027,-0.06759698688983917,0.5609105825424194,0.494467556476593,-0.06954527646303177,0.5629616379737854,0.49876487255096436,-0.07414987683296204,0.5653688907623291,0.5018907785415649,-0.07457742840051651,0.5113075375556946,0.5080432891845703,-0.09079226106405258,0.34283286333084106,0.7433788776397705,0.010649305768311024,0.49025505781173706,0.4096381664276123,-0.0725727379322052,0.5433959364891052,0.49527809023857117,-0.06820493191480637,0.5422948598861694,0.49870648980140686,-0.070310078561306,0.48653849959373474,0.44172435998916626,-0.07143417745828629,0.47093507647514343,0.47712191939353943,-0.06960475444793701,0.4815196990966797,0.44391483068466187,-0.07076940685510635,0.37255245447158813,0.49814799427986145,-0.07373227179050446,0.3783036470413208,0.5275425910949707,-0.09321328997612,0.4407457709312439,0.48015809059143066,-0.08857813477516174,0.09964393079280853,0.5764036178588867,-0.07596852630376816,0.13375002145767212,0.5488442182540894,-0.0906631201505661,0.17680424451828003,0.5299956202507019,-0.1037411093711853,0.5954250693321228,0.5174595713615417,-0.07067698240280151,0.2204158902168274,0.4427601397037506,-0.06203773245215416,0.17388485372066498,0.44697415828704834,-0.052853167057037354,0.1283651888370514,0.4558994770050049,-0.0396871492266655,0.28004664182662964,0.5602439641952515,-0.08879274129867554,0.28379690647125244,0.6188855171203613,-0.0956488624215126,0.3051716089248657,0.47702232003211975,-0.03424311429262161,0.22996655106544495,0.5837249755859375,-0.09881430864334106,0.3566790521144867,0.46043509244918823,-0.059130385518074036,0.4445977210998535,0.44590407609939575,-0.11264917254447937,0.30150511860847473,0.6495034098625183,-0.09620218724012375,0.30896103382110596,0.6035972833633423,-0.10540813207626343,0.33208373188972473,0.5748836994171143,-0.10287799686193466,0.34408608078956604,0.5347512364387512,-0.0835014060139656,0.344814658164978,0.5056161880493164,-0.06484686583280563,0.3428712487220764,0.4836154580116272,-0.05227052420377731,0.33840978145599365,0.4271749258041382,-0.05475442484021187,0.358105331659317,0.6483502388000488,-0.10461503267288208,0.2195919007062912,0.6019593477249146,-0.1022859513759613,0.4835508167743683,0.4071331024169922,-0.10508129000663757,0.39337459206581116,0.4734584093093872,-0.07041336596012115,0.22779250144958496,0.7310456037521362,-0.00033878357498906553,0.338182270526886,0.4657658040523529,-0.04258474335074425,0.43971526622772217,0.4890996515750885,-0.06939564645290375,0.24634185433387756,0.5761112570762634,-0.08572481572628021,0.42747390270233154,0.4507629871368408,-0.1049303337931633,0.4077834486961365,0.740808367729187,0.005625494290143251,0.2959514856338501,0.47706398367881775,-0.02974223531782627,0.4218195974826813,0.4259907901287079,-0.11299546808004379,0.5702947378158569,0.6364846229553223,-0.06038806959986687,0.5905551910400391,0.6606125831604004,-0.03745433688163757,0.34899666905403137,0.7007858157157898,-0.051563333719968796,0.5238895416259766,0.6673936247825623,-0.05937450751662254,0.19093605875968933,0.6631569862365723,-0.061627812683582306,0.6743189692497253,0.5406355857849121,-0.0546579584479332,0.4865387976169586,0.41661953926086426,-0.07643461972475052,0.4039177894592285,0.49393782019615173,-0.07534992694854736,0.241571843624115,0.6386939287185669,-0.08243420720100403,0.2792774736881256,0.5358076691627502,-0.07977771013975143,0.2879471480846405,0.5190773010253906,-0.07246361672878265,0.5396162867546082,0.5053406357765198,-0.07345107942819595,0.409403920173645,0.6536096930503845,-0.09491005539894104,0.7134925723075867,0.5117282271385193,-0.03525849059224129,0.6682963371276855,0.5859057307243347,-0.04403785988688469,0.6371545791625977,0.620469331741333,-0.04241156205534935,0.19934658706188202,0.4020383358001709,-0.015230613760650158,0.7240453958511353,0.47252926230430603,-0.0069970665499567986,0.29245808720588684,0.5043105483055115,-0.059660766273736954,0.2946125864982605,0.4902988076210022,-0.04608023539185524,0.29582446813583374,0.4813353419303894,-0.03492625057697296,0.2055891752243042,0.6209748983383179,-0.09352502971887589,0.27413642406463623,0.4898131489753723,-0.04763143137097359,0.26114293932914734,0.5047652721405029,-0.06137104704976082,0.2525089979171753,0.5212621688842773,-0.07356546074151993,0.2477906495332718,0.5395834445953369,-0.08243606984615326,0.24780331552028656,0.5523221492767334,-0.08471280336380005,0.1735837161540985,0.7077898383140564,-0.023238863795995712,0.27060115337371826,0.5481399297714233,-0.08234640210866928,0.5086258053779602,0.4191003441810608,-0.05620887130498886,0.5014652013778687,0.48761990666389465,-0.08554840832948685,0.4620490074157715,0.45388561487197876,-0.08897136896848679,0.5044772028923035,0.4437459707260132,-0.0745808482170105,0.30978405475616455,0.4150349795818329,-0.02827288582921028,0.6122175455093384,0.6063907146453857,-0.05525742471218109,0.644465982913971,0.5758529901504517,-0.053357839584350586,0.6973557472229004,0.500872015953064,-0.04640784114599228,0.5397063493728638,0.695271372795105,-0.023454107344150543,0.28796151280403137,0.4810183048248291,-0.03729349002242088,0.3738749325275421,0.4363275170326233,-0.0730396956205368,0.7079933881759644,0.4613350033760071,-0.018887903541326523,0.6943536996841431,0.5491852164268494,-0.04711160808801651,0.40765810012817383,0.7017048597335815,-0.05010942369699478,0.5784851312637329,0.483930379152298,-0.06523400545120239,0.583823025226593,0.48774757981300354,-0.06821108609437943,0.5903591513633728,0.49168893694877625,-0.0735979825258255,0.5984481573104858,0.493923544883728,-0.0728464350104332,0.6146885752677917,0.4965927004814148,-0.06422758102416992,0.5208902955055237,0.4985664188861847,-0.07412675768136978,0.5163459181785583,0.5024529695510864,-0.07947827130556107,0.5111887454986572,0.5058972239494324,-0.0834728255867958,0.5286554098129272,0.5272767543792725,-0.09130329638719559,0.43531233072280884,0.6102070212364197,-0.10818850994110107,0.3460616171360016,0.44313156604766846,-0.05494854971766472,0.2879071533679962,0.45710432529449463,-0.023697149008512497,0.28363534808158875,0.47101330757141113,-0.03120831586420536,0.5237284898757935,0.4952864348888397,-0.06982609629631042,0.49361300468444824,0.6344407200813293,-0.0838056281208992,0.2988746166229248,0.4372134804725647,-0.03555765375494957,0.6299446225166321,0.5136065483093262,-0.05935433879494667,0.396974116563797,0.39645910263061523,-0.0822940468788147,0.3680913746356964,0.4193917512893677,-0.07303658127784729,0.36989104747772217,0.40318161249160767,-0.06277859210968018,0.40634778141975403,0.45148351788520813,-0.08319193124771118,0.6830974221229553,0.4538927674293518,-0.027786314487457275,0.6569086313247681,0.45025333762168884,-0.02671126089990139,0.6488537788391113,0.4804551899433136,-0.04546588659286499,0.5766973495483398,0.5583189129829407,-0.07375212758779526,0.4519912600517273,0.507937490940094,-0.07846732437610626,0.6065845489501953,0.539881706237793,-0.06648144870996475,0.4328168034553528,0.5482199192047119,-0.10520042479038239,0.4711088538169861,0.5254088640213013,-0.09178747236728668,0.4661257863044739,0.5758340954780579,-0.10441555827856064,0.6731685996055603,0.49007946252822876,-0.052591267973184586,0.41385769844055176,0.4707494080066681,-0.07904615998268127,0.5876630544662476,0.5850124955177307,-0.06933370977640152,0.6209139227867126,0.5576636791229248,-0.06062854453921318,0.5423086285591125,0.5681610107421875,-0.08795077353715897,0.4536477327346802,0.6577736735343933,-0.08319669216871262,0.5339376926422119,0.6034213304519653,-0.08603489398956299,0.4652062654495239,0.6938776969909668,-0.05250963941216469,0.5001084208488464,0.5461609363555908,-0.09649424999952316,0.38317209482192993,0.4551743268966675,-0.0716288611292839,0.4574783444404602,0.4401296079158783,-0.11399897187948227,0.45791035890579224,0.46134811639785767,-0.09803382307291031,0.4461461901664734,0.4226333200931549,-0.12097708880901337,0.2590607702732086,0.46697163581848145,-0.04176686704158783,0.2324724793434143,0.4942472279071808,-0.06850893050432205,0.21881595253944397,0.52073734998703,-0.09020774066448212,0.2138885110616684,0.5463714599609375,-0.10308302938938141,0.21677087247371674,0.5675716400146484,-0.10585819184780121,0.2483893483877182,0.5936231017112732,-0.08760646730661392,0.29150065779685974,0.6962804198265076,-0.05635768175125122,0.29177460074424744,0.57973712682724,-0.09257737547159195,0.3100638687610626,0.5580502152442932,-0.08854295313358307,0.3205678164958954,0.5299620628356934,-0.07698924094438553,0.3244422376155853,0.5044543743133545,-0.060150086879730225,0.3242630362510681,0.48531201481819153,-0.04341128095984459,0.32299408316612244,0.47118380665779114,-0.03410061076283455,0.2841186821460724,0.7401849627494812,0.010175926610827446,0.4629586637020111,0.46694284677505493,-0.08801490068435669,0.39815205335617065,0.429967999458313,-0.09042346477508545,0.4635908305644989,0.4193231165409088,-0.11739704757928848,0.4752129912376404,0.4198231101036072,-0.10111263394355774,0.46592891216278076,0.4253624677658081,-0.10860335826873779,0.47048747539520264,0.4672287106513977,-0.0759270191192627,0.4793953597545624,0.4139995276927948,-0.10436295717954636,0.48291081190109253,0.42258092761039734,-0.07989116758108139,0.3003815710544586,0.46958673000335693,-0.02438128925859928,0.31434059143066406,0.4588932394981384,-0.025845123454928398,0.32517486810684204,0.4508000612258911,-0.03517020121216774,0.24893233180046082,0.560403048992157,-0.08431566506624222,0.2342660129070282,0.5713639855384827,-0.09212103486061096,0.4035220146179199,0.38639676570892334,-0.05944254621863365,0.37050890922546387,0.3710501194000244,0.15102025866508484,0.48846539855003357,0.3971278667449951,-0.058616820722818375,0.27431434392929077,0.36034461855888367,0.3249332308769226,0.3773645758628845,0.38858282566070557,0.08895687013864517,0.3815705180168152,0.38295912742614746,0.10533604025840759,0.3841371536254883,0.3776343762874603,0.12402720749378204,0.37870174646377563,0.37518948316574097,0.1589132845401764,0.3712623119354248,0.39203113317489624,0.07510310411453247,0.3400818705558777,0.3730659484863281,0.10419420152902603,0.33860382437705994,0.3800297975540161,0.08482483774423599,0.34379979968070984,0.36819371581077576,0.12414401024580002,0.3503355383872986,0.3667263388633728,0.14033491909503937,0.3925245404243469,0.3746873736381531,0.1758975237607956,0.6694594621658325,0.4175679683685303,0.049849312752485275,0.3684816062450409,0.37061047554016113,0.16241689026355743,0.36183056235313416,0.3631092309951782,0.31264638900756836,0.38133659958839417,0.3735857605934143,0.21253344416618347,0.46430903673171997,0.37241917848587036,0.06268054246902466,0.53080153465271,0.4385642409324646,-0.04032028466463089,0.546319842338562,0.4392348825931549,-0.03323874995112419,0.5399419665336609,0.4173416793346405,-0.007583457976579666,0.5480203032493591,0.402271568775177,0.022236982360482216,0.5500298142433167,0.42277947068214417,-0.007944565266370773,0.5540547966957092,0.4094674289226532,0.017582327127456665,0.6142385005950928,0.39377909898757935,0.06717247515916824,0.4800010919570923,0.37934815883636475,-0.09475226700305939,0.45975446701049805,0.37321317195892334,-0.09746326506137848,0.3339398503303528,0.3585587739944458,0.16609451174736023,0.39819350838661194,0.3903886079788208,0.03718883916735649,0.4786980152130127,0.37150317430496216,-0.008480893447995186,0.4645810127258301,0.37373027205467224,-0.00040451271343044937,0.4693700671195984,0.35432493686676025,0.1357852816581726,0.4310981035232544,0.3785235285758972,-0.0802946463227272,0.31266847252845764,0.361666738986969,0.0906471535563469,0.32118284702301025,0.3575090765953064,0.12997925281524658,0.24522119760513306,0.3463185429573059,0.26788488030433655,0.3128044009208679,0.38522711396217346,0.010506550781428814,0.34059804677963257,0.387123167514801,0.0768078938126564,0.5968588590621948,0.38482433557510376,0.08704452961683273,0.5620083808898926,0.4290546774864197,0.34854018688201904,0.48787498474121094,0.3855266869068146,-0.014062744565308094,0.49015021324157715,0.3972393870353699,-0.03539745509624481,0.5662779808044434,0.3827679753303528,0.07299678027629852,0.5666826367378235,0.3888223171234131,0.0584968626499176,0.3091731667518616,0.3553428649902344,0.14822806417942047,0.48603102564811707,0.3787161409854889,0.0007317311828956008,0.30858778953552246,0.3700103461742401,0.05008562281727791,0.29180002212524414,0.36650413274765015,0.049804601818323135,0.19662125408649445,0.3473948836326599,0.12314866483211517,0.26431384682655334,0.3364771604537964,0.19457213580608368,0.22938700020313263,0.34881478548049927,0.08094918727874756,0.32521989941596985,0.3581465482711792,0.1940804272890091,0.2894749641418457,0.34479114413261414,0.24768231809139252,0.5397882461547852,0.4388870298862457,-0.03850899264216423,0.5456995368003845,0.42004233598709106,-0.008478830568492413,0.5513294339179993,0.4055135250091553,0.017600223422050476,0.48960748314857483,0.39159220457077026,-0.017183681949973106,0.5668180584907532,0.385864794254303,0.06435340642929077,0.583845853805542,0.3901755213737488,0.04220343753695488,0.5665768384933472,0.3906233012676239,0.055862173438072205,0.4822680950164795,0.3800705075263977,-0.04392342269420624,0.5547428131103516,0.41190043091773987,0.01910526677966118,0.5521613359451294,0.4248203635215759,-0.0009871176443994045,0.5497615337371826,0.4398007392883301,-0.022519836202263832,0.6401861906051636,0.4275938868522644,-0.009100341238081455,0.645577073097229,0.42982718348503113,-0.023091409355401993,0.6351436376571655,0.4321603775024414,-0.024572666734457016,0.62263423204422,0.43411457538604736,-0.019468791782855988,0.6112741827964783,0.4355030655860901,-0.019248712807893753,0.5916846990585327,0.4068717360496521,0.021175986155867577,0.5959035158157349,0.40321722626686096,0.01886357180774212,0.6016908884048462,0.39828914403915405,0.017885204404592514,0.6067713499069214,0.3937182128429413,0.02443256974220276,0.5486066937446594,0.37987589836120605,0.037599239498376846,0.4529772102832794,0.4163510799407959,0.4051288664340973,0.5802708864212036,0.3985865116119385,0.04131291061639786,0.5822922587394714,0.3945631682872772,0.0398910790681839,0.497452974319458,0.40338629484176636,-0.03727070242166519,0.4962810277938843,0.3902268409729004,0.004292692989110947,0.493933767080307,0.40029555559158325,-0.0371992401778698,0.41466712951660156,0.3832325339317322,0.05921522155404091,0.43655478954315186,0.36861279606819153,0.08633650839328766,0.47315704822540283,0.37748265266418457,0.011854155920445919,0.21938467025756836,0.3403470516204834,0.19742938876152039,0.2448807954788208,0.33798521757125854,0.13979706168174744,0.296947717666626,0.3582095205783844,0.1015474945306778,0.6231085062026978,0.40097975730895996,0.045118723064661026,0.2882106602191925,0.3793298006057739,0.007901763543486595,0.21577398478984833,0.3700394630432129,0.030132053419947624,0.17629049718379974,0.3668774962425232,0.05649009719491005,0.3835395574569702,0.3754565715789795,0.14391174912452698,0.4076385796070099,0.3755900263786316,0.20027710497379303,0.3659535348415375,0.3944087624549866,0.07189469784498215,0.3573175370693207,0.3677711486816406,0.17157414555549622,0.3817299008369446,0.39356550574302673,0.020502377301454544,0.47081422805786133,0.369759202003479,-0.03663482889533043,0.4136487543582916,0.3493996560573578,0.23977670073509216,0.41947901248931885,0.37201839685440063,0.17301668226718903,0.42344874143600464,0.3719061613082886,0.133240208029747,0.4145827293395996,0.3795689046382904,0.09708796441555023,0.4024483561515808,0.38748377561569214,0.0729004368185997,0.3908189833164215,0.3916448950767517,0.05117900297045708,0.34959521889686584,0.3994007706642151,-0.02105797827243805,0.46221596002578735,0.35288941860198975,0.23117738962173462,0.3549199104309082,0.3659076988697052,0.19330713152885437,0.48899781703948975,0.3921315371990204,-0.08812976628541946,0.4229711890220642,0.388346791267395,0.02599845826625824,0.35268592834472656,0.395517498254776,0.4049457013607025,0.37862423062324524,0.39436835050582886,0.03804990276694298,0.47234630584716797,0.38398683071136475,0.03148740902543068,0.3691924810409546,0.3725096881389618,0.17092320322990417,0.4537111818790436,0.3734622001647949,-0.027484064921736717,0.5069153904914856,0.4232153296470642,0.3839081823825836,0.3608514666557312,0.3942520320415497,0.0807422548532486,0.44026219844818115,0.37393051385879517,-0.056616056710481644,0.6264304518699646,0.39724355936050415,0.18889720737934113,0.6435422301292419,0.4252849221229553,0.22955121099948883,0.4614730477333069,0.3733993172645569,0.31571197509765625,0.5958730578422546,0.3941516876220703,0.2353290617465973,0.32065966725349426,0.35462361574172974,0.2876650393009186,0.6929574608802795,0.4214983582496643,0.06414317339658737,0.4910937249660492,0.40449029207229614,-0.06616299599409103,0.442178875207901,0.38299861550331116,0.04358568415045738,0.38650786876678467,0.37734419107437134,0.2469925731420517,0.3722224831581116,0.3747127652168274,0.1256040334701538,0.3709607720375061,0.379475474357605,0.10917104035615921,0.5852179527282715,0.38585716485977173,0.04968646913766861,0.5054197907447815,0.3618946075439453,0.22882051765918732,0.7234545946121216,0.44585299491882324,0.033941496163606644,0.6941346526145935,0.4285848140716553,0.12816356122493744,0.673797607421875,0.42611318826675415,0.17399607598781586,0.3679153323173523,0.3845679461956024,0.09530656784772873,0.3638629913330078,0.38898947834968567,0.08709859102964401,0.36210769414901733,0.39242222905158997,0.08411740511655807,0.35115742683410645,0.36801764369010925,0.22516484558582306,0.35407015681266785,0.38633906841278076,0.08783695101737976,0.35347533226013184,0.3803759217262268,0.09596481174230576,0.3547850549221039,0.37463700771331787,0.10937228053808212,0.3582819700241089,0.3699823021888733,0.12585340440273285,0.36258724331855774,0.3687863349914551,0.13880828022956848,0.307737797498703,0.37569481134414673,0.37334898114204407,0.3713899552822113,0.3720075786113739,0.14045403897762299,0.5304405689239502,0.38468214869499207,0.011951392516493797,0.4861046075820923,0.3812580704689026,-0.022733544930815697,0.5166767239570618,0.40134769678115845,-0.03449350968003273,0.6538131833076477,0.4036387801170349,0.14616425335407257,0.672809898853302,0.41431134939193726,0.10585712641477585,0.7075070142745972,0.43549102544784546,0.018194755539298058,0.6078001260757446,0.428494393825531,0.2930228114128113,0.3574654161930084,0.3909767270088196,0.08385299891233444,0.39166349172592163,0.3888435661792755,-0.019380485638976097,0.7119796276092529,0.43341052532196045,0.08043445646762848,0.5094879865646362,0.3822350800037384,0.3021221458911896,0.6039978265762329,0.41931504011154175,0.0019487683894112706,0.61214280128479,0.41574519872665405,0.0015200446359813213,0.6216351985931396,0.41213876008987427,-0.00046734430361539125,0.6313084363937378,0.4084605574607849,0.00332885910756886,0.6326621174812317,0.4118873178958893,0.019882535561919212,0.5593035221099854,0.39794278144836426,0.04051816090941429,0.557906448841095,0.3939533829689026,0.04606865346431732,0.555807888507843,0.39030784368515015,0.05064201354980469,0.5725196599960327,0.37960296869277954,0.06701146811246872,0.5160709619522095,0.3619459867477417,0.16392530500888824,0.3643217384815216,0.39699673652648926,0.000734666537027806,0.34329596161842346,0.39629778265953064,0.04692954570055008,0.34895598888397217,0.3939400911331177,0.0710165724158287,0.5594176650047302,0.40065544843673706,0.040194712579250336,0.5682002305984497,0.3748903274536133,0.1925165206193924,0.33859559893608093,0.39612454175949097,0.005951250903308392,0.6480902433395386,0.41781750321388245,0.03472606837749481,0.37803423404693604,0.3924354910850525,-0.04424959421157837,0.43085190653800964,0.38260167837142944,-0.012118643149733543,0.6574034690856934,0.4316580295562744,-0.0002755232562776655,0.6184171438217163,0.3912845253944397,0.08944600075483322,0.4922713041305542,0.3794654607772827,0.046784140169620514,0.6361508369445801,0.4044346809387207,0.06303583830595016,0.49588263034820557,0.3627985715866089,0.0895046517252922,0.5190774202346802,0.37332361936569214,0.06323853880167007,0.5332697629928589,0.36464816331863403,0.11733748763799667,0.6836172342300415,0.43086662888526917,0.007417344953864813,0.4431552290916443,0.3838019371032715,0.010332763195037842,0.632084846496582,0.3921135365962982,0.11942200362682343,0.6512058973312378,0.4071958065032959,0.08553805947303772,0.5948780179023743,0.3807167410850525,0.10930082947015762,0.5415002703666687,0.3704001307487488,0.22679859399795532,0.59385085105896,0.37869328260421753,0.1441970318555832,0.5539814233779907,0.3898458182811737,0.2822827696800232,0.5534303784370422,0.3731588125228882,0.08542269468307495,0.406965970993042,0.3887791037559509,0.004986846353858709,0.4803493022918701,0.3741747736930847,-0.04482226073741913,0.48576635122299194,0.3752270042896271,-0.018681131303310394,0.46476292610168457,0.3699151873588562,-0.06568016856908798,0.3306044042110443,0.388516902923584,0.05519195273518562,0.3275403678417206,0.37742477655410767,0.07329436391592026,0.3289896249771118,0.3689762353897095,0.09586749225854874,0.33338528871536255,0.3632567226886749,0.12349279224872589,0.34268346428871155,0.3629482388496399,0.14826390147209167,0.3755074739456177,0.3736194968223572,0.1863623708486557,0.41202840209007263,0.3665589988231659,0.3195176422595978,0.3993799090385437,0.37371131777763367,0.15781442821025848,0.4015611410140991,0.3755526542663574,0.1296410709619522,0.3971213102340698,0.3816993832588196,0.10283105820417404,0.3890056908130646,0.3888554573059082,0.08166583627462387,0.38060206174850464,0.3931925296783447,0.06431323289871216,0.37273919582366943,0.39602071046829224,0.05360347405076027,0.40091755986213684,0.4094700217247009,0.4145069122314453,0.48928964138031006,0.38163837790489197,-0.010034321807324886,0.41549205780029297,0.38245290517807007,-0.03484437242150307,0.4794127941131592,0.3744993805885315,-0.07342123240232468,0.4863530397415161,0.38954606652259827,-0.07574506103992462,0.48223400115966797,0.38092195987701416,-0.06350553035736084,0.4930517077445984,0.39010289311408997,-0.010386835783720016,0.48844558000564575,0.3896331191062927,-0.08351051062345505,0.4907742142677307,0.40055137872695923,-0.06237153336405754,0.35966983437538147,0.3963024318218231,0.06808002293109894,0.36114585399627686,0.3985956311225891,0.043050218373537064,0.3623133599758148,0.39667144417762756,0.021429013460874557,0.36548373103141785,0.36919575929641724,0.14986351132392883,0.3582974374294281,0.368367463350296,0.1574825495481491,0.2599818706512451,0.5159968733787537,-0.0650489330291748,0.26806357502937317,0.4946272671222687,-0.0650489330291748,0.23882868885993958,0.5133374333381653,-0.0650489330291748,0.2512642741203308,0.5369982123374939,-0.0650489330291748,0.280351459980011,0.518575131893158,-0.0650489330291748,0.34228116273880005,0.37544912099838257,0.11421770602464676,0.3462371230125427,0.3682495653629303,0.11421770602464676,0.32556673884391785,0.3728090524673462,0.11421770602464676,0.33829379081726074,0.38288992643356323,0.11421770602464676,0.3587277829647064,0.37815093994140625,0.11421770602464676,0,0,0,0,0,0,1,0,0,0,0,0,0.1485033929347992,0.08868053555488586,0.11669160425662994,0.10069631785154343,0.022765250876545906,0.0626487135887146,0.07945787906646729,0.08568032830953598,0.09562268853187561,0.16053208708763123,0.7274519205093384,0.36902791261672974,Sadness,820.5120239257812,269.6789245605469
290,9.666666666666666,34.76478315902188,-6.129197314482064,1.138806882985167,0.5266088843345642,0.4404897689819336,-0.0802634209394455,0.4848252534866333,0.36460599303245544,-0.11124779284000397,0.4937235116958618,0.40650463104248047,-0.07067079097032547,0.40288448333740234,0.37719959020614624,-0.08625832200050354,0.4653988480567932,0.3555123805999756,-0.11302071809768677,0.4375302493572235,0.3570842742919922,-0.09853275120258331,0.3589272201061249,0.371593177318573,-0.027671165764331818,0.24007870256900787,0.5144335627555847,-0.08062119036912918,0.3133600652217865,0.36575961112976074,0.0007795685087330639,0.2911713719367981,0.35540688037872314,0.006654008291661739,0.20901671051979065,0.3401604890823364,0.05302974209189415,0.5317530632019043,0.44227683544158936,-0.07944802194833755,0.5350009202957153,0.4443674385547638,-0.07491043210029602,0.536320686340332,0.44629982113838196,-0.06790769845247269,0.6098918318748474,0.4697321355342865,-0.058044690638780594,0.6204750537872314,0.47299644351005554,-0.06295750290155411,0.6303310990333557,0.4768441617488861,-0.06939008086919785,0.6374849677085876,0.48075470328330994,-0.06897599250078201,0.6410149335861206,0.475201815366745,-0.057977985590696335,0.493053674697876,0.3790833353996277,-0.10391966998577118,0.4754592776298523,0.4077855348587036,-0.09252399951219559,0.09270715713500977,0.611107349395752,-0.048937808722257614,0.29735100269317627,0.4707382321357727,-0.056190911680459976,0.28458911180496216,0.48911812901496887,-0.07289697974920273,0.2698301374912262,0.5071818232536316,-0.0839027464389801,0.2394857406616211,0.5277742743492126,-0.08885972201824188,0.30618882179260254,0.45342767238616943,-0.03586811199784279,0.22721293568611145,0.4679475426673889,-0.07187017053365707,0.2466333508491516,0.44848066568374634,-0.04870164394378662,0.21319231390953064,0.48977166414260864,-0.08445654064416885,0.2088373303413391,0.5073800086975098,-0.08882435411214828,0.23861479759216309,0.5521522164344788,-0.09438367187976837,0.6200292110443115,0.5627379417419434,-0.1032957136631012,0.22886690497398376,0.5207924842834473,-0.08012784272432327,0.1754465103149414,0.6440683007240295,-0.06481365114450455,0.21039870381355286,0.5656374096870422,-0.09067993611097336,0.38482964038848877,0.4969452917575836,-0.10285646468400955,0.5049854516983032,0.46156901121139526,-0.09872633218765259,0.5192395448684692,0.46294575929641724,-0.0916157141327858,0.49288612604141235,0.48590683937072754,-0.1104150041937828,0.4879613518714905,0.5022895336151123,-0.1107930913567543,0.5075809955596924,0.48105087876319885,-0.10110508650541306,0.5002724528312683,0.4951542615890503,-0.09845265001058578,0.5303690433502197,0.5560346245765686,-0.10243230313062668,0.4738985300064087,0.37835341691970825,-0.1211671307682991,0.453926146030426,0.37158989906311035,-0.12467385083436966,0.17026232182979584,0.524894118309021,-0.10616420954465866,0.359148770570755,0.4477746784687042,-0.06073871627449989,0.4300978183746338,0.44771912693977356,-0.11306510865688324,0.4152821898460388,0.45060133934020996,-0.10628248751163483,0.3391754627227783,0.5576545000076294,-0.13569623231887817,0.4282294809818268,0.37252941727638245,-0.11072400212287903,0.1890014111995697,0.46561986207962036,-0.08592672646045685,0.17312031984329224,0.4967122972011566,-0.1009012907743454,0.08339881896972656,0.5567573308944702,-0.05505381524562836,0.26780208945274353,0.39441537857055664,-0.0295837614685297,0.2689175009727478,0.43489277362823486,-0.02840561792254448,0.4954628646373749,0.560215175151825,-0.11219623684883118,0.3989577889442444,0.7430062294006348,-0.06138419359922409,0.4504811763763428,0.4423190951347351,-0.09432142227888107,0.46615561842918396,0.43176648020744324,-0.08116837590932846,0.4910532236099243,0.5230981707572937,-0.0993640199303627,0.4967731237411499,0.5181096792221069,-0.09339281916618347,0.15456047654151917,0.5010192394256592,-0.0958014577627182,0.43554291129112244,0.4607292711734772,-0.10420797765254974,0.2174544334411621,0.4322865605354309,-0.060843463987112045,0.20287896692752838,0.42649853229522705,-0.06204276159405708,0.12564364075660706,0.4354405701160431,-0.03435037285089493,0.11764219403266907,0.5235233902931213,-0.07277192175388336,0.16415736079216003,0.42245638370513916,-0.04281686246395111,0.15282569825649261,0.5344064235687256,-0.09776496887207031,0.12178350985050201,0.5718321204185486,-0.06735377013683319,0.5131650567054749,0.46281731128692627,-0.09778335690498352,0.5004696249961853,0.48383909463882446,-0.10687761008739471,0.4939524829387665,0.49919363856315613,-0.10576514154672623,0.45657584071159363,0.44328194856643677,-0.0854451060295105,0.49416619539260864,0.520601749420166,-0.09526944160461426,0.5158399343490601,0.5211352705955505,-0.09495119005441666,0.4989706873893738,0.5156123638153076,-0.09212460368871689,0.45497044920921326,0.4151155352592468,-0.11611808091402054,0.5044968128204346,0.4916402995586395,-0.09392088651657104,0.5120748281478882,0.4782390892505646,-0.09273972362279892,0.5230622887611389,0.46266767382621765,-0.08548810333013535,0.6217212677001953,0.5007942914962769,-0.07681024819612503,0.609931468963623,0.5064196586608887,-0.08868629485368729,0.604746401309967,0.50081467628479,-0.08906295150518417,0.5973275899887085,0.49405157566070557,-0.0822407603263855,0.5900053977966309,0.48780500888824463,-0.0762321949005127,0.5431435704231262,0.5069579482078552,-0.08686025440692902,0.5422162413597107,0.5127277374267578,-0.09112200886011124,0.5406949520111084,0.5199018716812134,-0.09683898091316223,0.5394966006278992,0.5261003971099854,-0.0988844484090805,0.47221705317497253,0.5100535750389099,-0.1116105318069458,0.26403847336769104,0.7319921255111694,-0.02884206920862198,0.49342191219329834,0.39327412843704224,-0.08145838975906372,0.5226783752441406,0.5112985968589783,-0.08862391859292984,0.5194865465164185,0.5161380767822266,-0.09203978627920151,0.47828319668769836,0.42984241247177124,-0.08491980284452438,0.4500180780887604,0.46678730845451355,-0.08400509506464005,0.47282499074935913,0.4304904341697693,-0.08296974748373032,0.3565613627433777,0.4708898067474365,-0.07728350907564163,0.3485657572746277,0.5015117526054382,-0.10317722707986832,0.4200292229652405,0.463224858045578,-0.09968552738428116,0.09324982762336731,0.49806880950927734,-0.052202023565769196,0.13075922429561615,0.47426241636276245,-0.06369709223508835,0.1719036102294922,0.464485228061676,-0.08267529308795929,0.5600243806838989,0.5437086820602417,-0.10041671991348267,0.24386657774448395,0.38523387908935547,-0.03252284228801727,0.20057888329029083,0.38192445039749146,-0.011367006227374077,0.1639787256717682,0.38530662655830383,0.002526466269046068,0.25348955392837524,0.5215886235237122,-0.08914239704608917,0.23568902909755707,0.580578088760376,-0.10478544235229492,0.3095908463001251,0.4408015310764313,-0.024332130327820778,0.20229540765285492,0.5317202210426331,-0.09567451477050781,0.3565940260887146,0.4280826449394226,-0.05362146347761154,0.43382173776626587,0.4216808080673218,-0.11983539909124374,0.24151286482810974,0.6148187518119812,-0.1120375320315361,0.25506752729415894,0.5753659009933472,-0.11592477560043335,0.28046563267707825,0.5537124872207642,-0.11122029274702072,0.30708590149879456,0.5139663219451904,-0.08801786601543427,0.32170799374580383,0.48278841376304626,-0.06459598243236542,0.3302856981754303,0.45828938484191895,-0.04755951836705208,0.35084933042526245,0.38895294070243835,-0.0401998832821846,0.2909663915634155,0.6259869337081909,-0.12881140410900116,0.18765728175640106,0.5466354489326477,-0.09949599206447601,0.48610544204711914,0.3863939940929413,-0.11215826869010925,0.38272392749786377,0.44826632738113403,-0.07290840893983841,0.1597030907869339,0.691929042339325,-0.021867653355002403,0.33407533168792725,0.43748340010643005,-0.0341479666531086,0.41730251908302307,0.4741906225681305,-0.08085654675960541,0.2218732237815857,0.5289573073387146,-0.08509736508131027,0.41727036237716675,0.4254244863986969,-0.10998734831809998,0.3263258934020996,0.7438583374023438,-0.041756436228752136,0.30371883511543274,0.43747398257255554,-0.01848055236041546,0.42092326283454895,0.3960821032524109,-0.1145249456167221,0.5052305459976196,0.6611771583557129,-0.10941963642835617,0.5269436240196228,0.6947454214096069,-0.0943925604224205,0.27290433645248413,0.683941662311554,-0.0815177708864212,0.45132994651794434,0.6857848763465881,-0.10888829082250595,0.14249344170093536,0.6091550588607788,-0.06072261184453964,0.6437584161758423,0.580993115901947,-0.10580291599035263,0.4871978759765625,0.39934206008911133,-0.08583065122365952,0.384518027305603,0.4723391830921173,-0.08279728889465332,0.20243705809116364,0.5846396088600159,-0.08923165500164032,0.26112714409828186,0.49676477909088135,-0.07654619961977005,0.275215744972229,0.4818788170814514,-0.06758808344602585,0.51225346326828,0.5259358286857605,-0.0974702537059784,0.3376867175102234,0.6443422436714172,-0.12749755382537842,0.6999427676200867,0.558258056640625,-0.08751699328422546,0.6276007890701294,0.6279173493385315,-0.09809238463640213,0.5851868391036987,0.6593626737594604,-0.09717253595590591,0.2411491870880127,0.3441311717033386,0.03184890002012253,0.7252930402755737,0.5204363465309143,-0.0541711300611496,0.286055326461792,0.46754881739616394,-0.052688803523778915,0.2953742742538452,0.4527146816253662,-0.037313107401132584,0.30123141407966614,0.4426816701889038,-0.024723509326577187,0.17362943291664124,0.5600895285606384,-0.09193078428506851,0.28175216913223267,0.44730496406555176,-0.03514620289206505,0.26467663049697876,0.4612433910369873,-0.049994342029094696,0.25021272897720337,0.47697168588638306,-0.06420738995075226,0.23828452825546265,0.49438583850860596,-0.07553504407405853,0.2326086461544037,0.5068705677986145,-0.07963547855615616,0.11629578471183777,0.6536781191825867,-0.032738786190748215,0.24999046325683594,0.506862223148346,-0.0801459476351738,0.508714497089386,0.41148027777671814,-0.0697205662727356,0.47252142429351807,0.48472270369529724,-0.10523994266986847,0.4487575590610504,0.43589550256729126,-0.09819784015417099,0.4934123158454895,0.4370919167995453,-0.09077338874340057,0.3328593075275421,0.37388527393341064,-0.0053671132773160934,0.5571615695953369,0.6370788216590881,-0.10445387661457062,0.6006965041160583,0.6119717359542847,-0.10371032357215881,0.6819508075714111,0.543416440486908,-0.09655984491109848,0.46789708733558655,0.7233911752700806,-0.08126835525035858,0.29612866044044495,0.44008466601371765,-0.025293203070759773,0.3777519464492798,0.40301454067230225,-0.0661877915263176,0.7086634635925293,0.5051939487457275,-0.0652076005935669,0.6665427684783936,0.593946099281311,-0.10090771317481995,0.3284539580345154,0.6986172199249268,-0.08873869478702545,0.5672233700752258,0.4996587336063385,-0.08438197523355484,0.5694175958633423,0.5065231323242188,-0.09008017182350159,0.5720897912979126,0.5144793391227722,-0.09663999080657959,0.575214147567749,0.5213815569877625,-0.09806174784898758,0.5913876891136169,0.5258272290229797,-0.09549538791179657,0.49637484550476074,0.5074643492698669,-0.09688200801610947,0.4911973178386688,0.5114262700080872,-0.10242053866386414,0.4859433174133301,0.5146961808204651,-0.10691095143556595,0.4801950454711914,0.5359984636306763,-0.11496055126190186,0.37286874651908875,0.6029220819473267,-0.13819193840026855,0.35276564955711365,0.40744173526763916,-0.044467806816101074,0.3022705018520355,0.41459792852401733,-0.005615588277578354,0.2954087257385254,0.42784130573272705,-0.01625152863562107,0.49984729290008545,0.5038144588470459,-0.09358535706996918,0.4252466857433319,0.6425672769546509,-0.12400268763303757,0.3141985833644867,0.39674559235572815,-0.01589057222008705,0.6024554967880249,0.5458206534385681,-0.09681570529937744,0.4109377861022949,0.36261820793151855,-0.0738578736782074,0.37807875871658325,0.383472740650177,-0.061707355082035065,0.38593152165412903,0.3673854470252991,-0.04907296225428581,0.4002212882041931,0.4244060814380646,-0.08390980213880539,0.6843441724777222,0.492093950510025,-0.06847487390041351,0.6583981513977051,0.48379117250442505,-0.062373969703912735,0.6365929841995239,0.514218807220459,-0.08361516892910004,0.5258342027664185,0.5793330669403076,-0.1079133152961731,0.42182084918022156,0.4962298274040222,-0.09376665204763412,0.5661296844482422,0.5677331686019897,-0.10248914361000061,0.3887902796268463,0.5346122980117798,-0.12613821029663086,0.43168553709983826,0.5187786817550659,-0.11136697977781296,0.41119909286499023,0.571768581867218,-0.1322326958179474,0.6587861776351929,0.5275384187698364,-0.09679030627012253,0.4003066420555115,0.44817855954170227,-0.08401422202587128,0.5334426164627075,0.608683705329895,-0.11096213757991791,0.578563928604126,0.5884253978729248,-0.10394810140132904,0.48462381958961487,0.5814154744148254,-0.1211702823638916,0.3804347813129425,0.6590878367424011,-0.12232483923435211,0.4715590476989746,0.6171992421150208,-0.12378567457199097,0.38680338859558105,0.7023972272872925,-0.09889289736747742,0.44956836104393005,0.5479843616485596,-0.12151166796684265,0.38004201650619507,0.425714373588562,-0.06948138773441315,0.4482991397380829,0.4175289571285248,-0.12169084697961807,0.4417799413204193,0.44303882122039795,-0.10887071490287781,0.4431217312812805,0.3949844241142273,-0.1258283257484436,0.2721852660179138,0.41902005672454834,-0.021895168349146843,0.23655349016189575,0.441946417093277,-0.050641126930713654,0.21287208795547485,0.4664245843887329,-0.07613290846347809,0.19803228974342346,0.49139705300331116,-0.09308019280433655,0.1933683305978775,0.5132924914360046,-0.09885384142398834,0.21758323907852173,0.5460554957389832,-0.08877638727426529,0.22166645526885986,0.6663546562194824,-0.07741857320070267,0.25329092144966125,0.5455157160758972,-0.0970488116145134,0.27411726117134094,0.5286144018173218,-0.09151573479175568,0.29410749673843384,0.5022668242454529,-0.07756512612104416,0.3093625009059906,0.47607550024986267,-0.05687347427010536,0.3184469938278198,0.45499324798583984,-0.03668130189180374,0.32366135716438293,0.43897342681884766,-0.024711960926651955,0.21006107330322266,0.7148886322975159,-0.02045808732509613,0.4453371465206146,0.45173370838165283,-0.09987235814332962,0.4002344012260437,0.398143470287323,-0.08781059831380844,0.4611507058143616,0.39451971650123596,-0.12367364764213562,0.47454801201820374,0.39862769842147827,-0.1085590347647667,0.4626915454864502,0.4026181697845459,-0.11555270850658417,0.45310816168785095,0.45490923523902893,-0.08854444324970245,0.4799865186214447,0.3928486704826355,-0.11169220507144928,0.4819285273551941,0.4046277105808258,-0.08914169669151306,0.3097481429576874,0.4307056665420532,-0.01201170589774847,0.32234954833984375,0.4230051040649414,-0.012287820689380169,0.33052995800971985,0.41773244738578796,-0.02213875576853752,0.230119526386261,0.5146722793579102,-0.08101435750722885,0.21043014526367188,0.5215321779251099,-0.08880071341991425,0.4217437207698822,0.3553430140018463,-0.049469348043203354,0.4089701473712921,0.35941165685653687,0.1837240308523178,0.4971996545791626,0.38247573375701904,-0.06470883637666702,0.3472667336463928,0.3422170877456665,0.37689441442489624,0.40385356545448303,0.37597063183784485,0.11471201479434967,0.4110770523548126,0.3729255199432373,0.13249120116233826,0.41576719284057617,0.36920085549354553,0.15263064205646515,0.4094848036766052,0.3658979535102844,0.19060452282428741,0.39694344997406006,0.3762257397174835,0.09936580806970596,0.38092637062072754,0.34667283296585083,0.13981741666793823,0.37582623958587646,0.3517915606498718,0.11888096481561661,0.3865882158279419,0.34466835856437683,0.1604960858821869,0.3923874795436859,0.3470247983932495,0.17679181694984436,0.41617918014526367,0.3696432113647461,0.20641356706619263,0.6881428956985474,0.45494455099105835,0.021395225077867508,0.40587538480758667,0.35836848616600037,0.19647017121315002,0.4237193465232849,0.36304742097854614,0.3505546450614929,0.4022309184074402,0.36387646198272705,0.247701957821846,0.4960932433605194,0.3652491271495819,0.0697212740778923,0.538314163684845,0.41945144534111023,-0.05494106933474541,0.5462484359741211,0.4284093976020813,-0.051175616681575775,0.5543544292449951,0.405291885137558,-0.019310178235173225,0.5674149990081787,0.3987184166908264,0.015137451700866222,0.5568937659263611,0.4173491597175598,-0.022050434723496437,0.5659744143486023,0.4106276333332062,0.007526479661464691,0.6351128816604614,0.41480880975723267,0.05985594540834427,0.49225181341171265,0.3570895791053772,-0.09741102159023285,0.47471970319747925,0.3474280834197998,-0.09640280157327652,0.3783760964870453,0.33170390129089355,0.2100325971841812,0.4260551631450653,0.36956173181533813,0.05149177461862564,0.5013586282730103,0.3577563166618347,-0.0075209904462099075,0.48872917890548706,0.358306884765625,0.0024594618007540703,0.5136196613311768,0.3548310399055481,0.15027040243148804,0.447965145111084,0.34934723377227783,-0.0745811015367508,0.3642944097518921,0.32315611839294434,0.1352643072605133,0.3712359368801117,0.32418715953826904,0.17547856271266937,0.3220486044883728,0.3179905414581299,0.3258013129234314,0.35440385341644287,0.34343987703323364,0.043820641934871674,0.3739621639251709,0.3588027358055115,0.10809354484081268,0.6181102395057678,0.40150269865989685,0.08407905697822571,0.6077823638916016,0.4648003578186035,0.341478556394577,0.5040720701217651,0.3737388849258423,-0.01668282225728035,0.5012904405593872,0.38595858216285706,-0.042467210441827774,0.5886910557746887,0.398434579372406,0.07032418251037598,0.5857067108154297,0.40419894456863403,0.05518166348338127,0.35984182357788086,0.3174748420715332,0.19771111011505127,0.5076449513435364,0.3677380383014679,-0.0005389187717810273,0.3575972020626068,0.3279767632484436,0.09049108624458313,0.3451896905899048,0.3181335926055908,0.09402162581682205,0.26930978894233704,0.3016039729118347,0.18364548683166504,0.3338332772254944,0.30716702342033386,0.25116580724716187,0.28856343030929565,0.3054647743701935,0.13733860850334167,0.3668786287307739,0.32805901765823364,0.2412424087524414,0.3582686185836792,0.3245874345302582,0.3005637526512146,0.5440086722373962,0.42370617389678955,-0.054406825453042984,0.5567668676376343,0.4111393094062805,-0.02115868404507637,0.56746506690979,0.40406662225723267,0.008949553593993187,0.503946840763092,0.38072317838668823,-0.02143743634223938,0.5873943567276001,0.401347815990448,0.061279550194740295,0.6043833494186401,0.40787869691848755,0.03673972934484482,0.5841026306152344,0.4063704013824463,0.052139170467853546,0.4977976679801941,0.3638429641723633,-0.044324349611997604,0.5635700225830078,0.4157909154891968,0.00664573535323143,0.5552347898483276,0.422532320022583,-0.018212152644991875,0.5463736057281494,0.4326398968696594,-0.043947238475084305,0.6519744396209717,0.45634138584136963,-0.03594890981912613,0.6507167816162109,0.4541757106781006,-0.04427097737789154,0.6427724361419678,0.4520101547241211,-0.043479908257722855,0.6307120323181152,0.45137158036231995,-0.03650214895606041,0.6185977458953857,0.4518747925758362,-0.03303658962249756,0.6072413921356201,0.42636024951934814,0.01421082392334938,0.6136729717254639,0.4220271110534668,0.009859083220362663,0.621532678604126,0.41712796688079834,0.008088834583759308,0.6280428171157837,0.4137212634086609,0.014654131606221199,0.5696450471878052,0.38445746898651123,0.034521520137786865,0.5049896836280823,0.4387574791908264,0.42127811908721924,0.5968116521835327,0.4173034429550171,0.03716503083705902,0.6008205413818359,0.4125284254550934,0.03452036529779434,0.5061688423156738,0.3928879499435425,-0.04658392816781998,0.5140583515167236,0.38214024901390076,-0.0009053142857737839,0.5039573907852173,0.3893408477306366,-0.045293018221855164,0.4458410143852234,0.36691737174987793,0.07280302792787552,0.47270140051841736,0.3588569164276123,0.10026116669178009,0.49719783663749695,0.36518698930740356,0.012890351936221123,0.29618459939956665,0.3032509684562683,0.2580784261226654,0.31078192591667175,0.30140721797943115,0.19737380743026733,0.3522506058216095,0.3136000633239746,0.1505977213382721,0.6441743969917297,0.42543673515319824,0.03318442404270172,0.33675065636634827,0.32789498567581177,0.047671373933553696,0.2677610516548157,0.31994420289993286,0.08284226804971695,0.2424531728029251,0.3131086230278015,0.11224652081727982,0.414974570274353,0.36753082275390625,0.17388075590133667,0.4234129786491394,0.37554413080215454,0.22990858554840088,0.3916705250740051,0.3756569027900696,0.0961315706372261,0.39286890625953674,0.35035401582717896,0.2101486176252365,0.40756142139434814,0.3685632050037384,0.035996608436107635,0.49126696586608887,0.3518887758255005,-0.034619178622961044,0.4717361330986023,0.3506193459033966,0.26846611499786377,0.44033101201057434,0.37680330872535706,0.19888466596603394,0.44978630542755127,0.3774999678134918,0.15587259829044342,0.44211992621421814,0.3808220326900482,0.11649635434150696,0.4286375045776367,0.38332539796829224,0.09101469814777374,0.418098509311676,0.38239553570747375,0.06882810592651367,0.3723357021808624,0.36461400985717773,-0.0019523034570738673,0.5162807106971741,0.3607179522514343,0.25106653571128845,0.38759511709213257,0.3470494747161865,0.2339429259300232,0.4972681403160095,0.3737069368362427,-0.093153215944767,0.4482421875,0.3692739009857178,0.03531941771507263,0.4109303653240204,0.4008331894874573,0.4401933252811432,0.4074994921684265,0.37991881370544434,0.05689597502350807,0.49647918343544006,0.37294238805770874,0.032349880784749985,0.40272456407546997,0.36028677225112915,0.20575280487537384,0.47591257095336914,0.35352611541748047,-0.02341761626303196,0.5561783909797668,0.45254743099212646,0.38852018117904663,0.38719648122787476,0.37372106313705444,0.10731353610754013,0.4604669511318207,0.34916388988494873,-0.051236819475889206,0.6615560054779053,0.43533846735954285,0.1739138513803482,0.6781914830207825,0.46830570697784424,0.2102394998073578,0.5170090198516846,0.3900183439254761,0.33354324102401733,0.6375304460525513,0.4296908974647522,0.22480517625808716,0.38635748624801636,0.34469491243362427,0.33359473943710327,0.7120236158370972,0.46501219272613525,0.029371464625000954,0.4965519905090332,0.388971745967865,-0.07440651953220367,0.47038525342941284,0.3694416880607605,0.05105290189385414,0.398512065410614,0.36903631687164307,0.2832825779914856,0.4094865322113037,0.3629379868507385,0.15603220462799072,0.4048144221305847,0.3663821518421173,0.13821762800216675,0.6076686382293701,0.403828889131546,0.044149816036224365,0.556571900844574,0.376720666885376,0.2386126071214676,0.7357467412948608,0.4936006963253021,-0.007588690612465143,0.7180547714233398,0.4737646281719208,0.09868892282247543,0.7022596597671509,0.47038283944129944,0.15038180351257324,0.3983272314071655,0.36924830079078674,0.12301304191350937,0.39168691635131836,0.37099283933639526,0.11390425264835358,0.38865575194358826,0.3728078603744507,0.11081860959529877,0.3769722580909729,0.3474235534667969,0.26799771189689636,0.387876957654953,0.3647007644176483,0.11823353171348572,0.39127376675605774,0.3595260679721832,0.127973735332489,0.39533525705337524,0.3551652431488037,0.14280037581920624,0.40028658509254456,0.3527272343635559,0.1601276844739914,0.4038688838481903,0.35385245084762573,0.1731625199317932,0.3738979697227478,0.36877861618995667,0.4177062511444092,0.41022974252700806,0.36048364639282227,0.17203976213932037,0.5485957264900208,0.384238600730896,0.0055038477294147015,0.5029078722000122,0.3681972026824951,-0.024060126394033432,0.5250276327133179,0.39573585987091064,-0.04546196758747101,0.6838662624359131,0.4439446032047272,0.12461037933826447,0.6962598562240601,0.45610612630844116,0.07713346928358078,0.7195630073547363,0.47984033823013306,-0.022869961336255074,0.648805558681488,0.46881774067878723,0.27768364548683167,0.3871980905532837,0.3697816729545593,0.11224813014268875,0.41418635845184326,0.3608068823814392,-0.0057989428751170635,0.7307652235031128,0.4799102544784546,0.04549356549978256,0.5618113875389099,0.40632444620132446,0.30872341990470886,0.6165479421615601,0.4377565383911133,-0.008432948030531406,0.6264049410820007,0.4342347979545593,-0.01119212992489338,0.6370446681976318,0.4315277338027954,-0.013980142772197723,0.6464025974273682,0.4308147728443146,-0.010915372520685196,0.6509900093078613,0.43870437145233154,0.0018428955227136612,0.5751219987869263,0.4061262905597687,0.0344378799200058,0.5772429704666138,0.4007308781147003,0.04163876175880432,0.5782202482223511,0.39563703536987305,0.04730556160211563,0.5943650007247925,0.39031004905700684,0.06667226552963257,0.5607075095176697,0.37353622913360596,0.1709628403186798,0.3882027268409729,0.3668130934238434,0.018076008185744286,0.37297144532203674,0.3668983578681946,0.07354146242141724,0.37795954942703247,0.36816880106925964,0.09948758780956268,0.5726051330566406,0.4102332592010498,0.03258637711405754,0.6116926074028015,0.3990217447280884,0.19005157053470612,0.3727293610572815,0.3639969825744629,0.031105849891901016,0.6649084091186523,0.4497785270214081,0.011323822662234306,0.3984123766422272,0.35976776480674744,-0.029191631823778152,0.4533456861972809,0.36102229356765747,-0.004566301591694355,0.6681377291679382,0.4647584557533264,-0.03176774084568024,0.6433640718460083,0.4175463318824768,0.08011945337057114,0.5186505317687988,0.3748166561126709,0.04774061217904091,0.6577973365783691,0.43411505222320557,0.04669840261340141,0.5320600271224976,0.3646409809589386,0.09589919447898865,0.5469902753829956,0.37613680958747864,0.06520920246839523,0.5705704092979431,0.3755582571029663,0.12144426256418228,0.69540935754776,0.469455361366272,-0.02807995118200779,0.46707433462142944,0.3660276532173157,0.01593790575861931,0.6617555022239685,0.42479217052459717,0.10526569932699203,0.6742645502090454,0.44257494807243347,0.06313759088516235,0.6222284436225891,0.40178167819976807,0.1056220531463623,0.5902891755104065,0.39187610149383545,0.22860197722911835,0.6296347379684448,0.4046041965484619,0.1393677443265915,0.6021174192428589,0.42067694664001465,0.2787024974822998,0.580906867980957,0.38399070501327515,0.08682140707969666,0.43087542057037354,0.3654201626777649,0.016316179186105728,0.49804142117500305,0.3574635982513428,-0.043943651020526886,0.5055949091911316,0.36239585280418396,-0.01989080011844635,0.48284071683883667,0.34761980175971985,-0.06396520882844925,0.36572784185409546,0.3546431064605713,0.08737222105264664,0.36832302808761597,0.343497097492218,0.11039164662361145,0.3742890954017639,0.33742475509643555,0.13535238802433014,0.38051605224609375,0.3352908790111542,0.16387560963630676,0.38661718368530273,0.33986562490463257,0.1887354850769043,0.40266039967536926,0.36259135603904724,0.2212599515914917,0.4711601734161377,0.3751552104949951,0.34823524951934814,0.42587220668792725,0.3713909387588501,0.1858719140291214,0.42966246604919434,0.3733932673931122,0.15525126457214355,0.42491888999938965,0.37709349393844604,0.1261018067598343,0.41468775272369385,0.3801574110984802,0.10363499820232391,0.4058378338813782,0.380367249250412,0.08500375598669052,0.3984464406967163,0.37937813997268677,0.0743902325630188,0.45508873462677,0.42368486523628235,0.4409583508968353,0.5081050992012024,0.37064534425735474,-0.012388035655021667,0.4365966320037842,0.3557743430137634,-0.02560160495340824,0.49488863348960876,0.3546546399593353,-0.0740852802991867,0.4970085918903351,0.3730076551437378,-0.07996412366628647,0.4965066909790039,0.3633718490600586,-0.06492127478122711,0.509389340877533,0.3804687261581421,-0.015031078830361366,0.4983605146408081,0.3721940219402313,-0.08820131421089172,0.4981403946876526,0.3856222927570343,-0.06952735036611557,0.3856588900089264,0.3744850754737854,0.09277082979679108,0.3874581456184387,0.37645235657691956,0.06548842787742615,0.3927966356277466,0.3749929666519165,0.04194246977567673,0.4054179787635803,0.3557494878768921,0.18402013182640076,0.3969162106513977,0.35206252336502075,0.19349336624145508,0.26390910148620605,0.46818989515304565,-0.05806632712483406,0.2778019607067108,0.45104068517684937,-0.05806632712483406,0.24935036897659302,0.462872713804245,-0.05806632712483406,0.24957378208637238,0.48541396856307983,-0.05806632712483406,0.27853721380233765,0.4736022353172302,-0.05806632712483406,0.38598254323005676,0.352090060710907,0.1450062096118927,0.3934135138988495,0.3466772735118866,0.1450062096118927,0.3712637424468994,0.3447900414466858,0.1450062096118927,0.37810268998146057,0.35784459114074707,0.1450062096118927,0.40016764402389526,0.35956960916519165,0.1450062096118927,0,0,0,0,0,1,1,0,0,0,0,0,0.07682154327630997,0.052584677934646606,0.07581305503845215,0.053570833057165146,0.023187395185232162,0.0483410581946373,0.044098686426877975,0.05743630602955818,0.06932684034109116,0.108085036277771,0.7801169753074646,0.23122212290763855,Sadness,-1.0467488765716553,-10.372925758361816
296,9.866666666666667,33.44705850608696,-13.209354940837608,1.2783889279738692,0.5167644023895264,0.45966312289237976,-0.07338744401931763,0.4572347402572632,0.37248069047927856,-0.11018798500299454,0.4753941297531128,0.4087556004524231,-0.06577997654676437,0.3765929043292999,0.3943580389022827,-0.09038450568914413,0.4358053207397461,0.36632466316223145,-0.11355218291282654,0.40726953744888306,0.37097370624542236,-0.10084027796983719,0.32759758830070496,0.39287325739860535,-0.03572167456150055,0.2589966654777527,0.5459471940994263,-0.08920060843229294,0.2788405418395996,0.3924664258956909,-0.01191143598407507,0.2531191408634186,0.3848971128463745,-0.009089095517992973,0.15449191629886627,0.3791695535182953,0.0321178212761879,0.5240254998207092,0.4591656029224396,-0.07183737307786942,0.5303633809089661,0.4584338665008545,-0.0664491131901741,0.5344445705413818,0.45753973722457886,-0.057064857333898544,0.6262240409851074,0.47121721506118774,-0.051185134798288345,0.6360769271850586,0.47247257828712463,-0.053869519382715225,0.6454163789749146,0.47318509221076965,-0.059462882578372955,0.6529858112335205,0.472089558839798,-0.057813093066215515,0.6325762271881104,0.4501953125,-0.04333912953734398,0.46836841106414795,0.38476651906967163,-0.10192082077264786,0.4578636884689331,0.4139019548892975,-0.08963751047849655,0.1120273619890213,0.662322998046875,-0.059674207121133804,0.30521318316459656,0.49257978796958923,-0.06355543434619904,0.298096239566803,0.5113872289657593,-0.08021453768014908,0.28747954964637756,0.5312778353691101,-0.09146823734045029,0.25982120633125305,0.558110773563385,-0.09689939022064209,0.30763548612594604,0.4766446053981781,-0.04316231235861778,0.2295791655778885,0.5088768601417542,-0.08329503238201141,0.24313712120056152,0.48818647861480713,-0.060171257704496384,0.2218174785375595,0.5308928489685059,-0.09583932906389236,0.22289761900901794,0.5468229651451111,-0.09976869076490402,0.26293787360191345,0.5790680050849915,-0.1012597307562828,0.6360725164413452,0.5389637351036072,-0.08690644800662994,0.24878260493278503,0.5535919070243835,-0.08907096087932587,0.20829416811466217,0.6803973913192749,-0.07218872755765915,0.23148852586746216,0.6030574440956116,-0.0991215929389,0.3906465172767639,0.5093130469322205,-0.10179482400417328,0.5021244287490845,0.48125025629997253,-0.09190879762172699,0.5201379060745239,0.4763275682926178,-0.08341887593269348,0.49670475721359253,0.5001540780067444,-0.10409742593765259,0.4986880421638489,0.5108669400215149,-0.10582130402326584,0.5136950016021729,0.49048423767089844,-0.09401769936084747,0.5122300386428833,0.5000761151313782,-0.09264422208070755,0.5564098954200745,0.5399402976036072,-0.09564759582281113,0.45022907853126526,0.3872423768043518,-0.12029603123664856,0.42887023091316223,0.3834035098552704,-0.12536701560020447,0.18158964812755585,0.576609194278717,-0.11940299719572067,0.3477308452129364,0.46642374992370605,-0.0651778131723404,0.42416948080062866,0.45752987265586853,-0.11177568137645721,0.40971723198890686,0.46180516481399536,-0.10574829578399658,0.36157068610191345,0.5743823051452637,-0.13550078868865967,0.4022689461708069,0.3874775171279907,-0.11305765807628632,0.18967905640602112,0.5192017555236816,-0.10099621117115021,0.17932762205600739,0.5508739948272705,-0.1154574379324913,0.08804568648338318,0.6119084358215332,-0.06970751285552979,0.2573009729385376,0.43511760234832764,-0.0423307903110981,0.2613654136657715,0.47182872891426086,-0.03911701589822769,0.5264788866043091,0.5489357709884644,-0.10619927942752838,0.4539681673049927,0.7425431609153748,-0.0469004362821579,0.4427262544631958,0.4489794075489044,-0.09196310490369797,0.45514896512031555,0.4366273283958435,-0.07750255614519119,0.5162230730056763,0.5181230306625366,-0.0946318656206131,0.5207607746124268,0.5122550129890442,-0.08911306411027908,0.1562177538871765,0.5615094900131226,-0.11155793815851212,0.432969331741333,0.46819236874580383,-0.10176755487918854,0.21413762867450714,0.48138201236724854,-0.07545755058526993,0.19415871798992157,0.4815288782119751,-0.07843285799026489,0.09652504324913025,0.48718950152397156,-0.05404578521847725,0.11725862324237823,0.5747619271278381,-0.09103664755821228,0.13836443424224854,0.4686182737350464,-0.06410103291273117,0.16144627332687378,0.5909658670425415,-0.11166998744010925,0.13393312692642212,0.6202161312103271,-0.08292865008115768,0.5117272138595581,0.47946399450302124,-0.09054984152317047,0.5052621364593506,0.4959883987903595,-0.10037597268819809,0.5051632523536682,0.5060376524925232,-0.10044301301240921,0.448788583278656,0.44865575432777405,-0.08239665627479553,0.5190416574478149,0.5151230096817017,-0.090786412358284,0.539147675037384,0.5175715684890747,-0.09047689288854599,0.5219029188156128,0.5101229548454285,-0.08785035461187363,0.43997275829315186,0.42389681935310364,-0.11506626009941101,0.5158417820930481,0.49488428235054016,-0.08669246733188629,0.5185776948928833,0.4855358898639679,-0.08381412923336029,0.5253846645355225,0.4730018377304077,-0.07519080489873886,0.6218136548995972,0.47655826807022095,-0.062489159405231476,0.6309897899627686,0.49932506680488586,-0.07801671326160431,0.6248030662536621,0.4983454942703247,-0.07986945658922195,0.616631031036377,0.494642049074173,-0.07385899126529694,0.6088984608650208,0.49051347374916077,-0.06986813992261887,0.5626697540283203,0.50591641664505,-0.08248595893383026,0.5627542734146118,0.5111463665962219,-0.08544285595417023,0.5627830624580383,0.517464816570282,-0.09070094674825668,0.56288081407547,0.5217830538749695,-0.09238369017839432,0.48761940002441406,0.506091296672821,-0.10774300247430801,0.31619271636009216,0.7514177560806274,-0.022283505648374557,0.47185802459716797,0.3974538743495941,-0.07779300957918167,0.5435084700584412,0.5080338716506958,-0.08497065305709839,0.5415360927581787,0.5129199028015137,-0.08767807483673096,0.4670430123806,0.4326476752758026,-0.08004818856716156,0.4490494430065155,0.4708940386772156,-0.07984253764152527,0.4615720510482788,0.4343997836112976,-0.078788623213768,0.3521144390106201,0.4888482391834259,-0.08019300550222397,0.354407399892807,0.5194344520568848,-0.104650117456913,0.41784384846687317,0.47245609760284424,-0.0981234684586525,0.08160129189491272,0.5535891056060791,-0.06991521269083023,0.11740487813949585,0.5249605774879456,-0.08380336314439774,0.1668044477701187,0.5240767598152161,-0.09953378140926361,0.5782806873321533,0.5242171883583069,-0.09192879498004913,0.22739729285240173,0.43467506766319275,-0.04821518063545227,0.16509856283664703,0.4227938652038574,-0.03291653096675873,0.12149791419506073,0.43136316537857056,-0.018098976463079453,0.27387407422065735,0.548464298248291,-0.09689227491617203,0.2654396891593933,0.6054655313491821,-0.11075612902641296,0.30694380402565,0.46615707874298096,-0.031900666654109955,0.21791742742061615,0.5732089281082153,-0.10652454942464828,0.33961859345436096,0.44793036580085754,-0.05893532931804657,0.42126792669296265,0.4332462549209595,-0.11964800953865051,0.2719798982143402,0.6445831656455994,-0.11648182570934296,0.2900259494781494,0.5913583040237427,-0.12084228545427322,0.31339138746261597,0.5635089874267578,-0.1155632957816124,0.3297472596168518,0.5233966708183289,-0.09212591499090195,0.3351035714149475,0.49368616938591003,-0.06926877796649933,0.33566391468048096,0.4711874723434448,-0.05318243429064751,0.32399216294288635,0.41100645065307617,-0.04800238832831383,0.3275429606437683,0.6474311351776123,-0.12966398894786835,0.20306770503520966,0.5920436978340149,-0.11122789233922958,0.46355950832366943,0.39275097846984863,-0.11027069389820099,0.37341588735580444,0.46356090903282166,-0.07518741488456726,0.20130972564220428,0.7284846901893616,-0.022778471931815147,0.3331836760044098,0.45307499170303345,-0.04064922407269478,0.4174475073814392,0.48271265625953674,-0.07884534448385239,0.24175779521465302,0.5641023516654968,-0.09396747499704361,0.4049856662750244,0.4385661780834198,-0.11072631925344467,0.3815355896949768,0.7537648677825928,-0.03150482848286629,0.2990165054798126,0.46663373708724976,-0.026742827147245407,0.4009617865085602,0.41063258051872253,-0.11630349606275558,0.5475715398788452,0.6511898040771484,-0.0962536633014679,0.5716012716293335,0.6797242760658264,-0.07648775726556778,0.31895318627357483,0.7050262689590454,-0.08053233474493027,0.49881699681282043,0.6818459033966064,-0.09690917283296585,0.16534587740898132,0.6519850492477417,-0.072720468044281,0.6621570587158203,0.5546936988830566,-0.08653955161571503,0.46738654375076294,0.4042147696018219,-0.0823279395699501,0.38243111968040466,0.48592516779899597,-0.08337200433015823,0.22370308637619019,0.6252472400665283,-0.09737573564052582,0.2767740488052368,0.525481104850769,-0.08465226739645004,0.28685441613197327,0.5086117386817932,-0.07560598105192184,0.5364766120910645,0.5215595364570618,-0.09266022592782974,0.37922561168670654,0.6574524641036987,-0.12410278618335724,0.7081788778305054,0.5257502794265747,-0.06443123519420624,0.6551730632781982,0.6032311916351318,-0.07800774276256561,0.6210834980010986,0.6388246417045593,-0.07850655168294907,0.19580307602882385,0.37914326786994934,0.010968503542244434,0.722873866558075,0.48513564467430115,-0.03162090852856636,0.2927277088165283,0.4935285747051239,-0.06063006818294525,0.2961890697479248,0.47979795932769775,-0.045241907238960266,0.2984890937805176,0.47104135155677795,-0.03279673308134079,0.18733413517475128,0.6108250617980957,-0.10357897728681564,0.27762070298194885,0.47897931933403015,-0.04505762830376625,0.26453888416290283,0.49383625388145447,-0.06029397249221802,0.2555241286754608,0.5098472237586975,-0.07462836802005768,0.2495972067117691,0.5274403691291809,-0.08584406971931458,0.24840278923511505,0.5395769476890564,-0.0895080715417862,0.1475846916437149,0.6988920569419861,-0.03863225877285004,0.2675378620624542,0.5373069643974304,-0.08843398839235306,0.49199289083480835,0.41031742095947266,-0.0638531818985939,0.4789016842842102,0.4834583103656769,-0.10021021962165833,0.4393548369407654,0.44356653094291687,-0.09650503844022751,0.48506686091423035,0.43610820174217224,-0.0850178450345993,0.30055367946624756,0.3980022668838501,-0.015611105598509312,0.5926459431648254,0.6214022040367126,-0.08959932625293732,0.6283087134361267,0.5907529592514038,-0.08656538277864456,0.689677357673645,0.5130866765975952,-0.07550887763500214,0.518595814704895,0.7146995663642883,-0.06465519219636917,0.29109758138656616,0.47029560804367065,-0.03440501540899277,0.35622280836105347,0.4216594099998474,-0.07144288718700409,0.7053273916244507,0.4717651903629303,-0.043687254190444946,0.6848381757736206,0.5650781393051147,-0.07917454838752747,0.37837326526641846,0.7108914256095886,-0.08337099850177765,0.5864830017089844,0.5010560750961304,-0.07890857011079788,0.5899627804756165,0.5065951347351074,-0.08309851586818695,0.5940550565719604,0.5125219225883484,-0.08919141441583633,0.5986034870147705,0.5161937475204468,-0.0897906944155693,0.6011806130409241,0.5034306049346924,-0.08434483408927917,0.5146113038063049,0.5071771740913391,-0.09231339395046234,0.509762704372406,0.5123322606086731,-0.0982433408498764,0.5043509602546692,0.5165972709655762,-0.10271507501602173,0.5044938921928406,0.5283505320549011,-0.1112060695886612,0.4064197540283203,0.6118209958076477,-0.1340644657611847,0.33040452003479004,0.42869073152542114,-0.05117219686508179,0.2910068929195404,0.44601500034332275,-0.016002105548977852,0.2868380844593048,0.45992511510849,-0.026110505685210228,0.5169911980628967,0.5029873251914978,-0.08802299946546555,0.46653643250465393,0.6428687572479248,-0.11558692157268524,0.3013331890106201,0.42476218938827515,-0.02595565654337406,0.6160680651664734,0.5230053067207336,-0.0828341469168663,0.38058769702911377,0.3789895176887512,-0.07802470028400421,0.35165131092071533,0.40286731719970703,-0.0680803433060646,0.3551627993583679,0.3859896659851074,-0.05554816871881485,0.385995477437973,0.43934592604637146,-0.08628153800964355,0.6788550615310669,0.4617730975151062,-0.049495045095682144,0.6516611576080322,0.4564141035079956,-0.04535871744155884,0.6394131183624268,0.4884353578090668,-0.06709922850131989,0.5550728440284729,0.5662342309951782,-0.09907373040914536,0.42861759662628174,0.5028026700019836,-0.09114295244216919,0.5886904001235962,0.5492063164710999,-0.09119787067174911,0.4062258005142212,0.544176459312439,-0.12300338596105576,0.4463924169540405,0.5221295356750488,-0.10835455358028412,0.43879902362823486,0.5761773586273193,-0.12714774906635284,0.6640560030937195,0.49981367588043213,-0.07827453315258026,0.39254456758499146,0.46130865812301636,-0.08493901789188385,0.5661670565605164,0.5959660410881042,-0.09931325912475586,0.6034476161003113,0.5695262551307678,-0.08960166573524475,0.5174633860588074,0.5737466812133789,-0.11376231908798218,0.424813836812973,0.6654108762741089,-0.11549543589353561,0.5087200403213501,0.6117650270462036,-0.1152578592300415,0.43751344084739685,0.7066421508789062,-0.08956276625394821,0.4745730757713318,0.5462960004806519,-0.11716791242361069,0.3643364906311035,0.44286465644836426,-0.07331977784633636,0.4344206154346466,0.4273494482040405,-0.12109557539224625,0.4345897138118744,0.4514910578727722,-0.10691811144351959,0.4238394498825073,0.4071141481399536,-0.12638121843338013,0.2632724642753601,0.45661625266075134,-0.03420613706111908,0.23318809270858765,0.4844341278076172,-0.06392543017864227,0.2151711881160736,0.5116263628005981,-0.08916710317134857,0.2056419849395752,0.5373881459236145,-0.10583890974521637,0.2064063996076584,0.5583510398864746,-0.11120390892028809,0.2374146282672882,0.5812696814537048,-0.09755747765302658,0.26196205615997314,0.6955246925354004,-0.08051539212465286,0.2796226143836975,0.567434549331665,-0.10338223725557327,0.2976449131965637,0.5465452075004578,-0.09760181605815887,0.31165507435798645,0.5186301469802856,-0.0834103524684906,0.31931251287460327,0.4926851689815521,-0.06294770538806915,0.3212610185146332,0.4733099937438965,-0.043194614350795746,0.32096484303474426,0.4591928720474243,-0.03159628435969353,0.25773370265960693,0.7429816722869873,-0.017528872936964035,0.44031065702438354,0.4585171937942505,-0.09723982959985733,0.379113107919693,0.41484230756759644,-0.09129922837018967,0.4414795935153961,0.4041127860546112,-0.12308042496442795,0.4548310339450836,0.4057812988758087,-0.10674357414245605,0.4444064497947693,0.41122692823410034,-0.11455877870321274,0.44873353838920593,0.45972979068756104,-0.08508383482694626,0.45907077193260193,0.39969611167907715,-0.10981796681880951,0.4634060859680176,0.4100581109523773,-0.08591606467962265,0.30331799387931824,0.4585126042366028,-0.02017534151673317,0.3144833445549011,0.4470076262950897,-0.020346831530332565,0.3230404555797577,0.43819206953048706,-0.029840746894478798,0.2484750896692276,0.5471680164337158,-0.09032799303531647,0.2277550995349884,0.5601285099983215,-0.09893655776977539,0.38885030150413513,0.3696192800998688,-0.05308493599295616,0.3625909388065338,0.3621496260166168,0.1785564422607422,0.47183412313461304,0.3857480585575104,-0.06142740696668625,0.2881978750228882,0.35738468170166016,0.3667308986186981,0.3645884394645691,0.37886130809783936,0.10921578854322433,0.37005671858787537,0.37422722578048706,0.12741069495677948,0.3741692304611206,0.3697773814201355,0.14795319736003876,0.3697650134563446,0.3673655390739441,0.18614281713962555,0.35841330885887146,0.38127392530441284,0.09325659275054932,0.33592694997787476,0.3600336015224457,0.13133308291435242,0.33243218064308167,0.36606550216674805,0.10956542938947678,0.34064701199531555,0.3563382625579834,0.15274617075920105,0.34686464071273804,0.35614579916000366,0.16973350942134857,0.38356032967567444,0.3687320053577423,0.2029387205839157,0.6701751947402954,0.4242406189441681,0.03808413818478584,0.3613829016685486,0.3617737889289856,0.19103887677192688,0.37356147170066833,0.3659505844116211,0.348631888628006,0.37273773550987244,0.366660475730896,0.2436971664428711,0.4593955874443054,0.3646045923233032,0.07182837277650833,0.5252947807312012,0.4361371695995331,-0.04785498231649399,0.5399115085601807,0.4383595585823059,-0.04298008605837822,0.5407223701477051,0.4135113060474396,-0.012425936758518219,0.5552880764007568,0.39947831630706787,0.020197344943881035,0.5495501756668091,0.42200183868408203,-0.014832315035164356,0.5596458315849304,0.410319983959198,0.013112812303006649,0.6125788688659668,0.39464136958122253,0.0656299814581871,0.4618278741836548,0.36362046003341675,-0.09621579200029373,0.44226160645484924,0.35617440938949585,-0.09674917906522751,0.33472660183906555,0.3464806079864502,0.2012048214673996,0.391053169965744,0.3788512647151947,0.048482101410627365,0.467295378446579,0.35965225100517273,-0.0045668818056583405,0.4541008472442627,0.3617064356803894,0.004723025020211935,0.47041448950767517,0.35006821155548096,0.1522623598575592,0.4149170517921448,0.36127325892448425,-0.07654191553592682,0.31423088908195496,0.3450238108634949,0.12199090421199799,0.323503702878952,0.3430684208869934,0.16388007998466492,0.25843876600265503,0.3377678394317627,0.3117501437664032,0.3067252039909363,0.3664446473121643,0.03108000010251999,0.3321566581726074,0.37282317876815796,0.09918063879013062,0.5941869020462036,0.3843127489089966,0.08908963948488235,0.5767821073532104,0.44202351570129395,0.35582444071769714,0.47473767399787903,0.37480610609054565,-0.012748902663588524,0.47586187720298767,0.3872871994972229,-0.038195837289094925,0.5849542021751404,0.38702791929244995,0.07388219237327576,0.5833808779716492,0.39436769485473633,0.05832815542817116,0.3128710687160492,0.33968693017959595,0.18542078137397766,0.4755561053752899,0.36820679903030396,0.0034105132799595594,0.30734506249427795,0.3516696095466614,0.07708404213190079,0.2926185131072998,0.3461432456970215,0.07928493618965149,0.2045733779668808,0.3299391269683838,0.1638767272233963,0.2748846411705017,0.3260771334171295,0.23757459223270416,0.23355266451835632,0.33160924911499023,0.11843694001436234,0.3261033296585083,0.3455701470375061,0.23224861919879913,0.301318496465683,0.338930606842041,0.29054176807403564,0.533564567565918,0.4368787109851837,-0.0469600185751915,0.5459145307540894,0.4174765348434448,-0.01431942731142044,0.5578545928001404,0.40434253215789795,0.014198929071426392,0.4763931632041931,0.38147294521331787,-0.017526743933558464,0.5846534371376038,0.39086905121803284,0.0645521804690361,0.6035680770874023,0.39582735300064087,0.0405094251036644,0.5824856758117676,0.3968275785446167,0.05535092577338219,0.46689438819885254,0.3672284781932831,-0.04213063418865204,0.5586467385292053,0.414169579744339,0.013629416935145855,0.5505606532096863,0.4253981113433838,-0.009181861765682697,0.5425591468811035,0.44011372327804565,-0.0335364043712616,0.6370580196380615,0.43145930767059326,-0.022374708205461502,0.6598381996154785,0.4424188733100891,-0.034019436687231064,0.6523679494857788,0.44493189454078674,-0.03435280919075012,0.6416531801223755,0.446991890668869,-0.02820609323680401,0.6314581632614136,0.4481649696826935,-0.026798537001013756,0.6115390658378601,0.41639015078544617,0.018232522532343864,0.6159665584564209,0.4116884469985962,0.015161740593612194,0.6218970417976379,0.40547406673431396,0.013650818727910519,0.6265445947647095,0.39957550168037415,0.020422715693712234,0.5420389175415039,0.37467318773269653,0.03870498016476631,0.46748462319374084,0.42828768491744995,0.42697760462760925,0.598254919052124,0.4066949486732483,0.040190014988183975,0.6012158393859863,0.40149009227752686,0.038194961845874786,0.48286259174346924,0.39359939098358154,-0.04130202531814575,0.4856933355331421,0.3811802566051483,0.004139260854572058,0.47954273223876953,0.39042168855667114,-0.04060836136341095,0.4092257618904114,0.37320590019226074,0.0712166428565979,0.4333222508430481,0.3606456220149994,0.09995429217815399,0.4636535048484802,0.3668736219406128,0.016127774491906166,0.2307049036026001,0.3273965120315552,0.24077469110488892,0.25293996930122375,0.32417088747024536,0.18095523118972778,0.30047497153282166,0.3397766351699829,0.13623322546482086,0.6219651699066162,0.40292349457740784,0.04067092016339302,0.2848658561706543,0.35770612955093384,0.03232618421316147,0.21626392006874084,0.34985417127609253,0.06259933114051819,0.18065187335014343,0.3462546169757843,0.09159822762012482,0.3739885687828064,0.3679291009902954,0.16959789395332336,0.3979423940181732,0.3715599477291107,0.2280123382806778,0.353153795003891,0.38260990381240845,0.08975149691104889,0.3526538610458374,0.3580623269081116,0.20343352854251862,0.37328842282295227,0.38073140382766724,0.03175308182835579,0.45712852478027344,0.3561630845069885,-0.032993707805871964,0.4219023585319519,0.34904584288597107,0.2685340940952301,0.41117459535598755,0.3695356249809265,0.19770501554012299,0.41637465357780457,0.3699071407318115,0.1541963815689087,0.406277596950531,0.37590745091438293,0.11401163786649704,0.39267268776893616,0.3815898299217224,0.08764611184597015,0.38084620237350464,0.38389450311660767,0.06455448269844055,0.3387857973575592,0.38320809602737427,-0.009471750818192959,0.4695242643356323,0.3536701202392578,0.2546118199825287,0.350765585899353,0.3561501204967499,0.2275501936674118,0.47078585624694824,0.3784577548503876,-0.09095971286296844,0.41433292627334595,0.3766290545463562,0.03465092554688454,0.3662669062614441,0.4037521183490753,0.4378482699394226,0.3687254786491394,0.3846876621246338,0.05132793262600899,0.463941752910614,0.37442004680633545,0.035651933401823044,0.3616122901439667,0.3638288974761963,0.200340136885643,0.4413146376609802,0.35965436697006226,-0.022547869011759758,0.5215276479721069,0.43581607937812805,0.3987747132778168,0.3480018079280853,0.3817400634288788,0.10024895519018173,0.4260445237159729,0.35834741592407227,-0.051974497735500336,0.6341795921325684,0.4064806401729584,0.1896830052137375,0.6543541550636292,0.4368093013763428,0.22706244885921478,0.4729337692260742,0.3804846405982971,0.34025248885154724,0.6057522296905518,0.4040818214416504,0.24064764380455017,0.33249199390411377,0.3535696566104889,0.32766488194465637,0.6956534385681152,0.43076616525650024,0.04957686737179756,0.47348752617836,0.39262640476226807,-0.07064470648765564,0.43546488881111145,0.37334465980529785,0.05201078578829765,0.37651917338371277,0.371359646320343,0.28018996119499207,0.36250752210617065,0.3652455806732178,0.1506424993276596,0.35988375544548035,0.36940526962280273,0.13253146409988403,0.6051753163337708,0.39028841257095337,0.048203080892562866,0.5131505131721497,0.36463314294815063,0.24599792063236237,0.7252751588821411,0.4576176106929779,0.014045782387256622,0.7001491785049438,0.43924251198768616,0.11737332493066788,0.6819034814834595,0.43685463070869446,0.1674993336200714,0.35570117831230164,0.37371349334716797,0.11691470444202423,0.3510738015174866,0.37732982635498047,0.1074269637465477,0.34913498163223267,0.38022834062576294,0.10391517728567123,0.34630391001701355,0.35825103521347046,0.2617052495479584,0.3444160223007202,0.3740997314453125,0.11035515367984772,0.34595999121665955,0.3687346279621124,0.12006792426109314,0.3489280641078949,0.3636314868927002,0.13526347279548645,0.3532106578350067,0.35990574955940247,0.1531534343957901,0.35731974244117737,0.35937631130218506,0.16675423085689545,0.32139432430267334,0.3787594437599182,0.41135144233703613,0.36267584562301636,0.362883985042572,0.16684389114379883,0.521501898765564,0.377580463886261,0.011021029204130173,0.4723769426345825,0.36985641717910767,-0.021082153543829918,0.5028610825538635,0.39270463585853577,-0.03938915207982063,0.6600947380065918,0.4126720428466797,0.14141784608364105,0.6770124435424805,0.42319345474243164,0.09575623273849487,0.7080246210098267,0.4451046884059906,-0.001617052941583097,0.6213920712471008,0.44097429513931274,0.2943694293498993,0.34593066573143005,0.378442645072937,0.10472054779529572,0.3801616132259369,0.3740413188934326,-0.010140709578990936,0.7157620191574097,0.4443555176258087,0.06555192917585373,0.5213233232498169,0.3909294903278351,0.31981000304222107,0.6249030828475952,0.43021416664123535,-0.0031420134473592043,0.6327524185180664,0.4261718988418579,-0.00437159463763237,0.6412267684936523,0.42158693075180054,-0.00677503552287817,0.6488808393478394,0.4168837070465088,-0.0033560842275619507,0.6311094760894775,0.4147454500198364,0.01168293971568346,0.5707235932350159,0.4008490741252899,0.03856629505753517,0.5707288980484009,0.3953641653060913,0.045378439128398895,0.5693496465682983,0.39015573263168335,0.05095856264233589,0.56803297996521,0.37678006291389465,0.07013487070798874,0.519741952419281,0.36182647943496704,0.17700764536857605,0.3545290231704712,0.3823719024658203,0.0121202003210783,0.3323152959346771,0.3814792037010193,0.06489741057157516,0.33782580494880676,0.3800947964191437,0.091091088950634,0.5689699649810791,0.40488797426223755,0.03752394765615463,0.574975311756134,0.3796329200267792,0.20090804994106293,0.32937169075012207,0.38042116165161133,0.02168034203350544,0.6471227407455444,0.42251986265182495,0.024757737293839455,0.3650636374950409,0.37600457668304443,-0.03515743091702461,0.4195052683353424,0.3692505657672882,-0.0054030828177928925,0.6546704769134521,0.436952143907547,-0.015431015752255917,0.6190105676651001,0.3941081762313843,0.08813267946243286,0.48587268590927124,0.37208208441734314,0.0514858178794384,0.6363763809204102,0.40825894474983215,0.05733758583664894,0.49369901418685913,0.357928991317749,0.09944025427103043,0.5143222808837891,0.36821448802948,0.06873596459627151,0.5336142778396606,0.36320430040359497,0.1266537308692932,0.6822501420974731,0.438008189201355,-0.009520644322037697,0.4333907663822174,0.37187325954437256,0.01671716384589672,0.6357613801956177,0.39763665199279785,0.11739487200975418,0.6533219218254089,0.41323116421699524,0.07789407670497894,0.5948766469955444,0.3819103538990021,0.11243283003568649,0.5500541925430298,0.3752329349517822,0.2390812188386917,0.5980879068374634,0.3825227618217468,0.14876796305179596,0.5656112432479858,0.39978936314582825,0.2933271825313568,0.5505180358886719,0.3708339333534241,0.09100466221570969,0.3969275653362274,0.3755730390548706,0.013882140628993511,0.46548905968666077,0.36092907190322876,-0.042082153260707855,0.4732568860054016,0.36364972591400146,-0.016520533710718155,0.4489825367927551,0.3543934226036072,-0.06325848400592804,0.3223244547843933,0.3724425137042999,0.07716210186481476,0.32278960943222046,0.3617650270462036,0.09918659925460815,0.32693353295326233,0.3544485569000244,0.12444092333316803,0.3327648341655731,0.3502134680747986,0.15416234731674194,0.34117648005485535,0.3515208959579468,0.18018433451652527,0.3672817349433899,0.3657780885696411,0.21634547412395477,0.4235791862010956,0.37169256806373596,0.3504561483860016,0.39063671231269836,0.3685370683670044,0.18280568718910217,0.39280250668525696,0.37036430835723877,0.15179401636123657,0.38706985116004944,0.3754159212112427,0.12217522412538528,0.37744638323783875,0.3809124827384949,0.09916260093450546,0.3687296509742737,0.3838276267051697,0.07977693527936935,0.36097946763038635,0.38541659712791443,0.06851458549499512,0.414913147687912,0.42013463377952576,0.4422903060913086,0.4774833023548126,0.3710482716560364,-0.00851792749017477,0.4026179313659668,0.3672177195549011,-0.027918800711631775,0.4627922773361206,0.35986560583114624,-0.07277121394872665,0.469377726316452,0.37694743275642395,-0.07765782624483109,0.46599406003952026,0.36761003732681274,-0.06311403959989548,0.48114195466041565,0.38035672903060913,-0.010604345239698887,0.47097688913345337,0.37644821405410767,-0.08594035357236862,0.4737759828567505,0.3889639377593994,-0.06596463918685913,0.34694546461105347,0.38345250487327576,0.08582472801208496,0.34931010007858276,0.3860902190208435,0.05827745795249939,0.3523244857788086,0.38446420431137085,0.03484215959906578,0.3596055209636688,0.36012423038482666,0.17808128893375397,0.3531849980354309,0.3586539030075073,0.18732883036136627,0.2700459957122803,0.4760120213031769,-0.06702752411365509,0.2796860337257385,0.45560792088508606,-0.06702752411365509,0.25296077132225037,0.4729940593242645,-0.06702752411365509,0.25948095321655273,0.49657896161079407,-0.06702752411365509,0.28659820556640625,0.4786938428878784,-0.06702752411365509,0.34526288509368896,0.36597713828086853,0.13853219151496887,0.3507077395915985,0.3593568205833435,0.13853219151496887,0.32991519570350647,0.3616407513618469,0.13853219151496887,0.3397347331047058,0.37267908453941345,0.13853219151496887,0.3603161871433258,0.3703088164329529,0.13853219151496887,0,0,0,0,0,1,1,0,0,0,0,0,0.10609424114227295,0.07082230597734451,0.07982046902179718,0.07311293482780457,0.022487573325634003,0.055987242609262466,0.08971501886844635,0.07715035229921341,0.09664469957351685,0.16233476996421814,1.003480076789856,0.3697355091571808,Sadness,-22.027238845825195,-30.362873077392578
