FrameID,timestamp_ms
0,1784256378832
1024,1784256378851
2048,1784256378871
3072,1784256378901
4096,1784256378921
5120,1784256378941
6144,1784256378972
7168,1784256378991
8192,1784256379012
9216,1784256379042
10240,1784256379062
11264,1784256379081
12288,1784256379111
13312,1784256379132
14336,1784256379151
15360,1784256379181
16384,1784256379201
17408,1784256379222
18432,1784256379251
19456,1784256379271
20480,1784256379292
21504,1784256379322
22528,1784256379341
23552,1784256379361
24576,1784256379391
25600,1784256379412
26624,1784256379432
27648,1784256379462
28672,1784256379482
29696,1784256379501
30720,1784256379521
31744,1784256379551
32768,1784256379572
33792,1784256379592
34816,1784256379621
35840,1784256379641
36864,1784256379661
37888,1784256379691
38912,1784256379711
39936,1784256379732
40960,1784256379761
41984,1784256379781
43008,1784256379801
44032,1784256379832
45056,1784256379851
46080,1784256379871
47104,1784256379902
48128,1784256379922
49152,1784256379942
50176,1784256379971
51200,1784256379991
52224,1784256380012
53248,1784256380042
54272,1784256380061
55296,1784256380081
56320,1784256380112
57344,1784256380132
58368,1784256380152
59392,1784256380171
60416,1784256380202
61440,1784256380222
62464,1784256380241
63488,1784256380272
64512,1784256380292
65536,1784256380312
66560,1784256380341
67584,1784256380361
68608,1784256380382
69632,1784256380412
70656,1784256380431
71680,1784256380452
72704,1784256380482
73728,1784256380501
74752,1784256380521
75776,1784256380552
76800,1784256380572
77824,1784256380591
78848,1784256380622
79872,1784256380642
80896,1784256380661
81920,1784256380691
82944,1784256380712
83968,1784256380731
84992,1784256380761
86016,1784256380782
87040,1784256380802
88064,1784256380831
89088,1784256380851
90112,1784256380872
91136,1784256380892
92160,1784256380921
93184,1784256380942
94208,1784256380962
95232,1784256380991
96256,1784256381011
97280,1784256381031
98304,1784256381062
99328,1784256381081
100352,1784256381102
101376,1784256381132
102400,1784256381151
103424,1784256381171
104448,1784256381202
105472,1784256381222
106496,1784256381242
107520,1784256381272
108544,1784256381292
109568,1784256381311
110592,1784256381342
111616,1784256381362
112640,1784256381382
113664,1784256381412
114688,1784256381432
115712,1784256381451
116736,1784256381481
117760,1784256381502
118784,1784256381522
119808,1784256381541
120832,1784256381571
121856,1784256381592
122880,1784256381612
123904,1784256381641
124928,1784256381661
125952,1784256381682
126976,1784256381711
128000,1784256381731
129024,1784256381752
130048,1784256381781
131072,1784256381801
132096,1784256381821
133120,1784256381851
134144,1784256381871
135168,1784256381892
136192,1784256381922
137216,1784256381941
138240,1784256381961
139264,1784256381992
140288,1784256382011
141312,1784256382031
142336,1784256382062
143360,1784256382082
144384,1784256382101
145408,1784256382131
146432,1784256382152
147456,1784256382172
148480,1784256382202
149504,1784256382221
150528,1784256382241
151552,1784256382262
152576,1784256382292
153600,1784256382312
154624,1784256382331
155648,1784256382362
156672,1784256382382
157696,1784256382401
158720,1784256382431
159744,1784256382452
160768,1784256382472
161792,1784256382502
162816,1784256382522
163840,1784256382541
164864,1784256382572
165888,1784256382591
166912,1784256382611
167936,1784256382642
168960,1784256382661
169984,1784256382681
171008,1784256382712
172032,1784256382731
173056,1784256382752
174080,1784256382781
175104,1784256382801
176128,1784256382822
177152,1784256382852
178176,1784256382872
179200,1784256382891
180224,1784256382911
181248,1784256382942
182272,1784256382962
183296,1784256382981
184320,1784256383012
185344,1784256383032
186368,1784256383052
187392,1784256383081
188416,1784256383102
189440,1784256383122
190464,1784256383151
191488,1784256383171
192512,1784256383191
193536,1784256383221
194560,1784256383241
195584,1784256383262
196608,1784256383292
197632,1784256383311
198656,1784256383331
199680,1784256383362
200704,1784256383381
201728,1784256383401
202752,1784256383432
203776,1784256383452
204800,1784256383471
205824,1784256383501
206848,1784256383522
207872,1784256383542
208896,1784256383571
209920,1784256383592
210944,1784256383611
211968,1784256383632
212992,1784256383661
214016,1784256383681
215040,1784256383701
216064,1784256383731
217088,1784256383751
218112,1784256383771
219136,1784256383801
220160,1784256383822
221184,1784256383842
222208,1784256383871
223232,1784256383891
224256,1784256383911
225280,1784256383942
226304,1784256383962
227328,1784256383982
228352,1784256384012
229376,1784256384032
230400,1784256384051
231424,1784256384081
232448,1784256384102
233472,1784256384122
234496,1784256384151
235520,1784256384171
236544,1784256384191
237568,1784256384222
238592,1784256384241
239616,1784256384262
240640,1784256384282
241664,1784256384312
242688,1784256384331
243712,1784256384351
244736,1784256384382
245760,1784256384402
246784,1784256384421
247808,1784256384451
248832,1784256384472
249856,1784256384492
250880,1784256384521
251904,1784256384541
252928,1784256384561
253952,1784256384592
254976,1784256384612
256000,1784256384631
257024,1784256384661
258048,1784256384682
259072,1784256384702
260096,1784256384731
261120,1784256384752
262144,1784256384772
263168,1784256384801
264192,1784256384821
265216,1784256384841
266240,1784256384872
267264,1784256384891
268288,1784256384911
269312,1784256384941
270336,1784256384962
271360,1784256384982
272384,1784256385001
273408,1784256385032
274432,1784256385052
275456,1784256385071
276480,1784256385101
277504,1784256385121
278528,1784256385142
279552,1784256385172
280576,1784256385192
281600,1784256385212
282624,1784256385241
283648,1784256385261
284672,1784256385281
285696,1784256385311
286720,1784256385332
287744,1784256385352
288768,1784256385382
289792,1784256385401
290816,1784256385422
291840,1784256385452
292864,1784256385472
293888,1784256385492
294912,1784256385521
295936,1784256385541
296960,1784256385561
297984,1784256385591
299008,1784256385611
300032,1784256385632
301056,1784256385652
302080,1784256385681
303104,1784256385701
304128,1784256385722
305152,1784256385751
306176,1784256385771
307200,1784256385792
308224,1784256385821
309248,1784256385841
310272,1784256385861
311296,1784256385892
312320,1784256385911
313344,1784256385931
314368,1784256385962
315392,1784256385982
316416,1784256386001
317440,1784256386031
318464,1784256386051
319488,1784256386072
320512,1784256386102
321536,1784256386121
322560,1784256386141
323584,1784256386172
324608,1784256386192
325632,1784256386211
326656,1784256386241
327680,1784256386262
328704,1784256386281
329728,1784256386312
330752,1784256386332
331776,1784256386352
332800,1784256386371
333824,1784256386402
334848,1784256386422
335872,1784256386441
336896,1784256386472
337920,1784256386492
338944,1784256386512
339968,1784256386541
340992,1784256386562
342016,1784256386582
343040,1784256386612
344064,1784256386632
345088,1784256386652
346112,1784256386681
347136,1784256386701
348160,1784256386721
349184,1784256386752
350208,1784256386771
351232,1784256386791
352256,1784256386821
353280,1784256386842
354304,1784256386862
355328,1784256386891
356352,1784256386911
357376,1784256386932
358400,1784256386961
359424,1784256386981
360448,1784256387001
361472,1784256387022
362496,1784256387051
363520,1784256387071
364544,1784256387091
365568,1784256387122
366592,1784256387141
367616,1784256387161
368640,1784256387191
369664,1784256387212
370688,1784256387232
371712,1784256387261
372736,1784256387282
373760,1784256387302
374784,1784256387331
375808,1784256387351
376832,1784256387371
377856,1784256387402
378880,1784256387422
379904,1784256387441
380928,1784256387471
381952,1784256387491
382976,1784256387512
384000,1784256387541
385024,1784256387561
386048,1784256387581
387072,1784256387612
388096,1784256387632
389120,1784256387651
390144,1784256387681
391168,1784256387702
392192,1784256387721
393216,1784256387741
394240,1784256387772
395264,1784256387791
396288,1784256387811
397312,1784256387842
398336,1784256387861
399360,1784256387882
400384,1784256387912
401408,1784256387931
402432,1784256387952
403456,1784256387982
404480,1784256388002
405504,1784256388022
406528,1784256388051
407552,1784256388072
408576,1784256388092
409600,1784256388121
410624,1784256388141
411648,1784256388162
412672,1784256388192
413696,1784256388212
414720,1784256388231
415744,1784256388261
416768,1784256388281
417792,1784256388301
418816,1784256388332
419840,1784256388352
420864,1784256388371
421888,1784256388391
422912,1784256388422
423936,1784256388441
424960,1784256388461
425984,1784256388492
427008,1784256388512
428032,1784256388531
429056,1784256388561
430080,1784256388582
431104,1784256388602
432128,1784256388631
433152,1784256388651
434176,1784256388672
435200,1784256388702
436224,1784256388721
437248,1784256388741
438272,1784256388771
439296,1784256388791
440320,1784256388811
441344,1784256388842
442368,1784256388862
443392,1784256388881
444416,1784256388911
445440,1784256388932
446464,1784256388952
447488,1784256388982
448512,1784256389002
449536,1784256389022
450560,1784256389041
451584,1784256389072
452608,1784256389092
453632,1784256389111
454656,1784256389141
455680,1784256389162
456704,1784256389182
457728,1784256389211
458752,1784256389231
459776,1784256389252
460800,1784256389281
461824,1784256389301
462848,1784256389322
463872,1784256389352
464896,1784256389371
465920,1784256389391
466944,1784256389422
467968,1784256389441
468992,1784256389461
470016,1784256389492
471040,1784256389512
472064,1784256389531
473088,1784256389561
474112,1784256389582
475136,1784256389602
476160,1784256389631
477184,1784256389652
478208,1784256389672
479232,1784256389701
480256,1784256389721
481280,1784256389741
482304,1784256389762
483328,1784256389792
484352,1784256389811
485376,1784256389831
486400,1784256389862
487424,1784256389882
488448,1784256389901
489472,1784256389931
490496,1784256389952
491520,1784256389971
492544,1784256390001
493568,1784256390022
494592,1784256390042
495616,1784256390071
496640,1784256390092
497664,1784256390111
498688,1784256390142
499712,1784256390162
500736,1784256390181
501760,1784256390211
502784,1784256390231
503808,1784256390251
504832,1784256390281
505856,1784256390301
506880,1784256390322
507904,1784256390351
508928,1784256390371
509952,1784256390392
510976,1784256390412
512000,1784256390441
513024,1784256390461
514048,1784256390481
515072,1784256390512
516096,1784256390531
517120,1784256390551
518144,1784256390581
519168,1784256390601
520192,1784256390621
521216,1784256390652
522240,1784256390672
523264,1784256390691
524288,1784256390721
525312,1784256390741
526336,1784256390762
527360,1784256390791
528384,1784256390811
529408,1784256390831
530432,1784256390862
531456,1784256390882
532480,1784256390901
533504,1784256390931
534528,1784256390951
535552,1784256390972
536576,1784256391001
537600,1784256391022
538624,1784256391042
539648,1784256391071
540672,1784256391091
541696,1784256391111
542720,1784256391131
543744,1784256391162
544768,1784256391181
545792,1784256391201
546816,1784256391232
547840,1784256391252
548864,1784256391272
549888,1784256391301
550912,1784256391322
551936,1784256391342
552960,1784256391371
553984,1784256391392
555008,1784256391412
556032,1784256391441
557056,1784256391461
558080,1784256391481
559104,1784256391512
560128,1784256391531
561152,1784256391551
562176,1784256391582
563200,1784256391601
564224,1784256391622
565248,1784256391652
566272,1784256391671
567296,1784256391692
568320,1784256391722
569344,1784256391741
570368,1784256391761
571392,1784256391781
572416,1784256391811
573440,1784256391831
574464,1784256391851
575488,1784256391881
576512,1784256391902
577536,1784256391921
578560,1784256391951
579584,1784256391971
580608,1784256391992
581632,1784256392021
582656,1784256392041
583680,1784256392062
584704,1784256392091
585728,1784256392111
586752,1784256392132
587776,1784256392161
588800,1784256392181
589824,1784256392201
590848,1784256392232
591872,1784256392251
592896,1784256392271
593920,1784256392302
594944,1784256392321
595968,1784256392341
596992,1784256392372
598016,1784256392391
599040,1784256392411
600064,1784256392442
601088,1784256392462
602112,1784256392482
603136,1784256392501
604160,1784256392531
605184,1784256392552
606208,1784256392572
607232,1784256392601
608256,1784256392621
609280,1784256392641
610304,1784256392672
611328,1784256392692
612352,1784256392711
613376,1784256392741
614400,1784256392762
615424,1784256392781
616448,1784256392811
617472,1784256392832
618496,1784256392852
619520,1784256392881
620544,1784256392901
621568,1784256392921
622592,1784256392952
623616,1784256392971
624640,1784256392991
625664,1784256393021
626688,1784256393042
627712,1784256393062
628736,1784256393091
629760,1784256393111
630784,1784256393131
631808,1784256393151
632832,1784256393181
633856,1784256393201
634880,1784256393222
635904,1784256393251
636928,1784256393272
637952,1784256393291
638976,1784256393322
640000,1784256393341
641024,1784256393362
642048,1784256393391
643072,1784256393411
644096,1784256393432
645120,1784256393462
646144,1784256393481
647168,1784256393501
648192,1784256393531
649216,1784256393552
650240,1784256393571
651264,1784256393601
652288,1784256393622
653312,1784256393642
654336,1784256393672
655360,1784256393692
656384,1784256393711
657408,1784256393741
658432,1784256393762
659456,1784256393781
660480,1784256393811
661504,1784256393832
662528,1784256393852
663552,1784256393871
664576,1784256393901
665600,1784256393921
666624,1784256393942
667648,1784256393972
668672,1784256393992
669696,1784256394011
670720,1784256394041
671744,1784256394062
672768,1784256394081
673792,1784256394112
674816,1784256394132
675840,1784256394151
676864,1784256394181
677888,1784256394201
678912,1784256394222
679936,1784256394252
680960,1784256394271
681984,1784256394291
683008,1784256394322
684032,1784256394342
685056,1784256394362
686080,1784256394391
687104,1784256394411
688128,1784256394432
689152,1784256394461
690176,1784256394481
691200,1784256394502
692224,1784256394522
693248,1784256394551
694272,1784256394572
695296,1784256394592
696320,1784256394622
697344,1784256394641
698368,1784256394662
699392,1784256394692
700416,1784256394711
701440,1784256394731
702464,1784256394761
703488,1784256394782
704512,1784256394802
705536,1784256394831
706560,1784256394852
707584,1784256394872
708608,1784256394901
709632,1784256394922
710656,1784256394941
711680,1784256394971
712704,1784256394992
713728,1784256395012
714752,1784256395041
715776,1784256395062
716800,1784256395082
717824,1784256395111
718848,1784256395132
719872,1784256395152
720896,1784256395181
721920,1784256395201
722944,1784256395222
723968,1784256395242
724992,1784256395271
726016,1784256395291
727040,1784256395312
728064,1784256395342
729088,1784256395361
730112,1784256395381
731136,1784256395412
732160,1784256395431
733184,1784256395451
734208,1784256395482
735232,1784256395502
736256,1784256395521
737280,1784256395551
738304,1784256395572
739328,1784256395591
740352,1784256395621
741376,1784256395641
742400,1784256395661
743424,1784256395691
744448,1784256395711
745472,1784256395731
746496,1784256395761
747520,1784256395782
748544,1784256395801
749568,1784256395831
750592,1784256395852
751616,1784256395871
752640,1784256395892
753664,1784256395921
754688,1784256395941
755712,1784256395961
756736,1784256395992
757760,1784256396011
758784,1784256396031
759808,1784256396061
760832,1784256396082
761856,1784256396102
762880,1784256396131
763904,1784256396151
764928,1784256396171
765952,1784256396202
766976,1784256396222
768000,1784256396241
769024,1784256396271
770048,1784256396291
771072,1784256396312
772096,1784256396341
773120,1784256396361
774144,1784256396381
775168,1784256396412
776192,1784256396432
777216,1784256396451
778240,1784256396481
779264,1784256396501
780288,1784256396522
781312,1784256396552
782336,1784256396571
783360,1784256396592
784384,1784256396612
785408,1784256396642
786432,1784256396661
787456,1784256396681
788480,1784256396712
789504,1784256396732
790528,1784256396751
791552,1784256396781
792576,1784256396802
793600,1784256396821
794624,1784256396851
795648,1784256396871
796672,1784256396891
797696,1784256396922
798720,1784256396942
799744,1784256396961
800768,1784256396991
801792,1784256397012
802816,1784256397031
803840,1784256397061
804864,1784256397081
805888,1784256397101
806912,1784256397132
807936,1784256397151
808960,1784256397171
809984,1784256397201
811008,1784256397222
812032,1784256397241
813056,1784256397262
814080,1784256397291
815104,1784256397311
816128,1784256397331
817152,1784256397362
818176,1784256397381
819200,1784256397402
820224,1784256397431
821248,1784256397451
822272,1784256397471
823296,1784256397502
824320,1784256397521
825344,1784256397541
826368,1784256397572
827392,1784256397592
828416,1784256397611
829440,1784256397641
830464,1784256397661
831488,1784256397682
832512,1784256397712
833536,1784256397731
834560,1784256397751
835584,1784256397781
836608,1784256397802
837632,1784256397822
838656,1784256397851
839680,1784256397871
840704,1784256397891
841728,1784256397922
842752,1784256397941
843776,1784256397961
844800,1784256397981
845824,1784256398011
846848,1784256398031
847872,1784256398052
848896,1784256398082
849920,1784256398101
850944,1784256398121
851968,1784256398151
852992,1784256398171
854016,1784256398191
855040,1784256398221
856064,1784256398241
857088,1784256398262
858112,1784256398292
859136,1784256398312
860160,1784256398331
861184,1784256398361
862208,1784256398382
863232,1784256398401
864256,1784256398431
865280,1784256398452
866304,1784256398472
867328,1784256398501
868352,1784256398521
869376,1784256398541
870400,1784256398571
871424,1784256398591
872448,1784256398611
873472,1784256398631
874496,1784256398661
875520,1784256398681
876544,1784256398701
877568,1784256398732
878592,1784256398752
879616,1784256398771
880640,1784256398801
881664,1784256398822
882688,1784256398842
883712,1784256398871
884736,1784256398892
885760,1784256398912
886784,1784256398941
887808,1784256398962
888832,1784256398982
889856,1784256399012
890880,1784256399032
891904,1784256399051
892928,1784256399081
893952,1784256399102
894976,1784256399121
896000,1784256399151
897024,1784256399171
898048,1784256399191
899072,1784256399221
900096,1784256399242
901120,1784256399261
902144,1784256399282
903168,1784256399312
904192,1784256399331
905216,1784256399352
906240,1784256399382
907264,1784256399401
908288,1784256399421
909312,1784256399452
910336,1784256399471
911360,1784256399491
912384,1784256399522
913408,1784256399542
914432,1784256399562
915456,1784256399591
916480,1784256399611
917504,1784256399632
918528,1784256399662
919552,1784256399681
920576,1784256399701
921600,1784256399732
922624,1784256399751
923648,1784256399772
924672,1784256399802
925696,1784256399822
926720,1784256399841
927744,1784256399872
928768,1784256399892
929792,1784256399912
930816,1784256399941
931840,1784256399962
932864,1784256399982
933888,1784256400001
934912,1784256400031
935936,1784256400052
936960,1784256400071
937984,1784256400101
939008,1784256400121
940032,1784256400141
941056,1784256400171
942080,1784256400191
943104,1784256400211
944128,1784256400241
945152,1784256400262
946176,1784256400282
947200,1784256400311
948224,1784256400332
949248,1784256400352
950272,1784256400382
951296,1784256400401
952320,1784256400421
953344,1784256400452
954368,1784256400471
955392,1784256400491
956416,1784256400522
957440,1784256400542
958464,1784256400561
959488,1784256400591
960512,1784256400611
961536,1784256400631
962560,1784256400652
963584,1784256400682
964608,1784256400701
965632,1784256400721
966656,1784256400752
967680,1784256400771
968704,1784256400791
969728,1784256400822
970752,1784256400842
971776,1784256400861
972800,1784256400891
973824,1784256400911
974848,1784256400932
975872,1784256400962
976896,1784256400981
977920,1784256401001
978944,1784256401032
979968,1784256401052
980992,1784256401071
982016,1784256401101
983040,1784256401121
984064,1784256401141
985088,1784256401171
986112,1784256401192
987136,1784256401211
988160,1784256401241
989184,1784256401261
990208,1784256401281
991232,1784256401311
992256,1784256401331
993280,1784256401352
994304,1784256401372
995328,1784256401401
996352,1784256401421
997376,1784256401441
998400,1784256401471
999424,1784256401491
1000448,1784256401511
1001472,1784256401541
1002496,1784256401562
1003520,1784256401581
1004544,1784256401612
1005568,1784256401632
1006592,1784256401651
1007616,1784256401681
1008640,1784256401702
1009664,1784256401721
1010688,1784256401752
1011712,1784256401771
1012736,1784256401791
1013760,1784256401822
1014784,1784256401842
1015808,1784256401861
1016832,1784256401891
1017856,1784256401912
1018880,1784256401932
1019904,1784256401961
1020928,1784256401981
1021952,1784256402001
1022976,1784256402022
1024000,1784256402051
1025024,1784256402071
1026048,1784256402091
1027072,1784256402121
1028096,1784256402142
1029120,1784256402161
1030144,1784256402191
1031168,1784256402212
1032192,1784256402232
1033216,1784256402261
1034240,1784256402281
1035264,1784256402301
1036288,1784256402332
1037312,1784256402352
1038336,1784256402371
1039360,1784256402401
1040384,1784256402421
1041408,1784256402441
1042432,1784256402472
1043456,1784256402491
1044480,1784256402511
1045504,1784256402541
1046528,1784256402562
1047552,1784256402582
1048576,1784256402611
1049600,1784256402631
1050624,1784256402651
1051648,1784256402681
1052672,1784256402701
1053696,1784256402721
1054720,1784256402741
1055744,1784256402771
1056768,1784256402791
1057792,1784256402812
1058816,1784256402842
1059840,1784256402861
1060864,1784256402881
1061888,1784256402911
1062912,1784256402931
1063936,1784256402952
1064960,1784256402981
1065984,1784256403001
1067008,1784256403021
1068032,1784256403051
1069056,1784256403071
1070080,1784256403091
1071104,1784256403121
1072128,1784256403142
1073152,1784256403162
1074176,1784256403191
1075200,1784256403211
1076224,1784256403231
1077248,1784256403261
1078272,1784256403281
1079296,1784256403302
1080320,1784256403332
1081344,1784256403351
1082368,1784256403371
1083392,1784256403391
1084416,1784256403421
1085440,1784256403441
1086464,1784256403461
1087488,1784256403492
1088512,1784256403511
1089536,1784256403531
1090560,1784256403561
1091584,1784256403582
1092608,1784256403601
1093632,1784256403631
1094656,1784256403652
1095680,1784256403671
1096704,1784256403701
1097728,1784256403721
1098752,1784256403742
1099776,1784256403772
1100800,1784256403791
1101824,1784256403812
1102848,1784256403841
1103872,1784256403861
1104896,1784256403882
1105920,1784256403911
1106944,1784256403931
1107968,1784256403951
1108992,1784256403982
1110016,1784256404001
1111040,1784256404021
1112064,1784256404052
1113088,1784256404071
1114112,1784256404091
1115136,1784256404111
1116160,1784256404141
1117184,1784256404161
1118208,1784256404182
1119232,1784256404212
1120256,1784256404231
1121280,1784256404252
1122304,1784256404281
1123328,1784256404301
1124352,1784256404321
1125376,1784256404351
1126400,1784256404371
1127424,1784256404391
1128448,1784256404422
1129472,1784256404441
1130496,1784256404461
1131520,1784256404491
1132544,1784256404511
1133568,1784256404531
1134592,1784256404561
1135616,1784256404581
1136640,1784256404601
1137664,1784256404631
1138688,1784256404651
1139712,1784256404671
1140736,1784256404702
1141760,1784256404721
1142784,1784256404742
1143808,1784256404762
1144832,1784256404792
1145856,1784256404812
1146880,1784256404831
1147904,1784256404861
1148928,1784256404882
1149952,1784256404902
1150976,1784256404932
1152000,1784256404951
1153024,1784256404971
1154048,1784256405002
1155072,1784256405022
1156096,1784256405042
1157120,1784256405071
1158144,1784256405092
1159168,1784256405111
1160192,1784256405141
1161216,1784256405162
1162240,1784256405181
1163264,1784256405211
1164288,1784256405231
1165312,1784256405252
1166336,1784256405282
1167360,1784256405301
1168384,1784256405321
1169408,1784256405352
1170432,1784256405372
1171456,1784256405391
1172480,1784256405421
1173504,1784256405442
1174528,1784256405462
1175552,1784256405481
1176576,1784256405512
1177600,1784256405532
1178624,1784256405551
1179648,1784256405581
1180672,1784256405601
1181696,1784256405621
1182720,1784256405651
1183744,1784256405671
1184768,1784256405691
1185792,1784256405721
1186816,1784256405741
1187840,1784256405761
1188864,1784256405791
1189888,1784256405811
1190912,1784256405832
1191936,1784256405862
1192960,1784256405881
1193984,1784256405902
1195008,1784256405932
1196032,1784256405951
1197056,1784256405971
1198080,1784256406001
1199104,1784256406021
1200128,1784256406042
1201152,1784256406071
1202176,1784256406091
1203200,1784256406112
1204224,1784256406132
1205248,1784256406161
1206272,1784256406182
1207296,1784256406202
1208320,1784256406232
1209344,1784256406251
1210368,1784256406272
1211392,1784256406302
1212416,1784256406321
1213440,1784256406341
1214464,1784256406372
1215488,1784256406391
1216512,1784256406411
1217536,1784256406441
1218560,1784256406461
1219584,1784256406481
1220608,1784256406512
1221632,1784256406531
1222656,1784256406551
1223680,1784256406581
1224704,1784256406602
1225728,1784256406622
1226752,1784256406651
1227776,1784256406671
1228800,1784256406691
1229824,1784256406721
1230848,1784256406741
1231872,1784256406761
1232896,1784256406791
1233920,1784256406811
1234944,1784256406832
1235968,1784256406852
1236992,1784256406881
1238016,1784256406901
1239040,1784256406922
1240064,1784256406951
1241088,1784256406972
1242112,1784256406991
1243136,1784256407021
1244160,1784256407042
1245184,1784256407062
1246208,1784256407091
1247232,1784256407112
1248256,1784256407132
1249280,1784256407161
1250304,1784256407181
1251328,1784256407201
1252352,1784256407231
1253376,1784256407251
1254400,1784256407272
1255424,1784256407301
1256448,1784256407321
1257472,1784256407341
1258496,1784256407372
1259520,1784256407392
1260544,1784256407412
1261568,1784256407441
1262592,1784256407461
1263616,1784256407481
1264640,1784256407501
1265664,1784256407531
1266688,1784256407551
1267712,1784256407571
1268736,1784256407601
1269760,1784256407622
1270784,1784256407642
1271808,1784256407671
1272832,1784256407691
1273856,1784256407712
1274880,1784256407741
1275904,1784256407761
1276928,1784256407782
1277952,1784256407811
1278976,1784256407831
1280000,1784256407851
1281024,1784256407881
1282048,1784256407901
1283072,1784256407921
1284096,1784256407951
1285120,1784256407971
1286144,1784256407991
1287168,1784256408021
1288192,1784256408042
1289216,1784256408062
1290240,1784256408091
1291264,1784256408111
1292288,1784256408131
1293312,1784256408162
1294336,1784256408181
1295360,1784256408201
1296384,1784256408221
1297408,1784256408251
1298432,1784256408271
1299456,1784256408291
1300480,1784256408321
1301504,1784256408342
1302528,1784256408361
1303552,1784256408391
1304576,1784256408411
1305600,1784256408432
1306624,1784256408461
1307648,1784256408481
1308672,1784256408501
1309696,1784256408531
1310720,1784256408551
1311744,1784256408571
1312768,1784256408602
1313792,1784256408621
1314816,1784256408641
1315840,1784256408671
1316864,1784256408691
1317888,1784256408711
1318912,1784256408742
1319936,1784256408761
1320960,1784256408781
1321984,1784256408812
1323008,1784256408832
1324032,1784256408851
1325056,1784256408872
1326080,1784256408902
1327104,1784256408921
1328128,1784256408941
1329152,1784256408972
1330176,1784256408992
1331200,1784256409011
1332224,1784256409041
1333248,1784256409062
1334272,1784256409081
1335296,1784256409111
1336320,1784256409131
1337344,1784256409152
1338368,1784256409181
1339392,1784256409201
1340416,1784256409221
1341440,1784256409251
1342464,1784256409271
1343488,1784256409291
1344512,1784256409321
1345536,1784256409342
1346560,1784256409361
1347584,1784256409391
1348608,1784256409412
1349632,1784256409432
1350656,1784256409461
1351680,1784256409481
1352704,1784256409501
1353728,1784256409521
1354752,1784256409551
1355776,1784256409572
1356800,1784256409591
1357824,1784256409621
1358848,1784256409642
1359872,1784256409661
1360896,1784256409691
1361920,1784256409711
1362944,1784256409731
1363968,1784256409761
1364992,1784256409781
1366016,1784256409801
1367040,1784256409832
1368064,1784256409851
1369088,1784256409871
1370112,1784256409902
1371136,1784256409922
1372160,1784256409942
1373184,1784256409971
1374208,1784256409991
1375232,1784256410012
1376256,1784256410041
1377280,1784256410061
1378304,1784256410081
1379328,1784256410111
1380352,1784256410132
1381376,1784256410152
1382400,1784256410181
1383424,1784256410201
1384448,1784256410221
1385472,1784256410241
1386496,1784256410271
1387520,1784256410292
1388544,1784256410312
1389568,1784256410341
1390592,1784256410362
1391616,1784256410382
1392640,1784256410411
1393664,1784256410431
1394688,1784256410452
1395712,1784256410481
1396736,1784256410501
1397760,1784256410522
1398784,1784256410552
1399808,1784256410571
1400832,1784256410591
1401856,1784256410621
1402880,1784256410642
1403904,1784256410662
1404928,1784256410691
1405952,1784256410712
1406976,1784256410732
1408000,1784256410761
1409024,1784256410781
1410048,1784256410802
1411072,1784256410831
1412096,1784256410851
1413120,1784256410871
1414144,1784256410891
1415168,1784256410922
1416192,1784256410941
1417216,1784256410961
1418240,1784256410992
1419264,1784256411012
1420288,1784256411032
1421312,1784256411061
1422336,1784256411082
1423360,1784256411101
1424384,1784256411132
1425408,1784256411152
1426432,1784256411171
1427456,1784256411201
1428480,1784256411221
1429504,1784256411241
1430528,1784256411272
1431552,1784256411291
1432576,1784256411311
1433600,1784256411342
1434624,1784256411362
1435648,1784256411381
1436672,1784256411412
1437696,1784256411432
1438720,1784256411451
1439744,1784256411481
1440768,1784256411501
1441792,1784256411521
1442816,1784256411551
1443840,1784256411571
1444864,1784256411591
1445888,1784256411612
1446912,1784256411641
1447936,1784256411661
1448960,1784256411681
1449984,1784256411711
1451008,1784256411731
1452032,1784256411751
1453056,1784256411781
1454080,1784256411801
1455104,1784256411821
1456128,1784256411851
1457152,1784256411871
1458176,1784256411892
1459200,1784256411922
1460224,1784256411941
1461248,1784256411961
1462272,1784256411992
1463296,1784256412011
1464320,1784256412031
1465344,1784256412061
1466368,1784256412081
1467392,1784256412102
1468416,1784256412131
1469440,1784256412151
1470464,1784256412172
1471488,1784256412202
1472512,1784256412221
1473536,1784256412241
1474560,1784256412261
1475584,1784256412291
1476608,1784256412312
1477632,1784256412331
1478656,1784256412361
1479680,1784256412381
1480704,1784256412401
1481728,1784256412431
1482752,1784256412452
1483776,1784256412472
1484800,1784256412502
1485824,1784256412521
1486848,1784256412541
1487872,1784256412571
1488896,1784256412591
1489920,1784256412612
1490944,1784256412641
1491968,1784256412661
1492992,1784256412681
1494016,1784256412711
1495040,1784256412731
1496064,1784256412751
1497088,1784256412781
1498112,1784256412801
1499136,1784256412822
1500160,1784256412851
1501184,1784256412871
1502208,1784256412891
1503232,1784256412921
1504256,1784256412941
1505280,1784256412961
1506304,1784256412981
1507328,1784256413011
1508352,1784256413032
1509376,1784256413051
1510400,1784256413081
1511424,1784256413101
1512448,1784256413121
1513472,1784256413151
1514496,1784256413171
1515520,1784256413192
1516544,1784256413221
1517568,1784256413241
1518592,1784256413261
1519616,1784256413291
1520640,1784256413312
1521664,1784256413331
1522688,1784256413361
1523712,1784256413382
1524736,1784256413401
1525760,1784256413431
1526784,1784256413451
1527808,1784256413472
1528832,1784256413501
1529856,1784256413521
1530880,1784256413541
1531904,1784256413571
1532928,1784256413591
1533952,1784256413611
1534976,1784256413631
1536000,1784256413662
1537024,1784256413681
1538048,1784256413701
1539072,1784256413731
1540096,1784256413751
1541120,1784256413771
1542144,1784256413801
1543168,1784256413821
1544192,1784256413841
1545216,1784256413871
1546240,1784256413891
1547264,1784256413911
1548288,1784256413941
1549312,1784256413961
1550336,1784256413982
1551360,1784256414011
1552384,1784256414032
1553408,1784256414051
1554432,1784256414082
1555456,1784256414101
1556480,1784256414122
1557504,1784256414151
1558528,1784256414172
1559552,1784256414191
1560576,1784256414222
1561600,1784256414242
1562624,1784256414261
1563648,1784256414291
1564672,1784256414311
1565696,1784256414331
1566720,1784256414352
1567744,1784256414381
1568768,1784256414402
1569792,1784256414421
1570816,1784256414452
1571840,1784256414471
1572864,1784256414492
1573888,1784256414521
1574912,1784256414542
1575936,1784256414561
1576960,1784256414591
1577984,1784256414611
1579008,1784256414631
1580032,1784256414662
1581056,1784256414681
1582080,1784256414701
1583104,1784256414732
1584128,1784256414751
1585152,1784256414771
1586176,1784256414802
1587200,1784256414821
1588224,1784256414841
1589248,1784256414871
1590272,1784256414891
1591296,1784256414912
1592320,1784256414941
1593344,1784256414962
1594368,1784256414981
1595392,1784256415002
1596416,1784256415031
1597440,1784256415051
1598464,1784256415071
1599488,1784256415102
1600512,1784256415121
1601536,1784256415141
1602560,1784256415171
1603584,1784256415191
1604608,1784256415212
1605632,1784256415241
1606656,1784256415262
1607680,1784256415281
1608704,1784256415312
1609728,1784256415331
1610752,1784256415352
1611776,1784256415381
1612800,1784256415402
1613824,1784256415421
1614848,1784256415452
1615872,1784256415471
1616896,1784256415491
1617920,1784256415521
1618944,1784256415541
1619968,1784256415562
1620992,1784256415591
1622016,1784256415612
1623040,1784256415631
1624064,1784256415662
1625088,1784256415681
1626112,1784256415701
1627136,1784256415722
1628160,1784256415752
1629184,1784256415771
1630208,1784256415791
1631232,1784256415821
1632256,1784256415841
1633280,1784256415862
1634304,1784256415891
1635328,1784256415912
1636352,1784256415931
1637376,1784256415962
1638400,1784256415981
1639424,1784256416002
1640448,1784256416031
1641472,1784256416051
1642496,1784256416072
1643520,1784256416101
1644544,1784256416122
1645568,1784256416141
1646592,1784256416172
1647616,1784256416191
1648640,1784256416212
1649664,1784256416242
1650688,1784256416261
1651712,1784256416281
1652736,1784256416311
1653760,1784256416331
1654784,1784256416352
1655808,1784256416371
1656832,1784256416402
1657856,1784256416421
1658880,1784256416441
1659904,1784256416471
1660928,1784256416491
1661952,1784256416512
1662976,1784256416541
1664000,1784256416562
1665024,1784256416581
1666048,1784256416612
1667072,1784256416631
1668096,1784256416652
1669120,1784256416681
1670144,1784256416702
1671168,1784256416721
1672192,1784256416752
1673216,1784256416771
1674240,1784256416791
1675264,1784256416821
1676288,1784256416841
1677312,1784256416862
1678336,1784256416891
1679360,1784256416912
1680384,1784256416931
1681408,1784256416962
1682432,1784256416981
1683456,1784256417002
1684480,1784256417031
1685504,1784256417052
1686528,1784256417071
1687552,1784256417091
1688576,1784256417121
1689600,1784256417141
1690624,1784256417162
1691648,1784256417191
1692672,1784256417212
1693696,1784256417231
1694720,1784256417261
1695744,1784256417281
1696768,1784256417302
1697792,1784256417331
1698816,1784256417352
1699840,1784256417371
1700864,1784256417402
1701888,1784256417421
1702912,1784256417441
1703936,1784256417471
1704960,1784256417491
1705984,1784256417512
1707008,1784256417541
1708032,1784256417562
1709056,1784256417581
1710080,1784256417612
1711104,1784256417631
1712128,1784256417652
1713152,1784256417681
1714176,1784256417702
1715200,1784256417722
1716224,1784256417741
1717248,1784256417772
1718272,1784256417791
1719296,1784256417812
1720320,1784256417841
1721344,1784256417862
1722368,1784256417881
1723392,1784256417912
1724416,1784256417931
1725440,1784256417951
1726464,1784256417981
1727488,1784256418001
1728512,1784256418022
1729536,1784256418051
1730560,1784256418072
1731584,1784256418091
1732608,1784256418122
1733632,1784256418141
1734656,1784256418162
1735680,1784256418191
1736704,1784256418212
1737728,1784256418231
1738752,1784256418262
1739776,1784256418281
1740800,1784256418301
1741824,1784256418331
1742848,1784256418351
1743872,1784256418372
1744896,1784256418401
1745920,1784256418422
1746944,1784256418441
1747968,1784256418461
1748992,1784256418491
1750016,1784256418511
1751040,1784256418532
1752064,1784256418561
1753088,1784256418582
1754112,1784256418601
1755136,1784256418632
1756160,1784256418651
1757184,1784256418672
1758208,1784256418701
1759232,1784256418721
1760256,1784256418741
1761280,1784256418772
1762304,1784256418791
1763328,1784256418812
1764352,1784256418841
1765376,1784256418862
1766400,1784256418881
1767424,1784256418912
1768448,1784256418931
1769472,1784256418951
1770496,1784256418981
1771520,1784256419001
1772544,1784256419022
1773568,1784256419051
1774592,1784256419072
1775616,1784256419091
1776640,1784256419112
1777664,1784256419141
1778688,1784256419162
1779712,1784256419181
1780736,1784256419212
1781760,1784256419231
1782784,1784256419252
1783808,1784256419281
1784832,1784256419302
1785856,1784256419321
1786880,1784256419352
1787904,1784256419371
1788928,1784256419392
1789952,1784256419421
1790976,1784256419442
1792000,1784256419461
1793024,1784256419491
1794048,1784256419512
1795072,1784256419531
1796096,1784256419562
1797120,1784256419581
1798144,1784256419602
1799168,1784256419631
1800192,1784256419652
1801216,1784256419671
1802240,1784256419702
1803264,1784256419721
1804288,1784256419741
1805312,1784256419762
1806336,1784256419791
1807360,1784256419812
1808384,1784256419831
1809408,1784256419862
1810432,1784256419881
1811456,1784256419902
1812480,1784256419931
1813504,1784256419952
1814528,1784256419971
1815552,1784256420002
1816576,1784256420022
1817600,1784256420042
1818624,1784256420071
1819648,1784256420091
1820672,1784256420111
1821696,1784256420141
1822720,1784256420161
1823744,1784256420181
1824768,1784256420211
1825792,1784256420231
1826816,1784256420251
1827840,1784256420281
1828864,1784256420301
1829888,1784256420322
1830912,1784256420351
1831936,1784256420372
1832960,1784256420391
1833984,1784256420421
1835008,1784256420442
1836032,1784256420461
1837056,1784256420481
1838080,1784256420511
1839104,1784256420531
1840128,1784256420552
1841152,1784256420581
1842176,1784256420601
1843200,1784256420622
1844224,1784256420651
1845248,1784256420672
1846272,1784256420691
1847296,1784256420722
1848320,1784256420741
1849344,1784256420761
1850368,1784256420792
1851392,1784256420811
1852416,1784256420832
1853440,1784256420861
1854464,1784256420881
1855488,1784256420902
1856512,1784256420931
1857536,1784256420952
1858560,1784256420971
1859584,1784256421002
1860608,1784256421021
1861632,1784256421042
1862656,1784256421071
1863680,1784256421092
1864704,1784256421111
1865728,1784256421131
1866752,1784256421161
1867776,1784256421181
1868800,1784256421201
1869824,1784256421231
1870848,1784256421251
1871872,1784256421271
1872896,1784256421302
1873920,1784256421321
1874944,1784256421342
1875968,1784256421371
1876992,1784256421392
1878016,1784256421411
1879040,1784256421441
1880064,1784256421461
1881088,1784256421481
1882112,1784256421511
1883136,1784256421531
1884160,1784256421552
1885184,1784256421581
1886208,1784256421602
1887232,1784256421621
1888256,1784256421652
1889280,1784256421671
1890304,1784256421691
1891328,1784256421721
1892352,1784256421741
1893376,1784256421761
1894400,1784256421792
1895424,1784256421811
1896448,1784256421831
1897472,1784256421852
1898496,1784256421881
1899520,1784256421902
1900544,1784256421921
1901568,1784256421952
1902592,1784256421971
1903616,1784256421992
1904640,1784256422021
1905664,1784256422042
1906688,1784256422061
1907712,1784256422092
1908736,1784256422111
1909760,1784256422131
1910784,1784256422162
1911808,1784256422181
1912832,1784256422202
1913856,1784256422231
1914880,1784256422252
1915904,1784256422271
1916928,1784256422302
1917952,1784256422321
1918976,1784256422341
1920000,1784256422371
1921024,1784256422391
1922048,1784256422412
1923072,1784256422441
1924096,1784256422462
1925120,1784256422481
1926144,1784256422502
1927168,1784256422531
1928192,1784256422552
1929216,1784256422571
1930240,1784256422602
1931264,1784256422621
1932288,1784256422641
1933312,1784256422671
1934336,1784256422691
1935360,1784256422712
1936384,1784256422741
1937408,1784256422761
1938432,1784256422782
1939456,1784256422811
1940480,1784256422831
1941504,1784256422851
1942528,1784256422882
1943552,1784256422901
1944576,1784256422921
1945600,1784256422951
1946624,1784256422971
1947648,1784256422992
1948672,1784256423021
1949696,1784256423042
1950720,1784256423061
1951744,1784256423092
1952768,1784256423111
1953792,1784256423131
1954816,1784256423162
1955840,1784256423181
1956864,1784256423202
1957888,1784256423221
1958912,1784256423251
1959936,1784256423272
1960960,1784256423291
1961984,1784256423322
1963008,1784256423341
1964032,1784256423362
1965056,1784256423391
1966080,1784256423412
1967104,1784256423431
1968128,1784256423462
1969152,1784256423481
1970176,1784256423501
1971200,1784256423531
1972224,1784256423551
1973248,1784256423572
1974272,1784256423601
1975296,1784256423622
1976320,1784256423641
1977344,1784256423672
1978368,1784256423691
1979392,1784256423712
1980416,1784256423742
1981440,1784256423761
1982464,1784256423781
1983488,1784256423811
1984512,1784256423832
1985536,1784256423851
1986560,1784256423871
1987584,1784256423901
1988608,1784256423921
1989632,1784256423942
1990656,1784256423971
1991680,1784256423992
1992704,1784256424011
1993728,1784256424042
1994752,1784256424061
1995776,1784256424081
1996800,1784256424111
1997824,1784256424131
1998848,1784256424152
1999872,1784256424181
2000896,1784256424202
2001920,1784256424221
2002944,1784256424251
2003968,1784256424272
2004992,1784256424291
2006016,1784256424321
2007040,1784256424342
2008064,1784256424361
2009088,1784256424392
2010112,1784256424411
2011136,1784256424432
2012160,1784256424461
2013184,1784256424482
2014208,1784256424501
2015232,1784256424532
2016256,1784256424551
2017280,1784256424571
2018304,1784256424592
2019328,1784256424621
2020352,1784256424642
2021376,1784256424661
2022400,1784256424692
2023424,1784256424711
2024448,1784256424732
2025472,1784256424762
2026496,1784256424781
2027520,1784256424802
2028544,1784256424831
2029568,1784256424852
2030592,1784256424871
2031616,1784256424902
2032640,1784256424921
2033664,1784256424941
2034688,1784256424971
2035712,1784256424991
2036736,1784256425012
2037760,1784256425041
2038784,1784256425062
2039808,1784256425081
2040832,1784256425112
2041856,1784256425131
2042880,1784256425152
2043904,1784256425181
2044928,1784256425202
2045952,1784256425221
2046976,1784256425241
2048000,1784256425272
2049024,1784256425291
2050048,1784256425311
2051072,1784256425342
2052096,1784256425361
2053120,1784256425381
2054144,1784256425411
2055168,1784256425431
2056192,1784256425452
2057216,1784256425481
2058240,1784256425502
2059264,1784256425521
2060288,1784256425552
2061312,1784256425571
2062336,1784256425591
2063360,1784256425621
2064384,1784256425641
2065408,1784256425662
2066432,1784256425691
2067456,1784256425712
2068480,1784256425731
2069504,1784256425761
2070528,1784256425782
2071552,1784256425801
2072576,1784256425832
2073600,1784256425851
2074624,1784256425871
2075648,1784256425901
2076672,1784256425921
2077696,1784256425942
2078720,1784256425961
2079744,1784256425992
2080768,1784256426011
2081792,1784256426032
2082816,1784256426061
2083840,1784256426082
2084864,1784256426102
2085888,1784256426131
2086912,1784256426152
2087936,1784256426171
2088960,1784256426202
2089984,1784256426221
2091008,1784256426241
2092032,1784256426272
2093056,1784256426291
2094080,1784256426311
2095104,1784256426341
2096128,1784256426361
2097152,1784256426382
2098176,1784256426411
2099200,1784256426432
2100224,1784256426451
2101248,1784256426482
2102272,1784256426501
2103296,1784256426522
2104320,1784256426551
2105344,1784256426572
2106368,1784256426591
2107392,1784256426611
2108416,1784256426641
2109440,1784256426661
2110464,1784256426682
2111488,1784256426711
2112512,1784256426732
2113536,1784256426751
2114560,1784256426781
2115584,1784256426801
2116608,1784256426821
2117632,1784256426852
2118656,1784256426871
2119680,1784256426891
2120704,1784256426921
2121728,1784256426941
2122752,1784256426962
2123776,1784256426991
2124800,1784256427012
2125824,1784256427031
2126848,1784256427062
2127872,1784256427081
2128896,1784256427102
2129920,1784256427131
2130944,1784256427152
2131968,1784256427171
2132992,1784256427202
2134016,1784256427221
2135040,1784256427241
2136064,1784256427271
2137088,1784256427291
2138112,1784256427311
2139136,1784256427331
2140160,1784256427361
2141184,1784256427381
2142208,1784256427402
2143232,1784256427431
2144256,1784256427452
2145280,1784256427471
2146304,1784256427502
2147328,1784256427521
2148352,1784256427541
2149376,1784256427571
2150400,1784256427592
2151424,1784256427611
2152448,1784256427642
2153472,1784256427661
2154496,1784256427681
2155520,1784256427711
2156544,1784256427731
2157568,1784256427752
2158592,1784256427781
2159616,1784256427802
2160640,1784256427821
2161664,1784256427852
2162688,1784256427871
2163712,1784256427891
2164736,1784256427921
2165760,1784256427941
2166784,1784256427962
2167808,1784256427981
2168832,1784256428012
2169856,1784256428031
2170880,1784256428051
2171904,1784256428081
2172928,1784256428101
2173952,1784256428121
2174976,1784256428152
2176000,1784256428171
2177024,1784256428191
2178048,1784256428221
2179072,1784256428241
2180096,1784256428261
2181120,1784256428291
2182144,1784256428311
2183168,1784256428332
2184192,1784256428361
2185216,1784256428381
2186240,1784256428401
2187264,1784256428432
2188288,1784256428451
2189312,1784256428472
2190336,1784256428501
2191360,1784256428521
2192384,1784256428541
2193408,1784256428571
2194432,1784256428591
2195456,1784256428612
2196480,1784256428641
2197504,1784256428661
2198528,1784256428681
2199552,1784256428702
2200576,1784256428731
2201600,1784256428751
2202624,1784256428771
