FrameID,timestamp_ms
0,1784190816535
1024,1784190816555
2048,1784190816575
3072,1784190816605
4096,1784190816625
5120,1784190816645
6144,1784190816676
7168,1784190816695
8192,1784190816715
9216,1784190816745
10240,1784190816765
11264,1784190816786
12288,1784190816815
13312,1784190816835
14336,1784190816855
15360,1784190816885
16384,1784190816905
17408,1784190816925
18432,1784190816955
19456,1784190816975
20480,1784190816995
21504,1784190817025
22528,1784190817045
23552,1784190817065
24576,1784190817095
25600,1784190817115
26624,1784190817135
27648,1784190817165
28672,1784190817185
29696,1784190817205
30720,1784190817225
31744,1784190817255
32768,1784190817275
33792,1784190817295
34816,1784190817325
35840,1784190817345
36864,1784190817365
37888,1784190817395
38912,1784190817415
39936,1784190817435
40960,1784190817465
41984,1784190817485
43008,1784190817505
44032,1784190817535
45056,1784190817555
46080,1784190817575
47104,1784190817605
48128,1784190817625
49152,1784190817645
50176,1784190817675
51200,1784190817695
52224,1784190817715
53248,1784190817745
54272,1784190817765
55296,1784190817785
56320,1784190817815
57344,1784190817835
58368,1784190817855
59392,1784190817875
60416,1784190817905
61440,1784190817925
62464,1784190817945
63488,1784190817975
64512,1784190817995
65536,1784190818015
66560,1784190818045
67584,1784190818066
68608,1784190818085
69632,1784190818115
70656,1784190818135
71680,1784190818155
72704,1784190818185
73728,1784190818205
74752,1784190818225
75776,1784190818255
76800,1784190818275
77824,1784190818295
78848,1784190818325
79872,1784190818345
80896,1784190818365
81920,1784190818395
82944,1784190818415
83968,1784190818435
84992,1784190818465
86016,1784190818485
87040,1784190818505
88064,1784190818535
89088,1784190818555
90112,1784190818575
91136,1784190818595
92160,1784190818625
93184,1784190818645
94208,1784190818665
95232,1784190818695
96256,1784190818715
97280,1784190818735
98304,1784190818765
99328,1784190818785
100352,1784190818805
101376,1784190818835
102400,1784190818855
103424,1784190818875
104448,1784190818905
105472,1784190818925
106496,1784190818945
107520,1784190818975
108544,1784190818995
109568,1784190819015
110592,1784190819045
111616,1784190819065
112640,1784190819085
113664,1784190819115
114688,1784190819135
115712,1784190819155
116736,1784190819185
117760,1784190819205
118784,1784190819225
119808,1784190819245
120832,1784190819275
121856,1784190819295
122880,1784190819315
123904,1784190819345
124928,1784190819365
125952,1784190819385
126976,1784190819415
128000,1784190819435
129024,1784190819455
130048,1784190819485
131072,1784190819505
132096,1784190819525
133120,1784190819555
134144,1784190819575
135168,1784190819595
136192,1784190819625
137216,1784190819645
138240,1784190819665
139264,1784190819695
140288,1784190819715
141312,1784190819735
142336,1784190819765
143360,1784190819785
144384,1784190819805
145408,1784190819835
146432,1784190819855
147456,1784190819875
148480,1784190819905
149504,1784190819925
150528,1784190819945
151552,1784190819965
152576,1784190819995
153600,1784190820015
154624,1784190820035
155648,1784190820065
156672,1784190820085
157696,1784190820105
158720,1784190820135
159744,1784190820156
160768,1784190820175
161792,1784190820205
162816,1784190820225
163840,1784190820245
164864,1784190820275
165888,1784190820295
166912,1784190820315
167936,1784190820345
168960,1784190820365
169984,1784190820385
171008,1784190820415
172032,1784190820435
173056,1784190820455
174080,1784190820485
175104,1784190820505
176128,1784190820526
177152,1784190820555
178176,1784190820575
179200,1784190820595
180224,1784190820615
181248,1784190820645
182272,1784190820665
183296,1784190820685
184320,1784190820715
185344,1784190820735
186368,1784190820755
187392,1784190820785
188416,1784190820805
189440,1784190820825
190464,1784190820855
191488,1784190820875
192512,1784190820895
193536,1784190820926
194560,1784190820945
195584,1784190820965
196608,1784190820995
197632,1784190821015
198656,1784190821035
199680,1784190821065
200704,1784190821085
201728,1784190821105
202752,1784190821135
203776,1784190821155
204800,1784190821175
205824,1784190821205
206848,1784190821225
207872,1784190821245
208896,1784190821275
209920,1784190821295
210944,1784190821315
211968,1784190821335
212992,1784190821365
214016,1784190821385
215040,1784190821405
216064,1784190821435
217088,1784190821455
218112,1784190821475
219136,1784190821505
220160,1784190821525
221184,1784190821545
222208,1784190821575
223232,1784190821595
224256,1784190821615
225280,1784190821645
226304,1784190821665
227328,1784190821685
228352,1784190821715
229376,1784190821735
230400,1784190821755
231424,1784190821785
232448,1784190821806
233472,1784190821826
234496,1784190821855
235520,1784190821875
236544,1784190821895
237568,1784190821925
238592,1784190821945
239616,1784190821965
240640,1784190821985
241664,1784190822015
242688,1784190822035
243712,1784190822055
244736,1784190822085
245760,1784190822105
246784,1784190822125
247808,1784190822155
248832,1784190822175
249856,1784190822195
250880,1784190822225
251904,1784190822245
252928,1784190822265
253952,1784190822295
254976,1784190822315
256000,1784190822335
257024,1784190822365
258048,1784190822385
259072,1784190822405
260096,1784190822435
261120,1784190822455
262144,1784190822475
263168,1784190822505
264192,1784190822525
265216,1784190822545
266240,1784190822575
267264,1784190822595
268288,1784190822615
269312,1784190822645
270336,1784190822665
271360,1784190822686
272384,1784190822705
273408,1784190822735
274432,1784190822755
275456,1784190822775
276480,1784190822805
277504,1784190822825
278528,1784190822845
279552,1784190822875
280576,1784190822895
281600,1784190822915
282624,1784190822945
283648,1784190822965
284672,1784190822985
285696,1784190823015
286720,1784190823036
287744,1784190823055
288768,1784190823085
289792,1784190823105
290816,1784190823126
291840,1784190823155
292864,1784190823175
293888,1784190823195
294912,1784190823225
295936,1784190823245
296960,1784190823265
297984,1784190823295
299008,1784190823315
300032,1784190823335
301056,1784190823355
302080,1784190823385
303104,1784190823405
304128,1784190823425
305152,1784190823455
306176,1784190823476
307200,1784190823495
308224,1784190823525
309248,1784190823545
310272,1784190823565
311296,1784190823595
312320,1784190823615
313344,1784190823635
314368,1784190823665
315392,1784190823685
316416,1784190823705
317440,1784190823736
318464,1784190823756
319488,1784190823775
320512,1784190823805
321536,1784190823825
322560,1784190823846
323584,1784190823875
324608,1784190823895
325632,1784190823915
326656,1784190823945
327680,1784190823965
328704,1784190823985
329728,1784190824015
330752,1784190824035
331776,1784190824055
332800,1784190824075
333824,1784190824105
334848,1784190824125
335872,1784190824145
336896,1784190824176
337920,1784190824195
338944,1784190824215
339968,1784190824245
340992,1784190824265
342016,1784190824286
343040,1784190824315
344064,1784190824335
345088,1784190824355
346112,1784190824385
347136,1784190824405
348160,1784190824425
349184,1784190824455
350208,1784190824475
351232,1784190824495
352256,1784190824525
353280,1784190824545
354304,1784190824565
355328,1784190824595
356352,1784190824615
357376,1784190824635
358400,1784190824665
359424,1784190824685
360448,1784190824705
361472,1784190824725
362496,1784190824755
363520,1784190824775
364544,1784190824795
365568,1784190824825
366592,1784190824845
367616,1784190824865
368640,1784190824895
369664,1784190824916
370688,1784190824935
371712,1784190824965
372736,1784190824985
373760,1784190825005
374784,1784190825035
375808,1784190825055
376832,1784190825075
377856,1784190825105
378880,1784190825125
379904,1784190825145
380928,1784190825175
381952,1784190825195
382976,1784190825215
384000,1784190825245
385024,1784190825265
386048,1784190825285
387072,1784190825315
388096,1784190825335
389120,1784190825355
390144,1784190825385
391168,1784190825405
392192,1784190825425
393216,1784190825445
394240,1784190825475
395264,1784190825495
396288,1784190825515
397312,1784190825545
398336,1784190825565
399360,1784190825586
400384,1784190825615
401408,1784190825635
402432,1784190825655
403456,1784190825685
404480,1784190825705
405504,1784190825725
406528,1784190825755
407552,1784190825775
408576,1784190825795
409600,1784190825825
410624,1784190825845
411648,1784190825865
412672,1784190825895
413696,1784190825915
414720,1784190825935
415744,1784190825965
416768,1784190825985
417792,1784190826005
418816,1784190826036
419840,1784190826055
420864,1784190826075
421888,1784190826096
422912,1784190826125
423936,1784190826145
424960,1784190826165
425984,1784190826195
427008,1784190826215
428032,1784190826235
429056,1784190826265
430080,1784190826285
431104,1784190826305
432128,1784190826335
433152,1784190826355
434176,1784190826375
435200,1784190826405
436224,1784190826426
437248,1784190826445
438272,1784190826475
439296,1784190826495
440320,1784190826515
441344,1784190826545
442368,1784190826565
443392,1784190826585
444416,1784190826615
445440,1784190826635
446464,1784190826655
447488,1784190826685
448512,1784190826705
449536,1784190826725
450560,1784190826745
451584,1784190826775
452608,1784190826795
453632,1784190826815
454656,1784190826845
455680,1784190826865
456704,1784190826885
457728,1784190826915
458752,1784190826935
459776,1784190826955
460800,1784190826985
461824,1784190827005
462848,1784190827025
463872,1784190827055
464896,1784190827075
465920,1784190827095
466944,1784190827125
467968,1784190827145
468992,1784190827165
470016,1784190827195
471040,1784190827215
472064,1784190827235
473088,1784190827265
474112,1784190827285
475136,1784190827305
476160,1784190827335
477184,1784190827355
478208,1784190827375
479232,1784190827405
480256,1784190827425
481280,1784190827445
482304,1784190827465
483328,1784190827495
484352,1784190827515
485376,1784190827535
486400,1784190827565
487424,1784190827585
488448,1784190827605
489472,1784190827635
490496,1784190827655
491520,1784190827675
492544,1784190827705
493568,1784190827725
494592,1784190827745
495616,1784190827775
496640,1784190827795
497664,1784190827815
498688,1784190827845
499712,1784190827865
500736,1784190827885
501760,1784190827915
502784,1784190827935
503808,1784190827955
504832,1784190827985
505856,1784190828005
506880,1784190828025
507904,1784190828055
508928,1784190828075
509952,1784190828095
510976,1784190828115
512000,1784190828145
513024,1784190828165
514048,1784190828185
515072,1784190828215
516096,1784190828235
517120,1784190828255
518144,1784190828285
519168,1784190828305
520192,1784190828325
521216,1784190828355
522240,1784190828375
523264,1784190828395
524288,1784190828425
525312,1784190828445
526336,1784190828465
527360,1784190828495
528384,1784190828515
529408,1784190828535
530432,1784190828565
531456,1784190828585
532480,1784190828605
533504,1784190828635
534528,1784190828656
535552,1784190828675
536576,1784190828705
537600,1784190828725
538624,1784190828745
539648,1784190828775
540672,1784190828795
541696,1784190828815
542720,1784190828835
543744,1784190828865
544768,1784190828885
545792,1784190828905
546816,1784190828935
547840,1784190828955
548864,1784190828975
549888,1784190829005
550912,1784190829025
551936,1784190829045
552960,1784190829075
553984,1784190829095
555008,1784190829115
556032,1784190829145
557056,1784190829165
558080,1784190829185
559104,1784190829215
560128,1784190829235
561152,1784190829255
562176,1784190829285
563200,1784190829305
564224,1784190829325
565248,1784190829355
566272,1784190829375
567296,1784190829395
568320,1784190829425
569344,1784190829445
570368,1784190829465
571392,1784190829485
572416,1784190829515
573440,1784190829536
574464,1784190829555
575488,1784190829585
576512,1784190829605
577536,1784190829625
578560,1784190829655
579584,1784190829675
580608,1784190829695
581632,1784190829725
582656,1784190829745
583680,1784190829765
584704,1784190829795
585728,1784190829815
586752,1784190829835
587776,1784190829865
588800,1784190829885
589824,1784190829905
590848,1784190829935
591872,1784190829955
592896,1784190829975
593920,1784190830005
594944,1784190830025
595968,1784190830045
596992,1784190830075
598016,1784190830095
599040,1784190830115
600064,1784190830145
601088,1784190830165
602112,1784190830185
603136,1784190830205
604160,1784190830235
605184,1784190830255
606208,1784190830275
607232,1784190830305
608256,1784190830325
609280,1784190830345
610304,1784190830375
611328,1784190830395
612352,1784190830415
613376,1784190830445
614400,1784190830465
615424,1784190830485
616448,1784190830515
617472,1784190830535
618496,1784190830555
619520,1784190830585
620544,1784190830605
621568,1784190830625
622592,1784190830655
623616,1784190830675
624640,1784190830695
625664,1784190830725
626688,1784190830745
627712,1784190830765
628736,1784190830795
629760,1784190830815
630784,1784190830835
631808,1784190830855
632832,1784190830885
633856,1784190830905
634880,1784190830925
635904,1784190830955
636928,1784190830975
637952,1784190830995
638976,1784190831025
640000,1784190831045
641024,1784190831065
642048,1784190831095
643072,1784190831115
644096,1784190831135
645120,1784190831165
646144,1784190831185
647168,1784190831205
648192,1784190831235
649216,1784190831255
650240,1784190831275
651264,1784190831305
652288,1784190831325
653312,1784190831345
654336,1784190831375
655360,1784190831395
656384,1784190831415
657408,1784190831445
658432,1784190831465
659456,1784190831485
660480,1784190831515
661504,1784190831535
662528,1784190831555
663552,1784190831575
664576,1784190831605
665600,1784190831625
666624,1784190831645
667648,1784190831675
668672,1784190831695
669696,1784190831716
670720,1784190831745
671744,1784190831766
672768,1784190831785
673792,1784190831815
674816,1784190831835
675840,1784190831855
676864,1784190831885
677888,1784190831905
678912,1784190831925
679936,1784190831955
680960,1784190831975
681984,1784190831995
683008,1784190832025
684032,1784190832045
685056,1784190832065
686080,1784190832095
687104,1784190832115
688128,1784190832135
689152,1784190832165
690176,1784190832185
691200,1784190832205
692224,1784190832225
693248,1784190832255
694272,1784190832275
695296,1784190832295
696320,1784190832325
697344,1784190832345
698368,1784190832365
699392,1784190832395
700416,1784190832415
701440,1784190832435
702464,1784190832465
703488,1784190832486
704512,1784190832505
705536,1784190832535
706560,1784190832555
707584,1784190832575
708608,1784190832605
709632,1784190832625
710656,1784190832645
711680,1784190832675
712704,1784190832696
713728,1784190832715
714752,1784190832745
715776,1784190832765
716800,1784190832785
717824,1784190832815
718848,1784190832835
719872,1784190832855
720896,1784190832885
721920,1784190832905
722944,1784190832925
723968,1784190832945
724992,1784190832975
726016,1784190832995
727040,1784190833015
728064,1784190833045
729088,1784190833066
730112,1784190833085
731136,1784190833115
732160,1784190833135
733184,1784190833155
734208,1784190833185
735232,1784190833205
736256,1784190833225
737280,1784190833255
738304,1784190833275
739328,1784190833295
740352,1784190833325
741376,1784190833345
742400,1784190833365
743424,1784190833395
744448,1784190833415
745472,1784190833435
746496,1784190833465
747520,1784190833485
748544,1784190833505
749568,1784190833535
750592,1784190833555
751616,1784190833575
752640,1784190833595
753664,1784190833625
754688,1784190833645
755712,1784190833665
756736,1784190833695
757760,1784190833715
758784,1784190833735
759808,1784190833765
760832,1784190833785
761856,1784190833805
762880,1784190833835
763904,1784190833855
764928,1784190833875
765952,1784190833905
766976,1784190833925
768000,1784190833945
769024,1784190833975
770048,1784190833995
771072,1784190834015
772096,1784190834045
773120,1784190834065
774144,1784190834085
775168,1784190834115
776192,1784190834135
777216,1784190834155
778240,1784190834185
779264,1784190834205
780288,1784190834225
781312,1784190834255
782336,1784190834275
783360,1784190834295
784384,1784190834315
785408,1784190834345
786432,1784190834365
787456,1784190834385
788480,1784190834415
789504,1784190834435
790528,1784190834455
791552,1784190834485
792576,1784190834505
793600,1784190834525
794624,1784190834555
795648,1784190834575
796672,1784190834595
797696,1784190834625
798720,1784190834645
799744,1784190834665
800768,1784190834695
801792,1784190834715
802816,1784190834735
803840,1784190834765
804864,1784190834785
805888,1784190834805
806912,1784190834835
807936,1784190834855
808960,1784190834875
809984,1784190834905
811008,1784190834925
812032,1784190834945
813056,1784190834965
814080,1784190834995
815104,1784190835015
816128,1784190835035
817152,1784190835065
818176,1784190835085
819200,1784190835105
820224,1784190835135
821248,1784190835155
822272,1784190835175
823296,1784190835205
824320,1784190835225
825344,1784190835245
826368,1784190835275
827392,1784190835295
828416,1784190835315
829440,1784190835345
830464,1784190835365
831488,1784190835385
832512,1784190835415
833536,1784190835435
834560,1784190835455
835584,1784190835485
836608,1784190835505
837632,1784190835525
838656,1784190835555
839680,1784190835575
840704,1784190835595
841728,1784190835625
842752,1784190835645
843776,1784190835665
844800,1784190835685
845824,1784190835715
846848,1784190835735
847872,1784190835755
848896,1784190835785
849920,1784190835805
850944,1784190835825
851968,1784190835855
852992,1784190835875
854016,1784190835895
855040,1784190835925
856064,1784190835945
857088,1784190835965
858112,1784190835995
859136,1784190836015
860160,1784190836035
861184,1784190836065
862208,1784190836085
863232,1784190836105
864256,1784190836135
865280,1784190836155
866304,1784190836175
867328,1784190836205
868352,1784190836225
869376,1784190836245
870400,1784190836275
871424,1784190836295
872448,1784190836315
873472,1784190836335
874496,1784190836365
875520,1784190836385
876544,1784190836405
877568,1784190836435
878592,1784190836455
879616,1784190836475
880640,1784190836505
881664,1784190836525
882688,1784190836545
883712,1784190836575
884736,1784190836595
885760,1784190836615
886784,1784190836645
887808,1784190836665
888832,1784190836685
889856,1784190836715
890880,1784190836735
891904,1784190836755
892928,1784190836785
893952,1784190836805
894976,1784190836825
896000,1784190836855
897024,1784190836875
898048,1784190836895
899072,1784190836925
900096,1784190836945
901120,1784190836965
902144,1784190836985
903168,1784190837015
904192,1784190837035
905216,1784190837055
906240,1784190837085
907264,1784190837105
908288,1784190837125
909312,1784190837155
910336,1784190837175
911360,1784190837195
912384,1784190837225
913408,1784190837245
914432,1784190837265
