FrameID,timestamp_ms
0,1784190897132
1024,1784190897152
2048,1784190897172
3072,1784190897202
4096,1784190897222
5120,1784190897243
6144,1784190897272
7168,1784190897292
8192,1784190897312
9216,1784190897342
10240,1784190897363
11264,1784190897382
12288,1784190897412
13312,1784190897432
14336,1784190897452
15360,1784190897482
16384,1784190897502
17408,1784190897522
18432,1784190897552
19456,1784190897572
20480,1784190897593
21504,1784190897622
22528,1784190897643
23552,1784190897662
24576,1784190897692
25600,1784190897712
26624,1784190897732
27648,1784190897763
28672,1784190897783
29696,1784190897802
30720,1784190897822
31744,1784190897852
32768,1784190897873
33792,1784190897892
34816,1784190897922
35840,1784190897943
36864,1784190897963
37888,1784190897993
38912,1784190898012
39936,1784190898032
40960,1784190898062
41984,1784190898083
43008,1784190898102
44032,1784190898132
45056,1784190898152
46080,1784190898172
47104,1784190898202
48128,1784190898222
49152,1784190898243
50176,1784190898272
51200,1784190898292
52224,1784190898312
53248,1784190898343
54272,1784190898362
55296,1784190898382
56320,1784190898412
57344,1784190898433
58368,1784190898452
59392,1784190898473
60416,1784190898502
61440,1784190898522
62464,1784190898543
63488,1784190898573
64512,1784190898592
65536,1784190898612
66560,1784190898643
67584,1784190898662
68608,1784190898682
69632,1784190898712
70656,1784190898733
71680,1784190898753
72704,1784190898783
73728,1784190898802
74752,1784190898823
75776,1784190898852
76800,1784190898873
77824,1784190898893
78848,1784190898923
79872,1784190898942
80896,1784190898963
81920,1784190898992
82944,1784190899012
83968,1784190899032
84992,1784190899062
86016,1784190899083
87040,1784190899102
88064,1784190899132
89088,1784190899152
90112,1784190899172
91136,1784190899193
92160,1784190899223
93184,1784190899242
94208,1784190899262
95232,1784190899292
96256,1784190899313
97280,1784190899333
98304,1784190899362
99328,1784190899382
100352,1784190899402
101376,1784190899433
102400,1784190899452
103424,1784190899472
104448,1784190899502
105472,1784190899522
106496,1784190899543
107520,1784190899572
108544,1784190899592
109568,1784190899612
110592,1784190899643
111616,1784190899663
112640,1784190899683
113664,1784190899712
114688,1784190899732
115712,1784190899753
116736,1784190899782
117760,1784190899802
118784,1784190899822
119808,1784190899843
120832,1784190899872
121856,1784190899892
122880,1784190899912
123904,1784190899942
124928,1784190899963
125952,1784190899983
126976,1784190900013
128000,1784190900033
129024,1784190900053
130048,1784190900083
131072,1784190900103
132096,1784190900123
133120,1784190900152
134144,1784190900172
135168,1784190900193
136192,1784190900222
137216,1784190900242
138240,1784190900262
139264,1784190900292
140288,1784190900312
141312,1784190900332
142336,1784190900363
143360,1784190900382
144384,1784190900402
145408,1784190900432
146432,1784190900453
147456,1784190900472
148480,1784190900502
149504,1784190900523
150528,1784190900542
151552,1784190900562
152576,1784190900592
153600,1784190900612
154624,1784190900632
155648,1784190900663
156672,1784190900682
157696,1784190900702
158720,1784190900733
159744,1784190900752
160768,1784190900772
161792,1784190900802
162816,1784190900822
163840,1784190900843
164864,1784190900872
165888,1784190900892
166912,1784190900913
167936,1784190900942
168960,1784190900962
169984,1784190900982
171008,1784190901013
172032,1784190901033
173056,1784190901052
174080,1784190901082
175104,1784190901103
176128,1784190901122
177152,1784190901152
178176,1784190901172
179200,1784190901192
180224,1784190901213
181248,1784190901242
182272,1784190901262
183296,1784190901282
184320,1784190901312
185344,1784190901332
186368,1784190901353
187392,1784190901383
188416,1784190901402
189440,1784190901422
190464,1784190901453
191488,1784190901473
192512,1784190901492
193536,1784190901523
194560,1784190901543
195584,1784190901562
196608,1784190901592
197632,1784190901612
198656,1784190901633
199680,1784190901662
200704,1784190901682
201728,1784190901703
202752,1784190901732
203776,1784190901752
204800,1784190901773
205824,1784190901803
206848,1784190901822
207872,1784190901842
208896,1784190901872
209920,1784190901892
210944,1784190901912
211968,1784190901932
212992,1784190901962
214016,1784190901983
215040,1784190902002
216064,1784190902032
217088,1784190902052
218112,1784190902072
219136,1784190902103
220160,1784190902122
221184,1784190902142
222208,1784190902172
223232,1784190902192
224256,1784190902212
225280,1784190902243
226304,1784190902262
227328,1784190902282
228352,1784190902312
229376,1784190902332
230400,1784190902352
231424,1784190902382
232448,1784190902402
233472,1784190902422
234496,1784190902452
235520,1784190902472
236544,1784190902492
237568,1784190902523
238592,1784190902542
239616,1784190902562
240640,1784190902582
241664,1784190902612
242688,1784190902632
243712,1784190902653
244736,1784190902682
245760,1784190902702
246784,1784190902722
247808,1784190902753
248832,1784190902772
249856,1784190902792
250880,1784190902822
251904,1784190902843
252928,1784190902863
253952,1784190902892
254976,1784190902912
256000,1784190902932
257024,1784190902963
258048,1784190902982
259072,1784190903002
260096,1784190903032
261120,1784190903053
262144,1784190903073
263168,1784190903103
264192,1784190903123
265216,1784190903142
266240,1784190903172
267264,1784190903192
268288,1784190903213
269312,1784190903242
270336,1784190903262
271360,1784190903282
272384,1784190903302
273408,1784190903332
274432,1784190903352
275456,1784190903372
276480,1784190903402
277504,1784190903422
278528,1784190903443
279552,1784190903472
280576,1784190903493
281600,1784190903513
282624,1784190903542
283648,1784190903562
284672,1784190903582
285696,1784190903613
286720,1784190903633
287744,1784190903653
288768,1784190903682
289792,1784190903702
290816,1784190903722
291840,1784190903752
292864,1784190903773
293888,1784190903792
294912,1784190903822
295936,1784190903842
296960,1784190903862
297984,1784190903893
299008,1784190903912
300032,1784190903932
301056,1784190903952
302080,1784190903982
303104,1784190904003
304128,1784190904022
305152,1784190904052
306176,1784190904072
307200,1784190904092
308224,1784190904122
309248,1784190904142
310272,1784190904162
311296,1784190904192
312320,1784190904212
313344,1784190904232
314368,1784190904263
315392,1784190904283
316416,1784190904302
317440,1784190904332
318464,1784190904353
319488,1784190904372
320512,1784190904402
321536,1784190904422
322560,1784190904443
323584,1784190904472
324608,1784190904492
325632,1784190904512
326656,1784190904543
327680,1784190904563
328704,1784190904582
329728,1784190904612
330752,1784190904632
331776,1784190904652
332800,1784190904672
333824,1784190904702
334848,1784190904722
335872,1784190904742
336896,1784190904772
337920,1784190904792
338944,1784190904813
339968,1784190904842
340992,1784190904862
342016,1784190904882
343040,1784190904913
344064,1784190904932
345088,1784190904952
346112,1784190904982
347136,1784190905002
348160,1784190905022
349184,1784190905053
350208,1784190905072
351232,1784190905092
352256,1784190905122
353280,1784190905142
354304,1784190905163
355328,1784190905192
356352,1784190905212
357376,1784190905232
358400,1784190905262
359424,1784190905282
360448,1784190905303
361472,1784190905322
362496,1784190905352
363520,1784190905373
364544,1784190905393
365568,1784190905422
366592,1784190905442
367616,1784190905463
368640,1784190905492
369664,1784190905512
370688,1784190905532
371712,1784190905562
372736,1784190905582
373760,1784190905602
374784,1784190905632
375808,1784190905652
376832,1784190905673
377856,1784190905702
378880,1784190905722
379904,1784190905743
380928,1784190905772
381952,1784190905792
382976,1784190905812
384000,1784190905842
385024,1784190905862
386048,1784190905882
387072,1784190905912
388096,1784190905932
389120,1784190905952
390144,1784190905983
391168,1784190906002
392192,1784190906022
393216,1784190906042
394240,1784190906072
395264,1784190906092
396288,1784190906113
397312,1784190906142
398336,1784190906162
399360,1784190906183
400384,1784190906212
401408,1784190906232
402432,1784190906253
403456,1784190906282
404480,1784190906302
405504,1784190906322
406528,1784190906353
407552,1784190906372
408576,1784190906392
409600,1784190906422
410624,1784190906443
411648,1784190906462
412672,1784190906492
413696,1784190906513
414720,1784190906533
415744,1784190906562
416768,1784190906582
417792,1784190906602
418816,1784190906633
419840,1784190906653
420864,1784190906672
421888,1784190906693
422912,1784190906723
423936,1784190906742
424960,1784190906762
425984,1784190906793
427008,1784190906813
428032,1784190906832
429056,1784190906863
430080,1784190906883
431104,1784190906902
432128,1784190906932
433152,1784190906953
434176,1784190906973
435200,1784190907003
436224,1784190907023
437248,1784190907042
438272,1784190907072
439296,1784190907092
440320,1784190907112
441344,1784190907142
442368,1784190907162
443392,1784190907182
444416,1784190907212
445440,1784190907233
446464,1784190907252
447488,1784190907283
448512,1784190907303
449536,1784190907323
450560,1784190907342
451584,1784190907373
452608,1784190907393
453632,1784190907413
454656,1784190907442
455680,1784190907463
456704,1784190907483
457728,1784190907513
458752,1784190907533
459776,1784190907552
460800,1784190907582
461824,1784190907603
462848,1784190907622
463872,1784190907652
464896,1784190907672
465920,1784190907693
466944,1784190907722
467968,1784190907742
468992,1784190907762
470016,1784190907793
471040,1784190907813
472064,1784190907833
473088,1784190907862
474112,1784190907882
475136,1784190907902
476160,1784190907933
477184,1784190907952
478208,1784190907972
479232,1784190908002
480256,1784190908022
481280,1784190908043
482304,1784190908062
483328,1784190908092
484352,1784190908113
485376,1784190908132
486400,1784190908162
487424,1784190908183
488448,1784190908202
489472,1784190908232
490496,1784190908252
491520,1784190908272
492544,1784190908302
493568,1784190908323
494592,1784190908342
495616,1784190908372
496640,1784190908392
497664,1784190908412
498688,1784190908442
499712,1784190908462
500736,1784190908482
501760,1784190908512
502784,1784190908532
503808,1784190908552
504832,1784190908582
505856,1784190908602
506880,1784190908623
507904,1784190908652
508928,1784190908672
509952,1784190908692
510976,1784190908713
512000,1784190908743
513024,1784190908762
514048,1784190908782
515072,1784190908812
516096,1784190908833
517120,1784190908852
518144,1784190908882
519168,1784190908902
520192,1784190908923
521216,1784190908952
522240,1784190908972
523264,1784190908992
524288,1784190909023
525312,1784190909042
526336,1784190909062
527360,1784190909093
528384,1784190909112
529408,1784190909132
530432,1784190909163
531456,1784190909183
532480,1784190909202
533504,1784190909232
534528,1784190909252
535552,1784190909272
536576,1784190909302
537600,1784190909322
538624,1784190909342
539648,1784190909373
540672,1784190909392
541696,1784190909412
542720,1784190909432
543744,1784190909462
544768,1784190909482
545792,1784190909503
546816,1784190909532
547840,1784190909552
548864,1784190909572
549888,1784190909602
550912,1784190909622
551936,1784190909642
552960,1784190909673
553984,1784190909692
555008,1784190909712
556032,1784190909742
557056,1784190909762
558080,1784190909782
559104,1784190909813
560128,1784190909833
561152,1784190909853
562176,1784190909882
563200,1784190909903
564224,1784190909922
565248,1784190909952
566272,1784190909973
567296,1784190909992
568320,1784190910022
569344,1784190910042
570368,1784190910063
571392,1784190910083
572416,1784190910112
573440,1784190910132
574464,1784190910152
575488,1784190910182
576512,1784190910202
577536,1784190910222
578560,1784190910253
579584,1784190910272
580608,1784190910292
581632,1784190910322
582656,1784190910342
583680,1784190910362
584704,1784190910392
585728,1784190910412
586752,1784190910432
587776,1784190910462
588800,1784190910482
589824,1784190910503
590848,1784190910532
591872,1784190910552
592896,1784190910572
593920,1784190910602
594944,1784190910622
595968,1784190910643
596992,1784190910672
598016,1784190910692
599040,1784190910713
600064,1784190910742
601088,1784190910762
602112,1784190910782
603136,1784190910803
604160,1784190910832
605184,1784190910852
606208,1784190910873
607232,1784190910902
608256,1784190910922
609280,1784190910942
610304,1784190910972
611328,1784190910992
612352,1784190911012
613376,1784190911043
614400,1784190911063
615424,1784190911082
616448,1784190911112
617472,1784190911133
618496,1784190911152
619520,1784190911182
620544,1784190911202
621568,1784190911222
622592,1784190911252
623616,1784190911272
624640,1784190911292
625664,1784190911323
626688,1784190911343
627712,1784190911362
628736,1784190911392
629760,1784190911412
630784,1784190911433
631808,1784190911452
632832,1784190911482
633856,1784190911502
634880,1784190911522
635904,1784190911552
636928,1784190911572
637952,1784190911592
638976,1784190911623
640000,1784190911642
641024,1784190911662
642048,1784190911693
643072,1784190911713
644096,1784190911732
645120,1784190911762
646144,1784190911782
647168,1784190911803
648192,1784190911832
649216,1784190911852
650240,1784190911872
651264,1784190911902
652288,1784190911922
653312,1784190911942
654336,1784190911972
655360,1784190911992
656384,1784190912013
657408,1784190912042
658432,1784190912062
659456,1784190912083
660480,1784190912112
661504,1784190912132
662528,1784190912153
663552,1784190912173
664576,1784190912202
665600,1784190912222
666624,1784190912242
667648,1784190912272
668672,1784190912292
669696,1784190912312
670720,1784190912342
671744,1784190912363
672768,1784190912383
673792,1784190912412
674816,1784190912432
675840,1784190912452
676864,1784190912482
677888,1784190912503
678912,1784190912522
679936,1784190912552
680960,1784190912573
681984,1784190912592
683008,1784190912622
684032,1784190912643
685056,1784190912663
686080,1784190912692
687104,1784190912712
688128,1784190912732
689152,1784190912763
690176,1784190912782
691200,1784190912803
692224,1784190912822
693248,1784190912853
694272,1784190912873
695296,1784190912892
696320,1784190912922
697344,1784190912942
698368,1784190912962
699392,1784190912993
700416,1784190913012
701440,1784190913032
702464,1784190913062
703488,1784190913083
704512,1784190913103
705536,1784190913132
706560,1784190913152
707584,1784190913173
708608,1784190913203
709632,1784190913222
710656,1784190913242
711680,1784190913272
712704,1784190913292
713728,1784190913312
714752,1784190913343
715776,1784190913362
716800,1784190913382
717824,1784190913412
718848,1784190913432
719872,1784190913453
720896,1784190913482
721920,1784190913502
722944,1784190913523
723968,1784190913542
724992,1784190913573
726016,1784190913592
727040,1784190913613
728064,1784190913642
729088,1784190913663
730112,1784190913682
731136,1784190913713
732160,1784190913732
733184,1784190913752
734208,1784190913782
735232,1784190913802
736256,1784190913823
737280,1784190913852
738304,1784190913873
739328,1784190913892
740352,1784190913923
741376,1784190913942
742400,1784190913963
743424,1784190913992
744448,1784190914013
745472,1784190914032
746496,1784190914063
747520,1784190914082
748544,1784190914102
749568,1784190914132
750592,1784190914152
751616,1784190914173
752640,1784190914192
753664,1784190914222
754688,1784190914242
755712,1784190914262
756736,1784190914292
757760,1784190914312
758784,1784190914333
759808,1784190914362
760832,1784190914383
761856,1784190914402
762880,1784190914433
763904,1784190914452
764928,1784190914473
765952,1784190914502
766976,1784190914523
768000,1784190914542
769024,1784190914573
770048,1784190914592
771072,1784190914612
772096,1784190914643
773120,1784190914662
774144,1784190914683
775168,1784190914712
776192,1784190914733
777216,1784190914752
778240,1784190914783
779264,1784190914802
780288,1784190914822
781312,1784190914852
782336,1784190914872
783360,1784190914893
784384,1784190914912
785408,1784190914943
786432,1784190914962
787456,1784190914983
788480,1784190915012
789504,1784190915033
790528,1784190915052
791552,1784190915083
792576,1784190915102
793600,1784190915123
794624,1784190915152
795648,1784190915173
796672,1784190915192
797696,1784190915223
798720,1784190915242
799744,1784190915262
800768,1784190915292
801792,1784190915312
802816,1784190915333
803840,1784190915362
804864,1784190915383
805888,1784190915402
806912,1784190915433
807936,1784190915452
808960,1784190915472
809984,1784190915502
811008,1784190915522
812032,1784190915543
813056,1784190915562
814080,1784190915593
815104,1784190915612
816128,1784190915633
817152,1784190915662
818176,1784190915683
819200,1784190915702
820224,1784190915733
821248,1784190915752
822272,1784190915772
823296,1784190915802
824320,1784190915822
825344,1784190915843
826368,1784190915872
827392,1784190915893
828416,1784190915912
829440,1784190915943
830464,1784190915963
831488,1784190915982
832512,1784190916012
833536,1784190916032
834560,1784190916052
835584,1784190916082
836608,1784190916102
837632,1784190916123
838656,1784190916152
839680,1784190916173
840704,1784190916192
841728,1784190916223
842752,1784190916242
843776,1784190916262
844800,1784190916282
845824,1784190916312
846848,1784190916332
847872,1784190916352
848896,1784190916382
849920,1784190916402
850944,1784190916423
851968,1784190916452
852992,1784190916473
854016,1784190916492
855040,1784190916523
856064,1784190916542
857088,1784190916562
858112,1784190916592
859136,1784190916612
860160,1784190916633
861184,1784190916662
862208,1784190916683
863232,1784190916702
864256,1784190916733
865280,1784190916752
866304,1784190916772
867328,1784190916802
868352,1784190916822
869376,1784190916843
870400,1784190916872
871424,1784190916893
872448,1784190916912
873472,1784190916933
874496,1784190916962
875520,1784190916983
876544,1784190917002
877568,1784190917033
878592,1784190917052
879616,1784190917072
880640,1784190917103
881664,1784190917122
882688,1784190917143
883712,1784190917172
884736,1784190917193
885760,1784190917213
886784,1784190917242
887808,1784190917263
888832,1784190917282
889856,1784190917313
890880,1784190917332
891904,1784190917353
892928,1784190917382
893952,1784190917403
894976,1784190917422
896000,1784190917452
897024,1784190917472
898048,1784190917493
899072,1784190917522
900096,1784190917543
901120,1784190917562
902144,1784190917582
903168,1784190917612
904192,1784190917632
905216,1784190917653
906240,1784190917682
907264,1784190917703
908288,1784190917722
909312,1784190917753
910336,1784190917772
911360,1784190917793
912384,1784190917822
913408,1784190917843
914432,1784190917862
915456,1784190917893
916480,1784190917912
917504,1784190917932
918528,1784190917963
919552,1784190917982
920576,1784190918003
921600,1784190918032
922624,1784190918053
923648,1784190918072
924672,1784190918103
925696,1784190918122
926720,1784190918142
927744,1784190918172
928768,1784190918192
929792,1784190918213
930816,1784190918242
931840,1784190918263
932864,1784190918282
933888,1784190918303
934912,1784190918332
935936,1784190918353
936960,1784190918372
937984,1784190918403
939008,1784190918422
940032,1784190918442
941056,1784190918472
942080,1784190918492
943104,1784190918513
944128,1784190918542
945152,1784190918563
946176,1784190918582
947200,1784190918613
948224,1784190918632
949248,1784190918652
950272,1784190918682
951296,1784190918702
952320,1784190918723
953344,1784190918752
954368,1784190918773
955392,1784190918792
956416,1784190918823
957440,1784190918842
958464,1784190918863
959488,1784190918892
960512,1784190918913
961536,1784190918932
962560,1784190918952
963584,1784190918982
964608,1784190919002
965632,1784190919023
966656,1784190919052
967680,1784190919073
968704,1784190919092
969728,1784190919123
970752,1784190919142
971776,1784190919162
972800,1784190919192
973824,1784190919213
974848,1784190919232
975872,1784190919262
976896,1784190919282
977920,1784190919302
978944,1784190919332
979968,1784190919353
980992,1784190919373
982016,1784190919403
983040,1784190919422
984064,1784190919442
985088,1784190919473
986112,1784190919492
987136,1784190919512
988160,1784190919543
989184,1784190919562
990208,1784190919582
991232,1784190919613
992256,1784190919633
993280,1784190919652
994304,1784190919672
995328,1784190919702
996352,1784190919722
