FrameID,timestamp_ms
0,1784191577221
1024,1784191577241
2048,1784191577261
3072,1784191577291
4096,1784191577311
5120,1784191577331
6144,1784191577360
7168,1784191577380
8192,1784191577401
9216,1784191577431
10240,1784191577451
11264,1784191577470
12288,1784191577500
13312,1784191577521
14336,1784191577541
15360,1784191577570
16384,1784191577590
17408,1784191577611
18432,1784191577640
19456,1784191577660
20480,1784191577680
21504,1784191577711
22528,1784191577730
23552,1784191577750
24576,1784191577781
25600,1784191577801
26624,1784191577821
27648,1784191577850
28672,1784191577870
29696,1784191577890
30720,1784191577911
31744,1784191577941
32768,1784191577960
33792,1784191577980
34816,1784191578011
35840,1784191578031
36864,1784191578050
37888,1784191578081
38912,1784191578101
39936,1784191578121
40960,1784191578151
41984,1784191578170
43008,1784191578190
44032,1784191578221
45056,1784191578241
46080,1784191578261
47104,1784191578290
48128,1784191578311
49152,1784191578331
50176,1784191578360
51200,1784191578380
52224,1784191578401
53248,1784191578430
54272,1784191578451
55296,1784191578471
56320,1784191578500
57344,1784191578520
58368,1784191578541
59392,1784191578561
60416,1784191578590
61440,1784191578610
62464,1784191578630
63488,1784191578661
64512,1784191578680
65536,1784191578700
66560,1784191578731
67584,1784191578751
68608,1784191578771
69632,1784191578800
70656,1784191578820
71680,1784191578841
72704,1784191578871
73728,1784191578890
74752,1784191578910
75776,1784191578941
76800,1784191578961
77824,1784191578981
78848,1784191579010
79872,1784191579030
80896,1784191579051
81920,1784191579081
82944,1784191579101
83968,1784191579120
84992,1784191579151
86016,1784191579171
87040,1784191579191
88064,1784191579220
89088,1784191579241
90112,1784191579261
91136,1784191579280
92160,1784191579310
93184,1784191579331
94208,1784191579350
95232,1784191579380
96256,1784191579400
97280,1784191579421
98304,1784191579451
99328,1784191579471
100352,1784191579490
101376,1784191579520
102400,1784191579541
103424,1784191579561
104448,1784191579590
105472,1784191579611
106496,1784191579631
107520,1784191579660
108544,1784191579680
109568,1784191579701
110592,1784191579730
111616,1784191579750
112640,1784191579771
113664,1784191579800
114688,1784191579821
115712,1784191579841
116736,1784191579870
117760,1784191579890
118784,1784191579910
119808,1784191579931
120832,1784191579960
121856,1784191579981
122880,1784191580000
123904,1784191580030
124928,1784191580050
125952,1784191580071
126976,1784191580100
128000,1784191580120
129024,1784191580141
130048,1784191580170
131072,1784191580190
132096,1784191580211
133120,1784191580241
134144,1784191580260
135168,1784191580281
136192,1784191580311
137216,1784191580331
138240,1784191580351
139264,1784191580380
140288,1784191580400
141312,1784191580421
142336,1784191580450
143360,1784191580470
144384,1784191580491
145408,1784191580521
146432,1784191580540
147456,1784191580560
148480,1784191580590
149504,1784191580611
150528,1784191580631
151552,1784191580650
152576,1784191580681
153600,1784191580701
154624,1784191580720
155648,1784191580750
156672,1784191580770
157696,1784191580790
158720,1784191580821
159744,1784191580840
160768,1784191580860
161792,1784191580891
162816,1784191580911
163840,1784191580930
164864,1784191580961
165888,1784191580980
166912,1784191581000
167936,1784191581031
168960,1784191581051
169984,1784191581071
171008,1784191581100
172032,1784191581120
173056,1784191581141
174080,1784191581171
175104,1784191581190
176128,1784191581210
177152,1784191581240
178176,1784191581260
179200,1784191581280
180224,1784191581301
181248,1784191581331
182272,1784191581350
183296,1784191581370
184320,1784191581401
185344,1784191581421
186368,1784191581440
187392,1784191581471
188416,1784191581490
189440,1784191581510
190464,1784191581541
191488,1784191581561
192512,1784191581580
193536,1784191581610
194560,1784191581630
195584,1784191581651
196608,1784191581681
197632,1784191581700
198656,1784191581720
199680,1784191581751
200704,1784191581770
201728,1784191581790
202752,1784191581821
203776,1784191581841
204800,1784191581861
205824,1784191581890
206848,1784191581910
207872,1784191581931
208896,1784191581961
209920,1784191581980
210944,1784191582000
211968,1784191582020
212992,1784191582051
214016,1784191582070
215040,1784191582090
216064,1784191582120
217088,1784191582141
218112,1784191582160
219136,1784191582191
220160,1784191582211
221184,1784191582231
222208,1784191582261
223232,1784191582280
224256,1784191582300
225280,1784191582331
226304,1784191582351
227328,1784191582370
228352,1784191582400
229376,1784191582420
230400,1784191582440
231424,1784191582471
232448,1784191582491
233472,1784191582511
234496,1784191582540
235520,1784191582560
236544,1784191582580
237568,1784191582611
238592,1784191582631
239616,1784191582650
240640,1784191582670
241664,1784191582701
242688,1784191582721
243712,1784191582740
244736,1784191582770
245760,1784191582790
246784,1784191582811
247808,1784191582840
248832,1784191582861
249856,1784191582881
250880,1784191582910
251904,1784191582930
252928,1784191582951
253952,1784191582980
254976,1784191583000
256000,1784191583020
257024,1784191583051
258048,1784191583070
259072,1784191583090
260096,1784191583121
261120,1784191583141
262144,1784191583161
263168,1784191583190
264192,1784191583210
265216,1784191583231
266240,1784191583261
267264,1784191583281
268288,1784191583300
269312,1784191583330
270336,1784191583350
271360,1784191583371
272384,1784191583391
273408,1784191583420
274432,1784191583440
275456,1784191583461
276480,1784191583491
277504,1784191583511
278528,1784191583530
279552,1784191583560
280576,1784191583581
281600,1784191583601
282624,1784191583630
283648,1784191583651
284672,1784191583671
285696,1784191583700
286720,1784191583720
287744,1784191583741
288768,1784191583771
289792,1784191583791
290816,1784191583811
291840,1784191583840
292864,1784191583860
293888,1784191583881
294912,1784191583911
295936,1784191583931
296960,1784191583951
297984,1784191583980
299008,1784191584000
300032,1784191584021
301056,1784191584041
302080,1784191584070
303104,1784191584090
304128,1784191584111
305152,1784191584140
306176,1784191584160
307200,1784191584180
308224,1784191584211
309248,1784191584230
310272,1784191584250
311296,1784191584280
312320,1784191584300
313344,1784191584321
314368,1784191584350
315392,1784191584370
316416,1784191584391
317440,1784191584421
318464,1784191584441
319488,1784191584461
320512,1784191584490
321536,1784191584511
322560,1784191584531
323584,1784191584560
324608,1784191584580
325632,1784191584600
326656,1784191584631
327680,1784191584651
328704,1784191584671
329728,1784191584700
330752,1784191584721
331776,1784191584740
332800,1784191584760
333824,1784191584791
334848,1784191584810
335872,1784191584830
336896,1784191584861
337920,1784191584881
338944,1784191584900
339968,1784191584930
340992,1784191584950
342016,1784191584970
343040,1784191585001
344064,1784191585020
345088,1784191585040
346112,1784191585071
347136,1784191585091
348160,1784191585110
349184,1784191585140
350208,1784191585161
351232,1784191585181
352256,1784191585210
353280,1784191585231
354304,1784191585251
355328,1784191585280
356352,1784191585300
357376,1784191585321
358400,1784191585350
359424,1784191585370
360448,1784191585390
361472,1784191585411
362496,1784191585440
363520,1784191585461
364544,1784191585481
365568,1784191585510
366592,1784191585530
367616,1784191585551
368640,1784191585580
369664,1784191585600
370688,1784191585621
371712,1784191585650
372736,1784191585671
373760,1784191585691
374784,1784191585720
375808,1784191585741
376832,1784191585761
377856,1784191585790
378880,1784191585810
379904,1784191585831
380928,1784191585861
381952,1784191585880
382976,1784191585900
384000,1784191585931
385024,1784191585950
386048,1784191585970
387072,1784191586000
388096,1784191586020
389120,1784191586041
390144,1784191586070
391168,1784191586090
392192,1784191586110
393216,1784191586130
394240,1784191586160
395264,1784191586180
396288,1784191586200
397312,1784191586231
398336,1784191586251
399360,1784191586271
400384,1784191586301
401408,1784191586320
402432,1784191586340
403456,1784191586371
404480,1784191586390
405504,1784191586410
406528,1784191586441
407552,1784191586461
408576,1784191586480
409600,1784191586510
410624,1784191586531
411648,1784191586551
412672,1784191586580
413696,1784191586600
414720,1784191586620
415744,1784191586651
416768,1784191586670
417792,1784191586690
418816,1784191586721
419840,1784191586741
420864,1784191586760
421888,1784191586780
422912,1784191586811
423936,1784191586830
424960,1784191586850
425984,1784191586881
427008,1784191586900
428032,1784191586921
429056,1784191586951
430080,1784191586970
431104,1784191586991
432128,1784191587021
433152,1784191587041
434176,1784191587060
435200,1784191587090
436224,1784191587111
437248,1784191587131
438272,1784191587160
439296,1784191587180
440320,1784191587201
441344,1784191587231
442368,1784191587250
443392,1784191587271
444416,1784191587301
445440,1784191587320
446464,1784191587340
447488,1784191587370
448512,1784191587391
449536,1784191587410
450560,1784191587430
451584,1784191587460
452608,1784191587480
453632,1784191587500
454656,1784191587531
455680,1784191587550
456704,1784191587570
457728,1784191587601
458752,1784191587621
459776,1784191587641
460800,1784191587671
461824,1784191587690
462848,1784191587710
463872,1784191587740
464896,1784191587760
465920,1784191587781
466944,1784191587811
467968,1784191587830
468992,1784191587850
470016,1784191587881
471040,1784191587901
472064,1784191587920
473088,1784191587951
474112,1784191587971
475136,1784191587990
476160,1784191588020
477184,1784191588041
478208,1784191588061
479232,1784191588090
480256,1784191588110
481280,1784191588130
482304,1784191588151
483328,1784191588180
484352,1784191588201
485376,1784191588221
486400,1784191588250
487424,1784191588270
488448,1784191588291
489472,1784191588320
490496,1784191588340
491520,1784191588360
492544,1784191588391
493568,1784191588410
494592,1784191588430
495616,1784191588461
496640,1784191588481
497664,1784191588500
498688,1784191588531
499712,1784191588551
500736,1784191588571
501760,1784191588600
502784,1784191588620
503808,1784191588641
504832,1784191588671
505856,1784191588690
506880,1784191588710
507904,1784191588741
508928,1784191588760
509952,1784191588780
510976,1784191588800
512000,1784191588830
513024,1784191588851
514048,1784191588870
515072,1784191588900
516096,1784191588921
517120,1784191588941
518144,1784191588970
519168,1784191588991
520192,1784191589011
521216,1784191589040
522240,1784191589061
523264,1784191589081
524288,1784191589110
525312,1784191589130
526336,1784191589151
527360,1784191589180
528384,1784191589200
529408,1784191589220
530432,1784191589251
531456,1784191589271
532480,1784191589290
533504,1784191589320
534528,1784191589341
535552,1784191589361
536576,1784191589390
537600,1784191589410
538624,1784191589430
539648,1784191589461
540672,1784191589481
541696,1784191589500
542720,1784191589520
543744,1784191589551
544768,1784191589571
545792,1784191589590
546816,1784191589620
547840,1784191589641
548864,1784191589661
549888,1784191589690
550912,1784191589710
551936,1784191589730
552960,1784191589760
553984,1784191589781
555008,1784191589800
556032,1784191589830
557056,1784191589851
558080,1784191589871
559104,1784191589900
560128,1784191589920
561152,1784191589940
562176,1784191589970
563200,1784191589990
564224,1784191590011
565248,1784191590041
566272,1784191590060
567296,1784191590080
568320,1784191590110
569344,1784191590131
570368,1784191590151
571392,1784191590171
572416,1784191590200
573440,1784191590220
574464,1784191590241
575488,1784191590270
576512,1784191590290
577536,1784191590311
578560,1784191590340
579584,1784191590360
580608,1784191590380
581632,1784191590411
582656,1784191590430
583680,1784191590451
584704,1784191590481
585728,1784191590501
586752,1784191590520
587776,1784191590550
588800,1784191590571
589824,1784191590591
590848,1784191590621
591872,1784191590640
592896,1784191590660
593920,1784191590691
594944,1784191590711
595968,1784191590730
596992,1784191590760
598016,1784191590781
599040,1784191590800
600064,1784191590830
601088,1784191590851
602112,1784191590871
603136,1784191590890
604160,1784191590920
605184,1784191590941
606208,1784191590960
607232,1784191590990
608256,1784191591011
609280,1784191591031
610304,1784191591060
611328,1784191591081
612352,1784191591101
613376,1784191591130
614400,1784191591150
615424,1784191591170
616448,1784191591200
617472,1784191591221
618496,1784191591240
619520,1784191591270
620544,1784191591291
621568,1784191591311
622592,1784191591340
623616,1784191591360
624640,1784191591380
625664,1784191591411
626688,1784191591431
627712,1784191591450
628736,1784191591480
629760,1784191591501
630784,1784191591520
631808,1784191591540
632832,1784191591570
633856,1784191591591
634880,1784191591610
635904,1784191591640
636928,1784191591661
637952,1784191591681
638976,1784191591710
640000,1784191591730
641024,1784191591750
642048,1784191591781
643072,1784191591801
644096,1784191591821
645120,1784191591851
646144,1784191591870
647168,1784191591891
648192,1784191591921
649216,1784191591940
650240,1784191591961
651264,1784191591990
652288,1784191592010
653312,1784191592030
654336,1784191592061
655360,1784191592081
656384,1784191592100
657408,1784191592131
658432,1784191592150
659456,1784191592170
660480,1784191592200
661504,1784191592221
662528,1784191592241
663552,1784191592260
664576,1784191592290
665600,1784191592311
666624,1784191592330
667648,1784191592360
668672,1784191592380
669696,1784191592401
670720,1784191592430
671744,1784191592450
672768,1784191592470
673792,1784191592501
674816,1784191592521
675840,1784191592540
676864,1784191592570
677888,1784191592590
678912,1784191592610
679936,1784191592641
680960,1784191592660
681984,1784191592680
683008,1784191592711
684032,1784191592731
685056,1784191592751
686080,1784191592780
687104,1784191592800
688128,1784191592821
689152,1784191592850
690176,1784191592870
691200,1784191592890
692224,1784191592910
693248,1784191592940
694272,1784191592960
695296,1784191592980
696320,1784191593011
697344,1784191593031
698368,1784191593050
699392,1784191593080
700416,1784191593101
701440,1784191593120
702464,1784191593150
703488,1784191593170
704512,1784191593191
705536,1784191593220
706560,1784191593240
707584,1784191593260
708608,1784191593291
709632,1784191593310
710656,1784191593330
711680,1784191593361
712704,1784191593381
713728,1784191593400
714752,1784191593431
715776,1784191593451
716800,1784191593471
717824,1784191593500
718848,1784191593520
719872,1784191593541
720896,1784191593571
721920,1784191593590
722944,1784191593610
723968,1784191593631
724992,1784191593660
726016,1784191593680
727040,1784191593700
728064,1784191593731
729088,1784191593750
730112,1784191593770
731136,1784191593801
732160,1784191593821
733184,1784191593841
734208,1784191593870
735232,1784191593891
736256,1784191593911
737280,1784191593940
738304,1784191593960
739328,1784191593981
740352,1784191594011
741376,1784191594030
742400,1784191594051
743424,1784191594080
744448,1784191594100
745472,1784191594120
746496,1784191594151
747520,1784191594171
748544,1784191594190
749568,1784191594220
750592,1784191594240
751616,1784191594261
752640,1784191594281
753664,1784191594310
754688,1784191594330
755712,1784191594351
756736,1784191594380
757760,1784191594400
758784,1784191594420
759808,1784191594451
760832,1784191594471
761856,1784191594491
762880,1784191594520
763904,1784191594540
764928,1784191594560
765952,1784191594590
766976,1784191594610
768000,1784191594630
769024,1784191594661
770048,1784191594680
771072,1784191594701
772096,1784191594731
773120,1784191594750
774144,1784191594770
775168,1784191594801
776192,1784191594820
777216,1784191594840
778240,1784191594871
779264,1784191594891
780288,1784191594910
781312,1784191594940
782336,1784191594960
783360,1784191594981
784384,1784191595000
785408,1784191595031
786432,1784191595050
787456,1784191595071
788480,1784191595100
789504,1784191595121
790528,1784191595141
791552,1784191595171
792576,1784191595191
793600,1784191595210
794624,1784191595241
795648,1784191595260
796672,1784191595280
797696,1784191595311
798720,1784191595330
799744,1784191595351
800768,1784191595380
801792,1784191595401
802816,1784191595420
803840,1784191595451
804864,1784191595471
805888,1784191595490
806912,1784191595521
807936,1784191595540
808960,1784191595561
809984,1784191595590
811008,1784191595611
812032,1784191595630
813056,1784191595650
814080,1784191595681
815104,1784191595700
816128,1784191595721
817152,1784191595750
818176,1784191595771
819200,1784191595791
820224,1784191595821
821248,1784191595841
822272,1784191595860
823296,1784191595891
824320,1784191595910
825344,1784191595931
826368,1784191595961
827392,1784191595980
828416,1784191596001
829440,1784191596030
830464,1784191596051
831488,1784191596071
832512,1784191596101
833536,1784191596121
834560,1784191596140
835584,1784191596171
836608,1784191596190
837632,1784191596211
838656,1784191596240
839680,1784191596261
840704,1784191596280
841728,1784191596311
842752,1784191596330
843776,1784191596351
844800,1784191596371
845824,1784191596401
846848,1784191596421
847872,1784191596440
848896,1784191596471
849920,1784191596490
850944,1784191596511
851968,1784191596540
852992,1784191596561
854016,1784191596581
855040,1784191596610
856064,1784191596631
857088,1784191596650
858112,1784191596681
859136,1784191596700
860160,1784191596721
861184,1784191596750
862208,1784191596771
863232,1784191596791
864256,1784191596821
865280,1784191596841
866304,1784191596860
867328,1784191596891
868352,1784191596910
869376,1784191596931
870400,1784191596960
871424,1784191596981
872448,1784191597000
873472,1784191597021
874496,1784191597050
875520,1784191597071
876544,1784191597091
877568,1784191597121
878592,1784191597141
879616,1784191597160
880640,1784191597191
881664,1784191597210
882688,1784191597231
883712,1784191597260
884736,1784191597281
885760,1784191597300
886784,1784191597331
887808,1784191597350
888832,1784191597371
889856,1784191597400
890880,1784191597421
891904,1784191597441
892928,1784191597470
893952,1784191597491
894976,1784191597511
896000,1784191597541
897024,1784191597561
898048,1784191597580
899072,1784191597611
900096,1784191597631
901120,1784191597650
902144,1784191597671
903168,1784191597700
904192,1784191597721
905216,1784191597740
906240,1784191597771
907264,1784191597790
908288,1784191597811
909312,1784191597840
910336,1784191597861
911360,1784191597881
912384,1784191597911
913408,1784191597931
914432,1784191597950
915456,1784191597980
916480,1784191598001
917504,1784191598020
918528,1784191598051
919552,1784191598070
920576,1784191598091
921600,1784191598120
922624,1784191598141
923648,1784191598160
924672,1784191598191
925696,1784191598211
926720,1784191598230
927744,1784191598261
928768,1784191598280
929792,1784191598301
930816,1784191598330
931840,1784191598351
932864,1784191598371
933888,1784191598390
934912,1784191598421
935936,1784191598440
936960,1784191598461
937984,1784191598490
939008,1784191598511
940032,1784191598531
941056,1784191598561
942080,1784191598581
943104,1784191598600
944128,1784191598631
945152,1784191598650
946176,1784191598671
947200,1784191598700
948224,1784191598721
949248,1784191598741
950272,1784191598771
951296,1784191598791
952320,1784191598810
953344,1784191598841
954368,1784191598860
955392,1784191598881
956416,1784191598910
957440,1784191598931
958464,1784191598950
959488,1784191598981
960512,1784191599000
961536,1784191599021
962560,1784191599041
963584,1784191599071
964608,1784191599091
965632,1784191599110
966656,1784191599141
967680,1784191599160
968704,1784191599181
969728,1784191599210
970752,1784191599231
971776,1784191599251
972800,1784191599281
973824,1784191599301
974848,1784191599320
975872,1784191599351
976896,1784191599370
977920,1784191599391
978944,1784191599420
979968,1784191599441
980992,1784191599460
982016,1784191599491
983040,1784191599510
984064,1784191599531
985088,1784191599560
986112,1784191599581
987136,1784191599600
988160,1784191599631
989184,1784191599650
990208,1784191599671
991232,1784191599700
992256,1784191599721
993280,1784191599741
994304,1784191599760
995328,1784191599791
996352,1784191599810
997376,1784191599831
998400,1784191599860
999424,1784191599881
1000448,1784191599900
1001472,1784191599931
1002496,1784191599951
1003520,1784191599970
1004544,1784191600001
1005568,1784191600020
1006592,1784191600041
1007616,1784191600070
1008640,1784191600091
1009664,1784191600111
1010688,1784191600141
1011712,1784191600161
1012736,1784191600180
1013760,1784191600211
1014784,1784191600230
1015808,1784191600251
1016832,1784191600280
1017856,1784191600301
1018880,1784191600320
1019904,1784191600351
1020928,1784191600370
1021952,1784191600391
1022976,1784191600411
1024000,1784191600441
1025024,1784191600460
1026048,1784191600481
1027072,1784191600510
1028096,1784191600531
1029120,1784191600551
1030144,1784191600580
1031168,1784191600601
1032192,1784191600620
1033216,1784191600651
1034240,1784191600671
1035264,1784191600690
1036288,1784191600721
1037312,1784191600740
1038336,1784191600761
1039360,1784191600790
1040384,1784191600811
1041408,1784191600831
1042432,1784191600861
1043456,1784191600881
1044480,1784191600900
1045504,1784191600931
1046528,1784191600951
1047552,1784191600970
1048576,1784191601001
1049600,1784191601020
1050624,1784191601041
1051648,1784191601070
1052672,1784191601091
1053696,1784191601111
1054720,1784191601130
1055744,1784191601161
1056768,1784191601180
1057792,1784191601201
1058816,1784191601230
1059840,1784191601251
1060864,1784191601270
1061888,1784191601301
1062912,1784191601320
1063936,1784191601341
1064960,1784191601370
1065984,1784191601391
1067008,1784191601411
1068032,1784191601441
1069056,1784191601461
1070080,1784191601480
1071104,1784191601511
1072128,1784191601530
1073152,1784191601551
1074176,1784191601580
1075200,1784191601601
1076224,1784191601620
1077248,1784191601651
1078272,1784191601670
1079296,1784191601691
1080320,1784191601720
1081344,1784191601741
1082368,1784191601761
1083392,1784191601780
1084416,1784191601811
1085440,1784191601830
1086464,1784191601851
1087488,1784191601880
1088512,1784191601901
1089536,1784191601920
1090560,1784191601950
1091584,1784191601971
1092608,1784191601990
1093632,1784191602021
1094656,1784191602040
1095680,1784191602061
1096704,1784191602090
1097728,1784191602111
1098752,1784191602130
1099776,1784191602161
1100800,1784191602181
1101824,1784191602200
1102848,1784191602231
1103872,1784191602250
1104896,1784191602271
1105920,1784191602300
1106944,1784191602321
1107968,1784191602340
1108992,1784191602371
1110016,1784191602390
1111040,1784191602411
1112064,1784191602440
1113088,1784191602461
1114112,1784191602481
1115136,1784191602500
1116160,1784191602531
1117184,1784191602550
1118208,1784191602571
1119232,1784191602600
1120256,1784191602621
1121280,1784191602641
1122304,1784191602670
1123328,1784191602691
1124352,1784191602710
1125376,1784191602741
1126400,1784191602760
1127424,1784191602780
1128448,1784191602811
1129472,1784191602830
1130496,1784191602851
1131520,1784191602880
1132544,1784191602900
1133568,1784191602921
1134592,1784191602951
1135616,1784191602971
1136640,1784191602991
1137664,1784191603020
1138688,1784191603041
1139712,1784191603060
1140736,1784191603091
1141760,1784191603110
1142784,1784191603131
1143808,1784191603151
1144832,1784191603181
1145856,1784191603201
1146880,1784191603220
1147904,1784191603251
1148928,1784191603270
1149952,1784191603291
1150976,1784191603320
1152000,1784191603341
1153024,1784191603361
1154048,1784191603390
1155072,1784191603411
1156096,1784191603430
1157120,1784191603460
1158144,1784191603481
1159168,1784191603501
1160192,1784191603531
1161216,1784191603551
1162240,1784191603570
1163264,1784191603601
1164288,1784191603620
1165312,1784191603640
1166336,1784191603671
1167360,1784191603690
1168384,1784191603711
1169408,1784191603740
1170432,1784191603761
1171456,1784191603780
1172480,1784191603811
1173504,1784191603830
1174528,1784191603851
1175552,1784191603871
1176576,1784191603901
1177600,1784191603921
1178624,1784191603940
1179648,1784191603970
1180672,1784191603991
1181696,1784191604010
1182720,1784191604041
1183744,1784191604061
1184768,1784191604080
1185792,1784191604111
1186816,1784191604130
1187840,1784191604151
1188864,1784191604180
1189888,1784191604201
1190912,1784191604220
1191936,1784191604251
1192960,1784191604270
1193984,1784191604291
1195008,1784191604320
1196032,1784191604341
1197056,1784191604361
1198080,1784191604391
1199104,1784191604411
1200128,1784191604430
1201152,1784191604461
1202176,1784191604480
1203200,1784191604501
1204224,1784191604520
1205248,1784191604551
1206272,1784191604570
1207296,1784191604591
1208320,1784191604620
1209344,1784191604640
1210368,1784191604661
1211392,1784191604691
1212416,1784191604711
1213440,1784191604730
1214464,1784191604761
1215488,1784191604780
1216512,1784191604800
1217536,1784191604831
1218560,1784191604850
1219584,1784191604871
1220608,1784191604900
1221632,1784191604921
1222656,1784191604941
1223680,1784191604970
1224704,1784191604991
1225728,1784191605010
1226752,1784191605041
1227776,1784191605060
1228800,1784191605081
1229824,1784191605111
1230848,1784191605130
1231872,1784191605151
1232896,1784191605180
1233920,1784191605201
1234944,1784191605220
1235968,1784191605241
1236992,1784191605270
1238016,1784191605291
1239040,1784191605311
1240064,1784191605340
1241088,1784191605361
1242112,1784191605380
1243136,1784191605411
1244160,1784191605430
1245184,1784191605451
1246208,1784191605480
1247232,1784191605501
1248256,1784191605520
1249280,1784191605551
1250304,1784191605570
1251328,1784191605591
1252352,1784191605620
1253376,1784191605641
1254400,1784191605661
1255424,1784191605691
1256448,1784191605711
1257472,1784191605730
1258496,1784191605761
1259520,1784191605780
1260544,1784191605801
1261568,1784191605830
1262592,1784191605851
1263616,1784191605870
1264640,1784191605891
1265664,1784191605920
1266688,1784191605940
1267712,1784191605961
1268736,1784191605990
1269760,1784191606011
1270784,1784191606031
1271808,1784191606060
1272832,1784191606081
1273856,1784191606101
1274880,1784191606130
1275904,1784191606151
1276928,1784191606170
1277952,1784191606201
1278976,1784191606221
1280000,1784191606240
1281024,1784191606271
1282048,1784191606290
1283072,1784191606311
1284096,1784191606340
1285120,1784191606361
1286144,1784191606380
1287168,1784191606411
1288192,1784191606430
1289216,1784191606451
1290240,1784191606480
1291264,1784191606501
1292288,1784191606521
1293312,1784191606551
1294336,1784191606571
1295360,1784191606590
1296384,1784191606610
1297408,1784191606640
1298432,1784191606660
1299456,1784191606681
1300480,1784191606711
1301504,1784191606731
1302528,1784191606750
1303552,1784191606781
1304576,1784191606800
1305600,1784191606821
1306624,1784191606850
1307648,1784191606871
1308672,1784191606891
1309696,1784191606920
1310720,1784191606941
1311744,1784191606961
1312768,1784191606990
1313792,1784191607011
1314816,1784191607031
1315840,1784191607061
1316864,1784191607081
1317888,1784191607100
1318912,1784191607131
1319936,1784191607150
1320960,1784191607171
1321984,1784191607200
1323008,1784191607221
1324032,1784191607240
1325056,1784191607261
1326080,1784191607290
1327104,1784191607311
1328128,1784191607331
1329152,1784191607361
1330176,1784191607381
1331200,1784191607400
1332224,1784191607431
1333248,1784191607450
1334272,1784191607471
1335296,1784191607500
1336320,1784191607521
1337344,1784191607540
1338368,1784191607571
1339392,1784191607590
1340416,1784191607611
1341440,1784191607640
1342464,1784191607660
1343488,1784191607681
1344512,1784191607710
1345536,1784191607731
1346560,1784191607750
1347584,1784191607781
1348608,1784191607800
1349632,1784191607821
1350656,1784191607850
1351680,1784191607870
1352704,1784191607891
1353728,1784191607910
1354752,1784191607941
1355776,1784191607961
1356800,1784191607981
1357824,1784191608010
1358848,1784191608031
1359872,1784191608051
1360896,1784191608081
1361920,1784191608101
1362944,1784191608120
1363968,1784191608151
1364992,1784191608170
1366016,1784191608191
1367040,1784191608220
1368064,1784191608241
1369088,1784191608260
1370112,1784191608290
1371136,1784191608310
1372160,1784191608330
1373184,1784191608360
1374208,1784191608381
1375232,1784191608401
1376256,1784191608431
1377280,1784191608450
1378304,1784191608471
1379328,1784191608500
1380352,1784191608521
1381376,1784191608540
1382400,1784191608571
1383424,1784191608590
1384448,1784191608611
1385472,1784191608631
1386496,1784191608661
1387520,1784191608681
1388544,1784191608700
1389568,1784191608731
1390592,1784191608750
1391616,1784191608771
1392640,1784191608800
1393664,1784191608821
1394688,1784191608840
1395712,1784191608871
1396736,1784191608890
1397760,1784191608911
1398784,1784191608940
1399808,1784191608960
1400832,1784191608980
1401856,1784191609010
1402880,1784191609030
1403904,1784191609050
1404928,1784191609080
1405952,1784191609100
1406976,1784191609121
1408000,1784191609150
1409024,1784191609171
1410048,1784191609190
1411072,1784191609220
1412096,1784191609240
1413120,1784191609260
1414144,1784191609280
1415168,1784191609310
1416192,1784191609330
1417216,1784191609350
1418240,1784191609380
1419264,1784191609400
1420288,1784191609420
1421312,1784191609450
1422336,1784191609471
1423360,1784191609490
1424384,1784191609520
