FrameID,timestamp_ms
0,1784192037649
1024,1784192037669
2048,1784192037689
3072,1784192037719
4096,1784192037739
5120,1784192037759
6144,1784192037790
7168,1784192037810
8192,1784192037829
9216,1784192037859
10240,1784192037880
11264,1784192037900
12288,1784192037929
13312,1784192037949
14336,1784192037969
15360,1784192038000
16384,1784192038019
17408,1784192038039
18432,1784192038070
19456,1784192038090
20480,1784192038110
21504,1784192038139
22528,1784192038159
23552,1784192038180
24576,1784192038210
25600,1784192038230
26624,1784192038249
27648,1784192038279
28672,1784192038299
29696,1784192038320
30720,1784192038339
31744,1784192038370
32768,1784192038390
33792,1784192038409
34816,1784192038440
35840,1784192038460
36864,1784192038480
37888,1784192038509
38912,1784192038529
39936,1784192038550
40960,1784192038579
41984,1784192038599
43008,1784192038620
44032,1784192038650
45056,1784192038669
46080,1784192038689
47104,1784192038719
48128,1784192038740
49152,1784192038760
50176,1784192038789
51200,1784192038809
52224,1784192038829
53248,1784192038860
54272,1784192038879
55296,1784192038899
56320,1784192038930
57344,1784192038949
58368,1784192038969
59392,1784192038989
60416,1784192039019
61440,1784192039040
62464,1784192039060
63488,1784192039089
64512,1784192039109
65536,1784192039129
66560,1784192039160
67584,1784192039179
68608,1784192039199
69632,1784192039229
70656,1784192039249
71680,1784192039270
72704,1784192039299
73728,1784192039319
74752,1784192039339
75776,1784192039370
76800,1784192039389
77824,1784192039409
78848,1784192039440
79872,1784192039460
80896,1784192039479
81920,1784192039509
82944,1784192039529
83968,1784192039549
84992,1784192039580
86016,1784192039600
87040,1784192039620
88064,1784192039649
89088,1784192039669
90112,1784192039689
91136,1784192039709
92160,1784192039740
93184,1784192039760
94208,1784192039779
95232,1784192039809
96256,1784192039829
97280,1784192039849
98304,1784192039880
99328,1784192039899
100352,1784192039919
101376,1784192039950
102400,1784192039970
103424,1784192039989
104448,1784192040019
105472,1784192040039
106496,1784192040059
107520,1784192040089
108544,1784192040109
109568,1784192040129
110592,1784192040159
111616,1784192040179
112640,1784192040200
113664,1784192040229
114688,1784192040249
115712,1784192040269
116736,1784192040300
117760,1784192040319
118784,1784192040339
119808,1784192040359
120832,1784192040389
121856,1784192040409
122880,1784192040429
123904,1784192040459
124928,1784192040479
125952,1784192040499
126976,1784192040529
128000,1784192040549
129024,1784192040569
130048,1784192040600
131072,1784192040620
132096,1784192040639
133120,1784192040669
134144,1784192040690
135168,1784192040709
136192,1784192040739
137216,1784192040759
138240,1784192040779
139264,1784192040810
140288,1784192040830
141312,1784192040849
142336,1784192040880
143360,1784192040900
144384,1784192040919
145408,1784192040949
146432,1784192040970
147456,1784192040990
148480,1784192041020
149504,1784192041039
150528,1784192041059
151552,1784192041079
152576,1784192041110
153600,1784192041129
154624,1784192041150
155648,1784192041180
156672,1784192041199
157696,1784192041219
158720,1784192041249
159744,1784192041270
160768,1784192041290
161792,1784192041320
162816,1784192041339
163840,1784192041360
164864,1784192041390
165888,1784192041409
166912,1784192041430
167936,1784192041459
168960,1784192041480
169984,1784192041500
171008,1784192041529
172032,1784192041549
173056,1784192041570
174080,1784192041600
175104,1784192041619
176128,1784192041639
177152,1784192041669
178176,1784192041690
179200,1784192041710
180224,1784192041730
181248,1784192041759
182272,1784192041780
183296,1784192041800
184320,1784192041829
185344,1784192041849
186368,1784192041870
187392,1784192041899
188416,1784192041919
189440,1784192041939
190464,1784192041970
191488,1784192041990
192512,1784192042009
193536,1784192042039
194560,1784192042059
195584,1784192042080
196608,1784192042109
197632,1784192042129
198656,1784192042150
199680,1784192042179
200704,1784192042200
201728,1784192042220
202752,1784192042249
203776,1784192042270
204800,1784192042290
205824,1784192042319
206848,1784192042340
207872,1784192042360
208896,1784192042389
209920,1784192042409
210944,1784192042429
211968,1784192042450
212992,1784192042479
214016,1784192042499
215040,1784192042520
216064,1784192042549
217088,1784192042569
218112,1784192042589
219136,1784192042620
220160,1784192042640
221184,1784192042659
222208,1784192042690
223232,1784192042710
224256,1784192042730
225280,1784192042759
226304,1784192042779
227328,1784192042800
228352,1784192042829
229376,1784192042849
230400,1784192042869
231424,1784192042900
232448,1784192042919
233472,1784192042939
234496,1784192042970
235520,1784192042990
236544,1784192043009
237568,1784192043039
238592,1784192043059
239616,1784192043080
240640,1784192043099
241664,1784192043130
242688,1784192043149
243712,1784192043170
244736,1784192043200
245760,1784192043220
246784,1784192043239
247808,1784192043269
248832,1784192043290
249856,1784192043309
250880,1784192043339
251904,1784192043360
252928,1784192043380
253952,1784192043409
254976,1784192043429
256000,1784192043449
257024,1784192043480
258048,1784192043500
259072,1784192043519
260096,1784192043549
261120,1784192043569
262144,1784192043590
263168,1784192043619
264192,1784192043639
265216,1784192043659
266240,1784192043690
267264,1784192043710
268288,1784192043729
269312,1784192043759
270336,1784192043779
271360,1784192043800
272384,1784192043820
273408,1784192043849
274432,1784192043869
275456,1784192043890
276480,1784192043919
277504,1784192043939
278528,1784192043959
279552,1784192043989
280576,1784192044009
281600,1784192044029
282624,1784192044060
283648,1784192044079
284672,1784192044099
285696,1784192044130
286720,1784192044149
287744,1784192044170
288768,1784192044200
289792,1784192044219
290816,1784192044240
291840,1784192044270
292864,1784192044289
293888,1784192044309
294912,1784192044339
295936,1784192044359
296960,1784192044380
297984,1784192044410
299008,1784192044429
300032,1784192044449
301056,1784192044469
302080,1784192044500
303104,1784192044519
304128,1784192044539
305152,1784192044570
306176,1784192044590
307200,1784192044609
308224,1784192044639
309248,1784192044660
310272,1784192044680
311296,1784192044710
312320,1784192044729
313344,1784192044749
314368,1784192044780
315392,1784192044800
316416,1784192044820
317440,1784192044849
318464,1784192044869
319488,1784192044890
320512,1784192044920
321536,1784192044939
322560,1784192044959
323584,1784192044990
324608,1784192045010
325632,1784192045030
326656,1784192045060
327680,1784192045080
328704,1784192045099
329728,1784192045129
330752,1784192045149
331776,1784192045169
332800,1784192045189
333824,1784192045219
334848,1784192045239
335872,1784192045259
336896,1784192045289
337920,1784192045310
338944,1784192045329
339968,1784192045359
340992,1784192045379
342016,1784192045400
343040,1784192045430
344064,1784192045450
345088,1784192045469
346112,1784192045500
347136,1784192045520
348160,1784192045539
349184,1784192045569
350208,1784192045590
351232,1784192045610
352256,1784192045639
353280,1784192045660
354304,1784192045679
355328,1784192045709
356352,1784192045729
357376,1784192045749
358400,1784192045780
359424,1784192045799
360448,1784192045819
361472,1784192045839
362496,1784192045870
363520,1784192045889
364544,1784192045909
365568,1784192045939
366592,1784192045960
367616,1784192045979
368640,1784192046009
369664,1784192046030
370688,1784192046050
371712,1784192046079
372736,1784192046099
373760,1784192046120
374784,1784192046150
375808,1784192046169
376832,1784192046189
377856,1784192046220
378880,1784192046239
379904,1784192046260
380928,1784192046290
381952,1784192046310
382976,1784192046330
384000,1784192046359
385024,1784192046380
386048,1784192046400
387072,1784192046429
388096,1784192046449
389120,1784192046470
390144,1784192046499
391168,1784192046519
392192,1784192046540
393216,1784192046560
394240,1784192046589
395264,1784192046609
396288,1784192046629
397312,1784192046660
398336,1784192046679
399360,1784192046699
400384,1784192046730
401408,1784192046750
402432,1784192046770
403456,1784192046799
404480,1784192046820
405504,1784192046840
406528,1784192046869
407552,1784192046889
408576,1784192046909
409600,1784192046939
410624,1784192046959
411648,1784192046979
412672,1784192047010
413696,1784192047030
414720,1784192047049
415744,1784192047079
416768,1784192047100
417792,1784192047120
418816,1784192047149
419840,1784192047169
420864,1784192047190
421888,1784192047210
422912,1784192047239
423936,1784192047260
424960,1784192047280
425984,1784192047309
427008,1784192047329
428032,1784192047350
429056,1784192047379
430080,1784192047399
431104,1784192047419
432128,1784192047449
433152,1784192047470
434176,1784192047490
435200,1784192047519
436224,1784192047539
437248,1784192047559
438272,1784192047590
439296,1784192047610
440320,1784192047629
441344,1784192047659
442368,1784192047680
443392,1784192047700
444416,1784192047730
445440,1784192047749
446464,1784192047769
447488,1784192047799
448512,1784192047819
449536,1784192047840
450560,1784192047859
451584,1784192047889
452608,1784192047909
453632,1784192047929
454656,1784192047959
455680,1784192047979
456704,1784192047999
457728,1784192048029
458752,1784192048050
459776,1784192048069
460800,1784192048100
461824,1784192048120
462848,1784192048139
463872,1784192048169
464896,1784192048190
465920,1784192048209
466944,1784192048239
467968,1784192048260
468992,1784192048280
470016,1784192048309
471040,1784192048329
472064,1784192048349
473088,1784192048379
474112,1784192048400
475136,1784192048419
476160,1784192048449
477184,1784192048470
478208,1784192048490
479232,1784192048519
480256,1784192048539
481280,1784192048559
482304,1784192048579
483328,1784192048610
484352,1784192048630
485376,1784192048650
486400,1784192048679
487424,1784192048700
488448,1784192048719
489472,1784192048750
490496,1784192048770
491520,1784192048789
492544,1784192048820
493568,1784192048840
494592,1784192048860
495616,1784192048890
496640,1784192048909
497664,1784192048929
498688,1784192048959
499712,1784192048979
500736,1784192048999
501760,1784192049030
502784,1784192049049
503808,1784192049069
504832,1784192049099
505856,1784192049119
506880,1784192049139
507904,1784192049169
508928,1784192049190
509952,1784192049209
510976,1784192049230
512000,1784192049260
513024,1784192049279
514048,1784192049299
515072,1784192049329
516096,1784192049349
517120,1784192049369
518144,1784192049399
519168,1784192049419
520192,1784192049439
521216,1784192049469
522240,1784192049489
523264,1784192049509
524288,1784192049539
525312,1784192049559
526336,1784192049579
527360,1784192049610
528384,1784192049629
529408,1784192049649
530432,1784192049679
531456,1784192049699
532480,1784192049720
533504,1784192049749
534528,1784192049769
535552,1784192049790
536576,1784192049819
537600,1784192049840
538624,1784192049860
539648,1784192049889
540672,1784192049910
541696,1784192049930
542720,1784192049950
543744,1784192049980
544768,1784192049999
545792,1784192050019
546816,1784192050050
547840,1784192050069
548864,1784192050089
549888,1784192050119
550912,1784192050139
551936,1784192050160
552960,1784192050189
553984,1784192050209
555008,1784192050230
556032,1784192050260
557056,1784192050279
558080,1784192050299
559104,1784192050330
560128,1784192050349
561152,1784192050369
562176,1784192050400
563200,1784192050419
564224,1784192050439
565248,1784192050469
566272,1784192050489
567296,1784192050510
568320,1784192050539
569344,1784192050559
570368,1784192050579
571392,1784192050599
572416,1784192050629
573440,1784192050649
574464,1784192050669
575488,1784192050699
576512,1784192050719
577536,1784192050740
578560,1784192050769
579584,1784192050790
580608,1784192050810
581632,1784192050839
582656,1784192050859
583680,1784192050879
584704,1784192050910
585728,1784192050929
586752,1784192050949
587776,1784192050979
588800,1784192050999
589824,1784192051020
590848,1784192051050
591872,1784192051069
592896,1784192051089
593920,1784192051120
594944,1784192051139
595968,1784192051160
596992,1784192051189
598016,1784192051209
599040,1784192051230
600064,1784192051259
601088,1784192051279
602112,1784192051299
603136,1784192051319
604160,1784192051349
605184,1784192051370
606208,1784192051389
607232,1784192051419
608256,1784192051439
609280,1784192051459
610304,1784192051489
611328,1784192051509
612352,1784192051530
613376,1784192051560
614400,1784192051579
615424,1784192051599
616448,1784192051629
617472,1784192051649
618496,1784192051670
619520,1784192051700
620544,1784192051719
621568,1784192051739
622592,1784192051770
623616,1784192051789
624640,1784192051809
625664,1784192051840
626688,1784192051859
627712,1784192051879
628736,1784192051910
629760,1784192051929
630784,1784192051949
631808,1784192051969
632832,1784192051999
633856,1784192052019
634880,1784192052040
635904,1784192052069
636928,1784192052089
637952,1784192052109
638976,1784192052139
640000,1784192052160
641024,1784192052179
642048,1784192052210
643072,1784192052229
644096,1784192052249
645120,1784192052279
646144,1784192052299
647168,1784192052319
648192,1784192052349
649216,1784192052369
650240,1784192052390
651264,1784192052419
652288,1784192052439
653312,1784192052459
654336,1784192052489
655360,1784192052509
656384,1784192052530
657408,1784192052559
658432,1784192052579
659456,1784192052599
660480,1784192052629
661504,1784192052650
662528,1784192052669
663552,1784192052689
664576,1784192052719
665600,1784192052740
666624,1784192052759
667648,1784192052789
668672,1784192052809
669696,1784192052830
670720,1784192052859
671744,1784192052879
672768,1784192052899
673792,1784192052929
674816,1784192052950
675840,1784192052970
676864,1784192052999
677888,1784192053019
678912,1784192053039
679936,1784192053069
680960,1784192053089
681984,1784192053109
683008,1784192053140
684032,1784192053159
685056,1784192053179
686080,1784192053209
687104,1784192053229
688128,1784192053250
689152,1784192053280
690176,1784192053299
691200,1784192053320
692224,1784192053339
693248,1784192053369
694272,1784192053389
695296,1784192053409
696320,1784192053440
697344,1784192053460
698368,1784192053479
699392,1784192053510
700416,1784192053530
701440,1784192053550
702464,1784192053579
703488,1784192053599
704512,1784192053619
705536,1784192053650
706560,1784192053670
707584,1784192053689
708608,1784192053719
709632,1784192053740
710656,1784192053759
711680,1784192053789
712704,1784192053809
713728,1784192053829
714752,1784192053859
715776,1784192053880
716800,1784192053900
717824,1784192053929
718848,1784192053949
719872,1784192053969
720896,1784192054000
721920,1784192054019
722944,1784192054039
723968,1784192054059
724992,1784192054090
726016,1784192054109
727040,1784192054130
728064,1784192054159
729088,1784192054179
730112,1784192054199
731136,1784192054229
732160,1784192054249
733184,1784192054269
734208,1784192054299
735232,1784192054319
736256,1784192054339
737280,1784192054370
738304,1784192054390
739328,1784192054409
740352,1784192054439
741376,1784192054459
742400,1784192054480
743424,1784192054509
744448,1784192054529
745472,1784192054549
746496,1784192054579
747520,1784192054599
748544,1784192054619
749568,1784192054650
750592,1784192054669
751616,1784192054689
752640,1784192054709
753664,1784192054739
754688,1784192054760
755712,1784192054779
756736,1784192054809
757760,1784192054829
758784,1784192054850
759808,1784192054879
760832,1784192054899
761856,1784192054920
762880,1784192054949
763904,1784192054969
764928,1784192054989
765952,1784192055019
766976,1784192055039
768000,1784192055059
769024,1784192055089
770048,1784192055109
771072,1784192055130
772096,1784192055160
773120,1784192055179
774144,1784192055199
775168,1784192055229
776192,1784192055249
777216,1784192055269
778240,1784192055300
779264,1784192055320
780288,1784192055339
781312,1784192055369
782336,1784192055389
783360,1784192055409
784384,1784192055429
785408,1784192055460
786432,1784192055480
787456,1784192055500
788480,1784192055529
789504,1784192055550
790528,1784192055570
791552,1784192055599
792576,1784192055619
793600,1784192055639
794624,1784192055670
795648,1784192055690
796672,1784192055709
797696,1784192055739
798720,1784192055760
799744,1784192055779
800768,1784192055809
801792,1784192055829
802816,1784192055849
803840,1784192055879
804864,1784192055900
805888,1784192055919
806912,1784192055949
807936,1784192055970
808960,1784192055989
809984,1784192056019
811008,1784192056039
812032,1784192056060
813056,1784192056080
814080,1784192056109
815104,1784192056129
816128,1784192056150
817152,1784192056179
818176,1784192056200
819200,1784192056219
820224,1784192056250
821248,1784192056269
822272,1784192056290
823296,1784192056319
824320,1784192056340
825344,1784192056359
826368,1784192056389
827392,1784192056410
828416,1784192056429
829440,1784192056459
830464,1784192056480
831488,1784192056499
832512,1784192056530
833536,1784192056549
834560,1784192056569
835584,1784192056599
836608,1784192056619
837632,1784192056640
838656,1784192056669
839680,1784192056690
840704,1784192056709
841728,1784192056740
842752,1784192056759
843776,1784192056780
844800,1784192056799
845824,1784192056830
846848,1784192056849
847872,1784192056869
848896,1784192056899
849920,1784192056919
850944,1784192056940
851968,1784192056970
852992,1784192056989
854016,1784192057009
855040,1784192057039
856064,1784192057059
857088,1784192057080
858112,1784192057109
859136,1784192057130
860160,1784192057149
861184,1784192057180
862208,1784192057199
863232,1784192057219
864256,1784192057250
865280,1784192057269
866304,1784192057290
867328,1784192057319
868352,1784192057340
869376,1784192057359
870400,1784192057390
871424,1784192057410
872448,1784192057429
873472,1784192057449
874496,1784192057479
875520,1784192057500
876544,1784192057519
877568,1784192057550
878592,1784192057569
879616,1784192057589
880640,1784192057619
881664,1784192057639
882688,1784192057660
883712,1784192057689
884736,1784192057710
885760,1784192057729
886784,1784192057760
887808,1784192057779
888832,1784192057800
889856,1784192057829
890880,1784192057850
891904,1784192057869
892928,1784192057900
893952,1784192057919
894976,1784192057939
896000,1784192057969
897024,1784192057990
898048,1784192058009
899072,1784192058040
900096,1784192058059
901120,1784192058080
902144,1784192058099
903168,1784192058130
904192,1784192058149
905216,1784192058169
906240,1784192058199
907264,1784192058219
908288,1784192058240
909312,1784192058269
910336,1784192058289
911360,1784192058309
912384,1784192058340
913408,1784192058359
914432,1784192058379
915456,1784192058409
916480,1784192058429
917504,1784192058450
918528,1784192058479
919552,1784192058500
920576,1784192058519
921600,1784192058550
922624,1784192058569
923648,1784192058589
924672,1784192058619
925696,1784192058639
926720,1784192058660
927744,1784192058689
928768,1784192058710
929792,1784192058729
930816,1784192058760
931840,1784192058779
932864,1784192058800
933888,1784192058819
934912,1784192058849
935936,1784192058869
936960,1784192058889
937984,1784192058920
939008,1784192058939
940032,1784192058959
941056,1784192058989
942080,1784192059009
943104,1784192059029
944128,1784192059059
945152,1784192059079
946176,1784192059099
947200,1784192059130
948224,1784192059149
949248,1784192059169
950272,1784192059199
951296,1784192059219
952320,1784192059240
953344,1784192059269
954368,1784192059290
955392,1784192059309
956416,1784192059340
957440,1784192059359
958464,1784192059379
959488,1784192059409
960512,1784192059429
961536,1784192059449
962560,1784192059469
963584,1784192059499
964608,1784192059519
965632,1784192059540
966656,1784192059569
967680,1784192059589
968704,1784192059609
969728,1784192059639
970752,1784192059659
971776,1784192059679
972800,1784192059709
973824,1784192059729
974848,1784192059750
975872,1784192059779
976896,1784192059800
977920,1784192059819
978944,1784192059849
979968,1784192059869
980992,1784192059890
982016,1784192059919
983040,1784192059939
984064,1784192059959
985088,1784192059989
986112,1784192060009
987136,1784192060029
988160,1784192060060
989184,1784192060080
990208,1784192060099
991232,1784192060129
992256,1784192060149
993280,1784192060169
994304,1784192060189
995328,1784192060219
