FrameID,timestamp_ms
0,1784196467918
1024,1784196467938
2048,1784196467958
3072,1784196467988
4096,1784196468007
5120,1784196468027
6144,1784196468058
7168,1784196468078
8192,1784196468098
9216,1784196468128
10240,1784196468147
11264,1784196468167
12288,1784196468197
13312,1784196468218
14336,1784196468238
15360,1784196468267
16384,1784196468287
17408,1784196468307
18432,1784196468338
19456,1784196468358
20480,1784196468378
21504,1784196468408
22528,1784196468427
23552,1784196468448
24576,1784196468478
25600,1784196468497
26624,1784196468517
27648,1784196468548
28672,1784196468568
29696,1784196468588
30720,1784196468607
31744,1784196468637
32768,1784196468658
33792,1784196468678
34816,1784196468707
35840,1784196468727
36864,1784196468748
37888,1784196468778
38912,1784196468798
39936,1784196468818
40960,1784196468847
41984,1784196468867
43008,1784196468888
44032,1784196468917
45056,1784196468938
46080,1784196468958
47104,1784196468987
48128,1784196469007
49152,1784196469028
50176,1784196469057
51200,1784196469077
52224,1784196469097
53248,1784196469127
54272,1784196469148
55296,1784196469168
56320,1784196469197
57344,1784196469217
58368,1784196469238
59392,1784196469258
60416,1784196469288
61440,1784196469307
62464,1784196469327
63488,1784196469358
64512,1784196469378
65536,1784196469397
66560,1784196469427
67584,1784196469447
68608,1784196469467
69632,1784196469498
70656,1784196469517
71680,1784196469537
72704,1784196469568
73728,1784196469588
74752,1784196469607
75776,1784196469638
76800,1784196469657
77824,1784196469677
78848,1784196469708
79872,1784196469728
80896,1784196469748
81920,1784196469778
82944,1784196469797
83968,1784196469817
84992,1784196469848
86016,1784196469868
87040,1784196469887
88064,1784196469918
89088,1784196469937
90112,1784196469957
91136,1784196469978
92160,1784196470008
93184,1784196470028
94208,1784196470048
95232,1784196470078
96256,1784196470098
97280,1784196470118
98304,1784196470148
99328,1784196470168
100352,1784196470188
101376,1784196470217
102400,1784196470237
103424,1784196470258
104448,1784196470288
105472,1784196470307
106496,1784196470328
107520,1784196470358
108544,1784196470378
109568,1784196470398
110592,1784196470428
111616,1784196470447
112640,1784196470468
113664,1784196470497
114688,1784196470517
115712,1784196470537
116736,1784196470568
117760,1784196470587
118784,1784196470607
119808,1784196470628
120832,1784196470658
121856,1784196470678
122880,1784196470697
123904,1784196470727
124928,1784196470747
125952,1784196470767
126976,1784196470798
128000,1784196470818
129024,1784196470838
130048,1784196470867
131072,1784196470887
132096,1784196470907
133120,1784196470937
134144,1784196470957
135168,1784196470977
136192,1784196471008
137216,1784196471028
138240,1784196471048
139264,1784196471077
140288,1784196471097
141312,1784196471118
142336,1784196471147
143360,1784196471167
144384,1784196471188
145408,1784196471218
146432,1784196471237
147456,1784196471257
148480,1784196471288
149504,1784196471308
150528,1784196471327
151552,1784196471347
152576,1784196471378
153600,1784196471398
154624,1784196471418
155648,1784196471447
156672,1784196471467
157696,1784196471487
158720,1784196471518
159744,1784196471538
160768,1784196471557
161792,1784196471588
162816,1784196471608
163840,1784196471628
164864,1784196471657
165888,1784196471677
166912,1784196471698
167936,1784196471728
168960,1784196471747
169984,1784196471767
171008,1784196471798
172032,1784196471818
173056,1784196471837
174080,1784196471867
175104,1784196471888
176128,1784196471907
177152,1784196471938
178176,1784196471958
179200,1784196471978
180224,1784196471997
181248,1784196472027
182272,1784196472047
183296,1784196472068
184320,1784196472098
185344,1784196472117
186368,1784196472137
187392,1784196472168
188416,1784196472187
189440,1784196472207
190464,1784196472238
191488,1784196472258
192512,1784196472278
193536,1784196472307
194560,1784196472327
195584,1784196472347
196608,1784196472377
197632,1784196472398
198656,1784196472417
199680,1784196472448
200704,1784196472468
201728,1784196472488
202752,1784196472517
203776,1784196472537
204800,1784196472558
205824,1784196472587
206848,1784196472607
207872,1784196472627
208896,1784196472657
209920,1784196472678
210944,1784196472698
211968,1784196472718
212992,1784196472747
214016,1784196472767
215040,1784196472788
216064,1784196472818
217088,1784196472837
218112,1784196472857
219136,1784196472888
220160,1784196472907
221184,1784196472928
222208,1784196472957
223232,1784196472977
224256,1784196472998
225280,1784196473028
226304,1784196473048
227328,1784196473067
228352,1784196473098
229376,1784196473118
230400,1784196473138
231424,1784196473168
232448,1784196473187
233472,1784196473207
234496,1784196473238
235520,1784196473257
236544,1784196473278
237568,1784196473307
238592,1784196473327
239616,1784196473348
240640,1784196473368
241664,1784196473397
242688,1784196473418
243712,1784196473438
244736,1784196473467
245760,1784196473487
246784,1784196473508
247808,1784196473538
248832,1784196473557
249856,1784196473577
250880,1784196473608
251904,1784196473628
252928,1784196473647
253952,1784196473678
254976,1784196473698
256000,1784196473717
257024,1784196473747
258048,1784196473768
259072,1784196473787
260096,1784196473817
261120,1784196473838
262144,1784196473858
263168,1784196473887
264192,1784196473907
265216,1784196473927
266240,1784196473957
267264,1784196473978
268288,1784196473998
269312,1784196474027
270336,1784196474047
271360,1784196474068
272384,1784196474088
273408,1784196474117
274432,1784196474137
275456,1784196474158
276480,1784196474188
277504,1784196474207
278528,1784196474227
279552,1784196474257
280576,1784196474278
281600,1784196474298
282624,1784196474327
283648,1784196474347
284672,1784196474368
285696,1784196474397
286720,1784196474417
287744,1784196474437
288768,1784196474468
289792,1784196474487
290816,1784196474507
291840,1784196474538
292864,1784196474558
293888,1784196474578
294912,1784196474608
295936,1784196474627
296960,1784196474648
297984,1784196474677
299008,1784196474697
300032,1784196474718
301056,1784196474738
302080,1784196474767
303104,1784196474788
304128,1784196474808
305152,1784196474837
306176,1784196474857
307200,1784196474878
308224,1784196474907
309248,1784196474927
310272,1784196474948
311296,1784196474977
312320,1784196474997
313344,1784196475017
314368,1784196475048
315392,1784196475068
316416,1784196475087
317440,1784196475117
318464,1784196475138
319488,1784196475158
320512,1784196475187
321536,1784196475208
322560,1784196475228
323584,1784196475257
324608,1784196475277
325632,1784196475297
326656,1784196475328
327680,1784196475347
328704,1784196475367
329728,1784196475397
330752,1784196475417
331776,1784196475438
332800,1784196475458
333824,1784196475487
334848,1784196475507
335872,1784196475527
336896,1784196475558
337920,1784196475578
338944,1784196475597
339968,1784196475627
340992,1784196475647
342016,1784196475668
343040,1784196475697
344064,1784196475717
345088,1784196475737
346112,1784196475767
347136,1784196475787
348160,1784196475808
349184,1784196475837
350208,1784196475857
351232,1784196475877
352256,1784196475907
353280,1784196475927
354304,1784196475947
355328,1784196475978
356352,1784196475997
357376,1784196476017
358400,1784196476047
359424,1784196476067
360448,1784196476088
361472,1784196476108
362496,1784196476137
363520,1784196476157
364544,1784196476177
365568,1784196476207
366592,1784196476227
367616,1784196476248
368640,1784196476277
369664,1784196476298
370688,1784196476318
371712,1784196476347
372736,1784196476368
373760,1784196476388
374784,1784196476417
375808,1784196476437
376832,1784196476457
377856,1784196476488
378880,1784196476508
379904,1784196476527
380928,1784196476557
381952,1784196476578
382976,1784196476597
384000,1784196476627
385024,1784196476648
386048,1784196476668
387072,1784196476697
388096,1784196476717
389120,1784196476737
390144,1784196476768
391168,1784196476787
392192,1784196476807
393216,1784196476828
394240,1784196476858
395264,1784196476877
396288,1784196476897
397312,1784196476927
398336,1784196476947
399360,1784196476967
400384,1784196476997
401408,1784196477018
402432,1784196477037
403456,1784196477067
404480,1784196477087
405504,1784196477107
406528,1784196477137
407552,1784196477157
408576,1784196477177
409600,1784196477207
410624,1784196477228
411648,1784196477247
412672,1784196477277
413696,1784196477298
414720,1784196477318
415744,1784196477347
416768,1784196477367
417792,1784196477388
418816,1784196477417
419840,1784196477438
420864,1784196477458
421888,1784196477478
422912,1784196477507
423936,1784196477527
424960,1784196477547
425984,1784196477578
427008,1784196477598
428032,1784196477617
429056,1784196477647
430080,1784196477668
431104,1784196477688
432128,1784196477717
433152,1784196477737
434176,1784196477757
435200,1784196477788
436224,1784196477807
437248,1784196477827
438272,1784196477858
439296,1784196477878
440320,1784196477897
441344,1784196477928
442368,1784196477947
443392,1784196477968
444416,1784196477997
445440,1784196478017
446464,1784196478038
447488,1784196478067
448512,1784196478087
449536,1784196478107
450560,1784196478128
451584,1784196478158
452608,1784196478177
453632,1784196478198
454656,1784196478228
455680,1784196478248
456704,1784196478267
457728,1784196478298
458752,1784196478318
459776,1784196478337
460800,1784196478368
461824,1784196478388
462848,1784196478407
463872,1784196478437
464896,1784196478458
465920,1784196478477
466944,1784196478507
467968,1784196478528
468992,1784196478548
470016,1784196478577
471040,1784196478597
472064,1784196478618
473088,1784196478648
474112,1784196478667
475136,1784196478687
476160,1784196478717
477184,1784196478738
478208,1784196478758
479232,1784196478787
480256,1784196478807
481280,1784196478828
482304,1784196478848
483328,1784196478877
484352,1784196478897
485376,1784196478918
486400,1784196478947
487424,1784196478967
488448,1784196478987
489472,1784196479017
490496,1784196479037
491520,1784196479058
492544,1784196479088
493568,1784196479108
494592,1784196479127
495616,1784196479157
496640,1784196479178
497664,1784196479198
498688,1784196479228
499712,1784196479247
500736,1784196479267
501760,1784196479298
502784,1784196479318
503808,1784196479337
504832,1784196479367
505856,1784196479388
506880,1784196479408
507904,1784196479438
508928,1784196479458
509952,1784196479478
510976,1784196479497
512000,1784196479527
513024,1784196479547
514048,1784196479568
515072,1784196479598
516096,1784196479617
517120,1784196479637
518144,1784196479668
519168,1784196479688
520192,1784196479707
521216,1784196479738
522240,1784196479758
523264,1784196479777
524288,1784196479807
525312,1784196479828
526336,1784196479848
527360,1784196479877
528384,1784196479897
529408,1784196479918
530432,1784196479948
531456,1784196479967
532480,1784196479988
533504,1784196480017
534528,1784196480037
535552,1784196480058
536576,1784196480087
537600,1784196480107
538624,1784196480127
539648,1784196480158
540672,1784196480178
541696,1784196480197
542720,1784196480217
543744,1784196480247
544768,1784196480268
545792,1784196480287
546816,1784196480317
547840,1784196480338
548864,1784196480358
549888,1784196480387
550912,1784196480407
551936,1784196480427
552960,1784196480458
553984,1784196480478
555008,1784196480498
556032,1784196480528
557056,1784196480548
558080,1784196480568
559104,1784196480597
560128,1784196480617
561152,1784196480637
562176,1784196480668
563200,1784196480688
564224,1784196480707
565248,1784196480737
566272,1784196480758
567296,1784196480778
568320,1784196480808
569344,1784196480827
570368,1784196480847
571392,1784196480867
572416,1784196480898
573440,1784196480918
574464,1784196480938
575488,1784196480967
576512,1784196480988
577536,1784196481008
578560,1784196481037
579584,1784196481057
580608,1784196481077
581632,1784196481108
582656,1784196481128
583680,1784196481147
584704,1784196481177
585728,1784196481198
586752,1784196481217
587776,1784196481247
588800,1784196481268
589824,1784196481288
590848,1784196481318
591872,1784196481337
592896,1784196481357
593920,1784196481388
594944,1784196481408
595968,1784196481427
596992,1784196481457
598016,1784196481477
599040,1784196481498
600064,1784196481528
601088,1784196481548
602112,1784196481567
603136,1784196481588
604160,1784196481617
605184,1784196481637
606208,1784196481658
607232,1784196481687
608256,1784196481707
609280,1784196481728
610304,1784196481757
611328,1784196481777
612352,1784196481797
613376,1784196481828
614400,1784196481848
615424,1784196481867
616448,1784196481897
617472,1784196481918
618496,1784196481937
619520,1784196481967
620544,1784196481988
621568,1784196482008
622592,1784196482037
623616,1784196482057
624640,1784196482077
625664,1784196482108
626688,1784196482127
627712,1784196482147
628736,1784196482177
629760,1784196482197
630784,1784196482217
631808,1784196482238
632832,1784196482267
633856,1784196482287
634880,1784196482308
635904,1784196482338
636928,1784196482357
637952,1784196482377
638976,1784196482408
640000,1784196482428
641024,1784196482448
642048,1784196482477
643072,1784196482498
644096,1784196482517
645120,1784196482547
646144,1784196482568
647168,1784196482588
648192,1784196482617
649216,1784196482637
650240,1784196482657
651264,1784196482688
652288,1784196482707
653312,1784196482727
654336,1784196482758
655360,1784196482778
656384,1784196482797
657408,1784196482827
658432,1784196482847
659456,1784196482868
660480,1784196482898
661504,1784196482917
662528,1784196482937
663552,1784196482958
664576,1784196482988
665600,1784196483007
666624,1784196483027
667648,1784196483058
668672,1784196483077
669696,1784196483098
670720,1784196483127
671744,1784196483148
672768,1784196483167
673792,1784196483198
674816,1784196483217
675840,1784196483238
676864,1784196483267
677888,1784196483288
678912,1784196483308
679936,1784196483338
680960,1784196483358
681984,1784196483377
683008,1784196483408
684032,1784196483427
685056,1784196483448
686080,1784196483477
687104,1784196483497
688128,1784196483518
689152,1784196483548
690176,1784196483568
691200,1784196483587
692224,1784196483608
693248,1784196483637
694272,1784196483658
695296,1784196483677
696320,1784196483708
697344,1784196483727
698368,1784196483748
699392,1784196483777
700416,1784196483798
701440,1784196483818
702464,1784196483848
703488,1784196483868
704512,1784196483887
705536,1784196483918
706560,1784196483937
707584,1784196483958
708608,1784196483987
709632,1784196484008
710656,1784196484027
711680,1784196484058
712704,1784196484077
713728,1784196484098
714752,1784196484127
715776,1784196484148
716800,1784196484168
717824,1784196484197
718848,1784196484218
719872,1784196484237
720896,1784196484268
721920,1784196484288
722944,1784196484307
723968,1784196484328
724992,1784196484357
726016,1784196484378
727040,1784196484397
728064,1784196484428
729088,1784196484447
730112,1784196484468
731136,1784196484497
732160,1784196484517
733184,1784196484538
734208,1784196484567
735232,1784196484588
736256,1784196484607
737280,1784196484638
738304,1784196484657
739328,1784196484678
740352,1784196484707
741376,1784196484728
742400,1784196484747
743424,1784196484778
744448,1784196484797
745472,1784196484817
746496,1784196484848
747520,1784196484867
748544,1784196484888
749568,1784196484918
750592,1784196484937
751616,1784196484958
752640,1784196484978
753664,1784196485008
754688,1784196485028
755712,1784196485047
756736,1784196485078
757760,1784196485097
758784,1784196485118
759808,1784196485147
760832,1784196485168
761856,1784196485187
762880,1784196485218
763904,1784196485237
764928,1784196485258
765952,1784196485287
766976,1784196485308
768000,1784196485328
769024,1784196485358
770048,1784196485378
771072,1784196485397
772096,1784196485427
773120,1784196485448
774144,1784196485467
775168,1784196485498
776192,1784196485517
777216,1784196485538
778240,1784196485567
779264,1784196485588
780288,1784196485608
781312,1784196485637
782336,1784196485658
783360,1784196485677
784384,1784196485698
785408,1784196485727
786432,1784196485748
787456,1784196485767
788480,1784196485798
789504,1784196485817
790528,1784196485837
791552,1784196485868
792576,1784196485887
793600,1784196485907
794624,1784196485937
795648,1784196485958
796672,1784196485978
797696,1784196486008
798720,1784196486028
799744,1784196486047
800768,1784196486078
801792,1784196486097
802816,1784196486118
803840,1784196486147
804864,1784196486168
805888,1784196486187
806912,1784196486218
807936,1784196486237
808960,1784196486258
809984,1784196486287
811008,1784196486308
812032,1784196486328
813056,1784196486347
814080,1784196486378
815104,1784196486397
816128,1784196486418
817152,1784196486447
818176,1784196486468
819200,1784196486487
820224,1784196486518
821248,1784196486538
822272,1784196486557
823296,1784196486588
824320,1784196486607
825344,1784196486628
826368,1784196486657
827392,1784196486678
828416,1784196486698
829440,1784196486728
830464,1784196486748
831488,1784196486767
832512,1784196486798
833536,1784196486817
834560,1784196486838
835584,1784196486867
836608,1784196486888
837632,1784196486908
838656,1784196486937
839680,1784196486958
840704,1784196486978
841728,1784196487007
842752,1784196487028
843776,1784196487047
844800,1784196487068
845824,1784196487097
846848,1784196487117
847872,1784196487138
848896,1784196487168
849920,1784196487188
850944,1784196487207
851968,1784196487238
852992,1784196487257
854016,1784196487278
855040,1784196487307
856064,1784196487328
857088,1784196487347
858112,1784196487378
859136,1784196487398
860160,1784196487417
861184,1784196487447
862208,1784196487468
863232,1784196487488
864256,1784196487518
865280,1784196487538
866304,1784196487557
867328,1784196487588
868352,1784196487607
869376,1784196487628
870400,1784196487657
871424,1784196487678
872448,1784196487697
873472,1784196487718
874496,1784196487747
875520,1784196487768
876544,1784196487788
877568,1784196487818
878592,1784196487838
879616,1784196487857
880640,1784196487888
881664,1784196487907
882688,1784196487928
883712,1784196487957
884736,1784196487978
885760,1784196487997
886784,1784196488028
887808,1784196488047
888832,1784196488068
889856,1784196488097
890880,1784196488118
891904,1784196488138
892928,1784196488167
893952,1784196488188
894976,1784196488207
896000,1784196488238
897024,1784196488257
898048,1784196488277
899072,1784196488307
900096,1784196488327
901120,1784196488348
902144,1784196488367
903168,1784196488398
904192,1784196488417
905216,1784196488438
906240,1784196488467
907264,1784196488488
908288,1784196488508
909312,1784196488538
910336,1784196488558
911360,1784196488577
912384,1784196488608
913408,1784196488627
914432,1784196488648
915456,1784196488677
916480,1784196488698
917504,1784196488717
918528,1784196488748
919552,1784196488768
920576,1784196488787
921600,1784196488818
922624,1784196488837
923648,1784196488858
924672,1784196488887
925696,1784196488907
926720,1784196488927
927744,1784196488958
928768,1784196488977
929792,1784196488998
930816,1784196489027
931840,1784196489048
932864,1784196489068
933888,1784196489087
934912,1784196489118
935936,1784196489137
936960,1784196489158
937984,1784196489187
939008,1784196489208
940032,1784196489228
941056,1784196489258
942080,1784196489278
943104,1784196489297
944128,1784196489328
945152,1784196489347
946176,1784196489368
947200,1784196489397
948224,1784196489418
949248,1784196489437
950272,1784196489468
951296,1784196489487
952320,1784196489508
953344,1784196489537
954368,1784196489558
955392,1784196489577
956416,1784196489608
957440,1784196489627
958464,1784196489648
959488,1784196489677
960512,1784196489698
961536,1784196489718
962560,1784196489737
963584,1784196489768
964608,1784196489787
965632,1784196489808
966656,1784196489837
967680,1784196489858
968704,1784196489877
969728,1784196489908
970752,1784196489927
971776,1784196489948
972800,1784196489977
973824,1784196489998
974848,1784196490018
975872,1784196490048
976896,1784196490068
977920,1784196490087
978944,1784196490118
979968,1784196490137
980992,1784196490158
982016,1784196490188
983040,1784196490208
984064,1784196490227
985088,1784196490258
986112,1784196490277
987136,1784196490298
988160,1784196490327
989184,1784196490348
990208,1784196490367
991232,1784196490398
992256,1784196490418
993280,1784196490437
994304,1784196490458
995328,1784196490487
996352,1784196490508
997376,1784196490527
998400,1784196490558
999424,1784196490577
1000448,1784196490598
1001472,1784196490627
1002496,1784196490648
1003520,1784196490668
1004544,1784196490698
1005568,1784196490718
1006592,1784196490737
1007616,1784196490768
1008640,1784196490787
1009664,1784196490808
1010688,1784196490837
1011712,1784196490858
1012736,1784196490878
1013760,1784196490907
1014784,1784196490927
1015808,1784196490948
1016832,1784196490977
1017856,1784196490998
1018880,1784196491017
1019904,1784196491048
1020928,1784196491067
1021952,1784196491087
1022976,1784196491108
1024000,1784196491137
1025024,1784196491158
1026048,1784196491177
1027072,1784196491208
1028096,1784196491227
1029120,1784196491247
1030144,1784196491277
1031168,1784196491298
1032192,1784196491318
1033216,1784196491347
1034240,1784196491368
1035264,1784196491387
1036288,1784196491418
1037312,1784196491438
1038336,1784196491457
1039360,1784196491488
1040384,1784196491507
1041408,1784196491528
1042432,1784196491557
1043456,1784196491578
1044480,1784196491597
1045504,1784196491628
1046528,1784196491647
1047552,1784196491667
1048576,1784196491697
1049600,1784196491717
1050624,1784196491738
1051648,1784196491767
1052672,1784196491788
1053696,1784196491808
1054720,1784196491828
1055744,1784196491858
1056768,1784196491878
1057792,1784196491897
1058816,1784196491928
1059840,1784196491947
1060864,1784196491967
1061888,1784196491998
1062912,1784196492017
1063936,1784196492037
1064960,1784196492067
1065984,1784196492088
1067008,1784196492108
1068032,1784196492137
1069056,1784196492158
1070080,1784196492178
1071104,1784196492207
1072128,1784196492227
1073152,1784196492247
1074176,1784196492278
1075200,1784196492298
