FrameID,timestamp_ms
0,1784192141616
1024,1784192141636
2048,1784192141656
3072,1784192141686
4096,1784192141706
5120,1784192141726
6144,1784192141757
7168,1784192141777
8192,1784192141796
9216,1784192141826
10240,1784192141847
11264,1784192141866
12288,1784192141896
13312,1784192141916
14336,1784192141936
15360,1784192141966
16384,1784192141986
17408,1784192142006
18432,1784192142037
19456,1784192142057
20480,1784192142076
21504,1784192142106
22528,1784192142126
23552,1784192142147
24576,1784192142177
25600,1784192142196
26624,1784192142216
27648,1784192142247
28672,1784192142266
29696,1784192142286
30720,1784192142306
31744,1784192142337
32768,1784192142356
33792,1784192142376
34816,1784192142406
35840,1784192142427
36864,1784192142446
37888,1784192142476
38912,1784192142496
39936,1784192142517
40960,1784192142547
41984,1784192142567
43008,1784192142586
44032,1784192142616
45056,1784192142636
46080,1784192142657
47104,1784192142686
48128,1784192142706
49152,1784192142726
50176,1784192142757
51200,1784192142777
52224,1784192142796
53248,1784192142826
54272,1784192142847
55296,1784192142867
56320,1784192142897
57344,1784192142916
58368,1784192142937
59392,1784192142957
60416,1784192142986
61440,1784192143006
62464,1784192143027
63488,1784192143057
64512,1784192143076
65536,1784192143096
66560,1784192143126
67584,1784192143147
68608,1784192143167
69632,1784192143196
70656,1784192143216
71680,1784192143236
72704,1784192143267
73728,1784192143287
74752,1784192143307
75776,1784192143336
76800,1784192143356
77824,1784192143376
78848,1784192143407
79872,1784192143426
80896,1784192143446
81920,1784192143476
82944,1784192143496
83968,1784192143516
84992,1784192143546
86016,1784192143567
87040,1784192143586
88064,1784192143616
89088,1784192143637
90112,1784192143656
91136,1784192143677
92160,1784192143706
93184,1784192143726
94208,1784192143747
95232,1784192143776
96256,1784192143796
97280,1784192143816
98304,1784192143846
99328,1784192143866
100352,1784192143887
101376,1784192143916
102400,1784192143936
103424,1784192143956
104448,1784192143986
105472,1784192144007
106496,1784192144026
107520,1784192144056
108544,1784192144077
109568,1784192144097
110592,1784192144126
111616,1784192144146
112640,1784192144167
113664,1784192144196
114688,1784192144216
115712,1784192144236
116736,1784192144267
117760,1784192144286
118784,1784192144306
119808,1784192144326
120832,1784192144356
121856,1784192144377
122880,1784192144396
123904,1784192144426
124928,1784192144446
125952,1784192144466
126976,1784192144497
128000,1784192144517
129024,1784192144537
130048,1784192144566
131072,1784192144586
132096,1784192144606
133120,1784192144636
134144,1784192144657
135168,1784192144676
136192,1784192144706
137216,1784192144726
138240,1784192144747
139264,1784192144776
140288,1784192144796
141312,1784192144817
142336,1784192144846
143360,1784192144866
144384,1784192144886
145408,1784192144917
146432,1784192144937
147456,1784192144956
148480,1784192144986
149504,1784192145006
150528,1784192145027
151552,1784192145046
152576,1784192145076
153600,1784192145096
154624,1784192145117
155648,1784192145146
156672,1784192145166
157696,1784192145187
158720,1784192145216
159744,1784192145236
160768,1784192145256
161792,1784192145287
162816,1784192145307
163840,1784192145326
164864,1784192145356
165888,1784192145377
166912,1784192145396
167936,1784192145426
168960,1784192145446
169984,1784192145466
171008,1784192145496
172032,1784192145516
173056,1784192145536
174080,1784192145566
175104,1784192145586
176128,1784192145607
177152,1784192145637
178176,1784192145656
179200,1784192145677
180224,1784192145697
181248,1784192145726
182272,1784192145746
183296,1784192145766
184320,1784192145797
185344,1784192145817
186368,1784192145836
187392,1784192145866
188416,1784192145886
189440,1784192145906
190464,1784192145936
191488,1784192145956
192512,1784192145976
193536,1784192146007
194560,1784192146026
195584,1784192146046
196608,1784192146077
197632,1784192146096
198656,1784192146116
199680,1784192146147
200704,1784192146166
201728,1784192146186
202752,1784192146217
203776,1784192146237
204800,1784192146257
205824,1784192146286
206848,1784192146306
207872,1784192146326
208896,1784192146357
209920,1784192146376
210944,1784192146396
211968,1784192146416
212992,1784192146446
214016,1784192146466
215040,1784192146487
216064,1784192146517
217088,1784192146536
218112,1784192146556
219136,1784192146587
220160,1784192146606
221184,1784192146626
222208,1784192146656
223232,1784192146676
224256,1784192146697
225280,1784192146726
226304,1784192146746
227328,1784192146767
228352,1784192146797
229376,1784192146816
230400,1784192146836
231424,1784192146867
232448,1784192146886
233472,1784192146906
234496,1784192146936
235520,1784192146957
236544,1784192146976
237568,1784192147006
238592,1784192147027
239616,1784192147047
240640,1784192147067
241664,1784192147096
242688,1784192147116
243712,1784192147137
244736,1784192147167
245760,1784192147186
246784,1784192147206
247808,1784192147236
248832,1784192147256
249856,1784192147277
250880,1784192147307
251904,1784192147326
252928,1784192147346
253952,1784192147376
254976,1784192147396
256000,1784192147417
257024,1784192147447
258048,1784192147466
259072,1784192147486
260096,1784192147516
261120,1784192147537
262144,1784192147556
263168,1784192147586
264192,1784192147607
265216,1784192147627
266240,1784192147656
267264,1784192147676
268288,1784192147696
269312,1784192147726
270336,1784192147746
271360,1784192147766
272384,1784192147786
273408,1784192147816
274432,1784192147836
275456,1784192147856
276480,1784192147887
277504,1784192147907
278528,1784192147926
279552,1784192147956
280576,1784192147976
281600,1784192147996
282624,1784192148027
283648,1784192148046
284672,1784192148066
285696,1784192148096
286720,1784192148116
287744,1784192148136
288768,1784192148166
289792,1784192148186
290816,1784192148207
291840,1784192148237
292864,1784192148256
293888,1784192148276
294912,1784192148307
295936,1784192148326
296960,1784192148346
297984,1784192148377
299008,1784192148397
300032,1784192148416
301056,1784192148436
302080,1784192148467
303104,1784192148487
304128,1784192148506
305152,1784192148536
306176,1784192148556
307200,1784192148577
308224,1784192148606
309248,1784192148626
310272,1784192148646
311296,1784192148677
312320,1784192148696
313344,1784192148716
314368,1784192148746
315392,1784192148767
316416,1784192148786
317440,1784192148817
318464,1784192148836
319488,1784192148857
320512,1784192148886
321536,1784192148906
322560,1784192148926
323584,1784192148957
324608,1784192148976
325632,1784192148996
326656,1784192149026
327680,1784192149047
328704,1784192149066
329728,1784192149096
330752,1784192149116
331776,1784192149136
332800,1784192149156
333824,1784192149187
334848,1784192149207
335872,1784192149226
336896,1784192149256
337920,1784192149276
338944,1784192149297
339968,1784192149327
340992,1784192149346
342016,1784192149366
343040,1784192149396
344064,1784192149416
345088,1784192149436
346112,1784192149466
347136,1784192149486
348160,1784192149507
349184,1784192149536
350208,1784192149556
351232,1784192149577
352256,1784192149607
353280,1784192149626
354304,1784192149646
355328,1784192149676
356352,1784192149697
357376,1784192149716
358400,1784192149746
359424,1784192149766
360448,1784192149786
361472,1784192149807
362496,1784192149837
363520,1784192149856
364544,1784192149876
365568,1784192149906
366592,1784192149927
367616,1784192149946
368640,1784192149976
369664,1784192149996
370688,1784192150017
371712,1784192150047
372736,1784192150066
373760,1784192150086
374784,1784192150117
375808,1784192150136
376832,1784192150156
377856,1784192150186
378880,1784192150207
379904,1784192150226
380928,1784192150256
381952,1784192150276
382976,1784192150297
384000,1784192150326
385024,1784192150347
386048,1784192150367
387072,1784192150397
388096,1784192150416
389120,1784192150437
390144,1784192150467
391168,1784192150486
392192,1784192150506
393216,1784192150527
394240,1784192150557
395264,1784192150576
396288,1784192150596
397312,1784192150626
398336,1784192150647
399360,1784192150666
400384,1784192150696
401408,1784192150716
402432,1784192150737
403456,1784192150766
404480,1784192150786
405504,1784192150807
406528,1784192150836
407552,1784192150856
408576,1784192150876
409600,1784192150906
410624,1784192150926
411648,1784192150946
412672,1784192150976
413696,1784192150996
414720,1784192151017
415744,1784192151046
416768,1784192151066
417792,1784192151086
418816,1784192151116
419840,1784192151136
420864,1784192151156
421888,1784192151176
422912,1784192151207
423936,1784192151226
424960,1784192151246
425984,1784192151276
427008,1784192151296
428032,1784192151316
429056,1784192151346
430080,1784192151367
431104,1784192151386
432128,1784192151416
433152,1784192151436
434176,1784192151456
435200,1784192151486
436224,1784192151507
437248,1784192151526
438272,1784192151556
439296,1784192151577
440320,1784192151596
441344,1784192151626
442368,1784192151646
443392,1784192151666
444416,1784192151696
445440,1784192151716
446464,1784192151736
447488,1784192151766
448512,1784192151787
449536,1784192151807
450560,1784192151826
451584,1784192151856
452608,1784192151876
453632,1784192151896
454656,1784192151926
455680,1784192151946
456704,1784192151966
457728,1784192151996
458752,1784192152017
459776,1784192152036
460800,1784192152067
461824,1784192152087
462848,1784192152106
463872,1784192152136
464896,1784192152157
465920,1784192152176
466944,1784192152206
467968,1784192152227
468992,1784192152247
470016,1784192152276
471040,1784192152296
472064,1784192152317
473088,1784192152346
474112,1784192152366
475136,1784192152387
476160,1784192152417
477184,1784192152436
478208,1784192152456
479232,1784192152487
480256,1784192152506
481280,1784192152526
482304,1784192152546
483328,1784192152576
484352,1784192152597
485376,1784192152616
486400,1784192152646
487424,1784192152666
488448,1784192152686
489472,1784192152716
490496,1784192152736
491520,1784192152756
492544,1784192152786
493568,1784192152806
494592,1784192152826
495616,1784192152857
496640,1784192152877
497664,1784192152896
498688,1784192152927
499712,1784192152946
500736,1784192152966
501760,1784192152996
502784,1784192153016
503808,1784192153036
504832,1784192153067
505856,1784192153086
506880,1784192153106
507904,1784192153137
508928,1784192153156
509952,1784192153176
510976,1784192153196
512000,1784192153226
513024,1784192153246
514048,1784192153266
515072,1784192153296
516096,1784192153316
517120,1784192153336
518144,1784192153366
519168,1784192153386
520192,1784192153406
521216,1784192153436
522240,1784192153456
523264,1784192153477
524288,1784192153506
525312,1784192153526
526336,1784192153546
527360,1784192153576
528384,1784192153597
529408,1784192153617
530432,1784192153646
531456,1784192153666
532480,1784192153686
533504,1784192153717
534528,1784192153737
535552,1784192153756
536576,1784192153786
537600,1784192153806
538624,1784192153827
539648,1784192153856
540672,1784192153876
541696,1784192153896
542720,1784192153917
543744,1784192153946
544768,1784192153966
545792,1784192153986
546816,1784192154016
547840,1784192154037
548864,1784192154056
549888,1784192154086
550912,1784192154107
551936,1784192154127
552960,1784192154157
553984,1784192154176
555008,1784192154197
556032,1784192154226
557056,1784192154246
558080,1784192154267
559104,1784192154296
560128,1784192154316
561152,1784192154336
562176,1784192154367
563200,1784192154386
564224,1784192154406
565248,1784192154436
566272,1784192154456
567296,1784192154476
568320,1784192154507
569344,1784192154526
570368,1784192154546
571392,1784192154566
572416,1784192154597
573440,1784192154617
574464,1784192154636
575488,1784192154666
576512,1784192154686
577536,1784192154707
578560,1784192154736
579584,1784192154756
580608,1784192154776
581632,1784192154807
582656,1784192154827
583680,1784192154846
584704,1784192154876
585728,1784192154896
586752,1784192154917
587776,1784192154946
588800,1784192154966
589824,1784192154986
590848,1784192155016
591872,1784192155037
592896,1784192155056
593920,1784192155086
594944,1784192155107
595968,1784192155126
596992,1784192155156
598016,1784192155177
599040,1784192155196
600064,1784192155226
601088,1784192155246
602112,1784192155267
603136,1784192155286
604160,1784192155316
605184,1784192155336
606208,1784192155357
607232,1784192155387
608256,1784192155406
609280,1784192155427
610304,1784192155456
611328,1784192155476
612352,1784192155496
613376,1784192155527
614400,1784192155546
615424,1784192155566
616448,1784192155596
617472,1784192155616
618496,1784192155636
619520,1784192155666
620544,1784192155686
621568,1784192155706
622592,1784192155736
623616,1784192155757
624640,1784192155776
625664,1784192155806
626688,1784192155826
627712,1784192155847
628736,1784192155876
629760,1784192155896
630784,1784192155916
631808,1784192155936
632832,1784192155966
633856,1784192155986
634880,1784192156006
635904,1784192156036
636928,1784192156056
637952,1784192156076
638976,1784192156106
640000,1784192156126
641024,1784192156146
642048,1784192156176
643072,1784192156197
644096,1784192156216
645120,1784192156246
646144,1784192156266
647168,1784192156286
648192,1784192156316
649216,1784192156337
650240,1784192156356
651264,1784192156386
652288,1784192156406
653312,1784192156426
654336,1784192156456
655360,1784192156476
656384,1784192156496
657408,1784192156527
658432,1784192156547
659456,1784192156566
660480,1784192156596
661504,1784192156616
662528,1784192156637
663552,1784192156656
664576,1784192156686
665600,1784192156706
666624,1784192156726
667648,1784192156756
668672,1784192156776
669696,1784192156797
670720,1784192156826
671744,1784192156846
672768,1784192156866
673792,1784192156896
674816,1784192156916
675840,1784192156936
676864,1784192156966
677888,1784192156986
678912,1784192157006
679936,1784192157036
680960,1784192157056
681984,1784192157076
683008,1784192157106
684032,1784192157127
685056,1784192157147
686080,1784192157176
687104,1784192157196
688128,1784192157216
689152,1784192157246
690176,1784192157266
691200,1784192157286
692224,1784192157306
693248,1784192157336
694272,1784192157356
695296,1784192157376
696320,1784192157406
697344,1784192157426
698368,1784192157446
699392,1784192157476
700416,1784192157496
701440,1784192157516
702464,1784192157546
703488,1784192157566
704512,1784192157586
705536,1784192157617
706560,1784192157637
707584,1784192157656
708608,1784192157686
709632,1784192157706
710656,1784192157726
711680,1784192157757
712704,1784192157776
713728,1784192157796
714752,1784192157826
715776,1784192157847
716800,1784192157866
717824,1784192157896
718848,1784192157917
719872,1784192157936
720896,1784192157967
721920,1784192157986
722944,1784192158006
723968,1784192158026
724992,1784192158057
726016,1784192158076
727040,1784192158096
728064,1784192158127
729088,1784192158146
730112,1784192158166
731136,1784192158196
732160,1784192158216
733184,1784192158236
734208,1784192158266
735232,1784192158287
736256,1784192158307
737280,1784192158336
738304,1784192158356
739328,1784192158376
740352,1784192158406
741376,1784192158427
742400,1784192158446
743424,1784192158476
744448,1784192158497
745472,1784192158516
746496,1784192158546
747520,1784192158566
748544,1784192158586
749568,1784192158616
750592,1784192158636
751616,1784192158656
752640,1784192158676
753664,1784192158707
754688,1784192158726
755712,1784192158746
756736,1784192158776
757760,1784192158797
758784,1784192158816
759808,1784192158846
760832,1784192158866
761856,1784192158886
762880,1784192158916
763904,1784192158936
764928,1784192158956
765952,1784192158986
766976,1784192159007
768000,1784192159027
769024,1784192159056
770048,1784192159076
771072,1784192159097
772096,1784192159126
773120,1784192159146
774144,1784192159167
775168,1784192159196
776192,1784192159216
777216,1784192159236
778240,1784192159266
779264,1784192159286
780288,1784192159306
781312,1784192159336
782336,1784192159356
783360,1784192159376
784384,1784192159396
785408,1784192159426
786432,1784192159446
787456,1784192159466
788480,1784192159496
789504,1784192159516
790528,1784192159536
791552,1784192159567
792576,1784192159586
793600,1784192159606
794624,1784192159636
795648,1784192159656
796672,1784192159676
797696,1784192159706
798720,1784192159726
799744,1784192159746
800768,1784192159777
801792,1784192159797
802816,1784192159816
803840,1784192159846
804864,1784192159867
805888,1784192159886
806912,1784192159916
807936,1784192159937
808960,1784192159956
809984,1784192159986
811008,1784192160006
812032,1784192160026
813056,1784192160046
814080,1784192160076
815104,1784192160096
816128,1784192160116
817152,1784192160146
818176,1784192160166
819200,1784192160186
820224,1784192160216
821248,1784192160236
822272,1784192160256
823296,1784192160286
824320,1784192160306
825344,1784192160326
826368,1784192160357
827392,1784192160376
828416,1784192160396
829440,1784192160426
830464,1784192160446
831488,1784192160466
832512,1784192160496
833536,1784192160516
834560,1784192160536
835584,1784192160566
836608,1784192160586
837632,1784192160606
838656,1784192160636
839680,1784192160656
840704,1784192160676
841728,1784192160706
842752,1784192160726
843776,1784192160746
844800,1784192160766
845824,1784192160797
846848,1784192160816
847872,1784192160836
848896,1784192160866
849920,1784192160886
850944,1784192160907
851968,1784192160936
852992,1784192160956
854016,1784192160976
855040,1784192161007
856064,1784192161026
857088,1784192161046
858112,1784192161076
859136,1784192161096
860160,1784192161116
861184,1784192161146
862208,1784192161166
863232,1784192161187
864256,1784192161216
865280,1784192161236
866304,1784192161257
867328,1784192161286
868352,1784192161306
869376,1784192161326
870400,1784192161356
871424,1784192161376
872448,1784192161396
873472,1784192161417
874496,1784192161447
875520,1784192161466
876544,1784192161486
877568,1784192161516
878592,1784192161537
879616,1784192161557
880640,1784192161586
881664,1784192161606
882688,1784192161627
883712,1784192161656
884736,1784192161676
885760,1784192161696
886784,1784192161727
887808,1784192161746
888832,1784192161766
889856,1784192161796
890880,1784192161816
891904,1784192161836
892928,1784192161867
893952,1784192161887
894976,1784192161906
896000,1784192161936
897024,1784192161956
898048,1784192161977
899072,1784192162006
900096,1784192162026
901120,1784192162046
902144,1784192162067
903168,1784192162096
904192,1784192162116
905216,1784192162137
906240,1784192162167
907264,1784192162186
908288,1784192162206
909312,1784192162236
910336,1784192162256
911360,1784192162276
912384,1784192162306
913408,1784192162326
914432,1784192162346
915456,1784192162376
916480,1784192162396
917504,1784192162417
918528,1784192162447
919552,1784192162466
920576,1784192162486
921600,1784192162516
922624,1784192162536
923648,1784192162557
924672,1784192162586
925696,1784192162607
926720,1784192162626
927744,1784192162657
928768,1784192162676
929792,1784192162696
930816,1784192162726
931840,1784192162746
932864,1784192162767
933888,1784192162786
934912,1784192162817
935936,1784192162836
936960,1784192162856
937984,1784192162886
939008,1784192162906
940032,1784192162927
941056,1784192162957
942080,1784192162976
943104,1784192162997
944128,1784192163026
945152,1784192163047
946176,1784192163066
947200,1784192163097
948224,1784192163116
949248,1784192163136
950272,1784192163166
951296,1784192163186
952320,1784192163207
953344,1784192163236
954368,1784192163257
955392,1784192163276
956416,1784192163307
957440,1784192163326
958464,1784192163346
959488,1784192163376
960512,1784192163396
961536,1784192163417
962560,1784192163436
963584,1784192163466
964608,1784192163486
965632,1784192163507
966656,1784192163536
967680,1784192163557
968704,1784192163576
969728,1784192163607
970752,1784192163626
971776,1784192163646
972800,1784192163676
973824,1784192163696
974848,1784192163717
975872,1784192163746
976896,1784192163767
977920,1784192163786
978944,1784192163816
979968,1784192163836
980992,1784192163856
982016,1784192163886
983040,1784192163906
984064,1784192163927
985088,1784192163957
986112,1784192163976
987136,1784192163996
988160,1784192164027
989184,1784192164046
990208,1784192164067
991232,1784192164096
992256,1784192164117
993280,1784192164136
994304,1784192164156
995328,1784192164186
996352,1784192164206
997376,1784192164227
998400,1784192164256
999424,1784192164277
1000448,1784192164296
1001472,1784192164327
1002496,1784192164346
1003520,1784192164366
1004544,1784192164396
1005568,1784192164417
1006592,1784192164436
1007616,1784192164467
1008640,1784192164486
1009664,1784192164506
1010688,1784192164536
1011712,1784192164556
1012736,1784192164577
1013760,1784192164606
1014784,1784192164627
1015808,1784192164646
1016832,1784192164677
1017856,1784192164696
1018880,1784192164716
1019904,1784192164746
1020928,1784192164766
1021952,1784192164787
1022976,1784192164806
1024000,1784192164837
1025024,1784192164856
1026048,1784192164877
1027072,1784192164906
1028096,1784192164927
1029120,1784192164946
1030144,1784192164976
1031168,1784192164996
1032192,1784192165017
1033216,1784192165046
1034240,1784192165067
1035264,1784192165086
1036288,1784192165116
1037312,1784192165136
1038336,1784192165157
1039360,1784192165186
1040384,1784192165206
1041408,1784192165226
1042432,1784192165257
1043456,1784192165276
1044480,1784192165296
1045504,1784192165326
1046528,1784192165346
1047552,1784192165367
1048576,1784192165396
1049600,1784192165416
1050624,1784192165437
1051648,1784192165466
1052672,1784192165486
1053696,1784192165506
1054720,1784192165526
1055744,1784192165557
1056768,1784192165576
1057792,1784192165597
1058816,1784192165626
1059840,1784192165646
1060864,1784192165666
1061888,1784192165697
1062912,1784192165716
1063936,1784192165736
1064960,1784192165766
1065984,1784192165786
1067008,1784192165806
1068032,1784192165837
1069056,1784192165856
1070080,1784192165876
1071104,1784192165906
1072128,1784192165927
1073152,1784192165946
1074176,1784192165976
1075200,1784192165996
