FrameID,timestamp_ms
0,1784195908552
1024,1784195908572
2048,1784195908592
3072,1784195908622
4096,1784195908643
5120,1784195908663
6144,1784195908693
7168,1784195908713
8192,1784195908733
9216,1784195908762
10240,1784195908783
11264,1784195908803
12288,1784195908833
13312,1784195908853
14336,1784195908872
15360,1784195908903
16384,1784195908923
17408,1784195908943
18432,1784195908972
19456,1784195908992
20480,1784195909013
21504,1784195909043
22528,1784195909063
23552,1784195909083
24576,1784195909113
25600,1784195909132
26624,1784195909152
27648,1784195909183
28672,1784195909203
29696,1784195909223
30720,1784195909242
31744,1784195909273
32768,1784195909293
33792,1784195909313
34816,1784195909342
35840,1784195909362
36864,1784195909382
37888,1784195909413
38912,1784195909432
39936,1784195909453
40960,1784195909483
41984,1784195909503
43008,1784195909522
44032,1784195909553
45056,1784195909573
46080,1784195909593
47104,1784195909623
48128,1784195909642
49152,1784195909663
50176,1784195909693
51200,1784195909713
52224,1784195909732
53248,1784195909762
54272,1784195909783
55296,1784195909803
56320,1784195909833
57344,1784195909852
58368,1784195909873
59392,1784195909893
60416,1784195909923
61440,1784195909943
62464,1784195909963
63488,1784195909993
64512,1784195910013
65536,1784195910033
66560,1784195910062
67584,1784195910082
68608,1784195910103
69632,1784195910133
70656,1784195910153
71680,1784195910172
72704,1784195910203
73728,1784195910223
74752,1784195910243
75776,1784195910273
76800,1784195910293
77824,1784195910313
78848,1784195910342
79872,1784195910362
80896,1784195910383
81920,1784195910412
82944,1784195910432
83968,1784195910453
84992,1784195910483
86016,1784195910503
87040,1784195910522
88064,1784195910553
89088,1784195910573
90112,1784195910593
91136,1784195910612
92160,1784195910642
93184,1784195910663
94208,1784195910683
95232,1784195910713
96256,1784195910733
97280,1784195910752
98304,1784195910783
99328,1784195910803
100352,1784195910822
101376,1784195910853
102400,1784195910873
103424,1784195910892
104448,1784195910923
105472,1784195910942
106496,1784195910962
107520,1784195910993
108544,1784195911013
109568,1784195911033
110592,1784195911063
111616,1784195911083
112640,1784195911103
113664,1784195911133
114688,1784195911152
115712,1784195911173
116736,1784195911203
117760,1784195911222
118784,1784195911242
119808,1784195911262
120832,1784195911292
121856,1784195911313
122880,1784195911333
123904,1784195911362
124928,1784195911383
125952,1784195911403
126976,1784195911433
128000,1784195911453
129024,1784195911473
130048,1784195911503
131072,1784195911523
132096,1784195911543
133120,1784195911572
134144,1784195911592
135168,1784195911613
136192,1784195911643
137216,1784195911663
138240,1784195911683
139264,1784195911712
140288,1784195911733
141312,1784195911753
142336,1784195911782
143360,1784195911802
144384,1784195911823
145408,1784195911853
146432,1784195911872
147456,1784195911893
148480,1784195911922
149504,1784195911943
150528,1784195911963
151552,1784195911983
152576,1784195912013
153600,1784195912032
154624,1784195912053
155648,1784195912083
156672,1784195912102
157696,1784195912122
158720,1784195912153
159744,1784195912173
160768,1784195912193
161792,1784195912223
162816,1784195912243
163840,1784195912263
164864,1784195912293
165888,1784195912312
166912,1784195912332
167936,1784195912363
168960,1784195912383
169984,1784195912403
171008,1784195912432
172032,1784195912452
173056,1784195912472
174080,1784195912503
175104,1784195912523
176128,1784195912542
177152,1784195912572
178176,1784195912593
179200,1784195912613
180224,1784195912633
181248,1784195912663
182272,1784195912683
183296,1784195912703
184320,1784195912733
185344,1784195912752
186368,1784195912773
187392,1784195912803
188416,1784195912822
189440,1784195912842
190464,1784195912873
191488,1784195912893
192512,1784195912912
193536,1784195912942
194560,1784195912962
195584,1784195912983
196608,1784195913013
197632,1784195913032
198656,1784195913052
199680,1784195913083
200704,1784195913103
201728,1784195913123
202752,1784195913152
203776,1784195913173
204800,1784195913193
205824,1784195913222
206848,1784195913243
207872,1784195913263
208896,1784195913293
209920,1784195913312
210944,1784195913333
211968,1784195913353
212992,1784195913383
214016,1784195913403
215040,1784195913423
216064,1784195913453
217088,1784195913473
218112,1784195913493
219136,1784195913523
220160,1784195913542
221184,1784195913562
222208,1784195913593
223232,1784195913613
224256,1784195913632
225280,1784195913662
226304,1784195913682
227328,1784195913703
228352,1784195913733
229376,1784195913753
230400,1784195913773
231424,1784195913802
232448,1784195913823
233472,1784195913843
234496,1784195913872
235520,1784195913892
236544,1784195913913
237568,1784195913942
238592,1784195913963
239616,1784195913983
240640,1784195914003
241664,1784195914032
242688,1784195914052
243712,1784195914072
244736,1784195914103
245760,1784195914123
246784,1784195914142
247808,1784195914172
248832,1784195914193
249856,1784195914212
250880,1784195914243
251904,1784195914263
252928,1784195914283
253952,1784195914312
254976,1784195914333
256000,1784195914353
257024,1784195914382
258048,1784195914403
259072,1784195914423
260096,1784195914453
261120,1784195914472
262144,1784195914492
263168,1784195914523
264192,1784195914542
265216,1784195914562
266240,1784195914593
267264,1784195914613
268288,1784195914632
269312,1784195914662
270336,1784195914682
271360,1784195914702
272384,1784195914722
273408,1784195914753
274432,1784195914773
275456,1784195914792
276480,1784195914823
277504,1784195914843
278528,1784195914862
279552,1784195914893
280576,1784195914913
281600,1784195914933
282624,1784195914962
283648,1784195914983
284672,1784195915003
285696,1784195915033
286720,1784195915053
287744,1784195915073
288768,1784195915102
289792,1784195915122
290816,1784195915143
291840,1784195915173
292864,1784195915192
293888,1784195915212
294912,1784195915243
295936,1784195915263
296960,1784195915283
297984,1784195915312
299008,1784195915333
300032,1784195915353
301056,1784195915372
302080,1784195915403
303104,1784195915423
304128,1784195915443
305152,1784195915473
306176,1784195915493
307200,1784195915513
308224,1784195915543
309248,1784195915563
310272,1784195915582
311296,1784195915612
312320,1784195915633
313344,1784195915653
314368,1784195915683
315392,1784195915702
316416,1784195915722
317440,1784195915753
318464,1784195915773
319488,1784195915793
320512,1784195915823
321536,1784195915842
322560,1784195915862
323584,1784195915893
324608,1784195915913
325632,1784195915932
326656,1784195915963
327680,1784195915983
328704,1784195916002
329728,1784195916033
330752,1784195916053
331776,1784195916073
332800,1784195916093
333824,1784195916122
334848,1784195916142
335872,1784195916162
336896,1784195916193
337920,1784195916213
338944,1784195916232
339968,1784195916263
340992,1784195916283
342016,1784195916302
343040,1784195916333
344064,1784195916353
345088,1784195916373
346112,1784195916403
347136,1784195916423
348160,1784195916443
349184,1784195916472
350208,1784195916493
351232,1784195916513
352256,1784195916542
353280,1784195916562
354304,1784195916582
355328,1784195916613
356352,1784195916633
357376,1784195916653
358400,1784195916682
359424,1784195916702
360448,1784195916723
361472,1784195916743
362496,1784195916772
363520,1784195916793
364544,1784195916813
365568,1784195916843
366592,1784195916862
367616,1784195916883
368640,1784195916913
369664,1784195916933
370688,1784195916953
371712,1784195916983
372736,1784195917003
373760,1784195917023
374784,1784195917053
375808,1784195917073
376832,1784195917093
377856,1784195917123
378880,1784195917142
379904,1784195917163
380928,1784195917193
381952,1784195917212
382976,1784195917233
384000,1784195917262
385024,1784195917283
386048,1784195917303
387072,1784195917332
388096,1784195917353
389120,1784195917373
390144,1784195917402
391168,1784195917423
392192,1784195917442
393216,1784195917462
394240,1784195917492
395264,1784195917513
396288,1784195917533
397312,1784195917563
398336,1784195917583
399360,1784195917603
400384,1784195917633
401408,1784195917653
402432,1784195917673
403456,1784195917702
404480,1784195917723
405504,1784195917743
406528,1784195917773
407552,1784195917793
408576,1784195917812
409600,1784195917843
410624,1784195917863
411648,1784195917883
412672,1784195917913
413696,1784195917933
414720,1784195917953
415744,1784195917982
416768,1784195918003
417792,1784195918023
418816,1784195918053
419840,1784195918072
420864,1784195918092
421888,1784195918113
422912,1784195918143
423936,1784195918162
424960,1784195918183
425984,1784195918213
427008,1784195918232
428032,1784195918253
429056,1784195918282
430080,1784195918302
431104,1784195918323
432128,1784195918353
433152,1784195918372
434176,1784195918393
435200,1784195918423
436224,1784195918443
437248,1784195918463
438272,1784195918493
439296,1784195918513
440320,1784195918533
441344,1784195918562
442368,1784195918582
443392,1784195918603
444416,1784195918633
445440,1784195918652
446464,1784195918672
447488,1784195918703
448512,1784195918723
449536,1784195918742
450560,1784195918763
451584,1784195918793
452608,1784195918813
453632,1784195918833
454656,1784195918862
455680,1784195918883
456704,1784195918903
457728,1784195918932
458752,1784195918953
459776,1784195918973
460800,1784195919002
461824,1784195919022
462848,1784195919043
463872,1784195919073
464896,1784195919092
465920,1784195919112
466944,1784195919143
467968,1784195919163
468992,1784195919183
470016,1784195919213
471040,1784195919233
472064,1784195919252
473088,1784195919282
474112,1784195919303
475136,1784195919323
476160,1784195919353
477184,1784195919372
478208,1784195919392
479232,1784195919423
480256,1784195919443
481280,1784195919463
482304,1784195919483
483328,1784195919513
484352,1784195919532
485376,1784195919553
486400,1784195919583
487424,1784195919603
488448,1784195919623
489472,1784195919653
490496,1784195919673
491520,1784195919692
492544,1784195919723
493568,1784195919743
494592,1784195919762
495616,1784195919793
496640,1784195919813
497664,1784195919833
498688,1784195919863
499712,1784195919883
500736,1784195919902
501760,1784195919933
502784,1784195919953
503808,1784195919972
504832,1784195920003
505856,1784195920023
506880,1784195920043
507904,1784195920073
508928,1784195920093
509952,1784195920113
510976,1784195920132
512000,1784195920163
513024,1784195920183
514048,1784195920202
515072,1784195920233
516096,1784195920253
517120,1784195920272
518144,1784195920303
519168,1784195920323
520192,1784195920343
521216,1784195920372
522240,1784195920392
523264,1784195920413
524288,1784195920442
525312,1784195920463
526336,1784195920482
527360,1784195920513
528384,1784195920532
529408,1784195920553
530432,1784195920582
531456,1784195920603
532480,1784195920623
533504,1784195920653
534528,1784195920673
535552,1784195920692
536576,1784195920723
537600,1784195920742
538624,1784195920763
539648,1784195920792
540672,1784195920813
541696,1784195920833
542720,1784195920853
543744,1784195920883
544768,1784195920902
545792,1784195920922
546816,1784195920953
547840,1784195920973
548864,1784195920993
549888,1784195921023
550912,1784195921043
551936,1784195921063
552960,1784195921093
553984,1784195921113
555008,1784195921132
556032,1784195921163
557056,1784195921182
558080,1784195921203
559104,1784195921232
560128,1784195921253
561152,1784195921273
562176,1784195921303
563200,1784195921323
564224,1784195921343
565248,1784195921373
566272,1784195921393
567296,1784195921413
568320,1784195921442
569344,1784195921463
570368,1784195921483
571392,1784195921502
572416,1784195921533
573440,1784195921552
574464,1784195921573
575488,1784195921602
576512,1784195921623
577536,1784195921643
578560,1784195921673
579584,1784195921693
580608,1784195921713
581632,1784195921743
582656,1784195921763
583680,1784195921783
584704,1784195921813
585728,1784195921833
586752,1784195921852
587776,1784195921883
588800,1784195921902
589824,1784195921923
590848,1784195921953
591872,1784195921973
592896,1784195921993
593920,1784195922023
594944,1784195922043
595968,1784195922063
596992,1784195922092
598016,1784195922113
599040,1784195922133
600064,1784195922163
601088,1784195922183
602112,1784195922203
603136,1784195922223
604160,1784195922253
605184,1784195922273
606208,1784195922292
607232,1784195922323
608256,1784195922342
609280,1784195922363
610304,1784195922392
611328,1784195922413
612352,1784195922433
613376,1784195922463
614400,1784195922483
615424,1784195922503
616448,1784195922533
617472,1784195922553
618496,1784195922573
619520,1784195922603
620544,1784195922623
621568,1784195922642
622592,1784195922673
623616,1784195922692
624640,1784195922713
625664,1784195922742
626688,1784195922763
627712,1784195922783
628736,1784195922813
629760,1784195922833
630784,1784195922853
631808,1784195922873
632832,1784195922903
633856,1784195922922
634880,1784195922943
635904,1784195922972
636928,1784195922993
637952,1784195923013
638976,1784195923043
640000,1784195923063
641024,1784195923083
642048,1784195923113
643072,1784195923133
644096,1784195923152
645120,1784195923183
646144,1784195923202
647168,1784195923223
648192,1784195923252
649216,1784195923273
650240,1784195923293
651264,1784195923323
652288,1784195923343
653312,1784195923362
654336,1784195923393
655360,1784195923413
656384,1784195923433
657408,1784195923463
658432,1784195923483
659456,1784195923502
660480,1784195923533
661504,1784195923552
662528,1784195923573
663552,1784195923593
664576,1784195923623
665600,1784195923643
666624,1784195923663
667648,1784195923693
668672,1784195923713
669696,1784195923733
670720,1784195923763
671744,1784195923783
672768,1784195923802
673792,1784195923833
674816,1784195923852
675840,1784195923873
676864,1784195923902
677888,1784195923923
678912,1784195923943
679936,1784195923973
680960,1784195923993
681984,1784195924012
683008,1784195924043
684032,1784195924062
685056,1784195924083
686080,1784195924112
687104,1784195924133
688128,1784195924153
689152,1784195924183
690176,1784195924203
691200,1784195924223
692224,1784195924243
693248,1784195924273
694272,1784195924293
695296,1784195924312
696320,1784195924343
697344,1784195924362
698368,1784195924383
699392,1784195924412
700416,1784195924433
701440,1784195924453
702464,1784195924482
703488,1784195924503
704512,1784195924523
705536,1784195924553
706560,1784195924573
707584,1784195924592
708608,1784195924623
709632,1784195924642
710656,1784195924663
711680,1784195924692
712704,1784195924713
713728,1784195924733
714752,1784195924763
715776,1784195924783
716800,1784195924803
717824,1784195924833
718848,1784195924853
719872,1784195924873
720896,1784195924903
721920,1784195924922
722944,1784195924943
723968,1784195924963
724992,1784195924993
726016,1784195925013
727040,1784195925033
728064,1784195925063
729088,1784195925082
730112,1784195925103
731136,1784195925132
732160,1784195925153
733184,1784195925173
734208,1784195925203
735232,1784195925223
736256,1784195925243
737280,1784195925273
738304,1784195925293
739328,1784195925313
740352,1784195925343
741376,1784195925363
742400,1784195925383
743424,1784195925413
744448,1784195925433
745472,1784195925453
746496,1784195925483
747520,1784195925503
748544,1784195925522
749568,1784195925553
750592,1784195925572
751616,1784195925593
752640,1784195925613
753664,1784195925643
754688,1784195925663
755712,1784195925683
756736,1784195925713
757760,1784195925733
758784,1784195925753
759808,1784195925783
760832,1784195925803
761856,1784195925822
762880,1784195925853
763904,1784195925872
764928,1784195925893
765952,1784195925922
766976,1784195925942
768000,1784195925963
769024,1784195925992
770048,1784195926013
771072,1784195926032
772096,1784195926063
773120,1784195926082
774144,1784195926103
775168,1784195926132
776192,1784195926153
777216,1784195926173
778240,1784195926203
779264,1784195926223
780288,1784195926243
781312,1784195926273
782336,1784195926293
783360,1784195926313
784384,1784195926333
785408,1784195926363
786432,1784195926383
787456,1784195926403
788480,1784195926433
789504,1784195926453
790528,1784195926472
791552,1784195926503
792576,1784195926522
793600,1784195926543
794624,1784195926572
795648,1784195926592
796672,1784195926613
797696,1784195926643
798720,1784195926663
799744,1784195926682
800768,1784195926713
801792,1784195926732
802816,1784195926753
803840,1784195926782
804864,1784195926803
805888,1784195926823
806912,1784195926853
807936,1784195926873
808960,1784195926893
809984,1784195926922
811008,1784195926943
812032,1784195926963
813056,1784195926983
814080,1784195927013
815104,1784195927032
816128,1784195927053
817152,1784195927082
818176,1784195927103
819200,1784195927123
820224,1784195927153
821248,1784195927173
822272,1784195927193
823296,1784195927223
824320,1784195927243
825344,1784195927263
826368,1784195927293
827392,1784195927313
828416,1784195927332
829440,1784195927363
830464,1784195927382
831488,1784195927403
832512,1784195927433
833536,1784195927453
834560,1784195927472
835584,1784195927503
836608,1784195927522
837632,1784195927543
838656,1784195927572
839680,1784195927593
840704,1784195927613
841728,1784195927643
842752,1784195927663
843776,1784195927683
844800,1784195927703
845824,1784195927733
846848,1784195927753
847872,1784195927772
848896,1784195927803
849920,1784195927822
850944,1784195927843
851968,1784195927872
852992,1784195927893
854016,1784195927913
855040,1784195927942
856064,1784195927963
857088,1784195927983
858112,1784195928013
859136,1784195928033
860160,1784195928052
861184,1784195928083
862208,1784195928102
863232,1784195928123
864256,1784195928152
865280,1784195928173
866304,1784195928193
867328,1784195928223
868352,1784195928243
869376,1784195928263
870400,1784195928293
871424,1784195928312
872448,1784195928333
873472,1784195928353
874496,1784195928383
875520,1784195928403
876544,1784195928423
877568,1784195928453
878592,1784195928473
879616,1784195928492
880640,1784195928523
881664,1784195928542
882688,1784195928563
883712,1784195928592
884736,1784195928613
885760,1784195928633
886784,1784195928663
887808,1784195928683
888832,1784195928703
889856,1784195928733
890880,1784195928752
891904,1784195928773
892928,1784195928802
893952,1784195928823
894976,1784195928843
896000,1784195928873
897024,1784195928893
898048,1784195928913
899072,1784195928943
900096,1784195928963
901120,1784195928982
902144,1784195929003
903168,1784195929033
904192,1784195929053
905216,1784195929072
906240,1784195929103
907264,1784195929122
908288,1784195929142
909312,1784195929173
910336,1784195929193
911360,1784195929213
912384,1784195929243
913408,1784195929263
914432,1784195929282
915456,1784195929313
916480,1784195929332
917504,1784195929353
918528,1784195929383
919552,1784195929403
920576,1784195929423
921600,1784195929452
922624,1784195929473
923648,1784195929493
924672,1784195929523
925696,1784195929543
926720,1784195929563
927744,1784195929593
928768,1784195929613
929792,1784195929633
930816,1784195929662
931840,1784195929683
932864,1784195929702
933888,1784195929723
934912,1784195929752
935936,1784195929773
936960,1784195929793
937984,1784195929823
939008,1784195929843
940032,1784195929863
941056,1784195929893
942080,1784195929913
943104,1784195929933
944128,1784195929963
945152,1784195929983
946176,1784195930002
947200,1784195930033
948224,1784195930052
949248,1784195930073
950272,1784195930102
951296,1784195930123
952320,1784195930143
953344,1784195930173
954368,1784195930193
955392,1784195930213
956416,1784195930243
957440,1784195930263
958464,1784195930283
959488,1784195930313
960512,1784195930333
961536,1784195930352
962560,1784195930373
963584,1784195930402
964608,1784195930423
965632,1784195930443
966656,1784195930473
967680,1784195930493
968704,1784195930512
969728,1784195930543
970752,1784195930562
971776,1784195930583
972800,1784195930612
973824,1784195930633
974848,1784195930653
975872,1784195930683
976896,1784195930703
977920,1784195930723
978944,1784195930753
979968,1784195930773
980992,1784195930793
982016,1784195930823
983040,1784195930843
984064,1784195930862
985088,1784195930893
986112,1784195930913
987136,1784195930933
988160,1784195930963
989184,1784195930983
990208,1784195931003
991232,1784195931032
992256,1784195931053
993280,1784195931072
994304,1784195931093
995328,1784195931122
996352,1784195931143
997376,1784195931163
998400,1784195931193
999424,1784195931213
1000448,1784195931233
1001472,1784195931263
1002496,1784195931282
1003520,1784195931303
1004544,1784195931333
1005568,1784195931353
1006592,1784195931373
1007616,1784195931403
1008640,1784195931422
1009664,1784195931443
1010688,1784195931472
1011712,1784195931493
1012736,1784195931513
1013760,1784195931543
1014784,1784195931563
1015808,1784195931583
1016832,1784195931613
1017856,1784195931633
1018880,1784195931653
1019904,1784195931683
1020928,1784195931703
1021952,1784195931722
1022976,1784195931743
1024000,1784195931772
1025024,1784195931793
1026048,1784195931813
1027072,1784195931843
1028096,1784195931863
1029120,1784195931883
1030144,1784195931913
1031168,1784195931933
1032192,1784195931953
1033216,1784195931982
1034240,1784195932003
1035264,1784195932023
1036288,1784195932053
1037312,1784195932073
1038336,1784195932093
1039360,1784195932123
1040384,1784195932143
1041408,1784195932163
1042432,1784195932192
1043456,1784195932213
1044480,1784195932232
1045504,1784195932263
1046528,1784195932282
1047552,1784195932303
1048576,1784195932332
1049600,1784195932353
1050624,1784195932373
1051648,1784195932402
1052672,1784195932423
1053696,1784195932443
1054720,1784195932463
1055744,1784195932493
1056768,1784195932513
1057792,1784195932532
1058816,1784195932563
1059840,1784195932583
1060864,1784195932603
1061888,1784195932633
1062912,1784195932652
1063936,1784195932673
1064960,1784195932702
1065984,1784195932723
1067008,1784195932742
1068032,1784195932773
1069056,1784195932792
1070080,1784195932813
1071104,1784195932843
1072128,1784195932863
1073152,1784195932883
1074176,1784195932912
1075200,1784195932933
1076224,1784195932952
1077248,1784195932983
1078272,1784195933002
1079296,1784195933023
1080320,1784195933052
1081344,1784195933073
1082368,1784195933093
1083392,1784195933113
1084416,1784195933143
1085440,1784195933163
1086464,1784195933183
1087488,1784195933213
1088512,1784195933233
1089536,1784195933252
1090560,1784195933283
1091584,1784195933302
1092608,1784195933323
1093632,1784195933353
1094656,1784195933373
1095680,1784195933393
1096704,1784195933423
1097728,1784195933443
1098752,1784195933463
1099776,1784195933493
1100800,1784195933513
1101824,1784195933533
1102848,1784195933562
1103872,1784195933583
1104896,1784195933602
1105920,1784195933633
1106944,1784195933652
1107968,1784195933673
1108992,1784195933702
1110016,1784195933723
1111040,1784195933743
1112064,1784195933773
1113088,1784195933793
1114112,1784195933813
1115136,1784195933833
1116160,1784195933862
1117184,1784195933883
1118208,1784195933902
1119232,1784195933933
1120256,1784195933952
1121280,1784195933973
1122304,1784195934003
1123328,1784195934022
1124352,1784195934043
1125376,1784195934072
1126400,1784195934093
1127424,1784195934112
1128448,1784195934143
1129472,1784195934162
1130496,1784195934183
1131520,1784195934212
1132544,1784195934233
1133568,1784195934253
1134592,1784195934283
1135616,1784195934303
1136640,1784195934322
1137664,1784195934353
1138688,1784195934373
1139712,1784195934393
1140736,1784195934423
1141760,1784195934443
1142784,1784195934462
1143808,1784195934483
1144832,1784195934512
1145856,1784195934533
1146880,1784195934552
1147904,1784195934583
1148928,1784195934602
1149952,1784195934623
1150976,1784195934652
1152000,1784195934673
1153024,1784195934693
1154048,1784195934723
1155072,1784195934743
1156096,1784195934762
1157120,1784195934793
1158144,1784195934813
1159168,1784195934833
1160192,1784195934862
1161216,1784195934883
1162240,1784195934902
1163264,1784195934933
1164288,1784195934953
1165312,1784195934972
1166336,1784195935003
1167360,1784195935022
1168384,1784195935043
1169408,1784195935072
1170432,1784195935093
1171456,1784195935113
1172480,1784195935143
1173504,1784195935163
1174528,1784195935182
1175552,1784195935203
1176576,1784195935232
1177600,1784195935253
1178624,1784195935272
1179648,1784195935303
1180672,1784195935322
1181696,1784195935343
1182720,1784195935372
1183744,1784195935392
1184768,1784195935413
1185792,1784195935443
1186816,1784195935463
1187840,1784195935483
1188864,1784195935513
1189888,1784195935532
1190912,1784195935553
1191936,1784195935582
1192960,1784195935603
1193984,1784195935622
1195008,1784195935653
1196032,1784195935672
1197056,1784195935693
1198080,1784195935722
1199104,1784195935743
1200128,1784195935763
1201152,1784195935792
1202176,1784195935813
1203200,1784195935832
1204224,1784195935853
1205248,1784195935882
1206272,1784195935903
1207296,1784195935922
1208320,1784195935952
1209344,1784195935973
1210368,1784195935993
1211392,1784195936023
1212416,1784195936043
1213440,1784195936062
1214464,1784195936093
1215488,1784195936112
1216512,1784195936133
1217536,1784195936163
1218560,1784195936182
1219584,1784195936203
1220608,1784195936232
1221632,1784195936252
1222656,1784195936272
1223680,1784195936303
1224704,1784195936322
1225728,1784195936343
1226752,1784195936372
1227776,1784195936393
1228800,1784195936412
1229824,1784195936442
1230848,1784195936463
1231872,1784195936482
1232896,1784195936513
1233920,1784195936532
1234944,1784195936552
1235968,1784195936573
1236992,1784195936603
1238016,1784195936622
1239040,1784195936643
1240064,1784195936673
1241088,1784195936692
1242112,1784195936712
1243136,1784195936743
1244160,1784195936762
1245184,1784195936783
1246208,1784195936813
