FrameID,timestamp_ms
0,1784254928880
1024,1784254928900
2048,1784254928931
3072,1784254928950
4096,1784254928971
5120,1784254929000
6144,1784254929020
7168,1784254929040
8192,1784254929061
9216,1784254929090
10240,1784254929111
11264,1784254929131
12288,1784254929160
13312,1784254929180
14336,1784254929201
15360,1784254929230
16384,1784254929251
17408,1784254929270
18432,1784254929301
19456,1784254929321
20480,1784254929340
21504,1784254929370
22528,1784254929391
23552,1784254929410
24576,1784254929440
25600,1784254929460
26624,1784254929481
27648,1784254929511
28672,1784254929530
29696,1784254929550
30720,1784254929580
31744,1784254929601
32768,1784254929621
33792,1784254929650
34816,1784254929670
35840,1784254929691
36864,1784254929711
37888,1784254929741
38912,1784254929761
39936,1784254929780
40960,1784254929810
41984,1784254929831
43008,1784254929851
44032,1784254929880
45056,1784254929900
46080,1784254929920
47104,1784254929951
48128,1784254929971
49152,1784254929991
50176,1784254930020
51200,1784254930040
52224,1784254930060
53248,1784254930091
54272,1784254930111
55296,1784254930131
56320,1784254930160
57344,1784254930181
58368,1784254930201
59392,1784254930230
60416,1784254930250
61440,1784254930271
62464,1784254930301
63488,1784254930320
64512,1784254930340
65536,1784254930361
66560,1784254930390
67584,1784254930411
68608,1784254930430
69632,1784254930461
70656,1784254930481
71680,1784254930501
72704,1784254930530
73728,1784254930551
74752,1784254930571
75776,1784254930600
76800,1784254930620
77824,1784254930641
78848,1784254930670
79872,1784254930690
80896,1784254930710
81920,1784254930741
82944,1784254930760
83968,1784254930781
84992,1784254930810
86016,1784254930830
87040,1784254930851
88064,1784254930881
89088,1784254930900
90112,1784254930920
91136,1784254930951
92160,1784254930971
93184,1784254930990
94208,1784254931020
95232,1784254931041
96256,1784254931061
97280,1784254931081
98304,1784254931110
99328,1784254931130
100352,1784254931150
101376,1784254931180
102400,1784254931200
103424,1784254931221
104448,1784254931250
105472,1784254931271
106496,1784254931290
107520,1784254931320
108544,1784254931341
109568,1784254931361
110592,1784254931390
111616,1784254931410
112640,1784254931430
113664,1784254931461
114688,1784254931480
115712,1784254931500
116736,1784254931531
117760,1784254931550
118784,1784254931570
119808,1784254931601
120832,1784254931621
121856,1784254931641
122880,1784254931671
123904,1784254931690
124928,1784254931711
125952,1784254931731
126976,1784254931761
128000,1784254931781
129024,1784254931800
130048,1784254931830
131072,1784254931851
132096,1784254931871
133120,1784254931901
134144,1784254931920
135168,1784254931940
136192,1784254931970
137216,1784254931991
138240,1784254932010
139264,1784254932041
140288,1784254932060
141312,1784254932080
142336,1784254932110
143360,1784254932130
144384,1784254932151
145408,1784254932181
146432,1784254932200
147456,1784254932220
148480,1784254932251
149504,1784254932271
150528,1784254932290
151552,1784254932321
152576,1784254932340
153600,1784254932360
154624,1784254932391
155648,1784254932410
156672,1784254932430
157696,1784254932450
158720,1784254932481
159744,1784254932500
160768,1784254932520
161792,1784254932551
162816,1784254932570
163840,1784254932590
164864,1784254932621
165888,1784254932640
166912,1784254932661
167936,1784254932691
168960,1784254932710
169984,1784254932730
171008,1784254932760
172032,1784254932780
173056,1784254932800
174080,1784254932831
175104,1784254932851
176128,1784254932870
177152,1784254932900
178176,1784254932920
179200,1784254932941
180224,1784254932970
181248,1784254932991
182272,1784254933011
183296,1784254933040
184320,1784254933060
185344,1784254933080
186368,1784254933101
187392,1784254933131
188416,1784254933150
189440,1784254933170
190464,1784254933201
191488,1784254933221
192512,1784254933241
193536,1784254933271
194560,1784254933291
195584,1784254933310
196608,1784254933340
197632,1784254933360
198656,1784254933380
199680,1784254933411
200704,1784254933430
201728,1784254933450
202752,1784254933481
203776,1784254933501
204800,1784254933521
205824,1784254933550
206848,1784254933570
207872,1784254933591
208896,1784254933621
209920,1784254933640
210944,1784254933660
211968,1784254933690
212992,1784254933711
214016,1784254933731
215040,1784254933761
216064,1784254933780
217088,1784254933800
218112,1784254933821
219136,1784254933851
220160,1784254933871
221184,1784254933891
222208,1784254933920
223232,1784254933940
224256,1784254933960
225280,1784254933991
226304,1784254934010
227328,1784254934031
228352,1784254934061
229376,1784254934080
230400,1784254934100
231424,1784254934131
232448,1784254934150
233472,1784254934170
234496,1784254934201
235520,1784254934221
236544,1784254934241
237568,1784254934270
238592,1784254934290
239616,1784254934311
240640,1784254934340
241664,1784254934361
242688,1784254934381
243712,1784254934410
244736,1784254934430
245760,1784254934450
246784,1784254934470
247808,1784254934501
248832,1784254934520
249856,1784254934540
250880,1784254934571
251904,1784254934591
252928,1784254934610
253952,1784254934641
254976,1784254934661
256000,1784254934680
257024,1784254934710
258048,1784254934730
259072,1784254934751
260096,1784254934781
261120,1784254934800
262144,1784254934820
263168,1784254934850
264192,1784254934870
265216,1784254934891
266240,1784254934920
267264,1784254934940
268288,1784254934960
269312,1784254934991
270336,1784254935010
271360,1784254935031
272384,1784254935061
273408,1784254935081
274432,1784254935101
275456,1784254935130
276480,1784254935150
277504,1784254935170
278528,1784254935191
279552,1784254935221
280576,1784254935241
281600,1784254935260
282624,1784254935290
283648,1784254935311
284672,1784254935331
285696,1784254935361
286720,1784254935381
287744,1784254935401
288768,1784254935431
289792,1784254935450
290816,1784254935471
291840,1784254935501
292864,1784254935521
293888,1784254935540
294912,1784254935570
295936,1784254935590
296960,1784254935611
297984,1784254935640
299008,1784254935660
300032,1784254935681
301056,1784254935711
302080,1784254935730
303104,1784254935750
304128,1784254935781
305152,1784254935800
306176,1784254935820
307200,1784254935841
308224,1784254935871
309248,1784254935890
310272,1784254935911
311296,1784254935941
312320,1784254935960
313344,1784254935980
314368,1784254936010
315392,1784254936030
316416,1784254936051
317440,1784254936080
318464,1784254936100
319488,1784254936120
320512,1784254936150
321536,1784254936171
322560,1784254936190
323584,1784254936220
324608,1784254936241
325632,1784254936260
326656,1784254936290
327680,1784254936310
328704,1784254936331
329728,1784254936361
330752,1784254936381
331776,1784254936401
332800,1784254936430
333824,1784254936450
334848,1784254936470
335872,1784254936501
336896,1784254936521
337920,1784254936541
338944,1784254936560
339968,1784254936590
340992,1784254936610
342016,1784254936630
343040,1784254936661
344064,1784254936681
345088,1784254936701
346112,1784254936730
347136,1784254936750
348160,1784254936771
349184,1784254936800
350208,1784254936820
351232,1784254936840
352256,1784254936871
353280,1784254936891
354304,1784254936911
355328,1784254936940
356352,1784254936960
357376,1784254936980
358400,1784254937010
359424,1784254937030
360448,1784254937051
361472,1784254937081
362496,1784254937100
363520,1784254937121
364544,1784254937150
365568,1784254937171
366592,1784254937191
367616,1784254937211
368640,1784254937240
369664,1784254937260
370688,1784254937281
371712,1784254937311
372736,1784254937330
373760,1784254937350
374784,1784254937381
375808,1784254937400
376832,1784254937420
377856,1784254937451
378880,1784254937470
379904,1784254937491
380928,1784254937521
381952,1784254937540
382976,1784254937560
384000,1784254937590
385024,1784254937611
386048,1784254937631
387072,1784254937660
388096,1784254937680
389120,1784254937700
390144,1784254937731
391168,1784254937750
392192,1784254937771
393216,1784254937801
394240,1784254937820
395264,1784254937841
396288,1784254937870
397312,1784254937891
398336,1784254937910
399360,1784254937931
400384,1784254937960
401408,1784254937980
402432,1784254938000
403456,1784254938031
404480,1784254938051
405504,1784254938071
406528,1784254938100
407552,1784254938121
408576,1784254938141
409600,1784254938170
410624,1784254938190
411648,1784254938210
412672,1784254938241
413696,1784254938260
414720,1784254938281
415744,1784254938310
416768,1784254938330
417792,1784254938350
418816,1784254938381
419840,1784254938401
420864,1784254938420
421888,1784254938450
422912,1784254938471
423936,1784254938490
424960,1784254938520
425984,1784254938540
427008,1784254938561
428032,1784254938581
429056,1784254938610
430080,1784254938630
431104,1784254938650
432128,1784254938680
433152,1784254938701
434176,1784254938720
435200,1784254938751
436224,1784254938770
437248,1784254938790
438272,1784254938820
439296,1784254938840
440320,1784254938861
441344,1784254938890
442368,1784254938910
443392,1784254938930
444416,1784254938960
445440,1784254938981
446464,1784254939001
447488,1784254939030
448512,1784254939050
449536,1784254939070
450560,1784254939101
451584,1784254939121
452608,1784254939140
453632,1784254939170
454656,1784254939191
455680,1784254939210
456704,1784254939240
457728,1784254939260
458752,1784254939280
459776,1784254939300
460800,1784254939331
461824,1784254939350
462848,1784254939370
463872,1784254939400
464896,1784254939421
465920,1784254939441
466944,1784254939470
467968,1784254939490
468992,1784254939510
470016,1784254939541
471040,1784254939560
472064,1784254939580
473088,1784254939611
474112,1784254939631
475136,1784254939651
476160,1784254939681
477184,1784254939700
478208,1784254939720
479232,1784254939750
480256,1784254939771
481280,1784254939791
482304,1784254939821
483328,1784254939841
484352,1784254939861
485376,1784254939891
486400,1784254939910
487424,1784254939930
488448,1784254939950
489472,1784254939980
490496,1784254940000
491520,1784254940021
492544,1784254940051
493568,1784254940070
494592,1784254940091
495616,1784254940121
496640,1784254940140
497664,1784254940160
498688,1784254940190
499712,1784254940211
500736,1784254940231
501760,1784254940261
502784,1784254940281
503808,1784254940301
504832,1784254940330
505856,1784254940350
506880,1784254940371
507904,1784254940401
508928,1784254940420
509952,1784254940440
510976,1784254940470
512000,1784254940490
513024,1784254940511
514048,1784254940541
515072,1784254940560
516096,1784254940580
517120,1784254940600
518144,1784254940631
519168,1784254940650
520192,1784254940670
521216,1784254940700
522240,1784254940721
523264,1784254940740
524288,1784254940770
525312,1784254940790
526336,1784254940810
527360,1784254940841
528384,1784254940860
529408,1784254940880
530432,1784254940911
531456,1784254940931
532480,1784254940950
533504,1784254940980
534528,1784254941000
535552,1784254941020
536576,1784254941051
537600,1784254941071
538624,1784254941090
539648,1784254941120
540672,1784254941140
541696,1784254941160
542720,1784254941191
543744,1784254941211
544768,1784254941230
545792,1784254941261
546816,1784254941280
547840,1784254941300
548864,1784254941320
549888,1784254941351
550912,1784254941370
551936,1784254941390
552960,1784254941420
553984,1784254941441
555008,1784254941460
556032,1784254941490
557056,1784254941510
558080,1784254941531
559104,1784254941560
560128,1784254941580
561152,1784254941600
562176,1784254941630
563200,1784254941651
564224,1784254941670
565248,1784254941700
566272,1784254941720
567296,1784254941741
568320,1784254941770
569344,1784254941791
570368,1784254941811
571392,1784254941840
572416,1784254941860
573440,1784254941880
574464,1784254941911
575488,1784254941931
576512,1784254941950
577536,1784254941970
578560,1784254942000
579584,1784254942020
580608,1784254942040
581632,1784254942071
582656,1784254942091
583680,1784254942110
584704,1784254942140
585728,1784254942160
586752,1784254942181
587776,1784254942211
588800,1784254942230
589824,1784254942250
590848,1784254942281
591872,1784254942300
592896,1784254942320
593920,1784254942351
594944,1784254942371
595968,1784254942390
596992,1784254942420
598016,1784254942441
599040,1784254942460
600064,1784254942490
601088,1784254942511
602112,1784254942531
603136,1784254942560
604160,1784254942581
605184,1784254942601
606208,1784254942630
607232,1784254942650
608256,1784254942671
609280,1784254942690
610304,1784254942720
611328,1784254942740
612352,1784254942761
613376,1784254942790
614400,1784254942810
615424,1784254942830
616448,1784254942861
617472,1784254942880
618496,1784254942901
619520,1784254942931
620544,1784254942951
621568,1784254942970
622592,1784254943000
623616,1784254943020
624640,1784254943040
625664,1784254943070
626688,1784254943090
627712,1784254943111
628736,1784254943141
629760,1784254943160
630784,1784254943180
631808,1784254943210
632832,1784254943231
633856,1784254943251
634880,1784254943280
635904,1784254943300
636928,1784254943320
637952,1784254943341
638976,1784254943371
640000,1784254943390
641024,1784254943410
642048,1784254943441
643072,1784254943461
644096,1784254943480
645120,1784254943510
646144,1784254943530
647168,1784254943551
648192,1784254943580
649216,1784254943600
650240,1784254943621
651264,1784254943651
652288,1784254943670
653312,1784254943690
654336,1784254943720
655360,1784254943740
656384,1784254943761
657408,1784254943790
658432,1784254943810
659456,1784254943830
660480,1784254943861
661504,1784254943880
662528,1784254943900
663552,1784254943930
664576,1784254943951
665600,1784254943971
666624,1784254944000
667648,1784254944020
668672,1784254944040
669696,1784254944061
670720,1784254944090
671744,1784254944110
672768,1784254944130
673792,1784254944160
674816,1784254944180
675840,1784254944200
676864,1784254944230
677888,1784254944250
678912,1784254944270
679936,1784254944300
680960,1784254944321
681984,1784254944340
683008,1784254944370
684032,1784254944391
685056,1784254944410
686080,1784254944441
687104,1784254944461
688128,1784254944480
689152,1784254944511
690176,1784254944531
691200,1784254944550
692224,1784254944580
693248,1784254944600
694272,1784254944621
695296,1784254944651
696320,1784254944671
697344,1784254944691
698368,1784254944710
699392,1784254944740
700416,1784254944760
701440,1784254944781
702464,1784254944810
703488,1784254944830
704512,1784254944851
705536,1784254944880
706560,1784254944900
707584,1784254944921
708608,1784254944950
709632,1784254944970
710656,1784254944991
711680,1784254945021
712704,1784254945040
713728,1784254945060
714752,1784254945091
715776,1784254945111
716800,1784254945131
717824,1784254945160
718848,1784254945180
719872,1784254945200
720896,1784254945230
721920,1784254945250
722944,1784254945270
723968,1784254945301
724992,1784254945320
726016,1784254945340
727040,1784254945371
728064,1784254945391
729088,1784254945410
730112,1784254945430
731136,1784254945460
732160,1784254945480
733184,1784254945500
734208,1784254945531
735232,1784254945551
736256,1784254945571
737280,1784254945600
738304,1784254945620
739328,1784254945640
740352,1784254945671
741376,1784254945690
742400,1784254945710
743424,1784254945740
744448,1784254945760
745472,1784254945780
746496,1784254945811
747520,1784254945831
748544,1784254945850
749568,1784254945880
750592,1784254945900
751616,1784254945921
752640,1784254945950
753664,1784254945970
754688,1784254945990
755712,1784254946020
756736,1784254946041
757760,1784254946061
758784,1784254946080
759808,1784254946110
760832,1784254946130
761856,1784254946150
762880,1784254946180
763904,1784254946201
764928,1784254946220
765952,1784254946250
766976,1784254946270
768000,1784254946290
769024,1784254946321
770048,1784254946341
771072,1784254946360
772096,1784254946390
773120,1784254946411
774144,1784254946431
775168,1784254946460
776192,1784254946481
777216,1784254946501
778240,1784254946530
779264,1784254946550
780288,1784254946571
781312,1784254946601
782336,1784254946620
783360,1784254946640
784384,1784254946671
785408,1784254946691
786432,1784254946710
787456,1784254946741
788480,1784254946760
789504,1784254946781
790528,1784254946801
791552,1784254946830
792576,1784254946850
793600,1784254946870
794624,1784254946901
795648,1784254946921
796672,1784254946941
797696,1784254946970
798720,1784254946990
799744,1784254947011
800768,1784254947040
801792,1784254947061
802816,1784254947081
803840,1784254947110
804864,1784254947130
805888,1784254947150
806912,1784254947181
807936,1784254947200
808960,1784254947220
809984,1784254947250
811008,1784254947270
812032,1784254947291
813056,1784254947321
814080,1784254947340
815104,1784254947360
816128,1784254947390
817152,1784254947411
818176,1784254947431
819200,1784254947450
820224,1784254947481
821248,1784254947501
822272,1784254947520
823296,1784254947550
824320,1784254947571
825344,1784254947590
826368,1784254947621
827392,1784254947641
828416,1784254947661
829440,1784254947690
830464,1784254947710
831488,1784254947731
832512,1784254947760
833536,1784254947780
834560,1784254947800
835584,1784254947831
836608,1784254947850
837632,1784254947870
838656,1784254947901
839680,1784254947921
840704,1784254947940
841728,1784254947970
842752,1784254947990
843776,1784254948010
844800,1784254948041
845824,1784254948060
846848,1784254948080
847872,1784254948110
848896,1784254948131
849920,1784254948151
850944,1784254948170
851968,1784254948200
852992,1784254948220
854016,1784254948241
855040,1784254948270
856064,1784254948290
857088,1784254948311
858112,1784254948340
859136,1784254948361
860160,1784254948380
861184,1784254948411
862208,1784254948430
863232,1784254948451
864256,1784254948481
865280,1784254948501
866304,1784254948520
867328,1784254948550
868352,1784254948570
869376,1784254948590
870400,1784254948621
871424,1784254948641
872448,1784254948661
873472,1784254948690
874496,1784254948710
875520,1784254948731
876544,1784254948760
877568,1784254948781
878592,1784254948801
879616,1784254948820
880640,1784254948850
881664,1784254948870
882688,1784254948891
883712,1784254948920
884736,1784254948940
885760,1784254948960
886784,1784254948990
887808,1784254949011
888832,1784254949030
889856,1784254949060
890880,1784254949080
891904,1784254949100
892928,1784254949131
893952,1784254949150
894976,1784254949170
896000,1784254949201
897024,1784254949220
898048,1784254949240
899072,1784254949271
900096,1784254949291
901120,1784254949311
902144,1784254949340
903168,1784254949360
904192,1784254949381
905216,1784254949410
906240,1784254949430
907264,1784254949450
908288,1784254949481
909312,1784254949500
910336,1784254949520
911360,1784254949540
912384,1784254949571
913408,1784254949590
914432,1784254949610
915456,1784254949640
916480,1784254949660
917504,1784254949680
918528,1784254949711
919552,1784254949730
920576,1784254949750
921600,1784254949781
922624,1784254949800
923648,1784254949820
924672,1784254949850
925696,1784254949871
926720,1784254949891
927744,1784254949920
928768,1784254949940
929792,1784254949960
930816,1784254949991
931840,1784254950010
932864,1784254950030
933888,1784254950060
934912,1784254950080
935936,1784254950100
936960,1784254950131
937984,1784254950150
939008,1784254950170
940032,1784254950190
941056,1784254950221
942080,1784254950240
943104,1784254950260
944128,1784254950290
945152,1784254950311
946176,1784254950330
947200,1784254950360
948224,1784254950381
949248,1784254950401
950272,1784254950430
951296,1784254950450
952320,1784254950470
953344,1784254950500
954368,1784254950520
955392,1784254950541
956416,1784254950571
957440,1784254950590
958464,1784254950610
959488,1784254950641
960512,1784254950660
961536,1784254950680
962560,1784254950710
963584,1784254950731
964608,1784254950751
965632,1784254950780
966656,1784254950801
967680,1784254950820
968704,1784254950840
969728,1784254950870
970752,1784254950890
971776,1784254950911
972800,1784254950940
973824,1784254950960
974848,1784254950980
975872,1784254951011
976896,1784254951030
977920,1784254951050
978944,1784254951080
979968,1784254951101
980992,1784254951121
982016,1784254951150
983040,1784254951170
984064,1784254951191
985088,1784254951221
986112,1784254951241
987136,1784254951260
988160,1784254951291
989184,1784254951310
990208,1784254951330
991232,1784254951360
992256,1784254951380
993280,1784254951400
994304,1784254951430
995328,1784254951450
996352,1784254951471
997376,1784254951500
998400,1784254951520
999424,1784254951541
1000448,1784254951561
1001472,1784254951590
1002496,1784254951610
1003520,1784254951630
1004544,1784254951660
1005568,1784254951681
1006592,1784254951700
1007616,1784254951730
1008640,1784254951750
1009664,1784254951770
1010688,1784254951800
1011712,1784254951821
1012736,1784254951840
1013760,1784254951870
1014784,1784254951891
1015808,1784254951910
1016832,1784254951940
1017856,1784254951960
1018880,1784254951981
1019904,1784254952011
1020928,1784254952030
1021952,1784254952050
1022976,1784254952081
1024000,1784254952100
1025024,1784254952120
1026048,1784254952151
1027072,1784254952171
1028096,1784254952190
1029120,1784254952210
1030144,1784254952241
1031168,1784254952260
1032192,1784254952280
1033216,1784254952311
1034240,1784254952331
1035264,1784254952350
1036288,1784254952380
1037312,1784254952401
1038336,1784254952420
1039360,1784254952450
1040384,1784254952471
1041408,1784254952491
1042432,1784254952520
1043456,1784254952540
1044480,1784254952560
1045504,1784254952590
1046528,1784254952610
1047552,1784254952630
1048576,1784254952661
1049600,1784254952680
1050624,1784254952700
1051648,1784254952730
1052672,1784254952750
1053696,1784254952770
1054720,1784254952800
1055744,1784254952820
1056768,1784254952840
1057792,1784254952871
1058816,1784254952891
1059840,1784254952910
1060864,1784254952930
1061888,1784254952960
1062912,1784254952981
1063936,1784254953001
1064960,1784254953030
1065984,1784254953050
1067008,1784254953070
1068032,1784254953101
1069056,1784254953120
1070080,1784254953140
1071104,1784254953170
1072128,1784254953191
1073152,1784254953210
1074176,1784254953240
1075200,1784254953260
1076224,1784254953281
1077248,1784254953310
1078272,1784254953330
1079296,1784254953350
1080320,1784254953380
1081344,1784254953400
1082368,1784254953420
1083392,1784254953450
1084416,1784254953471
1085440,1784254953490
1086464,1784254953520
1087488,1784254953541
1088512,1784254953561
1089536,1784254953580
1090560,1784254953610
1091584,1784254953630
1092608,1784254953651
1093632,1784254953680
1094656,1784254953700
1095680,1784254953720
1096704,1784254953751
1097728,1784254953770
1098752,1784254953790
1099776,1784254953821
1100800,1784254953841
1101824,1784254953860
1102848,1784254953890
1103872,1784254953910
1104896,1784254953931
1105920,1784254953960
1106944,1784254953980
1107968,1784254954000
1108992,1784254954030
1110016,1784254954050
1111040,1784254954070
1112064,1784254954101
1113088,1784254954120
1114112,1784254954141
1115136,1784254954170
1116160,1784254954191
1117184,1784254954211
1118208,1784254954240
1119232,1784254954260
1120256,1784254954280
1121280,1784254954301
1122304,1784254954330
1123328,1784254954350
1124352,1784254954370
1125376,1784254954401
1126400,1784254954420
1127424,1784254954440
1128448,1784254954470
1129472,1784254954491
1130496,1784254954510
1131520,1784254954540
1132544,1784254954560
1133568,1784254954580
1134592,1784254954611
1135616,1784254954631
1136640,1784254954651
1137664,1784254954680
1138688,1784254954700
1139712,1784254954720
1140736,1784254954751
1141760,1784254954770
1142784,1784254954791
1143808,1784254954820
1144832,1784254954841
1145856,1784254954861
1146880,1784254954891
1147904,1784254954911
1148928,1784254954931
1149952,1784254954950
1150976,1784254954980
1152000,1784254955000
1153024,1784254955020
1154048,1784254955050
1155072,1784254955070
1156096,1784254955090
1157120,1784254955120
1158144,1784254955140
1159168,1784254955161
1160192,1784254955190
1161216,1784254955210
1162240,1784254955231
1163264,1784254955260
1164288,1784254955280
1165312,1784254955300
1166336,1784254955330
1167360,1784254955350
1168384,1784254955370
1169408,1784254955400
1170432,1784254955420
1171456,1784254955440
1172480,1784254955471
1173504,1784254955490
1174528,1784254955510
1175552,1784254955540
1176576,1784254955561
1177600,1784254955580
1178624,1784254955611
1179648,1784254955631
1180672,1784254955650
1181696,1784254955670
1182720,1784254955701
1183744,1784254955720
1184768,1784254955740
1185792,1784254955770
1186816,1784254955790
1187840,1784254955811
1188864,1784254955840
1189888,1784254955860
1190912,1784254955880
1191936,1784254955910
1192960,1784254955930
1193984,1784254955950
1195008,1784254955980
1196032,1784254956000
1197056,1784254956020
1198080,1784254956050
1199104,1784254956070
1200128,1784254956091
1201152,1784254956120
1202176,1784254956140
1203200,1784254956160
1204224,1784254956190
1205248,1784254956210
1206272,1784254956231
1207296,1784254956261
1208320,1784254956280
1209344,1784254956300
1210368,1784254956320
1211392,1784254956350
1212416,1784254956371
1213440,1784254956390
1214464,1784254956420
1215488,1784254956440
1216512,1784254956461
1217536,1784254956490
1218560,1784254956510
1219584,1784254956531
1220608,1784254956560
1221632,1784254956580
1222656,1784254956600
1223680,1784254956630
1224704,1784254956650
1225728,1784254956671
1226752,1784254956700
1227776,1784254956720
1228800,1784254956740
1229824,1784254956770
1230848,1784254956790
1231872,1784254956810
1232896,1784254956841
1233920,1784254956860
1234944,1784254956880
1235968,1784254956911
1236992,1784254956931
1238016,1784254956951
1239040,1784254956980
1240064,1784254957001
1241088,1784254957020
1242112,1784254957040
1243136,1784254957070
1244160,1784254957090
1245184,1784254957111
1246208,1784254957140
1247232,1784254957160
1248256,1784254957180
1249280,1784254957211
1250304,1784254957231
1251328,1784254957250
1252352,1784254957281
1253376,1784254957300
1254400,1784254957320
1255424,1784254957350
1256448,1784254957370
1257472,1784254957391
1258496,1784254957420
1259520,1784254957440
1260544,1784254957460
1261568,1784254957490
1262592,1784254957510
1263616,1784254957530
1264640,1784254957560
1265664,1784254957581
1266688,1784254957600
1267712,1784254957630
1268736,1784254957650
1269760,1784254957671
1270784,1784254957690
1271808,1784254957720
1272832,1784254957740
1273856,1784254957760
1274880,1784254957790
1275904,1784254957810
1276928,1784254957830
1277952,1784254957860
1278976,1784254957881
1280000,1784254957900
1281024,1784254957931
1282048,1784254957950
1283072,1784254957970
1284096,1784254958000
1285120,1784254958020
1286144,1784254958041
1287168,1784254958070
1288192,1784254958091
1289216,1784254958110
1290240,1784254958141
1291264,1784254958160
1292288,1784254958180
1293312,1784254958210
1294336,1784254958230
1295360,1784254958250
1296384,1784254958281
1297408,1784254958300
1298432,1784254958320
1299456,1784254958351
1300480,1784254958370
1301504,1784254958391
1302528,1784254958410
1303552,1784254958440
1304576,1784254958460
1305600,1784254958480
1306624,1784254958510
1307648,1784254958530
1308672,1784254958551
1309696,1784254958580
1310720,1784254958601
1311744,1784254958620
1312768,1784254958651
1313792,1784254958670
1314816,1784254958690
1315840,1784254958720
1316864,1784254958740
1317888,1784254958760
1318912,1784254958791
1319936,1784254958810
1320960,1784254958830
1321984,1784254958861
1323008,1784254958880
1324032,1784254958901
1325056,1784254958930
1326080,1784254958951
1327104,1784254958970
1328128,1784254959001
1329152,1784254959020
1330176,1784254959040
1331200,1784254959061
1332224,1784254959090
1333248,1784254959111
1334272,1784254959130
1335296,1784254959161
1336320,1784254959180
1337344,1784254959200
1338368,1784254959230
1339392,1784254959250
1340416,1784254959270
1341440,1784254959300
1342464,1784254959320
1343488,1784254959341
1344512,1784254959370
1345536,1784254959391
1346560,1784254959410
1347584,1784254959441
1348608,1784254959460
1349632,1784254959481
1350656,1784254959510
1351680,1784254959531
1352704,1784254959550
1353728,1784254959581
1354752,1784254959600
1355776,1784254959620
1356800,1784254959650
1357824,1784254959670
1358848,1784254959691
1359872,1784254959720
1360896,1784254959741
1361920,1784254959760
1362944,1784254959780
1363968,1784254959811
1364992,1784254959830
1366016,1784254959851
1367040,1784254959880
1368064,1784254959901
1369088,1784254959920
1370112,1784254959950
1371136,1784254959970
1372160,1784254959990
1373184,1784254960020
1374208,1784254960040
1375232,1784254960061
1376256,1784254960090
1377280,1784254960111
1378304,1784254960130
1379328,1784254960161
1380352,1784254960180
1381376,1784254960201
1382400,1784254960230
1383424,1784254960250
1384448,1784254960270
1385472,1784254960300
1386496,1784254960320
1387520,1784254960341
1388544,1784254960370
1389568,1784254960391
1390592,1784254960410
1391616,1784254960431
1392640,1784254960460
1393664,1784254960480
1394688,1784254960501
1395712,1784254960530
1396736,1784254960551
1397760,1784254960570
1398784,1784254960601
1399808,1784254960620
1400832,1784254960641
1401856,1784254960670
1402880,1784254960691
1403904,1784254960710
1404928,1784254960740
1405952,1784254960760
1406976,1784254960780
1408000,1784254960810
1409024,1784254960831
1410048,1784254960850
1411072,1784254960880
1412096,1784254960900
1413120,1784254960920
1414144,1784254960950
1415168,1784254960970
1416192,1784254960991
1417216,1784254961020
1418240,1784254961041
1419264,1784254961060
1420288,1784254961081
1421312,1784254961110
1422336,1784254961130
1423360,1784254961151
1424384,1784254961180
1425408,1784254961201
1426432,1784254961220
1427456,1784254961251
1428480,1784254961270
1429504,1784254961290
1430528,1784254961320
1431552,1784254961340
1432576,1784254961361
1433600,1784254961390
1434624,1784254961411
1435648,1784254961430
1436672,1784254961461
1437696,1784254961480
1438720,1784254961500
1439744,1784254961530
1440768,1784254961550
1441792,1784254961571
1442816,1784254961600
1443840,1784254961621
1444864,1784254961640
1445888,1784254961671
1446912,1784254961690
1447936,1784254961711
1448960,1784254961740
1449984,1784254961761
1451008,1784254961780
1452032,1784254961800
1453056,1784254961830
1454080,1784254961850
1455104,1784254961871
1456128,1784254961900
1457152,1784254961921
1458176,1784254961940
1459200,1784254961971
1460224,1784254961990
1461248,1784254962010
1462272,1784254962040
1463296,1784254962060
1464320,1784254962081
1465344,1784254962110
1466368,1784254962131
1467392,1784254962150
1468416,1784254962181
1469440,1784254962200
1470464,1784254962220
1471488,1784254962250
1472512,1784254962271
1473536,1784254962290
1474560,1784254962321
1475584,1784254962340
1476608,1784254962361
1477632,1784254962390
1478656,1784254962410
1479680,1784254962431
1480704,1784254962450
1481728,1784254962481
1482752,1784254962500
1483776,1784254962520
1484800,1784254962550
1485824,1784254962570
1486848,1784254962591
1487872,1784254962620
1488896,1784254962641
1489920,1784254962660
1490944,1784254962691
1491968,1784254962710
1492992,1784254962731
1494016,1784254962760
1495040,1784254962781
1496064,1784254962800
1497088,1784254962831
1498112,1784254962850
1499136,1784254962871
1500160,1784254962900
1501184,1784254962920
1502208,1784254962940
1503232,1784254962971
1504256,1784254962991
1505280,1784254963010
1506304,1784254963041
1507328,1784254963060
1508352,1784254963080
1509376,1784254963110
1510400,1784254963131
1511424,1784254963150
1512448,1784254963170
1513472,1784254963201
1514496,1784254963220
1515520,1784254963241
1516544,1784254963270
1517568,1784254963291
1518592,1784254963310
1519616,1784254963341
1520640,1784254963360
1521664,1784254963380
1522688,1784254963410
1523712,1784254963430
1524736,1784254963451
1525760,1784254963480
1526784,1784254963501
1527808,1784254963520
1528832,1784254963551
1529856,1784254963570
1530880,1784254963590
1531904,1784254963620
1532928,1784254963640
1533952,1784254963661
1534976,1784254963690
1536000,1784254963711
1537024,1784254963730
1538048,1784254963760
1539072,1784254963780
1540096,1784254963800
1541120,1784254963821
1542144,1784254963850
1543168,1784254963871
1544192,1784254963890
1545216,1784254963921
1546240,1784254963940
1547264,1784254963961
1548288,1784254963990
1549312,1784254964011
1550336,1784254964031
1551360,1784254964060
1552384,1784254964081
1553408,1784254964100
1554432,1784254964131
1555456,1784254964150
1556480,1784254964170
1557504,1784254964200
1558528,1784254964220
1559552,1784254964241
1560576,1784254964271
1561600,1784254964290
1562624,1784254964311
1563648,1784254964340
1564672,1784254964360
1565696,1784254964380
1566720,1784254964410
1567744,1784254964430
1568768,1784254964450
1569792,1784254964480
1570816,1784254964500
1571840,1784254964521
1572864,1784254964540
1573888,1784254964571
1574912,1784254964590
1575936,1784254964611
1576960,1784254964640
1577984,1784254964661
1579008,1784254964680
1580032,1784254964711
1581056,1784254964730
1582080,1784254964750
1583104,1784254964781
1584128,1784254964800
1585152,1784254964820
1586176,1784254964850
1587200,1784254964870
1588224,1784254964891
1589248,1784254964920
1590272,1784254964941
1591296,1784254964960
1592320,1784254964991
1593344,1784254965010
1594368,1784254965030
1595392,1784254965060
1596416,1784254965080
1597440,1784254965101
1598464,1784254965130
1599488,1784254965151
1600512,1784254965170
1601536,1784254965191
1602560,1784254965220
1603584,1784254965241
1604608,1784254965260
1605632,1784254965290
1606656,1784254965310
1607680,1784254965331
1608704,1784254965360
1609728,1784254965381
1610752,1784254965400
1611776,1784254965431
1612800,1784254965450
1613824,1784254965471
1614848,1784254965500
1615872,1784254965521
1616896,1784254965540
1617920,1784254965571
1618944,1784254965590
1619968,1784254965610
1620992,1784254965641
1622016,1784254965660
1623040,1784254965681
1624064,1784254965710
1625088,1784254965731
1626112,1784254965751
1627136,1784254965780
1628160,1784254965801
1629184,1784254965820
1630208,1784254965851
1631232,1784254965870
1632256,1784254965890
1633280,1784254965911
1634304,1784254965940
1635328,1784254965961
1636352,1784254965980
1637376,1784254966011
1638400,1784254966030
1639424,1784254966051
1640448,1784254966080
1641472,1784254966101
1642496,1784254966120
1643520,1784254966151
1644544,1784254966170
1645568,1784254966190
1646592,1784254966220
1647616,1784254966240
1648640,1784254966261
1649664,1784254966290
1650688,1784254966311
1651712,1784254966330
1652736,1784254966361
1653760,1784254966380
1654784,1784254966400
1655808,1784254966430
1656832,1784254966450
1657856,1784254966471
1658880,1784254966500
1659904,1784254966521
1660928,1784254966540
1661952,1784254966561
1662976,1784254966590
1664000,1784254966611
1665024,1784254966630
1666048,1784254966660
1667072,1784254966680
1668096,1784254966701
1669120,1784254966730
1670144,1784254966751
1671168,1784254966770
1672192,1784254966800
1673216,1784254966820
1674240,1784254966840
1675264,1784254966870
1676288,1784254966890
1677312,1784254966911
1678336,1784254966940
1679360,1784254966961
1680384,1784254966980
1681408,1784254967011
1682432,1784254967030
1683456,1784254967051
1684480,1784254967080
1685504,1784254967100
1686528,1784254967120
1687552,1784254967150
1688576,1784254967170
1689600,1784254967190
1690624,1784254967220
1691648,1784254967240
1692672,1784254967261
1693696,1784254967280
1694720,1784254967311
1695744,1784254967330
1696768,1784254967350
1697792,1784254967380
1698816,1784254967400
1699840,1784254967421
1700864,1784254967450
1701888,1784254967471
1702912,1784254967490
1703936,1784254967521
1704960,1784254967540
1705984,1784254967561
1707008,1784254967590
1708032,1784254967611
1709056,1784254967630
1710080,1784254967661
1711104,1784254967680
1712128,1784254967700
1713152,1784254967730
1714176,1784254967750
1715200,1784254967770
1716224,1784254967800
1717248,1784254967820
1718272,1784254967841
1719296,1784254967870
1720320,1784254967891
1721344,1784254967910
1722368,1784254967931
1723392,1784254967960
1724416,1784254967980
1725440,1784254968001
1726464,1784254968030
1727488,1784254968051
1728512,1784254968070
1729536,1784254968101
1730560,1784254968120
1731584,1784254968141
1732608,1784254968170
1733632,1784254968191
1734656,1784254968210
1735680,1784254968241
1736704,1784254968261
1737728,1784254968280
1738752,1784254968311
1739776,1784254968330
1740800,1784254968350
1741824,1784254968380
1742848,1784254968400
1743872,1784254968421
1744896,1784254968450
1745920,1784254968471
1746944,1784254968490
1747968,1784254968521
1748992,1784254968540
1750016,1784254968560
1751040,1784254968590
1752064,1784254968610
1753088,1784254968631
1754112,1784254968650
1755136,1784254968681
1756160,1784254968700
1757184,1784254968721
1758208,1784254968750
1759232,1784254968771
1760256,1784254968790
1761280,1784254968821
1762304,1784254968840
1763328,1784254968861
1764352,1784254968890
1765376,1784254968911
1766400,1784254968931
1767424,1784254968960
1768448,1784254968981
1769472,1784254969000
1770496,1784254969031
1771520,1784254969050
1772544,1784254969071
1773568,1784254969100
1774592,1784254969121
1775616,1784254969140
1776640,1784254969171
1777664,1784254969190
1778688,1784254969210
1779712,1784254969240
1780736,1784254969260
1781760,1784254969280
1782784,1784254969301
1783808,1784254969330
1784832,1784254969351
1785856,1784254969370
1786880,1784254969401
1787904,1784254969420
1788928,1784254969440
1789952,1784254969470
1790976,1784254969490
1792000,1784254969511
1793024,1784254969540
1794048,1784254969561
1795072,1784254969580
1796096,1784254969611
1797120,1784254969630
1798144,1784254969651
1799168,1784254969680
1800192,1784254969701
1801216,1784254969720
1802240,1784254969751
1803264,1784254969771
1804288,1784254969791
1805312,1784254969820
1806336,1784254969841
1807360,1784254969860
1808384,1784254969891
1809408,1784254969910
1810432,1784254969930
1811456,1784254969960
1812480,1784254969981
1813504,1784254970000
1814528,1784254970020
1815552,1784254970050
1816576,1784254970070
1817600,1784254970091
1818624,1784254970120
1819648,1784254970141
1820672,1784254970160
1821696,1784254970191
1822720,1784254970210
1823744,1784254970231
1824768,1784254970261
1825792,1784254970280
1826816,1784254970300
1827840,1784254970330
1828864,1784254970350
1829888,1784254970371
1830912,1784254970400
1831936,1784254970421
1832960,1784254970440
1833984,1784254970470
1835008,1784254970490
1836032,1784254970510
1837056,1784254970540
1838080,1784254970560
1839104,1784254970581
1840128,1784254970610
1841152,1784254970631
1842176,1784254970650
1843200,1784254970671
1844224,1784254970700
1845248,1784254970721
1846272,1784254970740
1847296,1784254970770
1848320,1784254970790
1849344,1784254970811
1850368,1784254970840
1851392,1784254970861
1852416,1784254970880
1853440,1784254970911
1854464,1784254970930
1855488,1784254970951
1856512,1784254970980
1857536,1784254971000
1858560,1784254971020
1859584,1784254971050
1860608,1784254971071
1861632,1784254971090
1862656,1784254971121
1863680,1784254971140
1864704,1784254971161
1865728,1784254971190
1866752,1784254971211
1867776,1784254971230
1868800,1784254971261
1869824,1784254971280
1870848,1784254971301
1871872,1784254971320
1872896,1784254971351
1873920,1784254971370
1874944,1784254971390
1875968,1784254971420
1876992,1784254971440
1878016,1784254971461
1879040,1784254971490
1880064,1784254971511
1881088,1784254971530
1882112,1784254971561
1883136,1784254971580
1884160,1784254971601
1885184,1784254971630
1886208,1784254971651
1887232,1784254971670
1888256,1784254971700
1889280,1784254971721
1890304,1784254971740
1891328,1784254971771
1892352,1784254971790
1893376,1784254971810
1894400,1784254971840
1895424,1784254971860
1896448,1784254971881
1897472,1784254971910
1898496,1784254971931
1899520,1784254971950
1900544,1784254971980
1901568,1784254972001
1902592,1784254972020
1903616,1784254972040
1904640,1784254972070
1905664,1784254972091
1906688,1784254972110
1907712,1784254972141
1908736,1784254972160
1909760,1784254972180
1910784,1784254972210
1911808,1784254972230
1912832,1784254972251
1913856,1784254972280
1914880,1784254972301
1915904,1784254972320
1916928,1784254972351
1917952,1784254972370
1918976,1784254972391
1920000,1784254972420
1921024,1784254972441
1922048,1784254972460
1923072,1784254972491
1924096,1784254972510
1925120,1784254972530
1926144,1784254972560
1927168,1784254972580
1928192,1784254972601
1929216,1784254972630
1930240,1784254972651
1931264,1784254972670
1932288,1784254972691
1933312,1784254972720
1934336,1784254972741
1935360,1784254972761
1936384,1784254972790
1937408,1784254972810
1938432,1784254972830
1939456,1784254972861
1940480,1784254972880
1941504,1784254972900
1942528,1784254972930
1943552,1784254972950
1944576,1784254972971
1945600,1784254973000
1946624,1784254973021
1947648,1784254973040
1948672,1784254973070
1949696,1784254973091
1950720,1784254973110
1951744,1784254973141
1952768,1784254973160
1953792,1784254973181
1954816,1784254973210
1955840,1784254973231
1956864,1784254973250
1957888,1784254973280
1958912,1784254973300
1959936,1784254973321
1960960,1784254973350
1961984,1784254973371
1963008,1784254973390
1964032,1784254973410
1965056,1784254973440
1966080,1784254973461
1967104,1784254973480
1968128,1784254973511
1969152,1784254973530
1970176,1784254973550
1971200,1784254973581
1972224,1784254973600
1973248,1784254973621
1974272,1784254973650
1975296,1784254973671
1976320,1784254973690
1977344,1784254973721
1978368,1784254973740
1979392,1784254973760
1980416,1784254973790
1981440,1784254973810
1982464,1784254973830
1983488,1784254973861
1984512,1784254973880
1985536,1784254973900
1986560,1784254973930
1987584,1784254973950
1988608,1784254973971
1989632,1784254974000
1990656,1784254974021
1991680,1784254974040
1992704,1784254974061
1993728,1784254974090
1994752,1784254974111
1995776,1784254974130
1996800,1784254974160
1997824,1784254974180
1998848,1784254974200
1999872,1784254974230
2000896,1784254974250
2001920,1784254974271
2002944,1784254974300
2003968,1784254974321
2004992,1784254974340
2006016,1784254974371
2007040,1784254974390
2008064,1784254974410
2009088,1784254974440
2010112,1784254974460
2011136,1784254974481
2012160,1784254974510
2013184,1784254974531
2014208,1784254974550
2015232,1784254974581
2016256,1784254974600
2017280,1784254974621
2018304,1784254974650
2019328,1784254974671
2020352,1784254974690
2021376,1784254974721
2022400,1784254974740
2023424,1784254974760
2024448,1784254974781
2025472,1784254974810
2026496,1784254974831
2027520,1784254974850
2028544,1784254974881
2029568,1784254974900
2030592,1784254974920
2031616,1784254974950
2032640,1784254974970
2033664,1784254974991
2034688,1784254975020
2035712,1784254975041
2036736,1784254975060
2037760,1784254975091
2038784,1784254975110
2039808,1784254975131
2040832,1784254975160
2041856,1784254975181
2042880,1784254975200
2043904,1784254975231
2044928,1784254975250
2045952,1784254975271
2046976,1784254975300
2048000,1784254975321
2049024,1784254975340
2050048,1784254975371
2051072,1784254975390
2052096,1784254975410
2053120,1784254975431
2054144,1784254975460
2055168,1784254975480
2056192,1784254975501
2057216,1784254975530
2058240,1784254975551
2059264,1784254975570
2060288,1784254975601
2061312,1784254975620
2062336,1784254975641
2063360,1784254975670
2064384,1784254975691
2065408,1784254975710
2066432,1784254975741
2067456,1784254975760
2068480,1784254975780
2069504,1784254975810
2070528,1784254975831
2071552,1784254975850
2072576,1784254975881
2073600,1784254975900
2074624,1784254975921
2075648,1784254975950
2076672,1784254975971
2077696,1784254975990
2078720,1784254976020
2079744,1784254976041
2080768,1784254976060
2081792,1784254976091
2082816,1784254976110
2083840,1784254976131
2084864,1784254976150
2085888,1784254976181
2086912,1784254976200
2087936,1784254976220
2088960,1784254976250
2089984,1784254976271
2091008,1784254976290
2092032,1784254976321
2093056,1784254976340
2094080,1784254976360
2095104,1784254976391
2096128,1784254976410
2097152,1784254976431
2098176,1784254976460
2099200,1784254976481
2100224,1784254976501
2101248,1784254976530
2102272,1784254976551
2103296,1784254976570
2104320,1784254976601
2105344,1784254976620
2106368,1784254976641
2107392,1784254976670
2108416,1784254976691
2109440,1784254976710
2110464,1784254976741
2111488,1784254976760
2112512,1784254976781
2113536,1784254976800
2114560,1784254976830
2115584,1784254976850
2116608,1784254976870
2117632,1784254976900
2118656,1784254976920
2119680,1784254976941
2120704,1784254976970
2121728,1784254976990
2122752,1784254977010
2123776,1784254977040
2124800,1784254977060
2125824,1784254977080
2126848,1784254977110
2127872,1784254977130
2128896,1784254977150
2129920,1784254977180
2130944,1784254977200
2131968,1784254977221
2132992,1784254977250
2134016,1784254977270
2135040,1784254977290
2136064,1784254977320
2137088,1784254977340
2138112,1784254977360
2139136,1784254977390
2140160,1784254977410
2141184,1784254977431
2142208,1784254977460
2143232,1784254977481
2144256,1784254977500
2145280,1784254977520
2146304,1784254977550
2147328,1784254977570
2148352,1784254977590
2149376,1784254977620
2150400,1784254977640
2151424,1784254977660
2152448,1784254977690
2153472,1784254977710
2154496,1784254977731
2155520,1784254977761
2156544,1784254977780
2157568,1784254977800
2158592,1784254977830
2159616,1784254977850
2160640,1784254977870
2161664,1784254977900
2162688,1784254977920
2163712,1784254977940
2164736,1784254977970
2165760,1784254977990
2166784,1784254978011
2167808,1784254978040
2168832,1784254978060
2169856,1784254978080
2170880,1784254978110
2171904,1784254978131
2172928,1784254978150
2173952,1784254978170
2174976,1784254978200
2176000,1784254978220
2177024,1784254978240
2178048,1784254978271
2179072,1784254978290
2180096,1784254978310
2181120,1784254978340
2182144,1784254978360
2183168,1784254978380
2184192,1784254978410
2185216,1784254978430
2186240,1784254978450
2187264,1784254978480
2188288,1784254978500
2189312,1784254978521
2190336,1784254978550
2191360,1784254978571
2192384,1784254978590
2193408,1784254978621
2194432,1784254978640
2195456,1784254978660
2196480,1784254978690
2197504,1784254978710
2198528,1784254978730
2199552,1784254978760
2200576,1784254978781
2201600,1784254978800
2202624,1784254978830
2203648,1784254978850
2204672,1784254978870
2205696,1784254978891
2206720,1784254978920
2207744,1784254978941
2208768,1784254978960
2209792,1784254978991
2210816,1784254979010
2211840,1784254979030
2212864,1784254979060
2213888,1784254979080
2214912,1784254979100
2215936,1784254979130
2216960,1784254979150
2217984,1784254979170
2219008,1784254979200
2220032,1784254979220
2221056,1784254979241
2222080,1784254979270
2223104,1784254979290
2224128,1784254979310
2225152,1784254979341
2226176,1784254979360
2227200,1784254979380
2228224,1784254979410
2229248,1784254979430
2230272,1784254979450
2231296,1784254979480
2232320,1784254979500
2233344,1784254979520
2234368,1784254979540
2235392,1784254979570
2236416,1784254979590
2237440,1784254979610
2238464,1784254979640
2239488,1784254979660
2240512,1784254979680
2241536,1784254979711
2242560,1784254979730
2243584,1784254979750
2244608,1784254979781
2245632,1784254979800
2246656,1784254979820
2247680,1784254979850
2248704,1784254979870
2249728,1784254979890
2250752,1784254979920
2251776,1784254979940
2252800,1784254979960
2253824,1784254979990
2254848,1784254980010
2255872,1784254980030
2256896,1784254980060
2257920,1784254980080
2258944,1784254980100
2259968,1784254980131
2260992,1784254980150
2262016,1784254980170
2263040,1784254980200
2264064,1784254980220
2265088,1784254980241
2266112,1784254980261
2267136,1784254980290
2268160,1784254980311
2269184,1784254980330
2270208,1784254980361
2271232,1784254980380
2272256,1784254980400
2273280,1784254980430
2274304,1784254980450
2275328,1784254980470
2276352,1784254980500
2277376,1784254980520
2278400,1784254980540
2279424,1784254980570
2280448,1784254980590
2281472,1784254980611
2282496,1784254980640
2283520,1784254980661
2284544,1784254980680
2285568,1784254980711
2286592,1784254980730
2287616,1784254980750
2288640,1784254980780
2289664,1784254980800
2290688,1784254980820
2291712,1784254980850
2292736,1784254980870
2293760,1784254980890
2294784,1784254980911
2295808,1784254980940
2296832,1784254980961
2297856,1784254980980
2298880,1784254981010
2299904,1784254981030
2300928,1784254981050
2301952,1784254981080
2302976,1784254981100
2304000,1784254981121
2305024,1784254981150
2306048,1784254981171
2307072,1784254981190
2308096,1784254981221
2309120,1784254981240
2310144,1784254981260
2311168,1784254981290
2312192,1784254981310
2313216,1784254981330
2314240,1784254981360
2315264,1784254981380
2316288,1784254981400
2317312,1784254981430
2318336,1784254981450
2319360,1784254981471
2320384,1784254981500
2321408,1784254981521
2322432,1784254981540
2323456,1784254981560
2324480,1784254981590
2325504,1784254981610
2326528,1784254981630
2327552,1784254981660
2328576,1784254981680
2329600,1784254981700
2330624,1784254981730
2331648,1784254981750
2332672,1784254981770
2333696,1784254981800
2334720,1784254981820
2335744,1784254981840
2336768,1784254981870
2337792,1784254981890
2338816,1784254981910
2339840,1784254981940
2340864,1784254981960
2341888,1784254981980
2342912,1784254982010
2343936,1784254982030
2344960,1784254982051
2345984,1784254982080
2347008,1784254982101
2348032,1784254982120
2349056,1784254982151
2350080,1784254982170
2351104,1784254982190
2352128,1784254982220
2353152,1784254982240
2354176,1784254982260
2355200,1784254982281
2356224,1784254982310
2357248,1784254982331
2358272,1784254982350
2359296,1784254982380
2360320,1784254982400
2361344,1784254982420
2362368,1784254982450
2363392,1784254982470
2364416,1784254982491
2365440,1784254982520
2366464,1784254982541
2367488,1784254982560
2368512,1784254982591
2369536,1784254982610
2370560,1784254982630
2371584,1784254982660
2372608,1784254982680
2373632,1784254982700
2374656,1784254982730
2375680,1784254982751
2376704,1784254982770
2377728,1784254982800
2378752,1784254982820
2379776,1784254982840
2380800,1784254982870
2381824,1784254982890
2382848,1784254982910
2383872,1784254982930
2384896,1784254982960
2385920,1784254982980
2386944,1784254983000
2387968,1784254983030
2388992,1784254983050
2390016,1784254983070
2391040,1784254983100
2392064,1784254983120
2393088,1784254983141
2394112,1784254983170
2395136,1784254983191
2396160,1784254983210
2397184,1784254983241
2398208,1784254983260
2399232,1784254983280
2400256,1784254983310
2401280,1784254983330
2402304,1784254983350
2403328,1784254983380
2404352,1784254983400
2405376,1784254983421
2406400,1784254983450
2407424,1784254983471
2408448,1784254983490
2409472,1784254983521
2410496,1784254983540
2411520,1784254983560
2412544,1784254983590
2413568,1784254983610
2414592,1784254983630
2415616,1784254983650
2416640,1784254983680
2417664,1784254983700
2418688,1784254983721
2419712,1784254983750
2420736,1784254983771
2421760,1784254983790
2422784,1784254983820
2423808,1784254983840
2424832,1784254983860
2425856,1784254983890
2426880,1784254983910
2427904,1784254983930
2428928,1784254983960
2429952,1784254983980
2430976,1784254984000
2432000,1784254984030
2433024,1784254984050
2434048,1784254984071
2435072,1784254984100
2436096,1784254984121
2437120,1784254984140
2438144,1784254984170
2439168,1784254984190
2440192,1784254984210
2441216,1784254984240
2442240,1784254984260
2443264,1784254984281
2444288,1784254984300
2445312,1784254984331
2446336,1784254984350
2447360,1784254984370
2448384,1784254984400
2449408,1784254984420
2450432,1784254984440
2451456,1784254984470
2452480,1784254984490
2453504,1784254984510
2454528,1784254984540
2455552,1784254984560
2456576,1784254984580
2457600,1784254984610
2458624,1784254984630
2459648,1784254984651
2460672,1784254984680
2461696,1784254984701
2462720,1784254984720
2463744,1784254984750
2464768,1784254984770
2465792,1784254984791
2466816,1784254984820
2467840,1784254984840
2468864,1784254984860
2469888,1784254984890
2470912,1784254984910
2471936,1784254984930
2472960,1784254984960
2473984,1784254984980
2475008,1784254985000
2476032,1784254985020
2477056,1784254985050
2478080,1784254985070
2479104,1784254985090
2480128,1784254985120
2481152,1784254985140
2482176,1784254985161
2483200,1784254985190
2484224,1784254985211
2485248,1784254985230
2486272,1784254985260
2487296,1784254985280
2488320,1784254985300
2489344,1784254985330
2490368,1784254985350
2491392,1784254985370
2492416,1784254985400
2493440,1784254985420
2494464,1784254985440
2495488,1784254985470
2496512,1784254985490
2497536,1784254985511
2498560,1784254985540
2499584,1784254985561
2500608,1784254985580
2501632,1784254985611
2502656,1784254985630
2503680,1784254985650
2504704,1784254985670
2505728,1784254985700
2506752,1784254985720
2507776,1784254985740
2508800,1784254985771
2509824,1784254985790
2510848,1784254985810
2511872,1784254985840
2512896,1784254985860
2513920,1784254985881
2514944,1784254985910
2515968,1784254985930
2516992,1784254985950
2518016,1784254985980
2519040,1784254986001
2520064,1784254986020
2521088,1784254986051
2522112,1784254986070
2523136,1784254986090
2524160,1784254986120
2525184,1784254986140
2526208,1784254986160
2527232,1784254986190
2528256,1784254986210
2529280,1784254986230
2530304,1784254986260
2531328,1784254986281
2532352,1784254986300
2533376,1784254986331
2534400,1784254986350
2535424,1784254986370
2536448,1784254986390
2537472,1784254986420
2538496,1784254986440
2539520,1784254986460
2540544,1784254986490
2541568,1784254986510
2542592,1784254986531
2543616,1784254986560
2544640,1784254986581
2545664,1784254986600
2546688,1784254986631
2547712,1784254986650
2548736,1784254986670
2549760,1784254986700
2550784,1784254986720
2551808,1784254986740
2552832,1784254986770
2553856,1784254986791
2554880,1784254986810
2555904,1784254986841
2556928,1784254986860
2557952,1784254986880
2558976,1784254986910
2560000,1784254986930
2561024,1784254986950
2562048,1784254986980
2563072,1784254987000
2564096,1784254987020
2565120,1784254987041
2566144,1784254987070
2567168,1784254987091
2568192,1784254987110
2569216,1784254987140
2570240,1784254987160
2571264,1784254987180
2572288,1784254987210
2573312,1784254987230
2574336,1784254987251
2575360,1784254987280
2576384,1784254987300
2577408,1784254987320
2578432,1784254987350
2579456,1784254987370
2580480,1784254987391
2581504,1784254987420
2582528,1784254987441
2583552,1784254987460
2584576,1784254987491
2585600,1784254987510
2586624,1784254987530
2587648,1784254987560
2588672,1784254987580
2589696,1784254987600
2590720,1784254987630
2591744,1784254987650
2592768,1784254987670
2593792,1784254987700
2594816,1784254987720
2595840,1784254987740
2596864,1784254987760
2597888,1784254987790
2598912,1784254987810
2599936,1784254987830
2600960,1784254987860
2601984,1784254987880
2603008,1784254987900
2604032,1784254987930
2605056,1784254987950
2606080,1784254987971
2607104,1784254988000
2608128,1784254988020
2609152,1784254988041
2610176,1784254988070
2611200,1784254988091
2612224,1784254988110
2613248,1784254988141
2614272,1784254988160
2615296,1784254988180
2616320,1784254988210
2617344,1784254988230
2618368,1784254988250
2619392,1784254988280
2620416,1784254988300
2621440,1784254988321
2622464,1784254988350
2623488,1784254988371
2624512,1784254988390
2625536,1784254988410
2626560,1784254988440
2627584,1784254988460
2628608,1784254988480
2629632,1784254988510
2630656,1784254988530
2631680,1784254988550
2632704,1784254988580
2633728,1784254988600
2634752,1784254988621
2635776,1784254988650
2636800,1784254988671
2637824,1784254988690
2638848,1784254988721
2639872,1784254988740
2640896,1784254988760
2641920,1784254988790
2642944,1784254988810
2643968,1784254988830
2644992,1784254988860
2646016,1784254988881
2647040,1784254988900
2648064,1784254988931
2649088,1784254988950
2650112,1784254988970
2651136,1784254989000
2652160,1784254989020
2653184,1784254989041
2654208,1784254989070
2655232,1784254989091
2656256,1784254989110
2657280,1784254989130
2658304,1784254989160
2659328,1784254989180
2660352,1784254989201
2661376,1784254989230
2662400,1784254989250
2663424,1784254989270
2664448,1784254989300
2665472,1784254989320
2666496,1784254989340
2667520,1784254989370
2668544,1784254989390
2669568,1784254989410
2670592,1784254989441
2671616,1784254989460
2672640,1784254989480
2673664,1784254989510
2674688,1784254989530
2675712,1784254989550
2676736,1784254989580
2677760,1784254989600
2678784,1784254989620
2679808,1784254989651
2680832,1784254989670
2681856,1784254989690
2682880,1784254989720
2683904,1784254989740
2684928,1784254989760
2685952,1784254989780
2686976,1784254989810
2688000,1784254989831
2689024,1784254989850
2690048,1784254989881
2691072,1784254989900
2692096,1784254989920
2693120,1784254989950
2694144,1784254989970
2695168,1784254989990
2696192,1784254990020
2697216,1784254990041
2698240,1784254990060
2699264,1784254990091
2700288,1784254990110
2701312,1784254990130
2702336,1784254990160
2703360,1784254990180
2704384,1784254990200
2705408,1784254990230
2706432,1784254990250
2707456,1784254990271
2708480,1784254990300
2709504,1784254990321
2710528,1784254990340
2711552,1784254990371
2712576,1784254990390
2713600,1784254990410
2714624,1784254990440
2715648,1784254990460
2716672,1784254990480
2717696,1784254990500
2718720,1784254990530
2719744,1784254990550
2720768,1784254990571
2721792,1784254990600
2722816,1784254990621
2723840,1784254990640
2724864,1784254990671
2725888,1784254990690
2726912,1784254990710
2727936,1784254990740
2728960,1784254990760
2729984,1784254990780
2731008,1784254990810
2732032,1784254990830
2733056,1784254990850
2734080,1784254990880
2735104,1784254990900
2736128,1784254990920
2737152,1784254990951
2738176,1784254990970
2739200,1784254990990
2740224,1784254991020
2741248,1784254991040
2742272,1784254991061
2743296,1784254991090
2744320,1784254991111
2745344,1784254991130
2746368,1784254991150
2747392,1784254991180
2748416,1784254991200
2749440,1784254991221
2750464,1784254991250
2751488,1784254991270
2752512,1784254991291
2753536,1784254991320
2754560,1784254991341
2755584,1784254991360
2756608,1784254991391
2757632,1784254991410
2758656,1784254991430
2759680,1784254991460
2760704,1784254991480
2761728,1784254991500
2762752,1784254991530
2763776,1784254991550
2764800,1784254991570
2765824,1784254991600
2766848,1784254991620
2767872,1784254991641
2768896,1784254991670
2769920,1784254991691
2770944,1784254991710
2771968,1784254991740
2772992,1784254991760
2774016,1784254991780
2775040,1784254991800
2776064,1784254991830
2777088,1784254991850
2778112,1784254991870
2779136,1784254991900
2780160,1784254991920
2781184,1784254991941
2782208,1784254991970
2783232,1784254991990
2784256,1784254992010
2785280,1784254992040
2786304,1784254992060
2787328,1784254992080
2788352,1784254992110
2789376,1784254992130
2790400,1784254992151
2791424,1784254992180
2792448,1784254992201
2793472,1784254992220
2794496,1784254992251
2795520,1784254992270
2796544,1784254992290
2797568,1784254992320
2798592,1784254992340
2799616,1784254992361
2800640,1784254992390
2801664,1784254992411
2802688,1784254992430
2803712,1784254992461
2804736,1784254992480
2805760,1784254992500
2806784,1784254992520
2807808,1784254992550
2808832,1784254992570
2809856,1784254992590
2810880,1784254992620
2811904,1784254992640
2812928,1784254992661
2813952,1784254992690
2814976,1784254992711
2816000,1784254992730
2817024,1784254992760
2818048,1784254992780
2819072,1784254992800
2820096,1784254992830
2821120,1784254992850
2822144,1784254992870
2823168,1784254992900
2824192,1784254992920
2825216,1784254992941
2826240,1784254992970
2827264,1784254992991
2828288,1784254993010
2829312,1784254993040
2830336,1784254993060
2831360,1784254993080
2832384,1784254993110
2833408,1784254993130
2834432,1784254993151
2835456,1784254993170
2836480,1784254993200
2837504,1784254993220
2838528,1784254993240
2839552,1784254993270
2840576,1784254993290
2841600,1784254993310
2842624,1784254993340
2843648,1784254993360
2844672,1784254993380
2845696,1784254993410
2846720,1784254993430
2847744,1784254993451
2848768,1784254993480
2849792,1784254993501
2850816,1784254993520
2851840,1784254993551
2852864,1784254993570
2853888,1784254993590
2854912,1784254993620
2855936,1784254993640
2856960,1784254993660
2857984,1784254993690
2859008,1784254993710
2860032,1784254993730
2861056,1784254993760
2862080,1784254993780
2863104,1784254993800
2864128,1784254993830
2865152,1784254993851
2866176,1784254993870
2867200,1784254993890
2868224,1784254993920
2869248,1784254993940
2870272,1784254993961
2871296,1784254993990
2872320,1784254994011
2873344,1784254994030
2874368,1784254994061
2875392,1784254994080
2876416,1784254994100
2877440,1784254994130
2878464,1784254994150
2879488,1784254994170
2880512,1784254994200
2881536,1784254994220
2882560,1784254994240
2883584,1784254994270
2884608,1784254994291
2885632,1784254994310
2886656,1784254994340
2887680,1784254994360
2888704,1784254994380
2889728,1784254994410
2890752,1784254994430
2891776,1784254994450
2892800,1784254994480
2893824,1784254994500
2894848,1784254994520
2895872,1784254994540
2896896,1784254994570
2897920,1784254994590
2898944,1784254994610
2899968,1784254994640
2900992,1784254994660
2902016,1784254994680
2903040,1784254994710
2904064,1784254994730
2905088,1784254994751
2906112,1784254994780
2907136,1784254994801
2908160,1784254994820
2909184,1784254994850
2910208,1784254994870
2911232,1784254994890
2912256,1784254994921
2913280,1784254994940
2914304,1784254994960
2915328,1784254994990
2916352,1784254995010
2917376,1784254995030
2918400,1784254995060
2919424,1784254995080
2920448,1784254995100
2921472,1784254995130
2922496,1784254995150
2923520,1784254995171
2924544,1784254995200
2925568,1784254995221
2926592,1784254995240
2927616,1784254995260
2928640,1784254995290
2929664,1784254995310
2930688,1784254995330
2931712,1784254995360
2932736,1784254995380
2933760,1784254995400
2934784,1784254995430
2935808,1784254995450
2936832,1784254995470
2937856,1784254995500
2938880,1784254995521
2939904,1784254995540
2940928,1784254995571
2941952,1784254995590
2942976,1784254995610
2944000,1784254995640
2945024,1784254995660
2946048,1784254995680
2947072,1784254995710
2948096,1784254995731
2949120,1784254995750
2950144,1784254995780
2951168,1784254995800
2952192,1784254995821
2953216,1784254995850
2954240,1784254995871
2955264,1784254995890
2956288,1784254995910
2957312,1784254995940
2958336,1784254995960
2959360,1784254995980
2960384,1784254996010
2961408,1784254996030
2962432,1784254996050
2963456,1784254996080
2964480,1784254996100
2965504,1784254996121
2966528,1784254996150
2967552,1784254996171
2968576,1784254996190
2969600,1784254996221
2970624,1784254996240
2971648,1784254996260
2972672,1784254996290
2973696,1784254996310
2974720,1784254996330
2975744,1784254996360
2976768,1784254996380
2977792,1784254996400
2978816,1784254996430
2979840,1784254996450
2980864,1784254996471
2981888,1784254996500
2982912,1784254996521
2983936,1784254996540
2984960,1784254996571
2985984,1784254996590
2987008,1784254996610
2988032,1784254996630
2989056,1784254996660
2990080,1784254996680
2991104,1784254996700
2992128,1784254996730
2993152,1784254996750
2994176,1784254996771
2995200,1784254996800
2996224,1784254996821
2997248,1784254996840
2998272,1784254996870
2999296,1784254996890
3000320,1784254996910
3001344,1784254996940
3002368,1784254996960
3003392,1784254996981
3004416,1784254997010
3005440,1784254997031
3006464,1784254997050
3007488,1784254997081
3008512,1784254997100
3009536,1784254997120
3010560,1784254997150
3011584,1784254997170
3012608,1784254997190
3013632,1784254997220
3014656,1784254997240
3015680,1784254997260
3016704,1784254997280
3017728,1784254997311
3018752,1784254997330
3019776,1784254997350
3020800,1784254997380
3021824,1784254997400
3022848,1784254997420
3023872,1784254997450
3024896,1784254997470
3025920,1784254997490
3026944,1784254997520
3027968,1784254997540
3028992,1784254997561
3030016,1784254997590
3031040,1784254997611
3032064,1784254997630
3033088,1784254997660
3034112,1784254997680
3035136,1784254997700
3036160,1784254997730
3037184,1784254997750
3038208,1784254997770
3039232,1784254997800
3040256,1784254997820
3041280,1784254997840
3042304,1784254997870
3043328,1784254997890
3044352,1784254997910
3045376,1784254997940
3046400,1784254997960
3047424,1784254997981
3048448,1784254998000
3049472,1784254998030
3050496,1784254998050
3051520,1784254998070
3052544,1784254998100
3053568,1784254998120
3054592,1784254998141
3055616,1784254998170
3056640,1784254998191
3057664,1784254998210
3058688,1784254998241
3059712,1784254998260
3060736,1784254998281
3061760,1784254998310
3062784,1784254998331
3063808,1784254998350
3064832,1784254998381
3065856,1784254998400
3066880,1784254998420
3067904,1784254998450
3068928,1784254998470
3069952,1784254998490
3070976,1784254998520
3072000,1784254998540
3073024,1784254998560
3074048,1784254998590
3075072,1784254998610
3076096,1784254998631
3077120,1784254998650
3078144,1784254998681
3079168,1784254998700
3080192,1784254998720
3081216,1784254998750
3082240,1784254998770
3083264,1784254998790
3084288,1784254998820
3085312,1784254998840
3086336,1784254998860
3087360,1784254998890
3088384,1784254998910
3089408,1784254998930
3090432,1784254998960
3091456,1784254998980
3092480,1784254999000
3093504,1784254999030
3094528,1784254999050
3095552,1784254999070
3096576,1784254999100
3097600,1784254999120
3098624,1784254999140
3099648,1784254999170
3100672,1784254999190
3101696,1784254999210
3102720,1784254999240
3103744,1784254999260
3104768,1784254999280
3105792,1784254999310
3106816,1784254999330
3107840,1784254999350
3108864,1784254999371
3109888,1784254999400
3110912,1784254999421
3111936,1784254999440
3112960,1784254999471
3113984,1784254999490
3115008,1784254999510
3116032,1784254999540
3117056,1784254999560
3118080,1784254999580
3119104,1784254999611
3120128,1784254999630
3121152,1784254999650
3122176,1784254999680
3123200,1784254999700
3124224,1784254999720
3125248,1784254999750
3126272,1784254999770
3127296,1784254999790
3128320,1784254999820
3129344,1784254999840
3130368,1784254999860
3131392,1784254999890
3132416,1784254999910
3133440,1784254999930
3134464,1784254999960
3135488,1784254999980
3136512,1784255000000
3137536,1784255000020
