FrameID,timestamp_ms
0,1784196025967
1024,1784196025987
2048,1784196026007
3072,1784196026037
4096,1784196026058
5120,1784196026078
6144,1784196026107
7168,1784196026127
8192,1784196026147
9216,1784196026178
10240,1784196026197
11264,1784196026217
12288,1784196026248
13312,1784196026267
14336,1784196026287
15360,1784196026317
16384,1784196026337
17408,1784196026357
18432,1784196026387
19456,1784196026407
20480,1784196026428
21504,1784196026458
22528,1784196026477
23552,1784196026497
24576,1784196026527
25600,1784196026548
26624,1784196026568
27648,1784196026597
28672,1784196026617
29696,1784196026637
30720,1784196026658
31744,1784196026687
32768,1784196026707
33792,1784196026727
34816,1784196026757
35840,1784196026778
36864,1784196026797
37888,1784196026827
38912,1784196026847
39936,1784196026867
40960,1784196026898
41984,1784196026917
43008,1784196026937
44032,1784196026967
45056,1784196026988
46080,1784196027007
47104,1784196027037
48128,1784196027057
49152,1784196027077
50176,1784196027108
51200,1784196027127
52224,1784196027147
53248,1784196027177
54272,1784196027198
55296,1784196027217
56320,1784196027247
57344,1784196027267
58368,1784196027287
59392,1784196027308
60416,1784196027338
61440,1784196027358
62464,1784196027377
63488,1784196027407
64512,1784196027427
65536,1784196027447
66560,1784196027477
67584,1784196027497
68608,1784196027517
69632,1784196027548
70656,1784196027568
71680,1784196027587
72704,1784196027617
73728,1784196027638
74752,1784196027657
75776,1784196027687
76800,1784196027707
77824,1784196027728
78848,1784196027757
79872,1784196027777
80896,1784196027797
81920,1784196027827
82944,1784196027848
83968,1784196027867
84992,1784196027897
86016,1784196027917
87040,1784196027937
88064,1784196027967
89088,1784196027987
90112,1784196028007
91136,1784196028027
92160,1784196028057
93184,1784196028077
94208,1784196028097
95232,1784196028127
96256,1784196028147
97280,1784196028167
98304,1784196028197
99328,1784196028217
100352,1784196028237
101376,1784196028267
102400,1784196028287
103424,1784196028307
104448,1784196028337
105472,1784196028357
106496,1784196028377
107520,1784196028407
108544,1784196028427
109568,1784196028447
110592,1784196028477
111616,1784196028497
112640,1784196028517
113664,1784196028547
114688,1784196028567
115712,1784196028587
116736,1784196028618
117760,1784196028637
118784,1784196028657
119808,1784196028677
120832,1784196028707
121856,1784196028727
122880,1784196028747
123904,1784196028777
124928,1784196028797
125952,1784196028817
126976,1784196028848
128000,1784196028867
129024,1784196028887
130048,1784196028917
131072,1784196028938
132096,1784196028957
133120,1784196028987
134144,1784196029007
135168,1784196029027
136192,1784196029057
137216,1784196029077
138240,1784196029097
139264,1784196029127
140288,1784196029147
141312,1784196029167
142336,1784196029198
143360,1784196029218
144384,1784196029237
145408,1784196029267
146432,1784196029287
147456,1784196029307
148480,1784196029337
149504,1784196029357
150528,1784196029377
151552,1784196029397
152576,1784196029427
153600,1784196029447
154624,1784196029467
155648,1784196029497
156672,1784196029517
157696,1784196029537
158720,1784196029567
159744,1784196029587
160768,1784196029607
161792,1784196029637
162816,1784196029657
163840,1784196029677
164864,1784196029707
165888,1784196029727
166912,1784196029747
167936,1784196029777
168960,1784196029798
169984,1784196029818
171008,1784196029847
172032,1784196029867
173056,1784196029887
174080,1784196029917
175104,1784196029937
176128,1784196029957
177152,1784196029987
178176,1784196030008
179200,1784196030027
180224,1784196030047
181248,1784196030077
182272,1784196030097
183296,1784196030117
184320,1784196030148
185344,1784196030167
186368,1784196030187
187392,1784196030218
188416,1784196030237
189440,1784196030257
190464,1784196030287
191488,1784196030307
192512,1784196030327
193536,1784196030357
194560,1784196030378
195584,1784196030397
196608,1784196030427
197632,1784196030447
198656,1784196030467
199680,1784196030497
200704,1784196030517
201728,1784196030538
202752,1784196030567
203776,1784196030588
204800,1784196030607
205824,1784196030637
206848,1784196030657
207872,1784196030677
208896,1784196030708
209920,1784196030727
210944,1784196030747
211968,1784196030767
212992,1784196030798
214016,1784196030817
215040,1784196030837
216064,1784196030867
217088,1784196030887
218112,1784196030908
219136,1784196030937
220160,1784196030957
221184,1784196030977
222208,1784196031008
223232,1784196031027
224256,1784196031047
225280,1784196031077
226304,1784196031097
227328,1784196031117
228352,1784196031147
229376,1784196031167
230400,1784196031187
231424,1784196031218
232448,1784196031237
233472,1784196031257
234496,1784196031287
235520,1784196031307
236544,1784196031328
237568,1784196031357
238592,1784196031377
239616,1784196031398
240640,1784196031417
241664,1784196031447
242688,1784196031467
243712,1784196031487
244736,1784196031517
245760,1784196031537
246784,1784196031558
247808,1784196031587
248832,1784196031607
249856,1784196031627
250880,1784196031658
251904,1784196031677
252928,1784196031697
253952,1784196031728
254976,1784196031748
256000,1784196031767
257024,1784196031797
258048,1784196031817
259072,1784196031837
260096,1784196031867
261120,1784196031887
262144,1784196031908
263168,1784196031938
264192,1784196031957
265216,1784196031977
266240,1784196032008
267264,1784196032027
268288,1784196032047
269312,1784196032077
270336,1784196032097
271360,1784196032118
272384,1784196032138
273408,1784196032167
274432,1784196032187
275456,1784196032207
276480,1784196032237
277504,1784196032257
278528,1784196032278
279552,1784196032308
280576,1784196032327
281600,1784196032347
282624,1784196032378
283648,1784196032397
284672,1784196032417
285696,1784196032448
286720,1784196032467
287744,1784196032487
288768,1784196032517
289792,1784196032538
290816,1784196032557
291840,1784196032587
292864,1784196032607
293888,1784196032627
294912,1784196032657
295936,1784196032677
296960,1784196032697
297984,1784196032727
299008,1784196032747
300032,1784196032768
301056,1784196032787
302080,1784196032817
303104,1784196032838
304128,1784196032857
305152,1784196032887
306176,1784196032908
307200,1784196032927
308224,1784196032957
309248,1784196032977
310272,1784196032997
311296,1784196033027
312320,1784196033047
313344,1784196033067
314368,1784196033097
315392,1784196033117
316416,1784196033137
317440,1784196033167
318464,1784196033188
319488,1784196033207
320512,1784196033237
321536,1784196033257
322560,1784196033277
323584,1784196033307
324608,1784196033327
325632,1784196033347
326656,1784196033377
327680,1784196033397
328704,1784196033417
329728,1784196033448
330752,1784196033468
331776,1784196033487
332800,1784196033507
333824,1784196033537
334848,1784196033558
335872,1784196033577
336896,1784196033608
337920,1784196033627
338944,1784196033647
339968,1784196033677
340992,1784196033697
342016,1784196033717
343040,1784196033747
344064,1784196033767
345088,1784196033787
346112,1784196033817
347136,1784196033837
348160,1784196033858
349184,1784196033888
350208,1784196033908
351232,1784196033927
352256,1784196033957
353280,1784196033977
354304,1784196033997
355328,1784196034028
356352,1784196034048
357376,1784196034067
358400,1784196034097
359424,1784196034117
360448,1784196034138
361472,1784196034157
362496,1784196034187
363520,1784196034207
364544,1784196034227
365568,1784196034257
366592,1784196034277
367616,1784196034297
368640,1784196034327
369664,1784196034347
370688,1784196034368
371712,1784196034397
372736,1784196034417
373760,1784196034437
374784,1784196034467
375808,1784196034487
376832,1784196034507
377856,1784196034537
378880,1784196034557
379904,1784196034577
380928,1784196034607
381952,1784196034627
382976,1784196034647
384000,1784196034677
385024,1784196034698
386048,1784196034717
387072,1784196034747
388096,1784196034767
389120,1784196034787
390144,1784196034817
391168,1784196034838
392192,1784196034857
393216,1784196034877
394240,1784196034907
395264,1784196034927
396288,1784196034947
397312,1784196034977
398336,1784196034998
399360,1784196035017
400384,1784196035047
401408,1784196035067
402432,1784196035087
403456,1784196035117
404480,1784196035137
405504,1784196035157
406528,1784196035187
407552,1784196035208
408576,1784196035227
409600,1784196035257
410624,1784196035277
411648,1784196035297
412672,1784196035327
413696,1784196035347
414720,1784196035367
415744,1784196035397
416768,1784196035417
417792,1784196035437
418816,1784196035467
419840,1784196035487
420864,1784196035507
421888,1784196035527
422912,1784196035557
423936,1784196035578
424960,1784196035598
425984,1784196035627
427008,1784196035647
428032,1784196035667
429056,1784196035698
430080,1784196035717
431104,1784196035737
432128,1784196035767
433152,1784196035787
434176,1784196035807
435200,1784196035837
436224,1784196035857
437248,1784196035877
438272,1784196035908
439296,1784196035927
440320,1784196035947
441344,1784196035978
442368,1784196035997
443392,1784196036017
444416,1784196036047
445440,1784196036068
446464,1784196036088
447488,1784196036117
448512,1784196036137
449536,1784196036157
450560,1784196036177
451584,1784196036207
452608,1784196036227
453632,1784196036247
454656,1784196036278
455680,1784196036297
456704,1784196036317
457728,1784196036348
458752,1784196036368
459776,1784196036387
460800,1784196036417
461824,1784196036437
462848,1784196036457
463872,1784196036487
464896,1784196036507
465920,1784196036527
466944,1784196036557
467968,1784196036577
468992,1784196036597
470016,1784196036627
471040,1784196036647
472064,1784196036667
473088,1784196036697
474112,1784196036717
475136,1784196036737
476160,1784196036767
477184,1784196036787
478208,1784196036808
479232,1784196036837
480256,1784196036857
481280,1784196036877
482304,1784196036897
483328,1784196036927
484352,1784196036947
485376,1784196036968
486400,1784196036997
487424,1784196037018
488448,1784196037037
489472,1784196037068
490496,1784196037088
491520,1784196037107
492544,1784196037137
493568,1784196037158
494592,1784196037177
495616,1784196037207
496640,1784196037227
497664,1784196037248
498688,1784196037278
499712,1784196037297
500736,1784196037317
501760,1784196037347
502784,1784196037367
503808,1784196037387
504832,1784196037417
505856,1784196037437
506880,1784196037457
507904,1784196037487
508928,1784196037508
509952,1784196037528
510976,1784196037547
512000,1784196037577
513024,1784196037597
514048,1784196037617
515072,1784196037647
516096,1784196037667
517120,1784196037687
518144,1784196037717
519168,1784196037737
520192,1784196037757
521216,1784196037787
522240,1784196037807
523264,1784196037828
524288,1784196037857
525312,1784196037877
526336,1784196037897
527360,1784196037927
528384,1784196037947
529408,1784196037967
530432,1784196037997
531456,1784196038017
532480,1784196038037
533504,1784196038067
534528,1784196038087
535552,1784196038107
536576,1784196038137
537600,1784196038157
538624,1784196038177
539648,1784196038207
540672,1784196038227
541696,1784196038247
542720,1784196038267
543744,1784196038297
544768,1784196038317
545792,1784196038337
546816,1784196038367
547840,1784196038388
548864,1784196038407
549888,1784196038437
550912,1784196038457
551936,1784196038477
552960,1784196038507
553984,1784196038527
555008,1784196038547
556032,1784196038577
557056,1784196038597
558080,1784196038617
559104,1784196038647
560128,1784196038667
561152,1784196038687
562176,1784196038717
563200,1784196038737
564224,1784196038757
565248,1784196038787
566272,1784196038807
567296,1784196038827
568320,1784196038857
569344,1784196038877
570368,1784196038897
571392,1784196038917
572416,1784196038947
573440,1784196038967
574464,1784196038987
575488,1784196039017
576512,1784196039037
577536,1784196039057
578560,1784196039087
579584,1784196039107
580608,1784196039127
581632,1784196039157
582656,1784196039178
583680,1784196039197
584704,1784196039227
585728,1784196039247
586752,1784196039267
587776,1784196039297
588800,1784196039317
589824,1784196039337
590848,1784196039367
591872,1784196039387
592896,1784196039407
593920,1784196039437
594944,1784196039457
595968,1784196039477
596992,1784196039507
598016,1784196039527
599040,1784196039547
600064,1784196039577
601088,1784196039598
602112,1784196039617
603136,1784196039637
604160,1784196039668
605184,1784196039687
606208,1784196039707
607232,1784196039737
608256,1784196039757
609280,1784196039777
610304,1784196039807
611328,1784196039827
612352,1784196039847
613376,1784196039877
614400,1784196039897
615424,1784196039917
616448,1784196039947
617472,1784196039967
618496,1784196039987
619520,1784196040017
620544,1784196040037
621568,1784196040057
622592,1784196040087
623616,1784196040107
624640,1784196040128
625664,1784196040157
626688,1784196040178
627712,1784196040197
628736,1784196040228
629760,1784196040247
630784,1784196040267
631808,1784196040287
632832,1784196040317
633856,1784196040338
634880,1784196040357
635904,1784196040387
636928,1784196040407
637952,1784196040427
638976,1784196040457
640000,1784196040477
641024,1784196040497
642048,1784196040527
643072,1784196040548
644096,1784196040567
645120,1784196040598
646144,1784196040617
647168,1784196040637
648192,1784196040667
649216,1784196040687
650240,1784196040707
651264,1784196040737
652288,1784196040757
653312,1784196040777
654336,1784196040807
655360,1784196040827
656384,1784196040847
657408,1784196040877
658432,1784196040897
659456,1784196040917
660480,1784196040948
661504,1784196040967
662528,1784196040987
663552,1784196041007
664576,1784196041037
665600,1784196041057
666624,1784196041077
667648,1784196041107
668672,1784196041127
669696,1784196041148
670720,1784196041177
671744,1784196041198
672768,1784196041217
673792,1784196041248
674816,1784196041267
675840,1784196041287
676864,1784196041317
677888,1784196041337
678912,1784196041358
679936,1784196041387
680960,1784196041408
681984,1784196041427
683008,1784196041458
684032,1784196041477
685056,1784196041497
686080,1784196041527
687104,1784196041547
688128,1784196041567
689152,1784196041597
690176,1784196041617
691200,1784196041637
692224,1784196041658
693248,1784196041687
694272,1784196041708
695296,1784196041727
696320,1784196041758
697344,1784196041777
698368,1784196041797
699392,1784196041827
700416,1784196041847
701440,1784196041867
702464,1784196041897
703488,1784196041917
704512,1784196041937
705536,1784196041967
706560,1784196041987
707584,1784196042008
708608,1784196042037
709632,1784196042058
710656,1784196042077
711680,1784196042108
712704,1784196042127
713728,1784196042147
714752,1784196042177
715776,1784196042197
716800,1784196042217
717824,1784196042247
718848,1784196042267
719872,1784196042287
720896,1784196042317
721920,1784196042337
722944,1784196042358
723968,1784196042377
724992,1784196042408
726016,1784196042427
727040,1784196042447
728064,1784196042477
729088,1784196042498
730112,1784196042517
731136,1784196042547
732160,1784196042567
733184,1784196042587
734208,1784196042618
735232,1784196042637
736256,1784196042657
737280,1784196042687
738304,1784196042707
739328,1784196042727
740352,1784196042757
741376,1784196042778
742400,1784196042797
743424,1784196042828
744448,1784196042847
745472,1784196042867
746496,1784196042897
747520,1784196042918
748544,1784196042937
749568,1784196042968
750592,1784196042987
751616,1784196043007
752640,1784196043027
753664,1784196043057
754688,1784196043077
755712,1784196043097
756736,1784196043127
757760,1784196043147
758784,1784196043167
759808,1784196043197
760832,1784196043217
761856,1784196043237
762880,1784196043267
763904,1784196043287
764928,1784196043307
765952,1784196043337
766976,1784196043357
768000,1784196043377
769024,1784196043408
770048,1784196043427
771072,1784196043447
772096,1784196043477
773120,1784196043497
774144,1784196043517
775168,1784196043547
776192,1784196043568
777216,1784196043587
778240,1784196043618
779264,1784196043637
780288,1784196043657
781312,1784196043687
782336,1784196043707
783360,1784196043727
784384,1784196043747
785408,1784196043777
786432,1784196043797
787456,1784196043818
788480,1784196043847
789504,1784196043868
790528,1784196043887
791552,1784196043917
792576,1784196043937
793600,1784196043958
794624,1784196043987
795648,1784196044008
796672,1784196044027
797696,1784196044058
798720,1784196044077
799744,1784196044097
800768,1784196044127
801792,1784196044147
802816,1784196044167
803840,1784196044197
804864,1784196044217
805888,1784196044237
806912,1784196044267
807936,1784196044287
808960,1784196044308
809984,1784196044337
811008,1784196044358
812032,1784196044377
813056,1784196044397
814080,1784196044427
815104,1784196044447
816128,1784196044467
817152,1784196044497
818176,1784196044517
819200,1784196044538
820224,1784196044567
821248,1784196044588
822272,1784196044607
823296,1784196044638
824320,1784196044657
825344,1784196044677
826368,1784196044707
827392,1784196044727
828416,1784196044747
829440,1784196044777
830464,1784196044797
831488,1784196044817
832512,1784196044847
833536,1784196044867
834560,1784196044888
835584,1784196044917
836608,1784196044938
837632,1784196044957
838656,1784196044988
839680,1784196045007
840704,1784196045027
841728,1784196045057
842752,1784196045077
843776,1784196045097
844800,1784196045117
845824,1784196045147
846848,1784196045167
847872,1784196045187
848896,1784196045217
849920,1784196045237
850944,1784196045258
851968,1784196045287
852992,1784196045307
854016,1784196045327
855040,1784196045357
856064,1784196045377
857088,1784196045397
858112,1784196045427
859136,1784196045448
860160,1784196045467
861184,1784196045498
862208,1784196045517
863232,1784196045537
864256,1784196045567
865280,1784196045587
866304,1784196045607
867328,1784196045637
868352,1784196045657
869376,1784196045677
870400,1784196045707
871424,1784196045727
872448,1784196045748
873472,1784196045767
874496,1784196045798
875520,1784196045817
876544,1784196045837
877568,1784196045867
878592,1784196045887
879616,1784196045907
880640,1784196045937
881664,1784196045958
882688,1784196045977
883712,1784196046008
884736,1784196046027
885760,1784196046047
886784,1784196046077
887808,1784196046097
888832,1784196046117
889856,1784196046147
890880,1784196046167
891904,1784196046187
892928,1784196046217
893952,1784196046237
894976,1784196046258
896000,1784196046287
897024,1784196046308
898048,1784196046327
899072,1784196046357
900096,1784196046377
901120,1784196046397
902144,1784196046418
903168,1784196046447
904192,1784196046468
905216,1784196046487
906240,1784196046517
907264,1784196046537
908288,1784196046557
909312,1784196046587
910336,1784196046607
911360,1784196046627
912384,1784196046657
913408,1784196046677
914432,1784196046697
915456,1784196046727
916480,1784196046747
917504,1784196046767
918528,1784196046797
919552,1784196046817
920576,1784196046837
921600,1784196046867
922624,1784196046887
923648,1784196046907
924672,1784196046937
925696,1784196046957
926720,1784196046977
927744,1784196047007
928768,1784196047027
929792,1784196047047
930816,1784196047077
931840,1784196047097
932864,1784196047118
933888,1784196047137
934912,1784196047168
935936,1784196047187
936960,1784196047207
937984,1784196047237
939008,1784196047257
940032,1784196047277
941056,1784196047307
942080,1784196047327
943104,1784196047347
944128,1784196047377
945152,1784196047397
946176,1784196047417
947200,1784196047447
948224,1784196047467
949248,1784196047488
950272,1784196047517
951296,1784196047537
952320,1784196047557
953344,1784196047587
954368,1784196047607
955392,1784196047627
956416,1784196047657
957440,1784196047677
958464,1784196047697
959488,1784196047727
