FrameID,timestamp_ms
0,1784196374203
1024,1784196374223
2048,1784196374243
3072,1784196374272
4096,1784196374293
5120,1784196374313
6144,1784196374342
7168,1784196374362
8192,1784196374383
9216,1784196374412
10240,1784196374433
11264,1784196374453
12288,1784196374483
13312,1784196374502
14336,1784196374523
15360,1784196374553
16384,1784196374572
17408,1784196374592
18432,1784196374623
19456,1784196374643
20480,1784196374662
21504,1784196374693
22528,1784196374713
23552,1784196374733
24576,1784196374762
25600,1784196374783
26624,1784196374803
27648,1784196374832
28672,1784196374853
29696,1784196374873
30720,1784196374893
31744,1784196374922
32768,1784196374943
33792,1784196374963
34816,1784196374993
35840,1784196375013
36864,1784196375033
37888,1784196375063
38912,1784196375083
39936,1784196375102
40960,1784196375133
41984,1784196375153
43008,1784196375173
44032,1784196375203
45056,1784196375223
46080,1784196375242
47104,1784196375273
48128,1784196375293
49152,1784196375313
50176,1784196375343
51200,1784196375363
52224,1784196375383
53248,1784196375412
54272,1784196375433
55296,1784196375453
56320,1784196375483
57344,1784196375503
58368,1784196375523
59392,1784196375543
60416,1784196375573
61440,1784196375593
62464,1784196375613
63488,1784196375643
64512,1784196375663
65536,1784196375683
66560,1784196375713
67584,1784196375733
68608,1784196375752
69632,1784196375783
70656,1784196375803
71680,1784196375823
72704,1784196375852
73728,1784196375873
74752,1784196375893
75776,1784196375923
76800,1784196375942
77824,1784196375962
78848,1784196375993
79872,1784196376013
80896,1784196376033
81920,1784196376062
82944,1784196376083
83968,1784196376103
84992,1784196376133
86016,1784196376152
87040,1784196376173
88064,1784196376203
89088,1784196376223
90112,1784196376243
91136,1784196376262
92160,1784196376293
93184,1784196376313
94208,1784196376334
95232,1784196376363
96256,1784196376383
97280,1784196376403
98304,1784196376432
99328,1784196376452
100352,1784196376473
101376,1784196376503
102400,1784196376523
103424,1784196376543
104448,1784196376573
105472,1784196376593
106496,1784196376613
107520,1784196376642
108544,1784196376663
109568,1784196376683
110592,1784196376712
111616,1784196376732
112640,1784196376753
113664,1784196376783
114688,1784196376803
115712,1784196376823
116736,1784196376853
117760,1784196376873
118784,1784196376893
119808,1784196376913
120832,1784196376943
121856,1784196376963
122880,1784196376983
123904,1784196377013
124928,1784196377032
125952,1784196377053
126976,1784196377083
128000,1784196377103
129024,1784196377123
130048,1784196377152
131072,1784196377173
132096,1784196377193
133120,1784196377223
134144,1784196377243
135168,1784196377262
136192,1784196377293
137216,1784196377313
138240,1784196377333
139264,1784196377363
140288,1784196377382
141312,1784196377402
142336,1784196377433
143360,1784196377453
144384,1784196377473
145408,1784196377503
146432,1784196377523
147456,1784196377543
148480,1784196377573
149504,1784196377593
150528,1784196377613
151552,1784196377633
152576,1784196377663
153600,1784196377683
154624,1784196377703
155648,1784196377732
156672,1784196377753
157696,1784196377773
158720,1784196377802
159744,1784196377823
160768,1784196377843
161792,1784196377872
162816,1784196377892
163840,1784196377913
164864,1784196377943
165888,1784196377963
166912,1784196377983
167936,1784196378013
168960,1784196378033
169984,1784196378053
171008,1784196378082
172032,1784196378103
173056,1784196378123
174080,1784196378153
175104,1784196378173
176128,1784196378193
177152,1784196378223
178176,1784196378243
179200,1784196378263
180224,1784196378283
181248,1784196378312
182272,1784196378332
183296,1784196378353
184320,1784196378383
185344,1784196378403
186368,1784196378423
187392,1784196378452
188416,1784196378473
189440,1784196378493
190464,1784196378523
191488,1784196378543
192512,1784196378563
193536,1784196378593
194560,1784196378613
195584,1784196378633
196608,1784196378662
197632,1784196378683
198656,1784196378703
199680,1784196378733
200704,1784196378752
201728,1784196378772
202752,1784196378803
203776,1784196378823
204800,1784196378843
205824,1784196378873
206848,1784196378893
207872,1784196378913
208896,1784196378943
209920,1784196378963
210944,1784196378983
211968,1784196379003
212992,1784196379033
214016,1784196379053
215040,1784196379073
216064,1784196379103
217088,1784196379123
218112,1784196379143
219136,1784196379172
220160,1784196379193
221184,1784196379213
222208,1784196379242
223232,1784196379262
224256,1784196379283
225280,1784196379313
226304,1784196379332
227328,1784196379353
228352,1784196379383
229376,1784196379403
230400,1784196379423
231424,1784196379453
232448,1784196379473
233472,1784196379493
234496,1784196379523
235520,1784196379543
236544,1784196379563
237568,1784196379593
238592,1784196379613
239616,1784196379633
240640,1784196379652
241664,1784196379683
242688,1784196379703
243712,1784196379723
244736,1784196379753
245760,1784196379773
246784,1784196379793
247808,1784196379823
248832,1784196379843
249856,1784196379863
250880,1784196379893
251904,1784196379913
252928,1784196379932
253952,1784196379963
254976,1784196379983
256000,1784196380003
257024,1784196380034
258048,1784196380052
259072,1784196380073
260096,1784196380103
261120,1784196380123
262144,1784196380143
263168,1784196380173
264192,1784196380193
265216,1784196380213
266240,1784196380243
267264,1784196380263
268288,1784196380283
269312,1784196380313
270336,1784196380333
271360,1784196380353
272384,1784196380373
273408,1784196380403
274432,1784196380423
275456,1784196380442
276480,1784196380473
277504,1784196380493
278528,1784196380513
279552,1784196380543
280576,1784196380563
281600,1784196380583
282624,1784196380613
283648,1784196380633
284672,1784196380653
285696,1784196380682
286720,1784196380702
287744,1784196380723
288768,1784196380753
289792,1784196380773
290816,1784196380792
291840,1784196380822
292864,1784196380843
293888,1784196380863
294912,1784196380893
295936,1784196380912
296960,1784196380933
297984,1784196380963
299008,1784196380983
300032,1784196381002
301056,1784196381023
302080,1784196381052
303104,1784196381073
304128,1784196381093
305152,1784196381123
306176,1784196381142
307200,1784196381163
308224,1784196381193
309248,1784196381213
310272,1784196381233
311296,1784196381263
312320,1784196381283
313344,1784196381303
314368,1784196381333
315392,1784196381353
316416,1784196381373
317440,1784196381403
318464,1784196381423
319488,1784196381443
320512,1784196381473
321536,1784196381493
322560,1784196381513
323584,1784196381543
324608,1784196381563
325632,1784196381583
326656,1784196381612
327680,1784196381632
328704,1784196381653
329728,1784196381683
330752,1784196381703
331776,1784196381722
332800,1784196381743
333824,1784196381773
334848,1784196381792
335872,1784196381812
336896,1784196381843
337920,1784196381863
338944,1784196381882
339968,1784196381913
340992,1784196381932
342016,1784196381952
343040,1784196381983
344064,1784196382003
345088,1784196382023
346112,1784196382052
347136,1784196382072
348160,1784196382093
349184,1784196382123
350208,1784196382143
351232,1784196382162
352256,1784196382193
353280,1784196382213
354304,1784196382232
355328,1784196382263
356352,1784196382283
357376,1784196382303
358400,1784196382333
359424,1784196382353
360448,1784196382373
361472,1784196382392
362496,1784196382423
363520,1784196382442
364544,1784196382462
365568,1784196382493
366592,1784196382513
367616,1784196382533
368640,1784196382563
369664,1784196382582
370688,1784196382602
371712,1784196382633
372736,1784196382653
373760,1784196382673
374784,1784196382702
375808,1784196382723
376832,1784196382743
377856,1784196382773
378880,1784196382793
379904,1784196382813
380928,1784196382843
381952,1784196382863
382976,1784196382883
384000,1784196382912
385024,1784196382933
386048,1784196382953
387072,1784196382982
388096,1784196383002
389120,1784196383023
390144,1784196383053
391168,1784196383072
392192,1784196383093
393216,1784196383113
394240,1784196383143
395264,1784196383163
396288,1784196383183
397312,1784196383213
398336,1784196383233
399360,1784196383252
400384,1784196383282
401408,1784196383303
402432,1784196383323
403456,1784196383353
404480,1784196383372
405504,1784196383393
406528,1784196383423
407552,1784196383443
408576,1784196383463
409600,1784196383493
410624,1784196383512
411648,1784196383533
412672,1784196383563
413696,1784196383582
414720,1784196383603
415744,1784196383633
416768,1784196383652
417792,1784196383672
418816,1784196383703
419840,1784196383723
420864,1784196383743
421888,1784196383762
422912,1784196383793
423936,1784196383813
424960,1784196383833
425984,1784196383863
427008,1784196383883
428032,1784196383903
429056,1784196383932
430080,1784196383953
431104,1784196383973
432128,1784196384003
433152,1784196384023
434176,1784196384043
435200,1784196384073
436224,1784196384093
437248,1784196384113
438272,1784196384143
439296,1784196384163
440320,1784196384182
441344,1784196384213
442368,1784196384233
443392,1784196384253
444416,1784196384283
445440,1784196384303
446464,1784196384323
447488,1784196384353
448512,1784196384373
449536,1784196384392
450560,1784196384413
451584,1784196384443
452608,1784196384463
453632,1784196384483
454656,1784196384513
455680,1784196384533
456704,1784196384553
457728,1784196384583
458752,1784196384603
459776,1784196384622
460800,1784196384653
461824,1784196384672
462848,1784196384693
463872,1784196384722
464896,1784196384743
465920,1784196384763
466944,1784196384793
467968,1784196384813
468992,1784196384833
470016,1784196384863
471040,1784196384883
472064,1784196384903
473088,1784196384933
474112,1784196384953
475136,1784196384973
476160,1784196385003
477184,1784196385022
478208,1784196385043
479232,1784196385072
480256,1784196385093
481280,1784196385113
482304,1784196385133
483328,1784196385163
484352,1784196385183
485376,1784196385203
486400,1784196385233
487424,1784196385253
488448,1784196385272
489472,1784196385303
490496,1784196385322
491520,1784196385343
492544,1784196385373
493568,1784196385393
494592,1784196385413
495616,1784196385443
496640,1784196385463
497664,1784196385483
498688,1784196385513
499712,1784196385533
500736,1784196385552
501760,1784196385583
502784,1784196385602
503808,1784196385623
504832,1784196385652
505856,1784196385673
506880,1784196385693
507904,1784196385723
508928,1784196385743
509952,1784196385762
510976,1784196385783
512000,1784196385812
513024,1784196385833
514048,1784196385853
515072,1784196385883
516096,1784196385903
517120,1784196385923
518144,1784196385953
519168,1784196385973
520192,1784196385993
521216,1784196386023
522240,1784196386043
523264,1784196386062
524288,1784196386093
525312,1784196386112
526336,1784196386133
527360,1784196386162
528384,1784196386183
529408,1784196386203
530432,1784196386233
531456,1784196386253
532480,1784196386273
533504,1784196386303
534528,1784196386323
535552,1784196386343
536576,1784196386373
537600,1784196386393
538624,1784196386413
539648,1784196386443
540672,1784196386463
541696,1784196386483
542720,1784196386503
543744,1784196386532
544768,1784196386553
545792,1784196386573
546816,1784196386603
547840,1784196386623
548864,1784196386643
549888,1784196386673
550912,1784196386693
551936,1784196386713
552960,1784196386743
553984,1784196386763
555008,1784196386783
556032,1784196386813
557056,1784196386833
558080,1784196386853
559104,1784196386883
560128,1784196386903
561152,1784196386923
562176,1784196386953
563200,1784196386973
564224,1784196386992
565248,1784196387023
566272,1784196387042
567296,1784196387063
568320,1784196387092
569344,1784196387113
570368,1784196387133
571392,1784196387153
572416,1784196387183
573440,1784196387203
574464,1784196387223
575488,1784196387252
576512,1784196387273
577536,1784196387292
578560,1784196387323
579584,1784196387342
580608,1784196387363
581632,1784196387392
582656,1784196387412
583680,1784196387433
584704,1784196387463
585728,1784196387483
586752,1784196387502
587776,1784196387533
588800,1784196387552
589824,1784196387573
590848,1784196387602
591872,1784196387623
592896,1784196387643
593920,1784196387673
594944,1784196387693
595968,1784196387713
596992,1784196387743
598016,1784196387763
599040,1784196387783
600064,1784196387813
601088,1784196387833
602112,1784196387852
603136,1784196387873
604160,1784196387902
605184,1784196387923
606208,1784196387943
607232,1784196387973
608256,1784196387993
609280,1784196388013
610304,1784196388042
611328,1784196388063
612352,1784196388082
613376,1784196388113
614400,1784196388133
615424,1784196388153
616448,1784196388183
617472,1784196388203
618496,1784196388223
619520,1784196388253
620544,1784196388273
621568,1784196388293
622592,1784196388323
623616,1784196388343
624640,1784196388362
625664,1784196388393
626688,1784196388413
627712,1784196388433
628736,1784196388463
629760,1784196388483
630784,1784196388502
631808,1784196388523
632832,1784196388552
633856,1784196388573
634880,1784196388593
635904,1784196388623
636928,1784196388643
637952,1784196388662
638976,1784196388693
640000,1784196388712
641024,1784196388733
642048,1784196388763
643072,1784196388782
644096,1784196388803
645120,1784196388833
646144,1784196388853
647168,1784196388872
648192,1784196388903
649216,1784196388923
650240,1784196388943
651264,1784196388973
652288,1784196388993
653312,1784196389013
654336,1784196389043
655360,1784196389063
656384,1784196389083
657408,1784196389113
658432,1784196389133
659456,1784196389152
660480,1784196389183
661504,1784196389202
662528,1784196389223
663552,1784196389243
664576,1784196389273
665600,1784196389293
666624,1784196389313
667648,1784196389343
668672,1784196389363
669696,1784196389383
670720,1784196389413
671744,1784196389433
672768,1784196389452
673792,1784196389483
674816,1784196389502
675840,1784196389522
676864,1784196389553
677888,1784196389573
678912,1784196389593
679936,1784196389623
680960,1784196389643
681984,1784196389663
683008,1784196389693
684032,1784196389713
685056,1784196389732
686080,1784196389763
687104,1784196389782
688128,1784196389803
689152,1784196389832
690176,1784196389853
691200,1784196389873
692224,1784196389893
693248,1784196389923
694272,1784196389943
695296,1784196389962
696320,1784196389993
697344,1784196390012
698368,1784196390033
699392,1784196390063
700416,1784196390083
701440,1784196390103
702464,1784196390132
703488,1784196390153
704512,1784196390172
705536,1784196390203
706560,1784196390222
707584,1784196390243
708608,1784196390272
709632,1784196390293
710656,1784196390313
711680,1784196390343
712704,1784196390363
713728,1784196390383
714752,1784196390412
715776,1784196390433
716800,1784196390453
717824,1784196390483
718848,1784196390503
719872,1784196390523
720896,1784196390552
721920,1784196390573
722944,1784196390593
723968,1784196390613
724992,1784196390643
726016,1784196390662
727040,1784196390683
728064,1784196390713
729088,1784196390733
730112,1784196390752
731136,1784196390783
732160,1784196390803
733184,1784196390823
734208,1784196390853
735232,1784196390873
736256,1784196390893
737280,1784196390923
738304,1784196390942
739328,1784196390962
