FrameID,timestamp_ms
0,1784191905774
1024,1784191905794
2048,1784191905814
3072,1784191905844
4096,1784191905863
5120,1784191905883
6144,1784191905914
7168,1784191905934
8192,1784191905954
9216,1784191905983
10240,1784191906003
11264,1784191906024
12288,1784191906053
13312,1784191906073
14336,1784191906093
15360,1784191906124
16384,1784191906144
17408,1784191906164
18432,1784191906193
19456,1784191906213
20480,1784191906233
21504,1784191906263
22528,1784191906284
23552,1784191906303
24576,1784191906333
25600,1784191906354
26624,1784191906373
27648,1784191906403
28672,1784191906424
29696,1784191906444
30720,1784191906463
31744,1784191906494
32768,1784191906513
33792,1784191906533
34816,1784191906564
35840,1784191906584
36864,1784191906604
37888,1784191906633
38912,1784191906653
39936,1784191906674
40960,1784191906704
41984,1784191906723
43008,1784191906743
44032,1784191906773
45056,1784191906794
46080,1784191906814
47104,1784191906843
48128,1784191906864
49152,1784191906884
50176,1784191906913
51200,1784191906933
52224,1784191906953
53248,1784191906983
54272,1784191907003
55296,1784191907023
56320,1784191907054
57344,1784191907073
58368,1784191907093
59392,1784191907113
60416,1784191907144
61440,1784191907163
62464,1784191907184
63488,1784191907214
64512,1784191907233
65536,1784191907253
66560,1784191907283
67584,1784191907304
68608,1784191907324
69632,1784191907353
70656,1784191907373
71680,1784191907393
72704,1784191907423
73728,1784191907444
74752,1784191907463
75776,1784191907494
76800,1784191907513
77824,1784191907533
78848,1784191907563
79872,1784191907584
80896,1784191907604
81920,1784191907633
82944,1784191907654
83968,1784191907674
84992,1784191907703
86016,1784191907723
87040,1784191907744
88064,1784191907773
89088,1784191907794
90112,1784191907814
91136,1784191907834
92160,1784191907863
93184,1784191907884
94208,1784191907903
95232,1784191907933
96256,1784191907954
97280,1784191907973
98304,1784191908004
99328,1784191908023
100352,1784191908043
101376,1784191908074
102400,1784191908093
103424,1784191908113
104448,1784191908143
105472,1784191908164
106496,1784191908183
107520,1784191908213
108544,1784191908233
109568,1784191908254
110592,1784191908284
111616,1784191908303
112640,1784191908324
113664,1784191908353
114688,1784191908373
115712,1784191908394
116736,1784191908424
117760,1784191908444
118784,1784191908464
119808,1784191908483
120832,1784191908513
121856,1784191908533
122880,1784191908553
123904,1784191908584
124928,1784191908603
125952,1784191908623
126976,1784191908654
128000,1784191908674
129024,1784191908693
130048,1784191908723
131072,1784191908743
132096,1784191908764
133120,1784191908793
134144,1784191908813
135168,1784191908833
136192,1784191908864
137216,1784191908883
138240,1784191908903
139264,1784191908933
140288,1784191908954
141312,1784191908973
142336,1784191909003
143360,1784191909024
144384,1784191909043
145408,1784191909073
146432,1784191909093
147456,1784191909114
148480,1784191909143
149504,1784191909163
150528,1784191909183
151552,1784191909204
152576,1784191909234
153600,1784191909253
154624,1784191909273
155648,1784191909304
156672,1784191909323
157696,1784191909343
158720,1784191909374
159744,1784191909394
160768,1784191909413
161792,1784191909444
162816,1784191909464
163840,1784191909483
164864,1784191909513
165888,1784191909534
166912,1784191909554
167936,1784191909583
168960,1784191909604
169984,1784191909624
171008,1784191909653
172032,1784191909673
173056,1784191909693
174080,1784191909724
175104,1784191909744
176128,1784191909763
177152,1784191909793
178176,1784191909814
179200,1784191909834
180224,1784191909854
181248,1784191909884
182272,1784191909903
183296,1784191909924
184320,1784191909953
185344,1784191909974
186368,1784191909994
187392,1784191910023
188416,1784191910044
189440,1784191910064
190464,1784191910093
191488,1784191910113
192512,1784191910133
193536,1784191910164
194560,1784191910184
195584,1784191910203
196608,1784191910233
197632,1784191910254
198656,1784191910274
199680,1784191910303
200704,1784191910323
201728,1784191910343
202752,1784191910374
203776,1784191910394
204800,1784191910413
205824,1784191910443
206848,1784191910463
207872,1784191910483
208896,1784191910514
209920,1784191910534
210944,1784191910554
211968,1784191910574
212992,1784191910603
214016,1784191910623
215040,1784191910644
216064,1784191910674
217088,1784191910693
218112,1784191910713
219136,1784191910743
220160,1784191910763
221184,1784191910783
222208,1784191910813
223232,1784191910833
224256,1784191910853
225280,1784191910884
226304,1784191910904
227328,1784191910924
228352,1784191910954
229376,1784191910973
230400,1784191910993
231424,1784191911023
232448,1784191911044
233472,1784191911063
234496,1784191911093
235520,1784191911113
236544,1784191911134
237568,1784191911164
238592,1784191911183
239616,1784191911203
240640,1784191911223
241664,1784191911254
242688,1784191911274
243712,1784191911293
244736,1784191911323
245760,1784191911344
246784,1784191911363
247808,1784191911393
248832,1784191911413
249856,1784191911434
250880,1784191911463
251904,1784191911484
252928,1784191911503
253952,1784191911534
254976,1784191911554
256000,1784191911573
257024,1784191911604
258048,1784191911623
259072,1784191911644
260096,1784191911673
261120,1784191911693
262144,1784191911713
263168,1784191911743
264192,1784191911763
265216,1784191911783
266240,1784191911814
267264,1784191911834
268288,1784191911854
269312,1784191911883
270336,1784191911903
271360,1784191911924
272384,1784191911944
273408,1784191911973
274432,1784191911993
275456,1784191912014
276480,1784191912044
277504,1784191912063
278528,1784191912083
279552,1784191912114
280576,1784191912133
281600,1784191912153
282624,1784191912184
283648,1784191912204
284672,1784191912224
285696,1784191912253
286720,1784191912273
287744,1784191912294
288768,1784191912324
289792,1784191912343
290816,1784191912363
291840,1784191912394
292864,1784191912414
293888,1784191912434
294912,1784191912463
295936,1784191912483
296960,1784191912503
297984,1784191912534
299008,1784191912554
300032,1784191912574
301056,1784191912593
302080,1784191912623
303104,1784191912644
304128,1784191912664
305152,1784191912693
306176,1784191912713
307200,1784191912734
308224,1784191912763
309248,1784191912783
310272,1784191912803
311296,1784191912834
312320,1784191912853
313344,1784191912873
314368,1784191912903
315392,1784191912923
316416,1784191912944
317440,1784191912974
318464,1784191912994
319488,1784191913013
320512,1784191913043
321536,1784191913064
322560,1784191913083
323584,1784191913113
324608,1784191913133
325632,1784191913153
326656,1784191913183
327680,1784191913203
328704,1784191913224
329728,1784191913254
330752,1784191913274
331776,1784191913293
332800,1784191913313
333824,1784191913344
334848,1784191913363
335872,1784191913383
336896,1784191913414
337920,1784191913433
338944,1784191913454
339968,1784191913483
340992,1784191913503
342016,1784191913523
343040,1784191913553
344064,1784191913573
345088,1784191913594
346112,1784191913623
347136,1784191913643
348160,1784191913664
349184,1784191913693
350208,1784191913713
351232,1784191913734
352256,1784191913764
353280,1784191913783
354304,1784191913803
355328,1784191913833
356352,1784191913853
357376,1784191913874
358400,1784191913903
359424,1784191913923
360448,1784191913943
361472,1784191913963
362496,1784191913994
363520,1784191914014
364544,1784191914034
365568,1784191914063
366592,1784191914083
367616,1784191914103
368640,1784191914133
369664,1784191914154
370688,1784191914173
371712,1784191914203
372736,1784191914224
373760,1784191914244
374784,1784191914273
375808,1784191914293
376832,1784191914313
377856,1784191914343
378880,1784191914364
379904,1784191914384
380928,1784191914413
381952,1784191914433
382976,1784191914454
384000,1784191914483
385024,1784191914503
386048,1784191914523
387072,1784191914553
388096,1784191914573
389120,1784191914593
390144,1784191914623
391168,1784191914644
392192,1784191914663
393216,1784191914683
394240,1784191914713
395264,1784191914734
396288,1784191914753
397312,1784191914783
398336,1784191914804
399360,1784191914823
400384,1784191914853
401408,1784191914873
402432,1784191914894
403456,1784191914923
404480,1784191914944
405504,1784191914964
406528,1784191914994
407552,1784191915013
408576,1784191915033
409600,1784191915064
410624,1784191915083
411648,1784191915103
412672,1784191915134
413696,1784191915153
414720,1784191915173
415744,1784191915204
416768,1784191915223
417792,1784191915243
418816,1784191915273
419840,1784191915294
420864,1784191915314
421888,1784191915333
422912,1784191915363
423936,1784191915384
424960,1784191915404
425984,1784191915433
427008,1784191915453
428032,1784191915473
429056,1784191915503
430080,1784191915523
431104,1784191915544
432128,1784191915573
433152,1784191915593
434176,1784191915614
435200,1784191915644
436224,1784191915663
437248,1784191915683
438272,1784191915714
439296,1784191915734
440320,1784191915754
441344,1784191915784
442368,1784191915804
443392,1784191915823
444416,1784191915853
445440,1784191915873
446464,1784191915894
447488,1784191915923
448512,1784191915944
449536,1784191915963
450560,1784191915983
451584,1784191916013
452608,1784191916034
453632,1784191916053
454656,1784191916083
455680,1784191916103
456704,1784191916123
457728,1784191916154
458752,1784191916174
459776,1784191916193
460800,1784191916224
461824,1784191916244
462848,1784191916263
463872,1784191916293
464896,1784191916314
465920,1784191916334
466944,1784191916363
467968,1784191916383
468992,1784191916403
470016,1784191916433
471040,1784191916453
472064,1784191916473
473088,1784191916504
474112,1784191916523
475136,1784191916543
476160,1784191916574
477184,1784191916594
478208,1784191916613
479232,1784191916643
480256,1784191916663
481280,1784191916683
482304,1784191916704
483328,1784191916734
484352,1784191916753
485376,1784191916773
486400,1784191916804
487424,1784191916823
488448,1784191916843
489472,1784191916873
490496,1784191916893
491520,1784191916914
492544,1784191916943
493568,1784191916964
494592,1784191916983
495616,1784191917013
496640,1784191917034
497664,1784191917053
498688,1784191917084
499712,1784191917103
500736,1784191917123
501760,1784191917153
502784,1784191917173
503808,1784191917194
504832,1784191917223
505856,1784191917243
506880,1784191917263
507904,1784191917293
508928,1784191917314
509952,1784191917333
510976,1784191917353
512000,1784191917384
513024,1784191917404
514048,1784191917423
515072,1784191917453
516096,1784191917474
517120,1784191917494
518144,1784191917523
519168,1784191917543
520192,1784191917563
521216,1784191917594
522240,1784191917614
523264,1784191917633
524288,1784191917663
525312,1784191917683
526336,1784191917703
527360,1784191917733
528384,1784191917753
529408,1784191917774
530432,1784191917803
531456,1784191917823
532480,1784191917843
533504,1784191917873
534528,1784191917894
535552,1784191917913
536576,1784191917943
537600,1784191917963
538624,1784191917983
539648,1784191918014
540672,1784191918033
541696,1784191918053
542720,1784191918073
543744,1784191918104
544768,1784191918123
545792,1784191918143
546816,1784191918173
547840,1784191918194
548864,1784191918214
549888,1784191918243
550912,1784191918263
551936,1784191918284
552960,1784191918313
553984,1784191918333
555008,1784191918354
556032,1784191918384
557056,1784191918403
558080,1784191918423
559104,1784191918453
560128,1784191918473
561152,1784191918493
562176,1784191918524
563200,1784191918543
564224,1784191918563
565248,1784191918593
566272,1784191918614
567296,1784191918634
568320,1784191918664
569344,1784191918683
570368,1784191918703
571392,1784191918723
572416,1784191918753
573440,1784191918773
574464,1784191918793
575488,1784191918823
576512,1784191918844
577536,1784191918863
578560,1784191918893
579584,1784191918913
580608,1784191918933
581632,1784191918964
582656,1784191918983
583680,1784191919003
584704,1784191919033
585728,1784191919053
586752,1784191919073
587776,1784191919104
588800,1784191919124
589824,1784191919143
590848,1784191919173
591872,1784191919193
592896,1784191919213
593920,1784191919244
594944,1784191919263
595968,1784191919283
596992,1784191919314
598016,1784191919333
599040,1784191919353
600064,1784191919383
601088,1784191919404
602112,1784191919424
603136,1784191919444
604160,1784191919474
605184,1784191919493
606208,1784191919513
607232,1784191919543
608256,1784191919564
609280,1784191919583
610304,1784191919613
611328,1784191919633
612352,1784191919654
613376,1784191919683
614400,1784191919703
615424,1784191919723
616448,1784191919753
617472,1784191919774
618496,1784191919793
619520,1784191919823
620544,1784191919843
621568,1784191919863
622592,1784191919893
623616,1784191919913
624640,1784191919933
625664,1784191919963
626688,1784191919983
627712,1784191920004
628736,1784191920034
629760,1784191920054
630784,1784191920074
631808,1784191920094
632832,1784191920124
633856,1784191920143
634880,1784191920163
635904,1784191920193
636928,1784191920214
637952,1784191920233
638976,1784191920263
640000,1784191920283
641024,1784191920303
642048,1784191920334
643072,1784191920353
644096,1784191920373
645120,1784191920404
646144,1784191920424
647168,1784191920444
648192,1784191920474
649216,1784191920493
650240,1784191920513
651264,1784191920544
652288,1784191920563
653312,1784191920583
654336,1784191920614
655360,1784191920634
656384,1784191920653
657408,1784191920683
658432,1784191920704
659456,1784191920723
660480,1784191920753
661504,1784191920773
662528,1784191920794
663552,1784191920814
664576,1784191920843
665600,1784191920863
666624,1784191920883
667648,1784191920914
668672,1784191920933
669696,1784191920953
670720,1784191920984
671744,1784191921003
672768,1784191921023
673792,1784191921053
674816,1784191921074
675840,1784191921093
676864,1784191921123
677888,1784191921143
678912,1784191921164
679936,1784191921194
680960,1784191921213
681984,1784191921233
683008,1784191921264
684032,1784191921284
685056,1784191921304
686080,1784191921333
687104,1784191921353
688128,1784191921374
689152,1784191921403
690176,1784191921423
691200,1784191921443
692224,1784191921464
693248,1784191921493
694272,1784191921513
695296,1784191921533
696320,1784191921563
697344,1784191921583
698368,1784191921604
699392,1784191921634
700416,1784191921653
701440,1784191921673
702464,1784191921704
703488,1784191921723
704512,1784191921743
705536,1784191921773
706560,1784191921793
707584,1784191921814
708608,1784191921843
709632,1784191921863
710656,1784191921884
711680,1784191921914
712704,1784191921933
713728,1784191921954
714752,1784191921983
715776,1784191922003
716800,1784191922024
717824,1784191922053
718848,1784191922073
719872,1784191922094
720896,1784191922123
721920,1784191922143
722944,1784191922163
723968,1784191922184
724992,1784191922213
726016,1784191922233
727040,1784191922253
728064,1784191922283
729088,1784191922304
730112,1784191922323
731136,1784191922353
732160,1784191922374
733184,1784191922394
734208,1784191922423
735232,1784191922443
736256,1784191922464
737280,1784191922493
738304,1784191922513
739328,1784191922533
740352,1784191922563
741376,1784191922584
742400,1784191922603
743424,1784191922633
744448,1784191922653
745472,1784191922673
746496,1784191922703
747520,1784191922723
748544,1784191922743
749568,1784191922773
750592,1784191922794
751616,1784191922813
752640,1784191922833
753664,1784191922863
754688,1784191922883
755712,1784191922904
756736,1784191922933
757760,1784191922953
758784,1784191922974
759808,1784191923003
760832,1784191923023
761856,1784191923043
762880,1784191923074
763904,1784191923093
764928,1784191923113
765952,1784191923144
766976,1784191923164
768000,1784191923183
769024,1784191923213
770048,1784191923233
771072,1784191923254
772096,1784191923284
773120,1784191923303
774144,1784191923323
775168,1784191923354
776192,1784191923374
777216,1784191923394
778240,1784191923423
779264,1784191923443
780288,1784191923464
781312,1784191923493
782336,1784191923513
783360,1784191923534
784384,1784191923554
785408,1784191923583
786432,1784191923603
787456,1784191923624
788480,1784191923653
789504,1784191923673
790528,1784191923693
791552,1784191923724
792576,1784191923743
793600,1784191923763
794624,1784191923794
795648,1784191923813
796672,1784191923833
797696,1784191923864
798720,1784191923884
799744,1784191923903
800768,1784191923933
801792,1784191923953
802816,1784191923974
803840,1784191924004
804864,1784191924023
805888,1784191924043
806912,1784191924073
807936,1784191924093
808960,1784191924114
809984,1784191924143
811008,1784191924163
812032,1784191924183
813056,1784191924203
814080,1784191924233
815104,1784191924253
816128,1784191924273
817152,1784191924304
818176,1784191924324
819200,1784191924343
820224,1784191924373
821248,1784191924394
822272,1784191924414
823296,1784191924443
824320,1784191924464
825344,1784191924484
826368,1784191924513
827392,1784191924533
828416,1784191924553
829440,1784191924583
830464,1784191924604
831488,1784191924623
832512,1784191924653
833536,1784191924674
834560,1784191924694
835584,1784191924723
836608,1784191924743
837632,1784191924763
838656,1784191924794
839680,1784191924814
840704,1784191924833
841728,1784191924864
842752,1784191924883
843776,1784191924903
844800,1784191924924
845824,1784191924953
846848,1784191924973
847872,1784191924994
848896,1784191925023
849920,1784191925044
850944,1784191925063
851968,1784191925094
852992,1784191925113
854016,1784191925134
855040,1784191925163
856064,1784191925184
857088,1784191925203
858112,1784191925233
859136,1784191925254
860160,1784191925273
861184,1784191925304
862208,1784191925323
863232,1784191925344
864256,1784191925373
865280,1784191925394
866304,1784191925413
867328,1784191925444
868352,1784191925464
869376,1784191925483
870400,1784191925514
871424,1784191925533
872448,1784191925554
873472,1784191925573
874496,1784191925604
875520,1784191925623
876544,1784191925643
877568,1784191925673
878592,1784191925693
879616,1784191925713
880640,1784191925743
881664,1784191925763
882688,1784191925784
883712,1784191925813
884736,1784191925834
885760,1784191925853
886784,1784191925884
887808,1784191925903
888832,1784191925924
889856,1784191925953
890880,1784191925974
891904,1784191925993
892928,1784191926024
893952,1784191926043
894976,1784191926064
896000,1784191926093
897024,1784191926113
898048,1784191926133
899072,1784191926164
900096,1784191926183
901120,1784191926203
902144,1784191926223
903168,1784191926254
904192,1784191926274
905216,1784191926293
906240,1784191926323
907264,1784191926343
908288,1784191926363
909312,1784191926393
910336,1784191926413
911360,1784191926433
912384,1784191926463
913408,1784191926483
914432,1784191926503
915456,1784191926533
916480,1784191926554
917504,1784191926573
918528,1784191926603
919552,1784191926624
