FrameID,timestamp_ms
0,1784191840559
1024,1784191840579
2048,1784191840599
3072,1784191840629
4096,1784191840649
5120,1784191840669
6144,1784191840698
7168,1784191840718
8192,1784191840739
9216,1784191840769
10240,1784191840789
11264,1784191840808
12288,1784191840839
13312,1784191840859
14336,1784191840879
15360,1784191840908
16384,1784191840929
17408,1784191840949
18432,1784191840978
19456,1784191840999
20480,1784191841019
21504,1784191841049
22528,1784191841068
23552,1784191841088
24576,1784191841119
25600,1784191841139
26624,1784191841159
27648,1784191841189
28672,1784191841209
29696,1784191841229
30720,1784191841249
31744,1784191841278
32768,1784191841299
33792,1784191841319
34816,1784191841348
35840,1784191841369
36864,1784191841389
37888,1784191841419
38912,1784191841439
39936,1784191841459
40960,1784191841489
41984,1784191841508
43008,1784191841529
44032,1784191841559
45056,1784191841579
46080,1784191841599
47104,1784191841629
48128,1784191841648
49152,1784191841668
50176,1784191841699
51200,1784191841719
52224,1784191841739
53248,1784191841768
54272,1784191841789
55296,1784191841809
56320,1784191841839
57344,1784191841859
58368,1784191841879
59392,1784191841898
60416,1784191841929
61440,1784191841948
62464,1784191841968
63488,1784191841999
64512,1784191842019
65536,1784191842038
66560,1784191842069
67584,1784191842089
68608,1784191842109
69632,1784191842139
70656,1784191842158
71680,1784191842179
72704,1784191842209
73728,1784191842228
74752,1784191842248
75776,1784191842279
76800,1784191842299
77824,1784191842319
78848,1784191842349
79872,1784191842368
80896,1784191842389
81920,1784191842419
82944,1784191842438
83968,1784191842459
84992,1784191842489
86016,1784191842509
87040,1784191842528
88064,1784191842559
89088,1784191842579
90112,1784191842599
91136,1784191842618
92160,1784191842648
93184,1784191842669
94208,1784191842689
95232,1784191842718
96256,1784191842739
97280,1784191842759
98304,1784191842788
99328,1784191842808
100352,1784191842828
101376,1784191842859
102400,1784191842879
103424,1784191842898
104448,1784191842928
105472,1784191842948
106496,1784191842969
107520,1784191842999
108544,1784191843019
109568,1784191843039
110592,1784191843069
111616,1784191843089
112640,1784191843109
113664,1784191843139
114688,1784191843159
115712,1784191843179
116736,1784191843208
117760,1784191843229
118784,1784191843249
119808,1784191843269
120832,1784191843298
121856,1784191843319
122880,1784191843339
123904,1784191843368
124928,1784191843389
125952,1784191843409
126976,1784191843439
128000,1784191843459
129024,1784191843479
130048,1784191843509
131072,1784191843528
132096,1784191843549
133120,1784191843579
134144,1784191843598
135168,1784191843619
136192,1784191843649
137216,1784191843669
138240,1784191843688
139264,1784191843719
140288,1784191843739
141312,1784191843759
142336,1784191843788
143360,1784191843808
144384,1784191843829
145408,1784191843859
146432,1784191843879
147456,1784191843898
148480,1784191843928
149504,1784191843949
150528,1784191843969
151552,1784191843988
152576,1784191844019
153600,1784191844039
154624,1784191844059
155648,1784191844088
156672,1784191844109
157696,1784191844129
158720,1784191844158
159744,1784191844179
160768,1784191844199
161792,1784191844229
162816,1784191844248
163840,1784191844269
164864,1784191844299
165888,1784191844318
166912,1784191844339
167936,1784191844369
168960,1784191844388
169984,1784191844408
171008,1784191844439
172032,1784191844459
173056,1784191844478
174080,1784191844509
175104,1784191844529
176128,1784191844549
177152,1784191844579
178176,1784191844598
179200,1784191844618
180224,1784191844639
181248,1784191844669
182272,1784191844689
183296,1784191844708
184320,1784191844738
185344,1784191844759
186368,1784191844779
187392,1784191844809
188416,1784191844829
189440,1784191844849
190464,1784191844879
191488,1784191844899
192512,1784191844918
193536,1784191844949
194560,1784191844969
195584,1784191844988
196608,1784191845019
197632,1784191845039
198656,1784191845059
199680,1784191845089
200704,1784191845109
201728,1784191845129
202752,1784191845158
203776,1784191845179
204800,1784191845199
205824,1784191845229
206848,1784191845248
207872,1784191845269
208896,1784191845299
209920,1784191845319
210944,1784191845339
211968,1784191845358
212992,1784191845388
214016,1784191845408
215040,1784191845429
216064,1784191845459
217088,1784191845479
218112,1784191845499
219136,1784191845529
220160,1784191845549
221184,1784191845568
222208,1784191845599
223232,1784191845619
224256,1784191845638
225280,1784191845668
226304,1784191845689
227328,1784191845709
228352,1784191845739
229376,1784191845758
230400,1784191845779
231424,1784191845808
232448,1784191845828
233472,1784191845848
234496,1784191845879
235520,1784191845899
236544,1784191845918
237568,1784191845948
238592,1784191845969
239616,1784191845989
240640,1784191846009
241664,1784191846038
242688,1784191846058
243712,1784191846079
244736,1784191846109
245760,1784191846129
246784,1784191846149
247808,1784191846178
248832,1784191846198
249856,1784191846219
250880,1784191846249
251904,1784191846269
252928,1784191846289
253952,1784191846318
254976,1784191846338
256000,1784191846359
257024,1784191846389
258048,1784191846408
259072,1784191846429
260096,1784191846458
261120,1784191846479
262144,1784191846499
263168,1784191846529
264192,1784191846549
265216,1784191846568
266240,1784191846599
267264,1784191846619
268288,1784191846638
269312,1784191846668
270336,1784191846689
271360,1784191846708
272384,1784191846728
273408,1784191846759
274432,1784191846779
275456,1784191846798
276480,1784191846829
277504,1784191846848
278528,1784191846868
279552,1784191846899
280576,1784191846919
281600,1784191846939
282624,1784191846969
283648,1784191846989
284672,1784191847008
285696,1784191847038
286720,1784191847059
287744,1784191847079
288768,1784191847109
289792,1784191847128
290816,1784191847149
291840,1784191847179
292864,1784191847198
293888,1784191847218
294912,1784191847249
295936,1784191847269
296960,1784191847288
297984,1784191847318
299008,1784191847339
300032,1784191847359
301056,1784191847379
302080,1784191847408
303104,1784191847428
304128,1784191847449
305152,1784191847479
306176,1784191847499
307200,1784191847518
308224,1784191847548
309248,1784191847569
310272,1784191847589
311296,1784191847618
312320,1784191847638
313344,1784191847658
314368,1784191847689
315392,1784191847709
316416,1784191847729
317440,1784191847759
318464,1784191847779
319488,1784191847799
320512,1784191847828
321536,1784191847849
322560,1784191847869
323584,1784191847898
324608,1784191847919
325632,1784191847939
326656,1784191847968
327680,1784191847988
328704,1784191848009
329728,1784191848038
330752,1784191848059
331776,1784191848079
332800,1784191848099
333824,1784191848129
334848,1784191848149
335872,1784191848169
336896,1784191848199
337920,1784191848218
338944,1784191848238
339968,1784191848269
340992,1784191848289
342016,1784191848308
343040,1784191848338
344064,1784191848359
345088,1784191848379
346112,1784191848408
347136,1784191848429
348160,1784191848448
349184,1784191848478
350208,1784191848498
351232,1784191848519
352256,1784191848549
353280,1784191848568
354304,1784191848588
355328,1784191848619
356352,1784191848639
357376,1784191848659
358400,1784191848689
359424,1784191848709
360448,1784191848729
361472,1784191848749
362496,1784191848779
363520,1784191848799
364544,1784191848819
365568,1784191848849
366592,1784191848869
367616,1784191848888
368640,1784191848918
369664,1784191848939
370688,1784191848959
371712,1784191848988
372736,1784191849009
373760,1784191849029
374784,1784191849059
375808,1784191849078
376832,1784191849098
377856,1784191849129
378880,1784191849149
379904,1784191849168
380928,1784191849198
381952,1784191849219
382976,1784191849239
384000,1784191849269
385024,1784191849289
386048,1784191849309
387072,1784191849339
388096,1784191849359
389120,1784191849379
390144,1784191849409
391168,1784191849429
392192,1784191849448
393216,1784191849468
394240,1784191849499
395264,1784191849518
396288,1784191849539
397312,1784191849569
398336,1784191849589
399360,1784191849608
400384,1784191849638
401408,1784191849659
402432,1784191849679
403456,1784191849709
404480,1784191849729
405504,1784191849749
406528,1784191849779
407552,1784191849799
408576,1784191849819
409600,1784191849849
410624,1784191849868
411648,1784191849888
412672,1784191849918
413696,1784191849939
414720,1784191849959
415744,1784191849989
416768,1784191850008
417792,1784191850029
418816,1784191850058
419840,1784191850078
420864,1784191850099
421888,1784191850118
422912,1784191850149
423936,1784191850169
424960,1784191850189
425984,1784191850218
427008,1784191850238
428032,1784191850258
429056,1784191850289
430080,1784191850309
431104,1784191850328
432128,1784191850358
433152,1784191850379
434176,1784191850399
435200,1784191850429
436224,1784191850449
437248,1784191850469
438272,1784191850498
439296,1784191850518
440320,1784191850539
441344,1784191850568
442368,1784191850588
443392,1784191850609
444416,1784191850639
445440,1784191850659
446464,1784191850678
447488,1784191850709
448512,1784191850729
449536,1784191850749
450560,1784191850768
451584,1784191850799
452608,1784191850819
453632,1784191850838
454656,1784191850868
455680,1784191850889
456704,1784191850909
457728,1784191850939
458752,1784191850959
459776,1784191850979
460800,1784191851008
461824,1784191851028
462848,1784191851049
463872,1784191851079
464896,1784191851098
465920,1784191851119
466944,1784191851149
467968,1784191851168
468992,1784191851188
470016,1784191851219
471040,1784191851239
472064,1784191851258
473088,1784191851288
474112,1784191851309
475136,1784191851329
476160,1784191851358
477184,1784191851379
478208,1784191851399
479232,1784191851429
480256,1784191851449
481280,1784191851469
482304,1784191851489
483328,1784191851519
484352,1784191851538
485376,1784191851558
486400,1784191851589
487424,1784191851609
488448,1784191851629
489472,1784191851658
490496,1784191851679
491520,1784191851699
492544,1784191851729
493568,1784191851748
494592,1784191851768
495616,1784191851799
496640,1784191851819
497664,1784191851838
498688,1784191851869
499712,1784191851889
500736,1784191851909
501760,1784191851938
502784,1784191851958
503808,1784191851979
504832,1784191852009
505856,1784191852029
506880,1784191852048
507904,1784191852079
508928,1784191852099
509952,1784191852119
510976,1784191852138
512000,1784191852168
513024,1784191852188
514048,1784191852209
515072,1784191852239
516096,1784191852259
517120,1784191852278
518144,1784191852309
519168,1784191852329
520192,1784191852348
521216,1784191852378
522240,1784191852399
523264,1784191852418
524288,1784191852449
525312,1784191852469
526336,1784191852489
527360,1784191852519
528384,1784191852538
529408,1784191852558
530432,1784191852589
531456,1784191852608
532480,1784191852629
533504,1784191852659
534528,1784191852679
535552,1784191852698
536576,1784191852729
537600,1784191852749
538624,1784191852769
539648,1784191852798
540672,1784191852819
541696,1784191852839
542720,1784191852859
543744,1784191852888
544768,1784191852909
545792,1784191852929
546816,1784191852958
547840,1784191852979
548864,1784191852999
549888,1784191853028
550912,1784191853049
551936,1784191853069
552960,1784191853099
553984,1784191853119
555008,1784191853139
556032,1784191853169
557056,1784191853188
558080,1784191853209
559104,1784191853239
560128,1784191853259
561152,1784191853279
562176,1784191853308
563200,1784191853328
564224,1784191853348
565248,1784191853379
566272,1784191853398
567296,1784191853419
568320,1784191853448
569344,1784191853468
570368,1784191853488
571392,1784191853509
572416,1784191853539
573440,1784191853559
574464,1784191853578
575488,1784191853608
576512,1784191853629
577536,1784191853648
578560,1784191853678
579584,1784191853699
580608,1784191853719
581632,1784191853748
582656,1784191853768
583680,1784191853789
584704,1784191853818
585728,1784191853838
586752,1784191853859
587776,1784191853889
588800,1784191853908
589824,1784191853928
590848,1784191853959
591872,1784191853978
592896,1784191853999
593920,1784191854029
594944,1784191854049
595968,1784191854068
596992,1784191854098
598016,1784191854119
599040,1784191854139
600064,1784191854168
601088,1784191854189
602112,1784191854208
603136,1784191854229
604160,1784191854258
605184,1784191854278
606208,1784191854299
607232,1784191854329
608256,1784191854349
609280,1784191854369
610304,1784191854398
611328,1784191854418
612352,1784191854439
613376,1784191854468
614400,1784191854488
615424,1784191854508
616448,1784191854539
617472,1784191854558
618496,1784191854578
619520,1784191854609
620544,1784191854629
621568,1784191854649
622592,1784191854678
623616,1784191854699
624640,1784191854719
625664,1784191854749
626688,1784191854768
627712,1784191854788
628736,1784191854819
629760,1784191854838
630784,1784191854858
631808,1784191854878
632832,1784191854909
633856,1784191854929
634880,1784191854949
635904,1784191854979
636928,1784191854998
637952,1784191855018
638976,1784191855049
640000,1784191855069
641024,1784191855089
642048,1784191855118
643072,1784191855139
644096,1784191855159
645120,1784191855188
646144,1784191855209
647168,1784191855229
648192,1784191855259
649216,1784191855279
650240,1784191855298
651264,1784191855329
652288,1784191855348
653312,1784191855368
654336,1784191855399
655360,1784191855419
656384,1784191855438
657408,1784191855469
658432,1784191855489
659456,1784191855509
660480,1784191855539
661504,1784191855558
662528,1784191855579
663552,1784191855599
664576,1784191855629
665600,1784191855649
666624,1784191855669
667648,1784191855699
668672,1784191855718
669696,1784191855738
670720,1784191855769
671744,1784191855788
672768,1784191855808
673792,1784191855839
674816,1784191855859
675840,1784191855879
676864,1784191855908
677888,1784191855928
678912,1784191855948
679936,1784191855979
680960,1784191855999
681984,1784191856018
683008,1784191856049
684032,1784191856069
685056,1784191856089
686080,1784191856118
687104,1784191856138
688128,1784191856158
689152,1784191856188
690176,1784191856209
691200,1784191856229
692224,1784191856249
693248,1784191856278
694272,1784191856298
695296,1784191856319
696320,1784191856349
697344,1784191856368
698368,1784191856388
699392,1784191856419
700416,1784191856438
701440,1784191856458
702464,1784191856488
703488,1784191856508
704512,1784191856529
705536,1784191856559
706560,1784191856579
707584,1784191856598
708608,1784191856629
709632,1784191856649
710656,1784191856668
711680,1784191856698
712704,1784191856719
713728,1784191856738
714752,1784191856769
715776,1784191856788
716800,1784191856808
717824,1784191856838
718848,1784191856859
719872,1784191856879
720896,1784191856909
721920,1784191856928
722944,1784191856948
723968,1784191856969
724992,1784191856999
726016,1784191857019
727040,1784191857038
728064,1784191857068
729088,1784191857088
730112,1784191857108
731136,1784191857139
732160,1784191857159
733184,1784191857179
734208,1784191857208
735232,1784191857228
736256,1784191857248
737280,1784191857279
738304,1784191857299
739328,1784191857318
740352,1784191857349
741376,1784191857369
742400,1784191857388
743424,1784191857419
744448,1784191857439
745472,1784191857459
746496,1784191857488
747520,1784191857508
748544,1784191857529
749568,1784191857558
750592,1784191857578
751616,1784191857599
752640,1784191857619
753664,1784191857648
754688,1784191857669
755712,1784191857689
756736,1784191857718
757760,1784191857738
758784,1784191857758
759808,1784191857789
760832,1784191857809
761856,1784191857829
762880,1784191857858
763904,1784191857879
764928,1784191857899
765952,1784191857929
766976,1784191857948
768000,1784191857968
769024,1784191857999
770048,1784191858018
771072,1784191858039
772096,1784191858069
773120,1784191858088
774144,1784191858108
775168,1784191858139
776192,1784191858158
777216,1784191858178
778240,1784191858209
779264,1784191858229
780288,1784191858249
781312,1784191858279
782336,1784191858299
783360,1784191858318
784384,1784191858339
785408,1784191858368
786432,1784191858389
787456,1784191858409
788480,1784191858439
789504,1784191858459
790528,1784191858479
791552,1784191858509
792576,1784191858529
793600,1784191858549
794624,1784191858579
795648,1784191858599
796672,1784191858619
797696,1784191858649
798720,1784191858669
799744,1784191858688
800768,1784191858719
801792,1784191858738
802816,1784191858759
803840,1784191858788
804864,1784191858809
805888,1784191858829
806912,1784191858859
807936,1784191858879
808960,1784191858899
809984,1784191858929
811008,1784191858948
812032,1784191858969
813056,1784191858989
814080,1784191859019
815104,1784191859039
816128,1784191859059
817152,1784191859089
818176,1784191859108
819200,1784191859129
820224,1784191859158
821248,1784191859179
822272,1784191859199
823296,1784191859229
824320,1784191859249
825344,1784191859269
826368,1784191859299
827392,1784191859319
828416,1784191859339
829440,1784191859369
830464,1784191859389
831488,1784191859408
832512,1784191859439
833536,1784191859458
834560,1784191859479
835584,1784191859508
836608,1784191859528
837632,1784191859549
838656,1784191859579
839680,1784191859599
840704,1784191859618
841728,1784191859649
842752,1784191859668
843776,1784191859689
844800,1784191859709
845824,1784191859739
846848,1784191859759
847872,1784191859779
848896,1784191859809
849920,1784191859828
850944,1784191859849
851968,1784191859878
852992,1784191859899
854016,1784191859919
855040,1784191859949
856064,1784191859969
857088,1784191859989
858112,1784191860019
859136,1784191860039
860160,1784191860058
861184,1784191860088
862208,1784191860108
863232,1784191860129
864256,1784191860158
865280,1784191860179
866304,1784191860199
867328,1784191860229
868352,1784191860249
869376,1784191860269
870400,1784191860299
871424,1784191860319
872448,1784191860339
873472,1784191860358
874496,1784191860389
875520,1784191860408
876544,1784191860429
877568,1784191860458
878592,1784191860479
879616,1784191860499
880640,1784191860529
881664,1784191860549
882688,1784191860569
883712,1784191860599
884736,1784191860619
885760,1784191860639
886784,1784191860668
887808,1784191860689
888832,1784191860709
889856,1784191860739
890880,1784191860759
891904,1784191860779
892928,1784191860809
893952,1784191860829
894976,1784191860849
896000,1784191860879
897024,1784191860899
898048,1784191860918
899072,1784191860948
900096,1784191860969
901120,1784191860988
902144,1784191861009
903168,1784191861039
904192,1784191861059
905216,1784191861078
906240,1784191861108
907264,1784191861129
908288,1784191861149
909312,1784191861178
910336,1784191861198
911360,1784191861218
912384,1784191861249
913408,1784191861268
914432,1784191861288
915456,1784191861319
916480,1784191861339
917504,1784191861358
918528,1784191861388
