FrameID,timestamp_ms
0,1784191718688
1024,1784191718708
2048,1784191718728
3072,1784191718758
4096,1784191718777
5120,1784191718797
6144,1784191718828
7168,1784191718848
8192,1784191718868
9216,1784191718898
10240,1784191718917
11264,1784191718938
12288,1784191718968
13312,1784191718988
14336,1784191719008
15360,1784191719037
16384,1784191719058
17408,1784191719078
18432,1784191719107
19456,1784191719127
20480,1784191719148
21504,1784191719178
22528,1784191719197
23552,1784191719217
24576,1784191719248
25600,1784191719268
26624,1784191719288
27648,1784191719318
28672,1784191719337
29696,1784191719358
30720,1784191719378
31744,1784191719408
32768,1784191719427
33792,1784191719448
34816,1784191719477
35840,1784191719497
36864,1784191719518
37888,1784191719548
38912,1784191719568
39936,1784191719588
40960,1784191719617
41984,1784191719637
43008,1784191719657
44032,1784191719687
45056,1784191719708
46080,1784191719728
47104,1784191719757
48128,1784191719777
49152,1784191719798
50176,1784191719828
51200,1784191719848
52224,1784191719867
53248,1784191719898
54272,1784191719918
55296,1784191719937
56320,1784191719967
57344,1784191719988
58368,1784191720008
59392,1784191720028
60416,1784191720058
61440,1784191720078
62464,1784191720097
63488,1784191720127
64512,1784191720148
65536,1784191720167
66560,1784191720198
67584,1784191720218
68608,1784191720238
69632,1784191720268
70656,1784191720287
71680,1784191720308
72704,1784191720337
73728,1784191720357
74752,1784191720378
75776,1784191720408
76800,1784191720427
77824,1784191720447
78848,1784191720478
79872,1784191720498
80896,1784191720518
81920,1784191720547
82944,1784191720568
83968,1784191720588
84992,1784191720617
86016,1784191720638
87040,1784191720658
88064,1784191720687
89088,1784191720708
90112,1784191720727
91136,1784191720748
92160,1784191720778
93184,1784191720797
94208,1784191720818
95232,1784191720848
96256,1784191720868
97280,1784191720887
98304,1784191720918
99328,1784191720938
100352,1784191720958
101376,1784191720988
102400,1784191721007
103424,1784191721028
104448,1784191721058
105472,1784191721078
106496,1784191721097
107520,1784191721128
108544,1784191721148
109568,1784191721168
110592,1784191721198
111616,1784191721218
112640,1784191721238
113664,1784191721267
114688,1784191721287
115712,1784191721307
116736,1784191721338
117760,1784191721358
118784,1784191721378
119808,1784191721398
120832,1784191721427
121856,1784191721448
122880,1784191721467
123904,1784191721497
124928,1784191721518
125952,1784191721538
126976,1784191721567
128000,1784191721587
129024,1784191721607
130048,1784191721638
131072,1784191721658
132096,1784191721678
133120,1784191721707
134144,1784191721727
135168,1784191721748
136192,1784191721778
137216,1784191721797
138240,1784191721817
139264,1784191721848
140288,1784191721868
141312,1784191721888
142336,1784191721918
143360,1784191721938
144384,1784191721958
145408,1784191721987
146432,1784191722008
147456,1784191722028
148480,1784191722058
149504,1784191722077
150528,1784191722097
151552,1784191722118
152576,1784191722148
153600,1784191722168
154624,1784191722188
155648,1784191722217
156672,1784191722238
157696,1784191722258
158720,1784191722287
159744,1784191722308
160768,1784191722328
161792,1784191722357
162816,1784191722378
163840,1784191722398
164864,1784191722427
165888,1784191722448
166912,1784191722468
167936,1784191722498
168960,1784191722517
169984,1784191722538
171008,1784191722567
172032,1784191722587
173056,1784191722607
174080,1784191722638
175104,1784191722657
176128,1784191722678
177152,1784191722708
178176,1784191722727
179200,1784191722748
180224,1784191722767
181248,1784191722797
182272,1784191722818
183296,1784191722838
184320,1784191722867
185344,1784191722887
186368,1784191722908
187392,1784191722938
188416,1784191722957
189440,1784191722978
190464,1784191723008
191488,1784191723027
192512,1784191723047
193536,1784191723078
194560,1784191723097
195584,1784191723118
196608,1784191723148
197632,1784191723167
198656,1784191723188
199680,1784191723217
200704,1784191723238
201728,1784191723258
202752,1784191723287
203776,1784191723308
204800,1784191723328
205824,1784191723358
206848,1784191723378
207872,1784191723398
208896,1784191723428
209920,1784191723447
210944,1784191723468
211968,1784191723488
212992,1784191723517
214016,1784191723537
215040,1784191723558
216064,1784191723588
217088,1784191723607
218112,1784191723628
219136,1784191723658
220160,1784191723678
221184,1784191723698
222208,1784191723727
223232,1784191723747
224256,1784191723767
225280,1784191723798
226304,1784191723818
227328,1784191723837
228352,1784191723867
229376,1784191723888
230400,1784191723908
231424,1784191723937
232448,1784191723958
233472,1784191723978
234496,1784191724007
235520,1784191724027
236544,1784191724048
237568,1784191724078
238592,1784191724097
239616,1784191724118
240640,1784191724138
241664,1784191724167
242688,1784191724188
243712,1784191724208
244736,1784191724238
245760,1784191724258
246784,1784191724277
247808,1784191724308
248832,1784191724328
249856,1784191724348
250880,1784191724378
251904,1784191724398
252928,1784191724418
253952,1784191724448
254976,1784191724468
256000,1784191724488
257024,1784191724517
258048,1784191724537
259072,1784191724558
260096,1784191724588
261120,1784191724607
262144,1784191724628
263168,1784191724658
264192,1784191724677
265216,1784191724697
266240,1784191724728
267264,1784191724748
268288,1784191724768
269312,1784191724797
270336,1784191724818
271360,1784191724838
272384,1784191724858
273408,1784191724887
274432,1784191724907
275456,1784191724928
276480,1784191724958
277504,1784191724978
278528,1784191724997
279552,1784191725027
280576,1784191725048
281600,1784191725067
282624,1784191725097
283648,1784191725118
284672,1784191725138
285696,1784191725167
286720,1784191725187
287744,1784191725208
288768,1784191725238
289792,1784191725258
290816,1784191725278
291840,1784191725307
292864,1784191725328
293888,1784191725347
294912,1784191725378
295936,1784191725398
296960,1784191725417
297984,1784191725448
299008,1784191725468
300032,1784191725488
301056,1784191725507
302080,1784191725538
303104,1784191725558
304128,1784191725578
305152,1784191725607
306176,1784191725628
307200,1784191725648
308224,1784191725678
309248,1784191725697
310272,1784191725717
311296,1784191725747
312320,1784191725768
313344,1784191725788
314368,1784191725817
315392,1784191725838
316416,1784191725858
317440,1784191725887
318464,1784191725907
319488,1784191725928
320512,1784191725958
321536,1784191725978
322560,1784191725998
323584,1784191726027
324608,1784191726048
325632,1784191726068
326656,1784191726097
327680,1784191726117
328704,1784191726137
329728,1784191726168
330752,1784191726188
331776,1784191726207
332800,1784191726227
333824,1784191726258
334848,1784191726277
335872,1784191726297
336896,1784191726328
337920,1784191726348
338944,1784191726367
339968,1784191726398
340992,1784191726417
342016,1784191726438
343040,1784191726468
344064,1784191726488
345088,1784191726508
346112,1784191726537
347136,1784191726558
348160,1784191726578
349184,1784191726608
350208,1784191726628
351232,1784191726648
352256,1784191726677
353280,1784191726698
354304,1784191726718
355328,1784191726748
356352,1784191726767
357376,1784191726787
358400,1784191726818
359424,1784191726838
360448,1784191726857
361472,1784191726877
362496,1784191726908
363520,1784191726927
364544,1784191726947
365568,1784191726977
366592,1784191726998
367616,1784191727018
368640,1784191727048
369664,1784191727068
370688,1784191727087
371712,1784191727117
372736,1784191727138
373760,1784191727158
374784,1784191727187
375808,1784191727208
376832,1784191727228
377856,1784191727258
378880,1784191727277
379904,1784191727298
380928,1784191727328
381952,1784191727348
382976,1784191727367
384000,1784191727397
385024,1784191727418
386048,1784191727438
387072,1784191727467
388096,1784191727487
389120,1784191727507
390144,1784191727538
391168,1784191727558
392192,1784191727577
393216,1784191727598
394240,1784191727628
395264,1784191727647
396288,1784191727667
397312,1784191727698
398336,1784191727718
399360,1784191727738
400384,1784191727767
401408,1784191727787
402432,1784191727808
403456,1784191727838
404480,1784191727857
405504,1784191727878
406528,1784191727908
407552,1784191727927
408576,1784191727948
409600,1784191727978
410624,1784191727997
411648,1784191728018
412672,1784191728048
413696,1784191728067
414720,1784191728088
415744,1784191728118
416768,1784191728137
417792,1784191728157
418816,1784191728188
419840,1784191728208
420864,1784191728227
421888,1784191728248
422912,1784191728278
423936,1784191728297
424960,1784191728318
425984,1784191728348
427008,1784191728368
428032,1784191728388
429056,1784191728418
430080,1784191728438
431104,1784191728457
432128,1784191728488
433152,1784191728508
434176,1784191728527
435200,1784191728557
436224,1784191728578
437248,1784191728598
438272,1784191728627
439296,1784191728647
440320,1784191728668
441344,1784191728698
442368,1784191728718
443392,1784191728738
444416,1784191728767
445440,1784191728788
446464,1784191728808
447488,1784191728838
448512,1784191728858
449536,1784191728878
450560,1784191728897
451584,1784191728927
452608,1784191728947
453632,1784191728967
454656,1784191728997
455680,1784191729018
456704,1784191729038
457728,1784191729068
458752,1784191729087
459776,1784191729107
460800,1784191729138
461824,1784191729158
462848,1784191729177
463872,1784191729208
464896,1784191729228
465920,1784191729249
466944,1784191729278
467968,1784191729298
468992,1784191729318
470016,1784191729348
471040,1784191729368
472064,1784191729387
473088,1784191729418
474112,1784191729438
475136,1784191729458
476160,1784191729488
477184,1784191729507
478208,1784191729528
479232,1784191729558
480256,1784191729577
481280,1784191729597
482304,1784191729618
483328,1784191729648
484352,1784191729667
485376,1784191729687
486400,1784191729718
487424,1784191729738
488448,1784191729757
489472,1784191729788
490496,1784191729807
491520,1784191729827
492544,1784191729857
493568,1784191729877
494592,1784191729898
495616,1784191729928
496640,1784191729947
497664,1784191729967
498688,1784191729998
499712,1784191730018
500736,1784191730038
501760,1784191730067
502784,1784191730087
503808,1784191730107
504832,1784191730138
505856,1784191730158
506880,1784191730177
507904,1784191730207
508928,1784191730227
509952,1784191730248
510976,1784191730268
512000,1784191730298
513024,1784191730318
514048,1784191730338
515072,1784191730367
516096,1784191730387
517120,1784191730408
518144,1784191730438
519168,1784191730458
520192,1784191730478
521216,1784191730508
522240,1784191730528
523264,1784191730548
524288,1784191730578
525312,1784191730598
526336,1784191730618
527360,1784191730647
528384,1784191730668
529408,1784191730688
530432,1784191730718
531456,1784191730738
532480,1784191730757
533504,1784191730787
534528,1784191730808
535552,1784191730828
536576,1784191730857
537600,1784191730877
538624,1784191730897
539648,1784191730928
540672,1784191730947
541696,1784191730967
542720,1784191730988
543744,1784191731017
544768,1784191731037
545792,1784191731058
546816,1784191731088
547840,1784191731107
548864,1784191731127
549888,1784191731158
550912,1784191731177
551936,1784191731197
552960,1784191731228
553984,1784191731248
555008,1784191731267
556032,1784191731297
557056,1784191731318
558080,1784191731338
559104,1784191731367
560128,1784191731388
561152,1784191731408
562176,1784191731437
563200,1784191731457
564224,1784191731478
565248,1784191731508
566272,1784191731527
567296,1784191731547
568320,1784191731577
569344,1784191731597
570368,1784191731618
571392,1784191731638
572416,1784191731668
573440,1784191731688
574464,1784191731708
575488,1784191731738
576512,1784191731758
577536,1784191731778
578560,1784191731808
579584,1784191731828
580608,1784191731848
581632,1784191731877
582656,1784191731897
583680,1784191731918
584704,1784191731948
585728,1784191731967
586752,1784191731988
587776,1784191732018
588800,1784191732037
589824,1784191732057
590848,1784191732088
591872,1784191732108
592896,1784191732128
593920,1784191732157
594944,1784191732177
595968,1784191732198
596992,1784191732228
598016,1784191732247
599040,1784191732268
600064,1784191732298
601088,1784191732317
602112,1784191732337
603136,1784191732357
604160,1784191732387
605184,1784191732408
606208,1784191732427
607232,1784191732457
608256,1784191732477
609280,1784191732498
610304,1784191732528
611328,1784191732547
612352,1784191732567
613376,1784191732598
614400,1784191732618
615424,1784191732638
616448,1784191732667
617472,1784191732687
618496,1784191732708
619520,1784191732738
620544,1784191732757
621568,1784191732777
622592,1784191732808
623616,1784191732828
624640,1784191732848
625664,1784191732878
626688,1784191732898
627712,1784191732917
628736,1784191732947
629760,1784191732968
630784,1784191732988
631808,1784191733007
632832,1784191733038
633856,1784191733058
634880,1784191733078
635904,1784191733107
636928,1784191733128
637952,1784191733148
638976,1784191733178
640000,1784191733197
641024,1784191733217
642048,1784191733248
643072,1784191733268
644096,1784191733288
645120,1784191733318
646144,1784191733337
647168,1784191733358
648192,1784191733388
649216,1784191733407
650240,1784191733428
651264,1784191733458
652288,1784191733478
653312,1784191733497
654336,1784191733528
655360,1784191733548
656384,1784191733567
657408,1784191733598
658432,1784191733618
659456,1784191733638
660480,1784191733668
661504,1784191733687
662528,1784191733707
663552,1784191733728
664576,1784191733757
665600,1784191733777
666624,1784191733797
667648,1784191733828
668672,1784191733847
669696,1784191733868
670720,1784191733898
671744,1784191733917
672768,1784191733937
673792,1784191733968
674816,1784191733988
675840,1784191734008
676864,1784191734037
677888,1784191734057
678912,1784191734077
679936,1784191734108
680960,1784191734128
681984,1784191734147
683008,1784191734178
684032,1784191734198
685056,1784191734218
686080,1784191734247
687104,1784191734267
688128,1784191734287
689152,1784191734317
690176,1784191734338
691200,1784191734357
692224,1784191734377
693248,1784191734408
694272,1784191734428
695296,1784191734447
696320,1784191734478
697344,1784191734498
698368,1784191734518
699392,1784191734547
700416,1784191734567
701440,1784191734587
702464,1784191734618
703488,1784191734638
704512,1784191734658
705536,1784191734688
706560,1784191734708
707584,1784191734728
708608,1784191734757
709632,1784191734777
710656,1784191734798
711680,1784191734828
712704,1784191734847
713728,1784191734868
714752,1784191734897
715776,1784191734917
716800,1784191734937
717824,1784191734967
718848,1784191734987
719872,1784191735007
720896,1784191735038
721920,1784191735058
722944,1784191735077
723968,1784191735097
724992,1784191735128
726016,1784191735148
727040,1784191735168
728064,1784191735197
729088,1784191735217
730112,1784191735238
731136,1784191735268
732160,1784191735287
733184,1784191735307
734208,1784191735337
735232,1784191735358
736256,1784191735378
737280,1784191735407
738304,1784191735428
739328,1784191735448
740352,1784191735478
741376,1784191735498
742400,1784191735518
743424,1784191735548
744448,1784191735567
745472,1784191735587
746496,1784191735618
747520,1784191735638
748544,1784191735657
749568,1784191735688
750592,1784191735707
751616,1784191735728
752640,1784191735748
753664,1784191735777
754688,1784191735798
755712,1784191735818
756736,1784191735847
757760,1784191735867
758784,1784191735888
759808,1784191735918
760832,1784191735938
761856,1784191735958
762880,1784191735988
763904,1784191736007
764928,1784191736027
765952,1784191736058
766976,1784191736078
768000,1784191736097
769024,1784191736128
770048,1784191736148
771072,1784191736167
772096,1784191736197
773120,1784191736218
774144,1784191736238
775168,1784191736267
776192,1784191736288
777216,1784191736308
778240,1784191736337
779264,1784191736357
780288,1784191736377
781312,1784191736407
782336,1784191736428
783360,1784191736447
784384,1784191736467
785408,1784191736498
786432,1784191736518
787456,1784191736538
788480,1784191736567
789504,1784191736588
790528,1784191736608
791552,1784191736637
792576,1784191736658
793600,1784191736678
794624,1784191736708
795648,1784191736728
796672,1784191736747
797696,1784191736778
798720,1784191736798
799744,1784191736818
800768,1784191736847
801792,1784191736867
802816,1784191736888
803840,1784191736918
804864,1784191736938
805888,1784191736958
806912,1784191736987
807936,1784191737008
808960,1784191737028
809984,1784191737057
811008,1784191737078
812032,1784191737098
813056,1784191737117
814080,1784191737148
815104,1784191737167
816128,1784191737188
817152,1784191737217
818176,1784191737238
819200,1784191737258
820224,1784191737288
821248,1784191737308
822272,1784191737328
823296,1784191737358
824320,1784191737378
825344,1784191737398
826368,1784191737427
827392,1784191737448
828416,1784191737468
829440,1784191737497
830464,1784191737518
831488,1784191737538
832512,1784191737568
833536,1784191737588
834560,1784191737608
835584,1784191737638
836608,1784191737658
837632,1784191737678
838656,1784191737707
839680,1784191737728
840704,1784191737748
841728,1784191737778
842752,1784191737798
843776,1784191737818
844800,1784191737838
845824,1784191737868
846848,1784191737888
847872,1784191737907
848896,1784191737938
849920,1784191737958
850944,1784191737978
851968,1784191738008
852992,1784191738028
854016,1784191738048
855040,1784191738078
856064,1784191738098
857088,1784191738117
858112,1784191738148
859136,1784191738167
860160,1784191738188
861184,1784191738217
862208,1784191738238
863232,1784191738258
864256,1784191738288
865280,1784191738308
866304,1784191738328
867328,1784191738358
868352,1784191738378
869376,1784191738398
870400,1784191738427
871424,1784191738447
872448,1784191738468
873472,1784191738488
874496,1784191738518
875520,1784191738538
876544,1784191738558
877568,1784191738588
878592,1784191738608
879616,1784191738628
880640,1784191738658
881664,1784191738678
882688,1784191738697
883712,1784191738728
884736,1784191738747
885760,1784191738768
886784,1784191738797
887808,1784191738818
888832,1784191738838
889856,1784191738868
890880,1784191738888
891904,1784191738907
892928,1784191738938
893952,1784191738958
894976,1784191738978
896000,1784191739008
897024,1784191739028
898048,1784191739047
899072,1784191739078
900096,1784191739097
901120,1784191739118
902144,1784191739138
903168,1784191739168
904192,1784191739188
905216,1784191739208
906240,1784191739238
907264,1784191739257
908288,1784191739278
909312,1784191739308
910336,1784191739328
911360,1784191739348
912384,1784191739378
913408,1784191739398
914432,1784191739417
915456,1784191739447
916480,1784191739468
917504,1784191739488
918528,1784191739518
919552,1784191739538
920576,1784191739558
921600,1784191739588
922624,1784191739607
923648,1784191739628
924672,1784191739657
925696,1784191739678
926720,1784191739697
927744,1784191739728
928768,1784191739747
929792,1784191739768
930816,1784191739797
931840,1784191739818
932864,1784191739838
933888,1784191739858
934912,1784191739888
935936,1784191739908
936960,1784191739928
937984,1784191739957
939008,1784191739978
940032,1784191739998
941056,1784191740027
942080,1784191740047
943104,1784191740067
944128,1784191740097
945152,1784191740117
946176,1784191740137
947200,1784191740168
948224,1784191740187
949248,1784191740208
950272,1784191740237
951296,1784191740258
952320,1784191740278
953344,1784191740308
954368,1784191740328
955392,1784191740348
956416,1784191740378
957440,1784191740398
958464,1784191740418
959488,1784191740448
960512,1784191740467
961536,1784191740488
962560,1784191740508
963584,1784191740538
964608,1784191740558
965632,1784191740578
966656,1784191740608
967680,1784191740628
968704,1784191740648
969728,1784191740678
970752,1784191740698
971776,1784191740717
972800,1784191740748
973824,1784191740767
974848,1784191740788
975872,1784191740817
976896,1784191740838
977920,1784191740858
978944,1784191740888
979968,1784191740908
980992,1784191740928
982016,1784191740957
983040,1784191740978
984064,1784191740998
985088,1784191741028
986112,1784191741048
987136,1784191741068
988160,1784191741098
989184,1784191741117
990208,1784191741138
991232,1784191741168
992256,1784191741188
993280,1784191741207
994304,1784191741228
995328,1784191741257
996352,1784191741278
997376,1784191741298
998400,1784191741328
999424,1784191741348
1000448,1784191741367
1001472,1784191741398
1002496,1784191741417
1003520,1784191741438
1004544,1784191741467
1005568,1784191741488
1006592,1784191741508
1007616,1784191741538
1008640,1784191741558
1009664,1784191741578
1010688,1784191741608
1011712,1784191741628
1012736,1784191741648
1013760,1784191741678
1014784,1784191741698
1015808,1784191741717
1016832,1784191741748
1017856,1784191741767
1018880,1784191741788
1019904,1784191741817
1020928,1784191741838
1021952,1784191741858
1022976,1784191741878
1024000,1784191741908
1025024,1784191741928
1026048,1784191741947
1027072,1784191741978
1028096,1784191741997
1029120,1784191742018
1030144,1784191742047
1031168,1784191742068
1032192,1784191742088
1033216,1784191742118
1034240,1784191742138
1035264,1784191742158
1036288,1784191742188
1037312,1784191742208
1038336,1784191742227
1039360,1784191742258
1040384,1784191742277
1041408,1784191742298
1042432,1784191742327
1043456,1784191742348
1044480,1784191742368
1045504,1784191742397
1046528,1784191742418
1047552,1784191742437
1048576,1784191742468
1049600,1784191742487
1050624,1784191742507
1051648,1784191742538
1052672,1784191742557
1053696,1784191742578
1054720,1784191742597
1055744,1784191742628
1056768,1784191742647
1057792,1784191742668
1058816,1784191742697
1059840,1784191742718
1060864,1784191742738
1061888,1784191742768
1062912,1784191742788
1063936,1784191742807
1064960,1784191742838
1065984,1784191742857
1067008,1784191742878
1068032,1784191742907
1069056,1784191742928
1070080,1784191742948
1071104,1784191742978
1072128,1784191742998
1073152,1784191743018
1074176,1784191743048
1075200,1784191743067
1076224,1784191743088
1077248,1784191743117
1078272,1784191743138
1079296,1784191743157
1080320,1784191743188
1081344,1784191743208
1082368,1784191743228
1083392,1784191743248
1084416,1784191743278
1085440,1784191743298
1086464,1784191743318
1087488,1784191743347
1088512,1784191743367
1089536,1784191743387
1090560,1784191743418
1091584,1784191743438
1092608,1784191743458
