FrameID,timestamp_ms
0,1784255872398
1024,1784255872416
2048,1784255872436
3072,1784255872466
4096,1784255872486
5120,1784255872506
6144,1784255872536
7168,1784255872557
8192,1784255872576
9216,1784255872606
10240,1784255872626
11264,1784255872646
12288,1784255872676
13312,1784255872696
14336,1784255872716
15360,1784255872746
16384,1784255872766
17408,1784255872786
18432,1784255872816
19456,1784255872836
20480,1784255872856
21504,1784255872886
22528,1784255872906
23552,1784255872926
24576,1784255872956
25600,1784255872976
26624,1784255872996
27648,1784255873026
28672,1784255873046
29696,1784255873066
30720,1784255873086
31744,1784255873116
32768,1784255873136
33792,1784255873156
34816,1784255873186
35840,1784255873206
36864,1784255873226
37888,1784255873256
38912,1784255873276
39936,1784255873296
40960,1784255873326
41984,1784255873346
43008,1784255873366
44032,1784255873396
45056,1784255873416
46080,1784255873436
47104,1784255873466
48128,1784255873486
49152,1784255873506
50176,1784255873536
51200,1784255873556
52224,1784255873576
53248,1784255873606
54272,1784255873626
55296,1784255873646
56320,1784255873676
57344,1784255873696
58368,1784255873716
59392,1784255873736
60416,1784255873766
61440,1784255873786
62464,1784255873806
63488,1784255873836
64512,1784255873857
65536,1784255873876
66560,1784255873906
67584,1784255873926
68608,1784255873946
69632,1784255873976
70656,1784255873996
71680,1784255874016
72704,1784255874046
73728,1784255874066
74752,1784255874086
75776,1784255874116
76800,1784255874136
77824,1784255874156
78848,1784255874186
79872,1784255874206
80896,1784255874226
81920,1784255874256
82944,1784255874276
83968,1784255874296
84992,1784255874326
86016,1784255874346
87040,1784255874366
88064,1784255874396
89088,1784255874416
90112,1784255874436
91136,1784255874457
92160,1784255874486
93184,1784255874506
94208,1784255874526
95232,1784255874556
96256,1784255874576
97280,1784255874596
98304,1784255874626
99328,1784255874646
100352,1784255874666
101376,1784255874696
102400,1784255874716
103424,1784255874736
104448,1784255874766
105472,1784255874786
106496,1784255874806
107520,1784255874836
108544,1784255874856
109568,1784255874876
110592,1784255874906
111616,1784255874926
112640,1784255874946
113664,1784255874976
114688,1784255874996
115712,1784255875016
116736,1784255875046
117760,1784255875066
118784,1784255875086
119808,1784255875106
120832,1784255875136
121856,1784255875156
122880,1784255875176
123904,1784255875206
124928,1784255875226
125952,1784255875246
126976,1784255875276
128000,1784255875296
129024,1784255875316
130048,1784255875346
131072,1784255875366
132096,1784255875386
133120,1784255875416
134144,1784255875436
135168,1784255875456
136192,1784255875486
137216,1784255875506
138240,1784255875526
139264,1784255875556
140288,1784255875576
141312,1784255875596
142336,1784255875626
143360,1784255875646
144384,1784255875666
145408,1784255875697
146432,1784255875716
147456,1784255875736
148480,1784255875766
149504,1784255875786
150528,1784255875806
151552,1784255875826
152576,1784255875856
153600,1784255875876
154624,1784255875896
155648,1784255875926
156672,1784255875946
157696,1784255875966
158720,1784255875996
159744,1784255876016
160768,1784255876036
161792,1784255876066
162816,1784255876086
163840,1784255876106
164864,1784255876136
165888,1784255876156
166912,1784255876176
167936,1784255876206
168960,1784255876226
169984,1784255876247
171008,1784255876276
172032,1784255876296
173056,1784255876316
174080,1784255876346
175104,1784255876366
176128,1784255876386
177152,1784255876416
178176,1784255876436
179200,1784255876456
180224,1784255876476
181248,1784255876506
182272,1784255876526
183296,1784255876546
184320,1784255876576
185344,1784255876596
186368,1784255876616
187392,1784255876646
188416,1784255876666
189440,1784255876686
190464,1784255876716
191488,1784255876736
192512,1784255876756
193536,1784255876786
194560,1784255876806
195584,1784255876826
196608,1784255876856
197632,1784255876876
198656,1784255876896
199680,1784255876926
200704,1784255876946
201728,1784255876966
202752,1784255876996
203776,1784255877016
204800,1784255877036
205824,1784255877066
206848,1784255877086
207872,1784255877106
208896,1784255877136
209920,1784255877156
210944,1784255877176
211968,1784255877196
212992,1784255877226
214016,1784255877246
215040,1784255877266
216064,1784255877296
217088,1784255877316
218112,1784255877336
219136,1784255877366
220160,1784255877386
221184,1784255877406
222208,1784255877436
223232,1784255877456
224256,1784255877476
225280,1784255877506
226304,1784255877526
227328,1784255877546
228352,1784255877576
229376,1784255877596
230400,1784255877616
231424,1784255877646
232448,1784255877666
233472,1784255877686
234496,1784255877716
235520,1784255877736
236544,1784255877756
237568,1784255877786
238592,1784255877806
239616,1784255877826
240640,1784255877846
241664,1784255877876
242688,1784255877896
243712,1784255877916
244736,1784255877946
245760,1784255877966
246784,1784255877986
247808,1784255878017
248832,1784255878036
249856,1784255878056
250880,1784255878086
251904,1784255878106
252928,1784255878126
253952,1784255878156
254976,1784255878177
256000,1784255878196
257024,1784255878226
258048,1784255878246
259072,1784255878266
260096,1784255878296
261120,1784255878316
262144,1784255878336
263168,1784255878366
264192,1784255878386
265216,1784255878406
266240,1784255878436
267264,1784255878456
268288,1784255878476
269312,1784255878506
270336,1784255878526
271360,1784255878546
272384,1784255878566
273408,1784255878596
274432,1784255878616
275456,1784255878636
276480,1784255878666
277504,1784255878686
278528,1784255878706
279552,1784255878736
280576,1784255878756
281600,1784255878776
282624,1784255878806
283648,1784255878826
284672,1784255878846
285696,1784255878876
286720,1784255878896
287744,1784255878916
288768,1784255878946
289792,1784255878966
290816,1784255878986
291840,1784255879017
292864,1784255879036
293888,1784255879056
294912,1784255879086
295936,1784255879107
296960,1784255879126
297984,1784255879156
299008,1784255879176
300032,1784255879196
301056,1784255879216
302080,1784255879246
303104,1784255879266
304128,1784255879286
305152,1784255879316
306176,1784255879336
307200,1784255879356
308224,1784255879386
309248,1784255879406
310272,1784255879426
311296,1784255879456
312320,1784255879476
313344,1784255879496
314368,1784255879526
315392,1784255879546
316416,1784255879566
317440,1784255879596
318464,1784255879616
319488,1784255879636
320512,1784255879666
321536,1784255879686
322560,1784255879706
323584,1784255879736
324608,1784255879756
325632,1784255879776
326656,1784255879806
327680,1784255879826
328704,1784255879846
329728,1784255879876
330752,1784255879896
331776,1784255879916
332800,1784255879936
333824,1784255879966
334848,1784255879986
335872,1784255880006
336896,1784255880036
337920,1784255880056
338944,1784255880076
339968,1784255880106
340992,1784255880126
342016,1784255880146
343040,1784255880176
344064,1784255880196
345088,1784255880216
346112,1784255880246
347136,1784255880266
348160,1784255880286
349184,1784255880316
350208,1784255880336
351232,1784255880356
352256,1784255880386
353280,1784255880406
354304,1784255880426
355328,1784255880456
356352,1784255880476
357376,1784255880496
358400,1784255880526
359424,1784255880546
360448,1784255880566
361472,1784255880586
362496,1784255880616
363520,1784255880636
364544,1784255880656
365568,1784255880686
366592,1784255880706
367616,1784255880726
368640,1784255880756
369664,1784255880776
370688,1784255880796
371712,1784255880826
372736,1784255880846
373760,1784255880866
374784,1784255880896
375808,1784255880916
376832,1784255880936
377856,1784255880966
378880,1784255880986
379904,1784255881006
380928,1784255881036
381952,1784255881056
382976,1784255881076
384000,1784255881106
385024,1784255881126
386048,1784255881146
387072,1784255881176
388096,1784255881196
389120,1784255881216
390144,1784255881246
391168,1784255881266
392192,1784255881286
393216,1784255881306
394240,1784255881336
395264,1784255881356
396288,1784255881376
397312,1784255881406
398336,1784255881426
399360,1784255881446
400384,1784255881477
401408,1784255881496
402432,1784255881516
403456,1784255881546
404480,1784255881566
405504,1784255881586
406528,1784255881616
407552,1784255881636
408576,1784255881656
409600,1784255881686
410624,1784255881706
411648,1784255881726
412672,1784255881756
413696,1784255881776
414720,1784255881796
415744,1784255881826
416768,1784255881846
417792,1784255881866
418816,1784255881896
419840,1784255881916
420864,1784255881936
421888,1784255881956
422912,1784255881986
423936,1784255882006
424960,1784255882026
425984,1784255882056
427008,1784255882076
428032,1784255882096
429056,1784255882126
430080,1784255882146
431104,1784255882166
432128,1784255882196
433152,1784255882216
434176,1784255882236
435200,1784255882266
436224,1784255882286
437248,1784255882306
438272,1784255882336
439296,1784255882356
440320,1784255882376
441344,1784255882406
442368,1784255882426
443392,1784255882446
444416,1784255882476
445440,1784255882496
446464,1784255882516
447488,1784255882546
448512,1784255882566
449536,1784255882586
450560,1784255882606
451584,1784255882636
452608,1784255882656
453632,1784255882676
454656,1784255882706
455680,1784255882726
456704,1784255882746
457728,1784255882776
458752,1784255882796
459776,1784255882816
460800,1784255882846
461824,1784255882866
462848,1784255882886
463872,1784255882916
464896,1784255882936
465920,1784255882956
466944,1784255882986
467968,1784255883006
468992,1784255883026
470016,1784255883056
471040,1784255883076
472064,1784255883096
473088,1784255883126
474112,1784255883146
475136,1784255883166
476160,1784255883196
477184,1784255883216
478208,1784255883236
479232,1784255883266
480256,1784255883286
481280,1784255883306
482304,1784255883326
483328,1784255883356
484352,1784255883376
485376,1784255883396
486400,1784255883426
487424,1784255883446
488448,1784255883466
489472,1784255883496
490496,1784255883516
491520,1784255883536
492544,1784255883566
493568,1784255883586
494592,1784255883606
495616,1784255883636
496640,1784255883656
497664,1784255883676
498688,1784255883706
499712,1784255883726
500736,1784255883746
501760,1784255883776
502784,1784255883796
503808,1784255883816
504832,1784255883846
505856,1784255883866
506880,1784255883886
507904,1784255883916
508928,1784255883936
509952,1784255883956
510976,1784255883976
512000,1784255884006
513024,1784255884026
514048,1784255884046
515072,1784255884076
516096,1784255884096
517120,1784255884116
518144,1784255884146
519168,1784255884166
520192,1784255884186
521216,1784255884216
522240,1784255884236
523264,1784255884256
524288,1784255884286
525312,1784255884306
526336,1784255884326
527360,1784255884356
528384,1784255884376
529408,1784255884397
530432,1784255884426
531456,1784255884446
532480,1784255884466
533504,1784255884496
534528,1784255884516
535552,1784255884536
536576,1784255884566
537600,1784255884586
538624,1784255884606
539648,1784255884636
540672,1784255884656
541696,1784255884676
542720,1784255884696
543744,1784255884726
544768,1784255884746
545792,1784255884766
546816,1784255884796
547840,1784255884816
548864,1784255884836
549888,1784255884866
550912,1784255884886
551936,1784255884906
552960,1784255884936
553984,1784255884956
555008,1784255884976
556032,1784255885006
557056,1784255885026
558080,1784255885046
559104,1784255885076
560128,1784255885096
561152,1784255885116
562176,1784255885147
563200,1784255885166
564224,1784255885186
565248,1784255885216
566272,1784255885236
567296,1784255885256
568320,1784255885286
569344,1784255885306
570368,1784255885326
571392,1784255885346
572416,1784255885376
573440,1784255885396
574464,1784255885416
575488,1784255885446
576512,1784255885466
577536,1784255885486
578560,1784255885516
579584,1784255885536
580608,1784255885556
581632,1784255885586
582656,1784255885606
583680,1784255885626
584704,1784255885656
585728,1784255885676
586752,1784255885696
587776,1784255885726
588800,1784255885746
589824,1784255885766
590848,1784255885796
591872,1784255885816
592896,1784255885836
593920,1784255885866
594944,1784255885886
595968,1784255885906
596992,1784255885936
598016,1784255885956
599040,1784255885976
600064,1784255886006
601088,1784255886026
602112,1784255886046
603136,1784255886066
604160,1784255886096
605184,1784255886116
606208,1784255886136
607232,1784255886166
608256,1784255886186
609280,1784255886206
610304,1784255886236
611328,1784255886256
612352,1784255886276
613376,1784255886306
614400,1784255886326
615424,1784255886346
616448,1784255886376
617472,1784255886396
618496,1784255886416
619520,1784255886446
620544,1784255886466
621568,1784255886486
622592,1784255886516
623616,1784255886536
624640,1784255886556
625664,1784255886586
626688,1784255886606
627712,1784255886626
628736,1784255886656
629760,1784255886676
630784,1784255886696
631808,1784255886716
632832,1784255886746
633856,1784255886766
634880,1784255886786
635904,1784255886816
636928,1784255886836
637952,1784255886856
638976,1784255886886
640000,1784255886906
641024,1784255886926
642048,1784255886956
643072,1784255886976
644096,1784255886996
645120,1784255887026
646144,1784255887046
647168,1784255887066
648192,1784255887096
649216,1784255887116
650240,1784255887136
651264,1784255887166
652288,1784255887186
653312,1784255887206
654336,1784255887236
655360,1784255887257
656384,1784255887276
657408,1784255887306
658432,1784255887326
659456,1784255887346
660480,1784255887376
661504,1784255887396
662528,1784255887416
663552,1784255887436
664576,1784255887466
665600,1784255887486
666624,1784255887506
667648,1784255887536
668672,1784255887556
669696,1784255887576
670720,1784255887606
671744,1784255887626
672768,1784255887646
673792,1784255887676
674816,1784255887696
675840,1784255887716
676864,1784255887746
677888,1784255887766
678912,1784255887786
679936,1784255887816
680960,1784255887836
681984,1784255887856
683008,1784255887886
684032,1784255887906
685056,1784255887926
686080,1784255887956
687104,1784255887976
688128,1784255887996
689152,1784255888026
690176,1784255888046
691200,1784255888066
692224,1784255888086
693248,1784255888116
694272,1784255888136
695296,1784255888156
696320,1784255888186
697344,1784255888206
698368,1784255888226
699392,1784255888255
700416,1784255888276
701440,1784255888296
702464,1784255888326
703488,1784255888346
704512,1784255888366
705536,1784255888396
706560,1784255888416
707584,1784255888436
708608,1784255888466
709632,1784255888486
710656,1784255888506
711680,1784255888536
712704,1784255888556
713728,1784255888576
714752,1784255888606
715776,1784255888626
716800,1784255888646
717824,1784255888676
718848,1784255888696
719872,1784255888716
720896,1784255888746
721920,1784255888766
722944,1784255888786
723968,1784255888806
724992,1784255888836
726016,1784255888856
727040,1784255888876
728064,1784255888906
729088,1784255888926
730112,1784255888946
731136,1784255888976
732160,1784255888996
733184,1784255889016
734208,1784255889046
735232,1784255889066
736256,1784255889086
737280,1784255889116
738304,1784255889136
739328,1784255889156
740352,1784255889186
741376,1784255889206
742400,1784255889226
743424,1784255889256
744448,1784255889276
745472,1784255889296
746496,1784255889326
747520,1784255889346
748544,1784255889366
749568,1784255889396
750592,1784255889416
751616,1784255889436
752640,1784255889456
753664,1784255889486
754688,1784255889506
755712,1784255889526
756736,1784255889555
757760,1784255889576
758784,1784255889596
759808,1784255889626
760832,1784255889646
761856,1784255889666
762880,1784255889696
763904,1784255889716
764928,1784255889736
765952,1784255889766
766976,1784255889786
768000,1784255889806
769024,1784255889836
770048,1784255889856
771072,1784255889876
772096,1784255889906
773120,1784255889926
774144,1784255889946
775168,1784255889976
776192,1784255889996
777216,1784255890016
778240,1784255890046
779264,1784255890066
780288,1784255890086
781312,1784255890116
782336,1784255890136
783360,1784255890156
784384,1784255890176
785408,1784255890206
786432,1784255890226
787456,1784255890246
788480,1784255890276
789504,1784255890296
790528,1784255890316
791552,1784255890346
792576,1784255890366
793600,1784255890386
794624,1784255890415
795648,1784255890436
796672,1784255890456
797696,1784255890486
798720,1784255890506
799744,1784255890526
800768,1784255890556
801792,1784255890576
802816,1784255890596
803840,1784255890626
804864,1784255890646
805888,1784255890666
806912,1784255890696
807936,1784255890716
808960,1784255890736
809984,1784255890766
811008,1784255890786
812032,1784255890806
813056,1784255890826
814080,1784255890856
815104,1784255890876
816128,1784255890897
817152,1784255890926
818176,1784255890946
819200,1784255890966
820224,1784255890996
821248,1784255891016
822272,1784255891036
823296,1784255891066
824320,1784255891086
825344,1784255891106
826368,1784255891136
827392,1784255891156
828416,1784255891176
829440,1784255891206
830464,1784255891226
831488,1784255891246
832512,1784255891276
833536,1784255891296
834560,1784255891316
835584,1784255891346
836608,1784255891366
837632,1784255891386
838656,1784255891416
839680,1784255891437
840704,1784255891456
841728,1784255891486
842752,1784255891506
843776,1784255891526
844800,1784255891545
845824,1784255891576
846848,1784255891596
847872,1784255891616
848896,1784255891645
849920,1784255891666
850944,1784255891686
851968,1784255891717
852992,1784255891736
854016,1784255891756
855040,1784255891786
856064,1784255891806
857088,1784255891826
858112,1784255891856
859136,1784255891876
860160,1784255891896
861184,1784255891926
862208,1784255891946
863232,1784255891966
864256,1784255891996
865280,1784255892016
866304,1784255892036
867328,1784255892066
868352,1784255892086
869376,1784255892106
870400,1784255892136
871424,1784255892155
872448,1784255892176
873472,1784255892196
874496,1784255892226
875520,1784255892246
876544,1784255892266
877568,1784255892296
878592,1784255892316
879616,1784255892336
880640,1784255892366
881664,1784255892386
882688,1784255892406
883712,1784255892436
884736,1784255892456
885760,1784255892476
886784,1784255892506
887808,1784255892526
888832,1784255892546
889856,1784255892576
890880,1784255892596
891904,1784255892616
892928,1784255892646
893952,1784255892666
894976,1784255892686
896000,1784255892716
897024,1784255892736
898048,1784255892755
899072,1784255892786
900096,1784255892806
901120,1784255892826
902144,1784255892846
903168,1784255892876
904192,1784255892896
905216,1784255892916
906240,1784255892946
907264,1784255892966
908288,1784255892986
909312,1784255893016
910336,1784255893036
911360,1784255893056
912384,1784255893086
913408,1784255893106
914432,1784255893126
915456,1784255893156
916480,1784255893176
917504,1784255893196
918528,1784255893226
919552,1784255893246
920576,1784255893266
921600,1784255893296
922624,1784255893316
923648,1784255893336
924672,1784255893366
925696,1784255893386
926720,1784255893406
927744,1784255893436
928768,1784255893456
929792,1784255893476
930816,1784255893506
931840,1784255893526
932864,1784255893546
933888,1784255893566
934912,1784255893596
935936,1784255893616
936960,1784255893636
937984,1784255893666
939008,1784255893686
940032,1784255893706
941056,1784255893736
942080,1784255893756
943104,1784255893776
944128,1784255893806
945152,1784255893826
946176,1784255893846
947200,1784255893876
948224,1784255893896
949248,1784255893916
950272,1784255893946
951296,1784255893966
952320,1784255893986
953344,1784255894016
954368,1784255894036
955392,1784255894056
956416,1784255894086
957440,1784255894106
958464,1784255894126
959488,1784255894156
960512,1784255894176
961536,1784255894196
962560,1784255894216
963584,1784255894246
964608,1784255894266
965632,1784255894286
966656,1784255894316
967680,1784255894336
968704,1784255894356
969728,1784255894386
970752,1784255894406
971776,1784255894426
972800,1784255894456
973824,1784255894476
974848,1784255894496
975872,1784255894526
976896,1784255894546
977920,1784255894566
978944,1784255894596
979968,1784255894616
980992,1784255894636
982016,1784255894666
983040,1784255894686
984064,1784255894706
985088,1784255894736
986112,1784255894756
987136,1784255894776
988160,1784255894806
989184,1784255894826
990208,1784255894846
991232,1784255894876
992256,1784255894896
993280,1784255894915
994304,1784255894936
995328,1784255894966
996352,1784255894986
997376,1784255895006
998400,1784255895036
999424,1784255895056
1000448,1784255895076
1001472,1784255895106
1002496,1784255895126
1003520,1784255895146
1004544,1784255895176
1005568,1784255895196
1006592,1784255895216
1007616,1784255895246
1008640,1784255895266
1009664,1784255895286
1010688,1784255895316
1011712,1784255895336
1012736,1784255895357
1013760,1784255895386
1014784,1784255895406
1015808,1784255895426
1016832,1784255895456
1017856,1784255895476
1018880,1784255895495
1019904,1784255895525
1020928,1784255895546
1021952,1784255895566
1022976,1784255895586
1024000,1784255895616
1025024,1784255895636
1026048,1784255895656
1027072,1784255895686
1028096,1784255895706
1029120,1784255895726
1030144,1784255895756
1031168,1784255895776
1032192,1784255895796
1033216,1784255895826
1034240,1784255895846
1035264,1784255895866
1036288,1784255895896
1037312,1784255895916
1038336,1784255895936
1039360,1784255895966
1040384,1784255895986
1041408,1784255896006
1042432,1784255896036
1043456,1784255896056
1044480,1784255896076
1045504,1784255896106
1046528,1784255896125
1047552,1784255896146
1048576,1784255896176
1049600,1784255896196
1050624,1784255896216
1051648,1784255896245
1052672,1784255896266
1053696,1784255896286
1054720,1784255896306
1055744,1784255896336
1056768,1784255896356
1057792,1784255896376
1058816,1784255896406
1059840,1784255896426
1060864,1784255896446
1061888,1784255896476
1062912,1784255896496
1063936,1784255896516
1064960,1784255896546
1065984,1784255896566
1067008,1784255896586
1068032,1784255896616
1069056,1784255896636
1070080,1784255896656
1071104,1784255896686
1072128,1784255896706
1073152,1784255896726
1074176,1784255896756
1075200,1784255896776
1076224,1784255896796
1077248,1784255896826
1078272,1784255896846
1079296,1784255896866
1080320,1784255896896
1081344,1784255896916
1082368,1784255896936
1083392,1784255896956
1084416,1784255896986
1085440,1784255897006
1086464,1784255897026
1087488,1784255897057
1088512,1784255897076
1089536,1784255897096
1090560,1784255897126
1091584,1784255897146
1092608,1784255897166
1093632,1784255897196
1094656,1784255897216
1095680,1784255897236
1096704,1784255897266
1097728,1784255897286
1098752,1784255897306
1099776,1784255897336
1100800,1784255897356
1101824,1784255897376
1102848,1784255897406
1103872,1784255897426
1104896,1784255897445
1105920,1784255897476
1106944,1784255897496
1107968,1784255897516
1108992,1784255897546
1110016,1784255897565
1111040,1784255897586
1112064,1784255897616
1113088,1784255897636
1114112,1784255897655
1115136,1784255897676
1116160,1784255897706
1117184,1784255897726
1118208,1784255897746
1119232,1784255897775
1120256,1784255897796
1121280,1784255897816
1122304,1784255897846
1123328,1784255897866
1124352,1784255897886
1125376,1784255897916
1126400,1784255897936
1127424,1784255897956
1128448,1784255897986
1129472,1784255898006
1130496,1784255898026
1131520,1784255898056
1132544,1784255898076
1133568,1784255898096
1134592,1784255898126
1135616,1784255898145
1136640,1784255898165
1137664,1784255898196
1138688,1784255898216
1139712,1784255898236
1140736,1784255898266
1141760,1784255898286
1142784,1784255898306
1143808,1784255898326
1144832,1784255898356
1145856,1784255898376
1146880,1784255898396
1147904,1784255898426
1148928,1784255898446
1149952,1784255898466
1150976,1784255898496
1152000,1784255898516
1153024,1784255898535
1154048,1784255898566
1155072,1784255898586
1156096,1784255898606
1157120,1784255898636
1158144,1784255898655
1159168,1784255898676
1160192,1784255898706
1161216,1784255898726
1162240,1784255898746
1163264,1784255898776
1164288,1784255898796
1165312,1784255898816
1166336,1784255898846
1167360,1784255898866
1168384,1784255898886
1169408,1784255898916
1170432,1784255898936
1171456,1784255898956
1172480,1784255898986
1173504,1784255899006
1174528,1784255899026
1175552,1784255899046
1176576,1784255899076
1177600,1784255899096
1178624,1784255899116
1179648,1784255899146
1180672,1784255899166
1181696,1784255899186
1182720,1784255899216
1183744,1784255899236
1184768,1784255899256
1185792,1784255899286
1186816,1784255899306
1187840,1784255899326
1188864,1784255899356
1189888,1784255899376
1190912,1784255899396
1191936,1784255899426
1192960,1784255899446
1193984,1784255899466
1195008,1784255899496
1196032,1784255899516
1197056,1784255899536
1198080,1784255899566
1199104,1784255899586
1200128,1784255899606
1201152,1784255899636
1202176,1784255899656
1203200,1784255899675
1204224,1784255899696
1205248,1784255899726
1206272,1784255899746
1207296,1784255899766
1208320,1784255899796
1209344,1784255899815
1210368,1784255899836
1211392,1784255899866
1212416,1784255899886
1213440,1784255899906
1214464,1784255899936
1215488,1784255899956
1216512,1784255899976
1217536,1784255900006
1218560,1784255900026
1219584,1784255900046
1220608,1784255900076
1221632,1784255900096
1222656,1784255900116
1223680,1784255900146
1224704,1784255900166
1225728,1784255900186
1226752,1784255900216
1227776,1784255900236
1228800,1784255900256
1229824,1784255900286
1230848,1784255900306
1231872,1784255900326
1232896,1784255900356
1233920,1784255900376
1234944,1784255900396
1235968,1784255900416
1236992,1784255900446
1238016,1784255900466
1239040,1784255900486
1240064,1784255900516
1241088,1784255900536
1242112,1784255900556
1243136,1784255900586
1244160,1784255900606
1245184,1784255900625
1246208,1784255900655
1247232,1784255900676
1248256,1784255900696
1249280,1784255900726
1250304,1784255900746
1251328,1784255900766
1252352,1784255900796
1253376,1784255900816
1254400,1784255900836
1255424,1784255900865
1256448,1784255900886
1257472,1784255900906
1258496,1784255900936
1259520,1784255900956
1260544,1784255900976
1261568,1784255901006
1262592,1784255901026
1263616,1784255901046
1264640,1784255901066
1265664,1784255901096
1266688,1784255901116
1267712,1784255901136
1268736,1784255901166
1269760,1784255901186
1270784,1784255901206
1271808,1784255901236
1272832,1784255901255
1273856,1784255901276
1274880,1784255901306
1275904,1784255901326
1276928,1784255901346
1277952,1784255901376
1278976,1784255901396
1280000,1784255901416
1281024,1784255901446
1282048,1784255901466
1283072,1784255901486
1284096,1784255901516
1285120,1784255901536
1286144,1784255901555
1287168,1784255901586
1288192,1784255901606
1289216,1784255901626
1290240,1784255901656
1291264,1784255901676
1292288,1784255901696
1293312,1784255901726
1294336,1784255901746
1295360,1784255901766
1296384,1784255901786
1297408,1784255901816
1298432,1784255901836
1299456,1784255901856
1300480,1784255901885
1301504,1784255901906
1302528,1784255901926
1303552,1784255901956
1304576,1784255901976
1305600,1784255901995
1306624,1784255902026
1307648,1784255902046
1308672,1784255902066
1309696,1784255902096
1310720,1784255902115
1311744,1784255902135
1312768,1784255902166
1313792,1784255902186
1314816,1784255902206
1315840,1784255902236
1316864,1784255902256
1317888,1784255902276
1318912,1784255902306
1319936,1784255902326
1320960,1784255902345
1321984,1784255902376
1323008,1784255902396
1324032,1784255902416
1325056,1784255902436
1326080,1784255902466
1327104,1784255902486
1328128,1784255902506
1329152,1784255902536
1330176,1784255902555
1331200,1784255902575
1332224,1784255902606
1333248,1784255902626
1334272,1784255902646
1335296,1784255902675
1336320,1784255902695
1337344,1784255902716
1338368,1784255902746
1339392,1784255902766
1340416,1784255902786
1341440,1784255902816
1342464,1784255902836
1343488,1784255902856
1344512,1784255902886
1345536,1784255902906
1346560,1784255902926
1347584,1784255902956
1348608,1784255902976
1349632,1784255902996
1350656,1784255903026
1351680,1784255903045
1352704,1784255903066
1353728,1784255903086
1354752,1784255903116
1355776,1784255903136
1356800,1784255903156
1357824,1784255903186
1358848,1784255903206
1359872,1784255903226
1360896,1784255903256
1361920,1784255903276
1362944,1784255903296
1363968,1784255903326
1364992,1784255903345
1366016,1784255903366
1367040,1784255903396
1368064,1784255903416
1369088,1784255903435
1370112,1784255903466
1371136,1784255903486
1372160,1784255903506
1373184,1784255903535
1374208,1784255903556
1375232,1784255903576
1376256,1784255903606
1377280,1784255903626
1378304,1784255903646
1379328,1784255903675
1380352,1784255903696
1381376,1784255903716
1382400,1784255903745
1383424,1784255903766
1384448,1784255903786
1385472,1784255903806
1386496,1784255903836
1387520,1784255903855
1388544,1784255903876
1389568,1784255903906
1390592,1784255903926
1391616,1784255903946
1392640,1784255903976
1393664,1784255903996
1394688,1784255904016
1395712,1784255904046
1396736,1784255904066
1397760,1784255904086
1398784,1784255904116
1399808,1784255904136
1400832,1784255904156
1401856,1784255904186
1402880,1784255904206
1403904,1784255904226
1404928,1784255904255
1405952,1784255904276
1406976,1784255904296
1408000,1784255904326
1409024,1784255904346
1410048,1784255904366
1411072,1784255904396
1412096,1784255904416
1413120,1784255904436
1414144,1784255904456
1415168,1784255904486
1416192,1784255904506
1417216,1784255904525
1418240,1784255904556
1419264,1784255904576
1420288,1784255904596
1421312,1784255904625
1422336,1784255904646
1423360,1784255904666
1424384,1784255904696
1425408,1784255904716
1426432,1784255904735
1427456,1784255904766
1428480,1784255904786
1429504,1784255904806
1430528,1784255904836
1431552,1784255904856
1432576,1784255904876
1433600,1784255904905
1434624,1784255904926
1435648,1784255904946
1436672,1784255904976
1437696,1784255904996
1438720,1784255905015
1439744,1784255905046
1440768,1784255905066
1441792,1784255905085
1442816,1784255905115
1443840,1784255905136
1444864,1784255905156
1445888,1784255905176
1446912,1784255905206
1447936,1784255905226
1448960,1784255905245
1449984,1784255905276
1451008,1784255905296
1452032,1784255905316
1453056,1784255905345
1454080,1784255905366
1455104,1784255905386
1456128,1784255905415
1457152,1784255905435
1458176,1784255905456
1459200,1784255905486
1460224,1784255905505
1461248,1784255905526
1462272,1784255905556
1463296,1784255905576
1464320,1784255905596
1465344,1784255905626
1466368,1784255905646
1467392,1784255905666
1468416,1784255905696
1469440,1784255905716
1470464,1784255905736
1471488,1784255905766
1472512,1784255905786
1473536,1784255905806
1474560,1784255905826
1475584,1784255905856
1476608,1784255905877
1477632,1784255905896
1478656,1784255905926
1479680,1784255905946
1480704,1784255905966
1481728,1784255905996
1482752,1784255906016
1483776,1784255906036
1484800,1784255906066
1485824,1784255906086
1486848,1784255906106
1487872,1784255906136
1488896,1784255906156
1489920,1784255906175
1490944,1784255906206
1491968,1784255906226
1492992,1784255906246
1494016,1784255906276
1495040,1784255906295
1496064,1784255906316
1497088,1784255906346
1498112,1784255906366
1499136,1784255906386
1500160,1784255906416
1501184,1784255906436
1502208,1784255906456
1503232,1784255906485
1504256,1784255906506
1505280,1784255906526
1506304,1784255906546
1507328,1784255906576
1508352,1784255906596
1509376,1784255906616
1510400,1784255906645
1511424,1784255906666
1512448,1784255906686
1513472,1784255906716
1514496,1784255906735
1515520,1784255906756
1516544,1784255906786
1517568,1784255906806
1518592,1784255906826
1519616,1784255906856
1520640,1784255906876
1521664,1784255906896
1522688,1784255906926
1523712,1784255906946
1524736,1784255906966
1525760,1784255906996
1526784,1784255907016
1527808,1784255907036
1528832,1784255907065
1529856,1784255907086
1530880,1784255907106
1531904,1784255907136
1532928,1784255907156
1533952,1784255907176
1534976,1784255907196
1536000,1784255907226
1537024,1784255907246
1538048,1784255907266
1539072,1784255907296
1540096,1784255907316
1541120,1784255907335
1542144,1784255907366
1543168,1784255907386
1544192,1784255907406
1545216,1784255907436
1546240,1784255907455
1547264,1784255907475
1548288,1784255907506
1549312,1784255907526
1550336,1784255907546
1551360,1784255907575
1552384,1784255907596
1553408,1784255907616
1554432,1784255907646
1555456,1784255907666
1556480,1784255907685
1557504,1784255907716
1558528,1784255907736
1559552,1784255907756
1560576,1784255907786
1561600,1784255907806
1562624,1784255907826
1563648,1784255907856
1564672,1784255907876
1565696,1784255907896
1566720,1784255907915
1567744,1784255907946
1568768,1784255907966
1569792,1784255907986
1570816,1784255908016
1571840,1784255908036
1572864,1784255908056
1573888,1784255908085
1574912,1784255908106
1575936,1784255908126
1576960,1784255908156
1577984,1784255908176
1579008,1784255908196
1580032,1784255908226
1581056,1784255908246
1582080,1784255908266
1583104,1784255908296
1584128,1784255908316
1585152,1784255908336
1586176,1784255908366
1587200,1784255908386
1588224,1784255908406
1589248,1784255908435
1590272,1784255908456
1591296,1784255908476
1592320,1784255908505
1593344,1784255908526
1594368,1784255908546
1595392,1784255908566
1596416,1784255908596
1597440,1784255908616
1598464,1784255908636
1599488,1784255908666
1600512,1784255908686
1601536,1784255908706
1602560,1784255908736
1603584,1784255908756
1604608,1784255908776
1605632,1784255908806
1606656,1784255908826
1607680,1784255908846
1608704,1784255908876
1609728,1784255908896
1610752,1784255908916
1611776,1784255908946
1612800,1784255908966
1613824,1784255908986
1614848,1784255909016
1615872,1784255909036
1616896,1784255909056
1617920,1784255909086
1618944,1784255909106
1619968,1784255909126
1620992,1784255909155
1622016,1784255909176
1623040,1784255909196
1624064,1784255909226
1625088,1784255909246
1626112,1784255909266
1627136,1784255909286
1628160,1784255909316
1629184,1784255909336
1630208,1784255909356
1631232,1784255909386
1632256,1784255909406
1633280,1784255909426
1634304,1784255909455
1635328,1784255909476
1636352,1784255909496
1637376,1784255909526
1638400,1784255909545
1639424,1784255909566
1640448,1784255909596
1641472,1784255909616
1642496,1784255909635
1643520,1784255909666
1644544,1784255909686
1645568,1784255909706
1646592,1784255909736
1647616,1784255909756
1648640,1784255909776
1649664,1784255909806
1650688,1784255909826
1651712,1784255909845
1652736,1784255909876
1653760,1784255909896
1654784,1784255909915
1655808,1784255909936
1656832,1784255909966
1657856,1784255909986
1658880,1784255910006
1659904,1784255910036
1660928,1784255910056
1661952,1784255910076
1662976,1784255910106
1664000,1784255910126
1665024,1784255910146
1666048,1784255910176
1667072,1784255910196
1668096,1784255910216
1669120,1784255910246
1670144,1784255910266
1671168,1784255910286
1672192,1784255910316
1673216,1784255910336
1674240,1784255910356
1675264,1784255910385
1676288,1784255910405
1677312,1784255910426
1678336,1784255910456
1679360,1784255910476
1680384,1784255910497
1681408,1784255910526
1682432,1784255910546
1683456,1784255910565
1684480,1784255910596
1685504,1784255910616
1686528,1784255910636
1687552,1784255910656
1688576,1784255910686
1689600,1784255910705
1690624,1784255910726
1691648,1784255910756
1692672,1784255910776
1693696,1784255910796
1694720,1784255910826
1695744,1784255910846
1696768,1784255910865
1697792,1784255910896
1698816,1784255910916
1699840,1784255910936
1700864,1784255910966
1701888,1784255910985
1702912,1784255911005
1703936,1784255911036
1704960,1784255911056
1705984,1784255911076
1707008,1784255911106
1708032,1784255911125
1709056,1784255911146
1710080,1784255911176
1711104,1784255911196
1712128,1784255911215
1713152,1784255911246
1714176,1784255911266
1715200,1784255911286
1716224,1784255911306
1717248,1784255911336
1718272,1784255911355
1719296,1784255911376
1720320,1784255911406
1721344,1784255911425
1722368,1784255911445
1723392,1784255911476
1724416,1784255911496
1725440,1784255911516
1726464,1784255911546
1727488,1784255911566
1728512,1784255911585
1729536,1784255911616
1730560,1784255911636
1731584,1784255911655
1732608,1784255911686
1733632,1784255911706
1734656,1784255911726
1735680,1784255911756
1736704,1784255911776
1737728,1784255911796
1738752,1784255911826
1739776,1784255911845
1740800,1784255911866
1741824,1784255911896
1742848,1784255911916
1743872,1784255911935
1744896,1784255911966
1745920,1784255911986
1746944,1784255912006
1747968,1784255912026
1748992,1784255912055
1750016,1784255912076
1751040,1784255912096
1752064,1784255912126
1753088,1784255912145
1754112,1784255912166
1755136,1784255912196
1756160,1784255912215
1757184,1784255912236
1758208,1784255912266
1759232,1784255912286
1760256,1784255912305
1761280,1784255912336
1762304,1784255912356
1763328,1784255912376
1764352,1784255912406
1765376,1784255912426
1766400,1784255912446
1767424,1784255912476
1768448,1784255912496
1769472,1784255912516
1770496,1784255912546
1771520,1784255912566
1772544,1784255912586
1773568,1784255912616
1774592,1784255912636
1775616,1784255912656
1776640,1784255912676
1777664,1784255912706
1778688,1784255912726
1779712,1784255912746
1780736,1784255912775
1781760,1784255912796
1782784,1784255912816
1783808,1784255912846
1784832,1784255912866
1785856,1784255912885
1786880,1784255912916
1787904,1784255912936
1788928,1784255912956
1789952,1784255912986
1790976,1784255913005
1792000,1784255913026
1793024,1784255913056
1794048,1784255913076
1795072,1784255913096
1796096,1784255913125
1797120,1784255913146
1798144,1784255913166
1799168,1784255913195
1800192,1784255913215
1801216,1784255913236
1802240,1784255913266
1803264,1784255913286
1804288,1784255913306
1805312,1784255913326
1806336,1784255913356
1807360,1784255913375
1808384,1784255913396
1809408,1784255913426
1810432,1784255913446
1811456,1784255913466
1812480,1784255913496
1813504,1784255913516
1814528,1784255913536
1815552,1784255913566
1816576,1784255913586
1817600,1784255913606
1818624,1784255913636
1819648,1784255913656
1820672,1784255913676
1821696,1784255913706
1822720,1784255913725
1823744,1784255913746
1824768,1784255913776
1825792,1784255913796
1826816,1784255913815
1827840,1784255913846
1828864,1784255913866
1829888,1784255913885
1830912,1784255913916
1831936,1784255913936
1832960,1784255913956
1833984,1784255913986
1835008,1784255914006
1836032,1784255914025
1837056,1784255914046
1838080,1784255914077
1839104,1784255914096
1840128,1784255914115
1841152,1784255914146
1842176,1784255914166
1843200,1784255914186
1844224,1784255914216
1845248,1784255914236
1846272,1784255914256
1847296,1784255914285
1848320,1784255914306
1849344,1784255914326
1850368,1784255914356
1851392,1784255914376
1852416,1784255914396
1853440,1784255914425
1854464,1784255914446
1855488,1784255914466
1856512,1784255914495
1857536,1784255914516
1858560,1784255914536
1859584,1784255914566
1860608,1784255914586
1861632,1784255914606
1862656,1784255914636
1863680,1784255914655
1864704,1784255914675
1865728,1784255914695
1866752,1784255914726
1867776,1784255914746
1868800,1784255914765
1869824,1784255914796
1870848,1784255914816
1871872,1784255914836
1872896,1784255914865
1873920,1784255914886
1874944,1784255914906
1875968,1784255914936
1876992,1784255914956
1878016,1784255914976
1879040,1784255915007
1880064,1784255915026
1881088,1784255915046
1882112,1784255915076
1883136,1784255915096
1884160,1784255915116
1885184,1784255915145
1886208,1784255915166
1887232,1784255915186
1888256,1784255915215
1889280,1784255915235
1890304,1784255915256
1891328,1784255915286
1892352,1784255915306
1893376,1784255915325
1894400,1784255915355
1895424,1784255915376
1896448,1784255915396
1897472,1784255915416
1898496,1784255915446
1899520,1784255915466
1900544,1784255915486
1901568,1784255915516
1902592,1784255915536
1903616,1784255915556
1904640,1784255915586
1905664,1784255915605
1906688,1784255915625
1907712,1784255915656
1908736,1784255915676
1909760,1784255915696
1910784,1784255915725
1911808,1784255915746
1912832,1784255915766
1913856,1784255915795
1914880,1784255915816
1915904,1784255915836
1916928,1784255915866
1917952,1784255915886
1918976,1784255915906
1920000,1784255915936
1921024,1784255915956
1922048,1784255915975
1923072,1784255916006
1924096,1784255916026
1925120,1784255916045
1926144,1784255916065
1927168,1784255916096
1928192,1784255916116
1929216,1784255916136
1930240,1784255916166
1931264,1784255916185
1932288,1784255916206
1933312,1784255916235
1934336,1784255916256
1935360,1784255916276
1936384,1784255916305
1937408,1784255916326
1938432,1784255916346
1939456,1784255916376
1940480,1784255916396
1941504,1784255916416
1942528,1784255916446
1943552,1784255916466
1944576,1784255916486
1945600,1784255916516
1946624,1784255916536
1947648,1784255916556
1948672,1784255916585
1949696,1784255916606
1950720,1784255916626
1951744,1784255916656
1952768,1784255916675
1953792,1784255916696
1954816,1784255916726
1955840,1784255916746
1956864,1784255916766
1957888,1784255916786
1958912,1784255916816
1959936,1784255916836
1960960,1784255916856
1961984,1784255916885
1963008,1784255916906
1964032,1784255916926
1965056,1784255916956
1966080,1784255916976
1967104,1784255916996
1968128,1784255917026
1969152,1784255917045
1970176,1784255917066
1971200,1784255917096
1972224,1784255917116
1973248,1784255917136
1974272,1784255917166
1975296,1784255917186
1976320,1784255917206
1977344,1784255917235
1978368,1784255917256
1979392,1784255917276
1980416,1784255917305
1981440,1784255917325
1982464,1784255917346
1983488,1784255917375
1984512,1784255917395
1985536,1784255917416
1986560,1784255917436
1987584,1784255917465
1988608,1784255917486
1989632,1784255917506
1990656,1784255917536
1991680,1784255917556
1992704,1784255917576
1993728,1784255917606
1994752,1784255917626
1995776,1784255917646
1996800,1784255917676
1997824,1784255917696
1998848,1784255917716
1999872,1784255917746
2000896,1784255917766
2001920,1784255917786
2002944,1784255917816
2003968,1784255917836
2004992,1784255917856
2006016,1784255917886
2007040,1784255917906
2008064,1784255917926
2009088,1784255917956
2010112,1784255917976
2011136,1784255917995
2012160,1784255918026
2013184,1784255918046
2014208,1784255918066
2015232,1784255918096
2016256,1784255918116
2017280,1784255918136
2018304,1784255918156
2019328,1784255918186
2020352,1784255918206
2021376,1784255918226
2022400,1784255918256
2023424,1784255918276
2024448,1784255918295
2025472,1784255918326
2026496,1784255918346
2027520,1784255918366
2028544,1784255918396
2029568,1784255918416
2030592,1784255918436
2031616,1784255918466
2032640,1784255918486
2033664,1784255918506
2034688,1784255918536
2035712,1784255918556
2036736,1784255918576
2037760,1784255918606
2038784,1784255918626
2039808,1784255918646
2040832,1784255918676
2041856,1784255918696
2042880,1784255918716
2043904,1784255918746
2044928,1784255918766
2045952,1784255918786
2046976,1784255918806
2048000,1784255918836
2049024,1784255918856
2050048,1784255918876
2051072,1784255918906
2052096,1784255918926
2053120,1784255918946
2054144,1784255918976
2055168,1784255918996
2056192,1784255919016
2057216,1784255919046
2058240,1784255919066
2059264,1784255919086
2060288,1784255919116
2061312,1784255919136
2062336,1784255919156
2063360,1784255919186
2064384,1784255919206
2065408,1784255919226
2066432,1784255919256
2067456,1784255919276
2068480,1784255919296
2069504,1784255919326
2070528,1784255919346
2071552,1784255919366
2072576,1784255919396
2073600,1784255919416
2074624,1784255919436
2075648,1784255919466
2076672,1784255919486
2077696,1784255919506
2078720,1784255919526
2079744,1784255919556
2080768,1784255919576
2081792,1784255919596
2082816,1784255919626
2083840,1784255919646
2084864,1784255919666
2085888,1784255919696
2086912,1784255919716
2087936,1784255919736
2088960,1784255919766
2089984,1784255919786
2091008,1784255919806
2092032,1784255919836
2093056,1784255919856
2094080,1784255919876
2095104,1784255919906
2096128,1784255919926
2097152,1784255919946
2098176,1784255919976
2099200,1784255919996
2100224,1784255920016
2101248,1784255920046
2102272,1784255920066
2103296,1784255920086
2104320,1784255920116
2105344,1784255920135
2106368,1784255920156
2107392,1784255920176
2108416,1784255920206
2109440,1784255920226
2110464,1784255920246
2111488,1784255920276
2112512,1784255920296
2113536,1784255920316
2114560,1784255920346
2115584,1784255920366
2116608,1784255920386
2117632,1784255920416
2118656,1784255920436
2119680,1784255920456
2120704,1784255920486
2121728,1784255920506
2122752,1784255920526
2123776,1784255920556
2124800,1784255920576
2125824,1784255920596
2126848,1784255920626
2127872,1784255920646
2128896,1784255920666
2129920,1784255920696
2130944,1784255920716
2131968,1784255920736
2132992,1784255920765
2134016,1784255920786
2135040,1784255920806
2136064,1784255920836
2137088,1784255920856
2138112,1784255920876
2139136,1784255920896
2140160,1784255920926
2141184,1784255920946
2142208,1784255920966
2143232,1784255920996
2144256,1784255921016
2145280,1784255921036
2146304,1784255921066
2147328,1784255921085
2148352,1784255921106
2149376,1784255921136
2150400,1784255921156
2151424,1784255921176
2152448,1784255921206
2153472,1784255921226
2154496,1784255921246
2155520,1784255921276
2156544,1784255921296
2157568,1784255921316
2158592,1784255921346
2159616,1784255921366
2160640,1784255921386
2161664,1784255921416
2162688,1784255921436
2163712,1784255921456
2164736,1784255921486
2165760,1784255921506
2166784,1784255921526
2167808,1784255921546
2168832,1784255921576
2169856,1784255921596
2170880,1784255921616
2171904,1784255921646
2172928,1784255921666
2173952,1784255921686
2174976,1784255921716
2176000,1784255921736
2177024,1784255921756
2178048,1784255921786
2179072,1784255921806
2180096,1784255921826
2181120,1784255921856
2182144,1784255921876
2183168,1784255921896
2184192,1784255921926
2185216,1784255921946
2186240,1784255921966
2187264,1784255921996
2188288,1784255922016
2189312,1784255922036
2190336,1784255922066
2191360,1784255922086
2192384,1784255922106
2193408,1784255922136
2194432,1784255922156
2195456,1784255922176
2196480,1784255922206
2197504,1784255922226
2198528,1784255922246
2199552,1784255922266
2200576,1784255922296
2201600,1784255922316
2202624,1784255922336
2203648,1784255922366
2204672,1784255922386
2205696,1784255922405
2206720,1784255922436
2207744,1784255922456
2208768,1784255922476
2209792,1784255922506
2210816,1784255922526
2211840,1784255922546
2212864,1784255922576
2213888,1784255922596
2214912,1784255922616
2215936,1784255922646
2216960,1784255922666
2217984,1784255922686
2219008,1784255922716
2220032,1784255922736
2221056,1784255922756
2222080,1784255922786
2223104,1784255922806
2224128,1784255922826
2225152,1784255922856
2226176,1784255922876
2227200,1784255922896
2228224,1784255922916
2229248,1784255922946
2230272,1784255922966
2231296,1784255922986
2232320,1784255923016
2233344,1784255923036
2234368,1784255923056
2235392,1784255923086
2236416,1784255923106
2237440,1784255923126
2238464,1784255923156
2239488,1784255923176
2240512,1784255923196
2241536,1784255923226
2242560,1784255923246
2243584,1784255923266
2244608,1784255923296
2245632,1784255923316
2246656,1784255923336
2247680,1784255923366
2248704,1784255923386
2249728,1784255923406
2250752,1784255923436
2251776,1784255923456
2252800,1784255923476
2253824,1784255923506
2254848,1784255923526
2255872,1784255923546
2256896,1784255923566
2257920,1784255923596
2258944,1784255923616
2259968,1784255923636
2260992,1784255923666
2262016,1784255923686
2263040,1784255923706
2264064,1784255923736
2265088,1784255923756
2266112,1784255923776
2267136,1784255923806
2268160,1784255923826
2269184,1784255923846
2270208,1784255923876
2271232,1784255923896
2272256,1784255923916
2273280,1784255923946
2274304,1784255923966
2275328,1784255923986
2276352,1784255924016
2277376,1784255924036
2278400,1784255924056
2279424,1784255924086
2280448,1784255924105
2281472,1784255924126
2282496,1784255924155
2283520,1784255924176
2284544,1784255924196
2285568,1784255924226
2286592,1784255924246
2287616,1784255924266
2288640,1784255924286
2289664,1784255924316
2290688,1784255924336
2291712,1784255924356
2292736,1784255924386
2293760,1784255924406
2294784,1784255924426
2295808,1784255924456
2296832,1784255924476
2297856,1784255924496
2298880,1784255924526
2299904,1784255924546
2300928,1784255924566
2301952,1784255924596
2302976,1784255924616
2304000,1784255924636
2305024,1784255924666
2306048,1784255924686
2307072,1784255924706
2308096,1784255924736
2309120,1784255924756
2310144,1784255924776
2311168,1784255924806
2312192,1784255924826
2313216,1784255924846
2314240,1784255924876
2315264,1784255924896
2316288,1784255924916
2317312,1784255924935
2318336,1784255924966
2319360,1784255924986
2320384,1784255925006
2321408,1784255925036
2322432,1784255925056
2323456,1784255925076
2324480,1784255925106
2325504,1784255925126
2326528,1784255925146
2327552,1784255925176
2328576,1784255925195
2329600,1784255925216
2330624,1784255925245
2331648,1784255925266
2332672,1784255925286
2333696,1784255925316
2334720,1784255925336
2335744,1784255925356
2336768,1784255925386
2337792,1784255925406
2338816,1784255925426
2339840,1784255925456
2340864,1784255925476
2341888,1784255925496
2342912,1784255925526
2343936,1784255925546
2344960,1784255925566
2345984,1784255925596
2347008,1784255925616
2348032,1784255925636
2349056,1784255925656
2350080,1784255925686
2351104,1784255925706
2352128,1784255925726
2353152,1784255925756
2354176,1784255925776
2355200,1784255925796
2356224,1784255925826
2357248,1784255925846
2358272,1784255925866
2359296,1784255925896
2360320,1784255925916
2361344,1784255925936
2362368,1784255925966
2363392,1784255925986
2364416,1784255926006
2365440,1784255926036
2366464,1784255926056
2367488,1784255926076
2368512,1784255926106
2369536,1784255926126
2370560,1784255926146
2371584,1784255926176
2372608,1784255926196
2373632,1784255926216
2374656,1784255926246
2375680,1784255926266
2376704,1784255926286
2377728,1784255926306
2378752,1784255926336
2379776,1784255926356
2380800,1784255926376
2381824,1784255926406
2382848,1784255926426
2383872,1784255926446
2384896,1784255926476
2385920,1784255926496
2386944,1784255926515
2387968,1784255926546
2388992,1784255926566
2390016,1784255926586
2391040,1784255926616
2392064,1784255926636
2393088,1784255926656
2394112,1784255926685
2395136,1784255926705
2396160,1784255926725
2397184,1784255926756
2398208,1784255926776
2399232,1784255926796
2400256,1784255926825
2401280,1784255926846
2402304,1784255926865
2403328,1784255926896
2404352,1784255926916
2405376,1784255926936
2406400,1784255926966
2407424,1784255926986
2408448,1784255927006
2409472,1784255927026
2410496,1784255927056
2411520,1784255927076
2412544,1784255927095
2413568,1784255927126
2414592,1784255927145
2415616,1784255927165
2416640,1784255927196
2417664,1784255927216
2418688,1784255927236
2419712,1784255927266
2420736,1784255927286
2421760,1784255927306
