FrameID,timestamp_ms
0,1784196121497
1024,1784196121517
2048,1784196121537
3072,1784196121567
4096,1784196121588
5120,1784196121607
6144,1784196121638
7168,1784196121658
8192,1784196121677
9216,1784196121708
10240,1784196121728
11264,1784196121748
12288,1784196121778
13312,1784196121798
14336,1784196121817
15360,1784196121848
16384,1784196121868
17408,1784196121887
18432,1784196121917
19456,1784196121938
20480,1784196121958
21504,1784196121988
22528,1784196122007
23552,1784196122028
24576,1784196122058
25600,1784196122078
26624,1784196122097
27648,1784196122128
28672,1784196122148
29696,1784196122167
30720,1784196122188
31744,1784196122218
32768,1784196122238
33792,1784196122258
34816,1784196122288
35840,1784196122308
36864,1784196122328
37888,1784196122357
38912,1784196122378
39936,1784196122398
40960,1784196122427
41984,1784196122448
43008,1784196122468
44032,1784196122498
45056,1784196122517
46080,1784196122537
47104,1784196122568
48128,1784196122588
49152,1784196122608
50176,1784196122637
51200,1784196122657
52224,1784196122678
53248,1784196122707
54272,1784196122727
55296,1784196122748
56320,1784196122778
57344,1784196122797
58368,1784196122817
59392,1784196122838
60416,1784196122868
61440,1784196122887
62464,1784196122908
63488,1784196122937
64512,1784196122958
65536,1784196122978
66560,1784196123008
67584,1784196123027
68608,1784196123047
69632,1784196123078
70656,1784196123098
71680,1784196123117
72704,1784196123147
73728,1784196123168
74752,1784196123188
75776,1784196123218
76800,1784196123237
77824,1784196123257
78848,1784196123288
79872,1784196123308
80896,1784196123328
81920,1784196123357
82944,1784196123377
83968,1784196123398
84992,1784196123428
86016,1784196123447
87040,1784196123467
88064,1784196123498
89088,1784196123518
90112,1784196123538
91136,1784196123557
92160,1784196123587
93184,1784196123608
94208,1784196123627
95232,1784196123657
96256,1784196123678
97280,1784196123698
98304,1784196123727
99328,1784196123748
100352,1784196123768
101376,1784196123797
102400,1784196123817
103424,1784196123837
104448,1784196123868
105472,1784196123888
106496,1784196123907
107520,1784196123938
108544,1784196123958
109568,1784196123978
110592,1784196124008
111616,1784196124028
112640,1784196124048
113664,1784196124078
114688,1784196124097
115712,1784196124117
116736,1784196124148
117760,1784196124168
118784,1784196124188
119808,1784196124208
120832,1784196124237
121856,1784196124257
122880,1784196124277
123904,1784196124308
124928,1784196124328
125952,1784196124348
126976,1784196124377
128000,1784196124398
129024,1784196124417
130048,1784196124448
131072,1784196124468
132096,1784196124487
133120,1784196124517
134144,1784196124537
135168,1784196124558
136192,1784196124587
137216,1784196124608
138240,1784196124628
139264,1784196124658
140288,1784196124677
141312,1784196124698
142336,1784196124728
143360,1784196124748
144384,1784196124767
145408,1784196124798
146432,1784196124818
147456,1784196124838
148480,1784196124868
149504,1784196124887
150528,1784196124907
151552,1784196124928
152576,1784196124958
153600,1784196124978
154624,1784196124998
155648,1784196125027
156672,1784196125048
157696,1784196125068
158720,1784196125098
159744,1784196125119
160768,1784196125137
161792,1784196125167
162816,1784196125188
163840,1784196125208
164864,1784196125237
165888,1784196125257
166912,1784196125278
167936,1784196125308
168960,1784196125328
169984,1784196125348
171008,1784196125377
172032,1784196125397
173056,1784196125418
174080,1784196125447
175104,1784196125468
176128,1784196125488
177152,1784196125518
178176,1784196125537
179200,1784196125558
180224,1784196125577
181248,1784196125608
182272,1784196125628
183296,1784196125647
184320,1784196125677
185344,1784196125697
186368,1784196125718
187392,1784196125748
188416,1784196125767
189440,1784196125787
190464,1784196125818
191488,1784196125837
192512,1784196125857
193536,1784196125887
194560,1784196125907
195584,1784196125927
196608,1784196125957
197632,1784196125978
198656,1784196125998
199680,1784196126027
200704,1784196126048
201728,1784196126068
202752,1784196126097
203776,1784196126117
204800,1784196126137
205824,1784196126168
206848,1784196126187
207872,1784196126207
208896,1784196126238
209920,1784196126257
210944,1784196126277
211968,1784196126297
212992,1784196126328
214016,1784196126348
215040,1784196126368
216064,1784196126397
217088,1784196126418
218112,1784196126438
219136,1784196126468
220160,1784196126488
221184,1784196126508
222208,1784196126537
223232,1784196126557
224256,1784196126578
225280,1784196126608
226304,1784196126627
227328,1784196126648
228352,1784196126678
229376,1784196126697
230400,1784196126717
231424,1784196126748
232448,1784196126767
233472,1784196126787
234496,1784196126818
235520,1784196126838
236544,1784196126857
237568,1784196126887
238592,1784196126907
239616,1784196126928
240640,1784196126948
241664,1784196126977
242688,1784196126997
243712,1784196127017
244736,1784196127048
245760,1784196127068
246784,1784196127087
247808,1784196127118
248832,1784196127138
249856,1784196127158
250880,1784196127187
251904,1784196127207
252928,1784196127228
253952,1784196127258
254976,1784196127278
256000,1784196127297
257024,1784196127327
258048,1784196127347
259072,1784196127368
260096,1784196127398
261120,1784196127417
262144,1784196127437
263168,1784196127467
264192,1784196127488
265216,1784196127508
266240,1784196127538
267264,1784196127558
268288,1784196127577
269312,1784196127607
270336,1784196127628
271360,1784196127647
272384,1784196127668
273408,1784196127698
274432,1784196127717
275456,1784196127738
276480,1784196127767
277504,1784196127787
278528,1784196127808
279552,1784196127838
280576,1784196127858
281600,1784196127877
282624,1784196127907
283648,1784196127927
284672,1784196127947
285696,1784196127978
286720,1784196127998
287744,1784196128017
288768,1784196128048
289792,1784196128068
290816,1784196128088
291840,1784196128118
292864,1784196128138
293888,1784196128157
294912,1784196128187
295936,1784196128207
296960,1784196128228
297984,1784196128257
299008,1784196128277
300032,1784196128297
301056,1784196128318
302080,1784196128348
303104,1784196128368
304128,1784196128388
305152,1784196128417
306176,1784196128437
307200,1784196128457
308224,1784196128488
309248,1784196128508
310272,1784196128527
311296,1784196128558
312320,1784196128578
313344,1784196128597
314368,1784196128628
315392,1784196128648
316416,1784196128668
317440,1784196128697
318464,1784196128717
319488,1784196128738
320512,1784196128768
321536,1784196128787
322560,1784196128807
323584,1784196128838
324608,1784196128857
325632,1784196128877
326656,1784196128908
327680,1784196128928
328704,1784196128948
329728,1784196128977
330752,1784196128997
331776,1784196129017
332800,1784196129038
333824,1784196129067
334848,1784196129087
335872,1784196129107
336896,1784196129137
337920,1784196129157
338944,1784196129178
339968,1784196129208
340992,1784196129227
342016,1784196129247
343040,1784196129278
344064,1784196129298
345088,1784196129317
346112,1784196129348
347136,1784196129367
348160,1784196129388
349184,1784196129418
350208,1784196129437
351232,1784196129457
352256,1784196129488
353280,1784196129508
354304,1784196129527
355328,1784196129558
356352,1784196129578
357376,1784196129598
358400,1784196129627
359424,1784196129648
360448,1784196129668
361472,1784196129687
362496,1784196129718
363520,1784196129738
364544,1784196129757
365568,1784196129788
366592,1784196129808
367616,1784196129828
368640,1784196129858
369664,1784196129878
370688,1784196129897
371712,1784196129928
372736,1784196129948
373760,1784196129967
374784,1784196129998
375808,1784196130018
376832,1784196130038
377856,1784196130068
378880,1784196130088
379904,1784196130108
380928,1784196130137
381952,1784196130157
382976,1784196130177
384000,1784196130207
385024,1784196130227
386048,1784196130247
387072,1784196130278
388096,1784196130298
389120,1784196130317
390144,1784196130347
391168,1784196130368
392192,1784196130388
393216,1784196130408
394240,1784196130438
395264,1784196130457
396288,1784196130477
397312,1784196130508
398336,1784196130528
399360,1784196130547
400384,1784196130578
401408,1784196130598
402432,1784196130617
403456,1784196130647
404480,1784196130667
405504,1784196130688
406528,1784196130718
407552,1784196130738
408576,1784196130757
409600,1784196130788
410624,1784196130808
411648,1784196130828
412672,1784196130858
413696,1784196130877
414720,1784196130898
415744,1784196130927
416768,1784196130947
417792,1784196130967
418816,1784196130998
419840,1784196131017
420864,1784196131037
421888,1784196131057
422912,1784196131088
423936,1784196131107
424960,1784196131127
425984,1784196131157
427008,1784196131177
428032,1784196131198
429056,1784196131227
430080,1784196131247
431104,1784196131268
432128,1784196131298
433152,1784196131317
434176,1784196131338
435200,1784196131368
436224,1784196131387
437248,1784196131408
438272,1784196131438
439296,1784196131458
440320,1784196131478
441344,1784196131508
442368,1784196131528
443392,1784196131547
444416,1784196131577
445440,1784196131598
446464,1784196131617
447488,1784196131647
448512,1784196131668
449536,1784196131688
450560,1784196131708
451584,1784196131737
452608,1784196131757
453632,1784196131778
454656,1784196131807
455680,1784196131827
456704,1784196131848
457728,1784196131878
458752,1784196131897
459776,1784196131918
460800,1784196131947
461824,1784196131968
462848,1784196131988
463872,1784196132017
464896,1784196132038
465920,1784196132058
466944,1784196132088
467968,1784196132107
468992,1784196132127
470016,1784196132158
471040,1784196132178
472064,1784196132197
473088,1784196132227
474112,1784196132248
475136,1784196132268
476160,1784196132298
477184,1784196132317
478208,1784196132337
479232,1784196132368
480256,1784196132388
481280,1784196132407
482304,1784196132428
483328,1784196132458
484352,1784196132477
485376,1784196132497
486400,1784196132528
487424,1784196132548
488448,1784196132568
489472,1784196132597
490496,1784196132617
491520,1784196132638
492544,1784196132668
493568,1784196132687
494592,1784196132707
495616,1784196132738
496640,1784196132758
497664,1784196132778
498688,1784196132807
499712,1784196132827
500736,1784196132847
501760,1784196132878
502784,1784196132898
503808,1784196132917
504832,1784196132948
505856,1784196132967
506880,1784196132987
507904,1784196133018
508928,1784196133037
509952,1784196133057
510976,1784196133077
512000,1784196133107
513024,1784196133127
514048,1784196133148
515072,1784196133178
516096,1784196133197
517120,1784196133217
518144,1784196133248
519168,1784196133267
520192,1784196133287
521216,1784196133318
522240,1784196133337
523264,1784196133357
524288,1784196133388
525312,1784196133408
526336,1784196133427
527360,1784196133457
528384,1784196133478
529408,1784196133498
530432,1784196133527
531456,1784196133547
532480,1784196133567
533504,1784196133598
534528,1784196133618
535552,1784196133637
536576,1784196133668
537600,1784196133688
538624,1784196133708
539648,1784196133737
540672,1784196133757
541696,1784196133778
542720,1784196133798
543744,1784196133827
544768,1784196133847
545792,1784196133867
546816,1784196133898
547840,1784196133918
548864,1784196133938
549888,1784196133967
550912,1784196133987
551936,1784196134007
552960,1784196134037
553984,1784196134057
555008,1784196134077
556032,1784196134108
557056,1784196134127
558080,1784196134147
559104,1784196134177
560128,1784196134198
561152,1784196134218
562176,1784196134248
563200,1784196134267
564224,1784196134288
565248,1784196134318
566272,1784196134337
567296,1784196134357
568320,1784196134388
569344,1784196134407
570368,1784196134428
571392,1784196134448
572416,1784196134477
573440,1784196134497
574464,1784196134518
575488,1784196134548
576512,1784196134567
577536,1784196134588
578560,1784196134618
579584,1784196134638
580608,1784196134657
581632,1784196134688
582656,1784196134708
583680,1784196134727
584704,1784196134757
585728,1784196134778
586752,1784196134798
587776,1784196134827
588800,1784196134848
589824,1784196134868
590848,1784196134898
591872,1784196134918
592896,1784196134938
593920,1784196134967
594944,1784196134987
595968,1784196135007
596992,1784196135038
598016,1784196135057
599040,1784196135078
600064,1784196135108
601088,1784196135128
602112,1784196135147
603136,1784196135167
604160,1784196135198
605184,1784196135218
606208,1784196135237
607232,1784196135267
608256,1784196135288
609280,1784196135308
610304,1784196135337
611328,1784196135357
612352,1784196135378
613376,1784196135407
614400,1784196135427
615424,1784196135448
616448,1784196135478
617472,1784196135497
618496,1784196135518
619520,1784196135548
620544,1784196135567
621568,1784196135587
622592,1784196135618
623616,1784196135638
624640,1784196135657
625664,1784196135687
626688,1784196135707
627712,1784196135728
628736,1784196135758
629760,1784196135778
630784,1784196135797
631808,1784196135818
632832,1784196135848
633856,1784196135868
634880,1784196135887
635904,1784196135918
636928,1784196135937
637952,1784196135958
638976,1784196135987
640000,1784196136008
641024,1784196136027
642048,1784196136058
643072,1784196136077
644096,1784196136098
645120,1784196136127
646144,1784196136148
647168,1784196136168
648192,1784196136198
649216,1784196136218
650240,1784196136237
651264,1784196136268
652288,1784196136287
653312,1784196136308
654336,1784196136337
655360,1784196136358
656384,1784196136377
657408,1784196136408
658432,1784196136428
659456,1784196136447
660480,1784196136478
661504,1784196136497
662528,1784196136518
663552,1784196136537
664576,1784196136568
665600,1784196136587
666624,1784196136607
667648,1784196136638
668672,1784196136657
669696,1784196136678
670720,1784196136707
671744,1784196136728
672768,1784196136747
673792,1784196136778
674816,1784196136797
675840,1784196136817
676864,1784196136848
677888,1784196136867
678912,1784196136888
679936,1784196136918
680960,1784196136937
681984,1784196136958
683008,1784196136987
684032,1784196137007
685056,1784196137028
686080,1784196137058
687104,1784196137078
688128,1784196137097
689152,1784196137128
690176,1784196137147
691200,1784196137168
692224,1784196137187
693248,1784196137218
694272,1784196137237
695296,1784196137258
696320,1784196137288
697344,1784196137307
698368,1784196137328
699392,1784196137357
700416,1784196137378
701440,1784196137397
702464,1784196137428
703488,1784196137447
704512,1784196137468
705536,1784196137497
706560,1784196137518
707584,1784196137537
708608,1784196137568
709632,1784196137587
710656,1784196137608
711680,1784196137637
712704,1784196137658
713728,1784196137678
714752,1784196137708
715776,1784196137728
716800,1784196137747
717824,1784196137778
718848,1784196137797
719872,1784196137818
720896,1784196137847
721920,1784196137867
722944,1784196137888
723968,1784196137907
724992,1784196137937
726016,1784196137958
727040,1784196137978
728064,1784196138007
729088,1784196138028
730112,1784196138047
731136,1784196138078
732160,1784196138097
733184,1784196138118
734208,1784196138147
735232,1784196138168
736256,1784196138188
737280,1784196138218
738304,1784196138238
739328,1784196138257
740352,1784196138288
741376,1784196138307
742400,1784196138328
743424,1784196138357
744448,1784196138378
745472,1784196138397
746496,1784196138427
747520,1784196138448
748544,1784196138467
749568,1784196138498
750592,1784196138517
751616,1784196138538
752640,1784196138558
753664,1784196138588
754688,1784196138608
755712,1784196138627
756736,1784196138658
757760,1784196138677
758784,1784196138698
759808,1784196138727
760832,1784196138748
761856,1784196138767
762880,1784196138798
763904,1784196138817
764928,1784196138838
765952,1784196138867
766976,1784196138888
768000,1784196138908
769024,1784196138937
770048,1784196138958
771072,1784196138977
772096,1784196139008
773120,1784196139027
774144,1784196139048
775168,1784196139077
776192,1784196139098
777216,1784196139118
778240,1784196139148
779264,1784196139168
780288,1784196139187
781312,1784196139218
782336,1784196139237
783360,1784196139258
784384,1784196139277
785408,1784196139308
786432,1784196139327
787456,1784196139348
788480,1784196139377
789504,1784196139398
790528,1784196139418
791552,1784196139447
792576,1784196139468
793600,1784196139487
794624,1784196139518
795648,1784196139537
796672,1784196139558
797696,1784196139587
798720,1784196139608
799744,1784196139628
800768,1784196139658
801792,1784196139678
802816,1784196139697
803840,1784196139728
804864,1784196139747
805888,1784196139768
806912,1784196139797
807936,1784196139818
808960,1784196139837
809984,1784196139868
811008,1784196139887
812032,1784196139907
813056,1784196139928
814080,1784196139957
815104,1784196139978
816128,1784196139997
817152,1784196140028
818176,1784196140047
819200,1784196140068
820224,1784196140097
821248,1784196140118
822272,1784196140138
823296,1784196140168
824320,1784196140188
825344,1784196140207
826368,1784196140238
827392,1784196140257
828416,1784196140278
829440,1784196140307
830464,1784196140328
831488,1784196140347
832512,1784196140378
833536,1784196140397
834560,1784196140418
835584,1784196140447
836608,1784196140468
837632,1784196140488
838656,1784196140518
839680,1784196140538
840704,1784196140557
841728,1784196140588
842752,1784196140607
843776,1784196140628
844800,1784196140647
845824,1784196140678
846848,1784196140697
847872,1784196140717
848896,1784196140747
849920,1784196140768
850944,1784196140788
851968,1784196140818
852992,1784196140838
854016,1784196140857
855040,1784196140888
856064,1784196140907
857088,1784196140928
858112,1784196140957
859136,1784196140978
860160,1784196140997
861184,1784196141028
862208,1784196141047
863232,1784196141068
864256,1784196141097
865280,1784196141118
866304,1784196141138
867328,1784196141168
868352,1784196141188
869376,1784196141207
870400,1784196141238
871424,1784196141257
872448,1784196141278
873472,1784196141297
874496,1784196141328
875520,1784196141347
876544,1784196141368
877568,1784196141397
878592,1784196141417
879616,1784196141438
880640,1784196141467
881664,1784196141488
882688,1784196141507
883712,1784196141538
884736,1784196141557
885760,1784196141578
886784,1784196141607
887808,1784196141628
888832,1784196141648
889856,1784196141678
890880,1784196141698
891904,1784196141717
892928,1784196141748
893952,1784196141767
894976,1784196141788
896000,1784196141817
897024,1784196141838
898048,1784196141857
899072,1784196141888
900096,1784196141907
901120,1784196141927
902144,1784196141948
903168,1784196141977
904192,1784196141998
905216,1784196142018
906240,1784196142048
907264,1784196142068
908288,1784196142087
909312,1784196142118
910336,1784196142137
911360,1784196142158
912384,1784196142187
913408,1784196142208
914432,1784196142227
915456,1784196142258
916480,1784196142277
917504,1784196142298
918528,1784196142327
919552,1784196142348
920576,1784196142368
921600,1784196142398
922624,1784196142417
923648,1784196142438
924672,1784196142467
925696,1784196142488
926720,1784196142508
927744,1784196142538
928768,1784196142558
929792,1784196142577
930816,1784196142608
931840,1784196142627
932864,1784196142648
933888,1784196142667
934912,1784196142698
935936,1784196142717
936960,1784196142737
937984,1784196142767
939008,1784196142788
940032,1784196142808
941056,1784196142838
942080,1784196142858
943104,1784196142877
944128,1784196142907
945152,1784196142928
946176,1784196142948
947200,1784196142978
948224,1784196142998
949248,1784196143017
950272,1784196143048
951296,1784196143067
952320,1784196143088
953344,1784196143117
954368,1784196143138
955392,1784196143157
956416,1784196143188
957440,1784196143207
958464,1784196143228
959488,1784196143257
960512,1784196143278
961536,1784196143298
962560,1784196143317
963584,1784196143348
964608,1784196143367
965632,1784196143388
966656,1784196143417
967680,1784196143438
968704,1784196143458
969728,1784196143488
970752,1784196143508
971776,1784196143527
972800,1784196143558
973824,1784196143577
974848,1784196143598
975872,1784196143627
976896,1784196143648
977920,1784196143668
978944,1784196143698
979968,1784196143718
980992,1784196143737
982016,1784196143768
983040,1784196143787
984064,1784196143808
985088,1784196143837
986112,1784196143858
987136,1784196143877
988160,1784196143908
989184,1784196143927
990208,1784196143948
991232,1784196143977
992256,1784196143998
993280,1784196144018
994304,1784196144037
995328,1784196144068
996352,1784196144087
997376,1784196144108
998400,1784196144137
999424,1784196144158
1000448,1784196144177
1001472,1784196144208
1002496,1784196144227
1003520,1784196144248
1004544,1784196144277
1005568,1784196144298
1006592,1784196144318
1007616,1784196144348
1008640,1784196144368
1009664,1784196144387
1010688,1784196144418
1011712,1784196144437
1012736,1784196144458
1013760,1784196144487
1014784,1784196144508
1015808,1784196144527
1016832,1784196144558
1017856,1784196144577
1018880,1784196144598
1019904,1784196144627
1020928,1784196144647
1021952,1784196144668
1022976,1784196144687
1024000,1784196144718
1025024,1784196144737
1026048,1784196144758
1027072,1784196144787
1028096,1784196144807
1029120,1784196144828
1030144,1784196144858
1031168,1784196144878
1032192,1784196144897
1033216,1784196144928
1034240,1784196144947
1035264,1784196144968
1036288,1784196144997
1037312,1784196145018
1038336,1784196145038
1039360,1784196145068
1040384,1784196145088
1041408,1784196145107
1042432,1784196145138
1043456,1784196145157
1044480,1784196145178
1045504,1784196145207
1046528,1784196145228
1047552,1784196145248
1048576,1784196145278
1049600,1784196145298
1050624,1784196145317
1051648,1784196145348
1052672,1784196145367
1053696,1784196145388
1054720,1784196145407
1055744,1784196145438
1056768,1784196145457
1057792,1784196145478
1058816,1784196145507
1059840,1784196145528
1060864,1784196145547
1061888,1784196145578
1062912,1784196145597
1063936,1784196145618
1064960,1784196145647
1065984,1784196145668
1067008,1784196145688
1068032,1784196145718
1069056,1784196145738
1070080,1784196145757
1071104,1784196145788
1072128,1784196145807
1073152,1784196145828
1074176,1784196145857
1075200,1784196145878
1076224,1784196145897
1077248,1784196145928
1078272,1784196145947
1079296,1784196145968
1080320,1784196145997
1081344,1784196146018
1082368,1784196146038
1083392,1784196146057
1084416,1784196146088
1085440,1784196146107
1086464,1784196146128
1087488,1784196146157
1088512,1784196146178
1089536,1784196146197
1090560,1784196146228
1091584,1784196146247
1092608,1784196146268
1093632,1784196146297
1094656,1784196146318
1095680,1784196146338
1096704,1784196146367
1097728,1784196146388
1098752,1784196146407
1099776,1784196146438
1100800,1784196146457
1101824,1784196146478
1102848,1784196146507
1103872,1784196146528
1104896,1784196146548
1105920,1784196146577
1106944,1784196146597
1107968,1784196146617
1108992,1784196146647
1110016,1784196146667
1111040,1784196146687
1112064,1784196146718
1113088,1784196146738
1114112,1784196146757
1115136,1784196146777
1116160,1784196146807
1117184,1784196146827
1118208,1784196146848
1119232,1784196146877
1120256,1784196146897
1121280,1784196146917
