FrameID,timestamp_ms
0,1784191252021
1024,1784191252041
2048,1784191252061
3072,1784191252091
4096,1784191252111
5120,1784191252131
6144,1784191252161
7168,1784191252181
8192,1784191252201
9216,1784191252232
10240,1784191252252
11264,1784191252271
12288,1784191252301
13312,1784191252321
14336,1784191252341
15360,1784191252371
16384,1784191252391
17408,1784191252411
18432,1784191252441
19456,1784191252462
20480,1784191252481
21504,1784191252511
22528,1784191252531
23552,1784191252552
24576,1784191252581
25600,1784191252601
26624,1784191252621
27648,1784191252652
28672,1784191252671
29696,1784191252691
30720,1784191252711
31744,1784191252741
32768,1784191252762
33792,1784191252781
34816,1784191252811
35840,1784191252832
36864,1784191252852
37888,1784191252881
38912,1784191252901
39936,1784191252921
40960,1784191252951
41984,1784191252971
43008,1784191252992
44032,1784191253021
45056,1784191253041
46080,1784191253061
47104,1784191253091
48128,1784191253111
49152,1784191253131
50176,1784191253161
51200,1784191253181
52224,1784191253201
53248,1784191253231
54272,1784191253252
55296,1784191253271
56320,1784191253301
57344,1784191253321
58368,1784191253341
59392,1784191253361
60416,1784191253391
61440,1784191253411
62464,1784191253432
63488,1784191253462
64512,1784191253481
65536,1784191253501
66560,1784191253531
67584,1784191253551
68608,1784191253571
69632,1784191253601
70656,1784191253621
71680,1784191253641
72704,1784191253672
73728,1784191253691
74752,1784191253711
75776,1784191253742
76800,1784191253761
77824,1784191253781
78848,1784191253811
79872,1784191253832
80896,1784191253851
81920,1784191253881
82944,1784191253901
83968,1784191253921
84992,1784191253952
86016,1784191253971
87040,1784191253991
88064,1784191254021
89088,1784191254041
90112,1784191254061
91136,1784191254081
92160,1784191254112
93184,1784191254131
94208,1784191254151
95232,1784191254181
96256,1784191254202
97280,1784191254222
98304,1784191254251
99328,1784191254271
100352,1784191254291
101376,1784191254321
102400,1784191254341
103424,1784191254361
104448,1784191254391
105472,1784191254412
106496,1784191254431
107520,1784191254461
108544,1784191254481
109568,1784191254501
110592,1784191254531
111616,1784191254551
112640,1784191254571
113664,1784191254601
114688,1784191254622
115712,1784191254642
116736,1784191254671
117760,1784191254692
118784,1784191254712
119808,1784191254731
120832,1784191254761
121856,1784191254781
122880,1784191254801
123904,1784191254831
124928,1784191254851
125952,1784191254871
126976,1784191254901
128000,1784191254921
129024,1784191254941
130048,1784191254971
131072,1784191254991
132096,1784191255011
133120,1784191255041
134144,1784191255061
135168,1784191255081
136192,1784191255111
137216,1784191255131
138240,1784191255151
139264,1784191255181
140288,1784191255202
141312,1784191255222
142336,1784191255251
143360,1784191255272
144384,1784191255291
145408,1784191255321
146432,1784191255341
147456,1784191255362
148480,1784191255392
149504,1784191255411
150528,1784191255431
151552,1784191255451
152576,1784191255481
153600,1784191255501
154624,1784191255521
155648,1784191255551
156672,1784191255571
157696,1784191255591
158720,1784191255621
159744,1784191255641
160768,1784191255661
161792,1784191255691
162816,1784191255711
163840,1784191255732
164864,1784191255762
165888,1784191255782
166912,1784191255801
167936,1784191255831
168960,1784191255851
169984,1784191255872
171008,1784191255901
172032,1784191255922
173056,1784191255941
174080,1784191255971
175104,1784191255991
176128,1784191256011
177152,1784191256042
178176,1784191256061
179200,1784191256081
180224,1784191256101
181248,1784191256132
182272,1784191256152
183296,1784191256171
184320,1784191256201
185344,1784191256221
186368,1784191256242
187392,1784191256272
188416,1784191256291
189440,1784191256311
190464,1784191256341
191488,1784191256361
192512,1784191256381
193536,1784191256411
194560,1784191256431
195584,1784191256451
196608,1784191256481
197632,1784191256501
198656,1784191256521
199680,1784191256551
200704,1784191256572
201728,1784191256592
202752,1784191256621
203776,1784191256641
204800,1784191256661
205824,1784191256691
206848,1784191256712
207872,1784191256731
208896,1784191256761
209920,1784191256782
210944,1784191256802
211968,1784191256821
212992,1784191256851
214016,1784191256871
215040,1784191256891
216064,1784191256921
217088,1784191256941
218112,1784191256961
219136,1784191256991
220160,1784191257011
221184,1784191257031
222208,1784191257062
223232,1784191257081
224256,1784191257101
225280,1784191257131
226304,1784191257151
227328,1784191257171
228352,1784191257201
229376,1784191257221
230400,1784191257241
231424,1784191257272
232448,1784191257292
233472,1784191257312
234496,1784191257341
235520,1784191257361
236544,1784191257382
237568,1784191257411
238592,1784191257431
239616,1784191257452
240640,1784191257472
241664,1784191257501
242688,1784191257521
243712,1784191257541
244736,1784191257571
245760,1784191257591
246784,1784191257611
247808,1784191257641
248832,1784191257661
249856,1784191257681
250880,1784191257711
251904,1784191257732
252928,1784191257751
253952,1784191257781
254976,1784191257801
256000,1784191257821
257024,1784191257851
258048,1784191257872
259072,1784191257891
260096,1784191257921
261120,1784191257941
262144,1784191257961
263168,1784191257992
264192,1784191258012
265216,1784191258031
266240,1784191258062
267264,1784191258081
268288,1784191258101
269312,1784191258131
270336,1784191258151
271360,1784191258172
272384,1784191258192
273408,1784191258221
274432,1784191258241
275456,1784191258261
276480,1784191258292
277504,1784191258311
278528,1784191258331
279552,1784191258361
280576,1784191258381
281600,1784191258401
282624,1784191258431
283648,1784191258451
284672,1784191258471
285696,1784191258501
286720,1784191258521
287744,1784191258541
288768,1784191258571
289792,1784191258591
290816,1784191258611
291840,1784191258642
292864,1784191258661
293888,1784191258681
294912,1784191258712
295936,1784191258731
296960,1784191258751
297984,1784191258781
299008,1784191258801
300032,1784191258821
301056,1784191258841
302080,1784191258871
303104,1784191258892
304128,1784191258911
305152,1784191258941
306176,1784191258961
307200,1784191258981
308224,1784191259011
309248,1784191259031
310272,1784191259051
311296,1784191259081
312320,1784191259101
313344,1784191259121
314368,1784191259151
315392,1784191259171
316416,1784191259191
317440,1784191259221
318464,1784191259241
319488,1784191259261
320512,1784191259291
321536,1784191259312
322560,1784191259331
323584,1784191259361
324608,1784191259381
325632,1784191259401
326656,1784191259431
327680,1784191259452
328704,1784191259471
329728,1784191259501
330752,1784191259522
331776,1784191259541
332800,1784191259561
333824,1784191259591
334848,1784191259611
335872,1784191259631
336896,1784191259661
337920,1784191259681
338944,1784191259702
339968,1784191259731
340992,1784191259751
342016,1784191259771
343040,1784191259801
344064,1784191259822
345088,1784191259842
346112,1784191259871
347136,1784191259891
348160,1784191259911
349184,1784191259942
350208,1784191259961
351232,1784191259981
352256,1784191260011
353280,1784191260031
354304,1784191260051
355328,1784191260081
356352,1784191260101
357376,1784191260121
358400,1784191260151
359424,1784191260171
360448,1784191260191
361472,1784191260211
362496,1784191260241
363520,1784191260261
364544,1784191260281
365568,1784191260311
366592,1784191260332
367616,1784191260351
368640,1784191260381
369664,1784191260401
370688,1784191260422
371712,1784191260451
372736,1784191260471
373760,1784191260491
374784,1784191260521
375808,1784191260541
376832,1784191260562
377856,1784191260591
378880,1784191260611
379904,1784191260631
380928,1784191260661
381952,1784191260681
382976,1784191260702
384000,1784191260732
385024,1784191260751
386048,1784191260771
387072,1784191260801
388096,1784191260821
389120,1784191260841
390144,1784191260871
391168,1784191260891
392192,1784191260911
393216,1784191260931
394240,1784191260961
395264,1784191260981
396288,1784191261001
397312,1784191261031
398336,1784191261051
399360,1784191261071
400384,1784191261101
401408,1784191261122
402432,1784191261141
403456,1784191261171
404480,1784191261192
405504,1784191261211
406528,1784191261241
407552,1784191261261
408576,1784191261281
409600,1784191261312
410624,1784191261332
411648,1784191261351
412672,1784191261381
413696,1784191261402
414720,1784191261421
415744,1784191261451
416768,1784191261472
417792,1784191261492
418816,1784191261521
419840,1784191261541
420864,1784191261562
421888,1784191261581
422912,1784191261611
423936,1784191261631
424960,1784191261652
425984,1784191261681
427008,1784191261701
428032,1784191261721
429056,1784191261751
430080,1784191261772
431104,1784191261791
432128,1784191261821
433152,1784191261841
434176,1784191261861
435200,1784191261891
436224,1784191261912
437248,1784191261931
438272,1784191261962
439296,1784191261982
440320,1784191262001
441344,1784191262031
442368,1784191262051
443392,1784191262072
444416,1784191262101
445440,1784191262121
446464,1784191262141
447488,1784191262171
448512,1784191262192
449536,1784191262211
450560,1784191262231
451584,1784191262261
452608,1784191262281
453632,1784191262301
454656,1784191262331
455680,1784191262351
456704,1784191262371
457728,1784191262401
458752,1784191262421
459776,1784191262441
460800,1784191262471
461824,1784191262492
462848,1784191262511
463872,1784191262541
464896,1784191262561
465920,1784191262581
466944,1784191262611
467968,1784191262631
468992,1784191262651
470016,1784191262681
471040,1784191262701
472064,1784191262721
473088,1784191262751
474112,1784191262771
475136,1784191262791
476160,1784191262822
477184,1784191262841
478208,1784191262861
479232,1784191262892
480256,1784191262911
481280,1784191262931
482304,1784191262951
483328,1784191262982
484352,1784191263001
485376,1784191263021
486400,1784191263051
487424,1784191263071
488448,1784191263091
489472,1784191263121
490496,1784191263142
491520,1784191263161
492544,1784191263191
493568,1784191263212
494592,1784191263231
495616,1784191263261
496640,1784191263281
497664,1784191263301
498688,1784191263331
499712,1784191263351
500736,1784191263371
501760,1784191263401
502784,1784191263421
503808,1784191263441
504832,1784191263471
505856,1784191263491
506880,1784191263512
507904,1784191263541
508928,1784191263561
509952,1784191263582
510976,1784191263601
512000,1784191263631
513024,1784191263651
514048,1784191263672
515072,1784191263701
516096,1784191263721
517120,1784191263741
518144,1784191263771
519168,1784191263791
520192,1784191263811
521216,1784191263842
522240,1784191263861
523264,1784191263882
524288,1784191263911
525312,1784191263931
526336,1784191263951
527360,1784191263981
528384,1784191264001
529408,1784191264022
530432,1784191264051
531456,1784191264071
532480,1784191264091
533504,1784191264122
534528,1784191264142
535552,1784191264161
536576,1784191264192
537600,1784191264211
538624,1784191264231
539648,1784191264261
540672,1784191264281
541696,1784191264301
542720,1784191264321
543744,1784191264351
544768,1784191264371
545792,1784191264391
546816,1784191264421
547840,1784191264441
548864,1784191264461
549888,1784191264491
550912,1784191264511
551936,1784191264531
552960,1784191264561
553984,1784191264581
555008,1784191264601
556032,1784191264631
557056,1784191264651
558080,1784191264671
559104,1784191264701
560128,1784191264721
561152,1784191264742
562176,1784191264772
563200,1784191264791
564224,1784191264811
565248,1784191264841
566272,1784191264861
567296,1784191264881
568320,1784191264911
569344,1784191264931
570368,1784191264951
571392,1784191264971
572416,1784191265001
573440,1784191265021
574464,1784191265041
575488,1784191265071
576512,1784191265091
577536,1784191265111
578560,1784191265141
579584,1784191265161
580608,1784191265181
581632,1784191265211
582656,1784191265231
583680,1784191265251
584704,1784191265281
585728,1784191265301
586752,1784191265321
587776,1784191265351
588800,1784191265371
589824,1784191265391
590848,1784191265421
591872,1784191265441
592896,1784191265461
593920,1784191265491
594944,1784191265511
595968,1784191265531
596992,1784191265561
598016,1784191265581
599040,1784191265601
600064,1784191265631
601088,1784191265651
602112,1784191265671
603136,1784191265691
604160,1784191265721
605184,1784191265741
606208,1784191265761
607232,1784191265791
608256,1784191265811
609280,1784191265831
610304,1784191265861
611328,1784191265881
612352,1784191265901
613376,1784191265932
614400,1784191265951
615424,1784191265971
616448,1784191266001
617472,1784191266021
618496,1784191266041
619520,1784191266071
620544,1784191266091
621568,1784191266111
622592,1784191266141
623616,1784191266161
624640,1784191266181
625664,1784191266211
626688,1784191266231
627712,1784191266251
628736,1784191266281
629760,1784191266301
630784,1784191266321
631808,1784191266341
632832,1784191266372
633856,1784191266391
634880,1784191266411
635904,1784191266441
636928,1784191266461
637952,1784191266482
638976,1784191266511
640000,1784191266531
641024,1784191266551
642048,1784191266581
643072,1784191266601
644096,1784191266621
645120,1784191266651
646144,1784191266672
647168,1784191266691
648192,1784191266721
649216,1784191266741
650240,1784191266761
651264,1784191266792
652288,1784191266811
653312,1784191266831
654336,1784191266862
655360,1784191266881
656384,1784191266901
657408,1784191266931
658432,1784191266952
659456,1784191266971
660480,1784191267001
661504,1784191267021
662528,1784191267042
663552,1784191267061
664576,1784191267091
665600,1784191267111
666624,1784191267132
667648,1784191267161
668672,1784191267181
669696,1784191267201
670720,1784191267231
671744,1784191267251
672768,1784191267271
673792,1784191267302
674816,1784191267321
675840,1784191267341
676864,1784191267371
677888,1784191267391
678912,1784191267411
679936,1784191267441
680960,1784191267461
681984,1784191267481
683008,1784191267511
684032,1784191267531
685056,1784191267551
686080,1784191267581
687104,1784191267601
688128,1784191267621
689152,1784191267651
690176,1784191267671
691200,1784191267691
692224,1784191267711
693248,1784191267742
694272,1784191267761
695296,1784191267781
696320,1784191267811
697344,1784191267831
698368,1784191267851
699392,1784191267882
700416,1784191267901
701440,1784191267921
702464,1784191267951
703488,1784191267971
704512,1784191267991
705536,1784191268021
706560,1784191268041
707584,1784191268061
708608,1784191268091
709632,1784191268112
710656,1784191268131
711680,1784191268161
712704,1784191268182
713728,1784191268201
714752,1784191268231
715776,1784191268251
716800,1784191268271
717824,1784191268301
718848,1784191268321
719872,1784191268341
720896,1784191268371
721920,1784191268391
722944,1784191268411
723968,1784191268431
724992,1784191268461
726016,1784191268481
727040,1784191268501
728064,1784191268531
729088,1784191268551
730112,1784191268571
731136,1784191268601
732160,1784191268622
733184,1784191268641
734208,1784191268671
735232,1784191268691
736256,1784191268711
737280,1784191268741
738304,1784191268761
739328,1784191268782
740352,1784191268811
741376,1784191268831
742400,1784191268851
743424,1784191268882
744448,1784191268901
745472,1784191268921
746496,1784191268951
747520,1784191268971
748544,1784191268991
749568,1784191269021
750592,1784191269041
751616,1784191269061
752640,1784191269081
753664,1784191269111
754688,1784191269131
755712,1784191269151
756736,1784191269181
757760,1784191269201
758784,1784191269222
759808,1784191269251
760832,1784191269271
761856,1784191269291
762880,1784191269321
763904,1784191269341
764928,1784191269361
765952,1784191269392
766976,1784191269412
768000,1784191269432
769024,1784191269461
770048,1784191269481
771072,1784191269501
772096,1784191269531
773120,1784191269551
774144,1784191269571
775168,1784191269601
776192,1784191269621
777216,1784191269642
778240,1784191269671
779264,1784191269691
780288,1784191269711
781312,1784191269741
782336,1784191269761
783360,1784191269781
784384,1784191269801
785408,1784191269831
786432,1784191269851
787456,1784191269871
788480,1784191269901
789504,1784191269921
790528,1784191269942
791552,1784191269971
792576,1784191269991
793600,1784191270011
794624,1784191270041
795648,1784191270061
796672,1784191270081
797696,1784191270111
798720,1784191270131
799744,1784191270151
800768,1784191270181
801792,1784191270201
802816,1784191270221
803840,1784191270251
804864,1784191270271
805888,1784191270291
806912,1784191270322
807936,1784191270341
808960,1784191270361
809984,1784191270391
811008,1784191270411
812032,1784191270431
813056,1784191270451
814080,1784191270481
815104,1784191270501
816128,1784191270521
817152,1784191270551
818176,1784191270571
819200,1784191270591
820224,1784191270621
821248,1784191270642
822272,1784191270661
823296,1784191270691
824320,1784191270711
825344,1784191270732
826368,1784191270761
827392,1784191270781
828416,1784191270801
829440,1784191270831
830464,1784191270851
831488,1784191270871
832512,1784191270901
833536,1784191270922
834560,1784191270941
835584,1784191270971
836608,1784191270991
837632,1784191271011
838656,1784191271041
839680,1784191271061
840704,1784191271081
841728,1784191271111
842752,1784191271131
843776,1784191271151
844800,1784191271171
845824,1784191271201
846848,1784191271221
847872,1784191271241
848896,1784191271272
849920,1784191271291
850944,1784191271311
851968,1784191271342
852992,1784191271361
854016,1784191271381
855040,1784191271411
856064,1784191271431
857088,1784191271451
858112,1784191271481
859136,1784191271501
860160,1784191271521
861184,1784191271551
862208,1784191271571
863232,1784191271591
864256,1784191271621
865280,1784191271641
866304,1784191271661
867328,1784191271691
868352,1784191271711
869376,1784191271731
870400,1784191271761
871424,1784191271781
872448,1784191271802
873472,1784191271821
874496,1784191271851
875520,1784191271871
876544,1784191271892
877568,1784191271921
878592,1784191271941
879616,1784191271961
880640,1784191271991
881664,1784191272012
882688,1784191272031
883712,1784191272061
884736,1784191272081
885760,1784191272101
886784,1784191272131
887808,1784191272151
888832,1784191272171
889856,1784191272201
890880,1784191272221
891904,1784191272241
892928,1784191272271
893952,1784191272291
894976,1784191272311
896000,1784191272341
897024,1784191272361
898048,1784191272381
899072,1784191272411
900096,1784191272431
901120,1784191272451
902144,1784191272471
903168,1784191272501
904192,1784191272521
905216,1784191272541
906240,1784191272571
907264,1784191272592
908288,1784191272612
909312,1784191272641
910336,1784191272661
911360,1784191272681
912384,1784191272711
913408,1784191272731
914432,1784191272751
915456,1784191272782
916480,1784191272801
917504,1784191272821
918528,1784191272851
919552,1784191272872
920576,1784191272892
921600,1784191272921
922624,1784191272941
923648,1784191272961
924672,1784191272991
925696,1784191273011
926720,1784191273031
927744,1784191273061
928768,1784191273081
929792,1784191273101
930816,1784191273131
931840,1784191273151
932864,1784191273171
933888,1784191273191
934912,1784191273221
935936,1784191273241
936960,1784191273261
937984,1784191273292
939008,1784191273311
940032,1784191273331
941056,1784191273361
942080,1784191273381
943104,1784191273401
944128,1784191273431
945152,1784191273451
946176,1784191273471
947200,1784191273501
948224,1784191273521
949248,1784191273541
950272,1784191273571
951296,1784191273591
952320,1784191273611
953344,1784191273641
954368,1784191273661
955392,1784191273681
956416,1784191273711
957440,1784191273731
958464,1784191273751
959488,1784191273781
960512,1784191273801
961536,1784191273821
962560,1784191273841
963584,1784191273871
964608,1784191273891
965632,1784191273911
966656,1784191273941
967680,1784191273962
968704,1784191273981
969728,1784191274011
970752,1784191274031
971776,1784191274051
972800,1784191274081
973824,1784191274101
974848,1784191274121
975872,1784191274151
976896,1784191274171
977920,1784191274192
978944,1784191274222
979968,1784191274241
980992,1784191274261
982016,1784191274291
983040,1784191274311
984064,1784191274331
985088,1784191274361
986112,1784191274381
987136,1784191274401
988160,1784191274431
989184,1784191274451
990208,1784191274471
991232,1784191274501
992256,1784191274521
993280,1784191274541
994304,1784191274561
995328,1784191274591
996352,1784191274611
997376,1784191274631
998400,1784191274661
999424,1784191274681
1000448,1784191274701
1001472,1784191274731
1002496,1784191274751
1003520,1784191274771
1004544,1784191274801
1005568,1784191274821
1006592,1784191274841
1007616,1784191274871
1008640,1784191274891
1009664,1784191274911
1010688,1784191274941
1011712,1784191274961
1012736,1784191274981
1013760,1784191275012
1014784,1784191275031
1015808,1784191275051
1016832,1784191275081
1017856,1784191275101
1018880,1784191275121
1019904,1784191275151
1020928,1784191275171
1021952,1784191275191
1022976,1784191275211
1024000,1784191275241
1025024,1784191275261
1026048,1784191275281
1027072,1784191275311
1028096,1784191275331
1029120,1784191275351
1030144,1784191275381
1031168,1784191275401
1032192,1784191275421
1033216,1784191275451
1034240,1784191275471
1035264,1784191275491
1036288,1784191275521
1037312,1784191275541
1038336,1784191275561
1039360,1784191275591
1040384,1784191275611
1041408,1784191275631
1042432,1784191275661
1043456,1784191275681
1044480,1784191275701
1045504,1784191275731
1046528,1784191275751
1047552,1784191275771
1048576,1784191275801
1049600,1784191275821
1050624,1784191275841
1051648,1784191275871
1052672,1784191275891
1053696,1784191275912
1054720,1784191275932
1055744,1784191275961
1056768,1784191275981
1057792,1784191276001
1058816,1784191276031
1059840,1784191276051
1060864,1784191276071
1061888,1784191276101
1062912,1784191276121
1063936,1784191276141
1064960,1784191276171
1065984,1784191276191
1067008,1784191276211
1068032,1784191276241
1069056,1784191276261
1070080,1784191276281
1071104,1784191276311
1072128,1784191276331
1073152,1784191276351
1074176,1784191276381
1075200,1784191276401
1076224,1784191276421
1077248,1784191276451
1078272,1784191276471
1079296,1784191276491
1080320,1784191276521
1081344,1784191276541
1082368,1784191276561
1083392,1784191276581
1084416,1784191276611
1085440,1784191276631
1086464,1784191276651
1087488,1784191276681
1088512,1784191276701
1089536,1784191276721
1090560,1784191276751
1091584,1784191276771
1092608,1784191276791
1093632,1784191276821
1094656,1784191276841
1095680,1784191276861
1096704,1784191276891
1097728,1784191276911
1098752,1784191276931
1099776,1784191276961
1100800,1784191276981
1101824,1784191277001
1102848,1784191277031
1103872,1784191277052
1104896,1784191277071
1105920,1784191277101
1106944,1784191277121
1107968,1784191277141
1108992,1784191277172
1110016,1784191277192
1111040,1784191277211
1112064,1784191277241
1113088,1784191277261
1114112,1784191277282
1115136,1784191277301
1116160,1784191277331
1117184,1784191277351
1118208,1784191277372
1119232,1784191277401
1120256,1784191277421
1121280,1784191277442
1122304,1784191277471
1123328,1784191277491
1124352,1784191277511
1125376,1784191277541
1126400,1784191277561
1127424,1784191277581
1128448,1784191277611
1129472,1784191277631
1130496,1784191277651
1131520,1784191277681
1132544,1784191277701
1133568,1784191277721
1134592,1784191277751
1135616,1784191277771
1136640,1784191277791
1137664,1784191277821
1138688,1784191277841
1139712,1784191277861
1140736,1784191277891
1141760,1784191277911
1142784,1784191277931
1143808,1784191277951
1144832,1784191277981
1145856,1784191278001
1146880,1784191278021
1147904,1784191278051
1148928,1784191278071
1149952,1784191278091
1150976,1784191278121
1152000,1784191278141
1153024,1784191278161
1154048,1784191278191
1155072,1784191278211
1156096,1784191278231
1157120,1784191278261
1158144,1784191278281
1159168,1784191278301
1160192,1784191278331
1161216,1784191278351
1162240,1784191278371
1163264,1784191278401
1164288,1784191278421
1165312,1784191278441
1166336,1784191278472
1167360,1784191278491
1168384,1784191278511
1169408,1784191278541
1170432,1784191278561
1171456,1784191278581
1172480,1784191278611
1173504,1784191278631
1174528,1784191278651
1175552,1784191278671
1176576,1784191278701
1177600,1784191278721
1178624,1784191278741
1179648,1784191278771
1180672,1784191278791
1181696,1784191278811
1182720,1784191278841
1183744,1784191278861
1184768,1784191278881
1185792,1784191278911
1186816,1784191278931
1187840,1784191278951
1188864,1784191278981
1189888,1784191279001
1190912,1784191279021
1191936,1784191279051
1192960,1784191279071
1193984,1784191279092
1195008,1784191279121
1196032,1784191279141
1197056,1784191279161
1198080,1784191279191
1199104,1784191279211
1200128,1784191279231
1201152,1784191279261
1202176,1784191279281
1203200,1784191279301
1204224,1784191279321
1205248,1784191279351
1206272,1784191279371
1207296,1784191279391
1208320,1784191279422
1209344,1784191279441
1210368,1784191279461
1211392,1784191279491
1212416,1784191279511
1213440,1784191279532
1214464,1784191279561
1215488,1784191279581
1216512,1784191279601
1217536,1784191279631
1218560,1784191279651
1219584,1784191279671
1220608,1784191279701
1221632,1784191279721
1222656,1784191279742
1223680,1784191279771
1224704,1784191279791
1225728,1784191279811
1226752,1784191279841
1227776,1784191279861
1228800,1784191279881
1229824,1784191279911
1230848,1784191279931
1231872,1784191279951
1232896,1784191279981
1233920,1784191280001
1234944,1784191280021
1235968,1784191280041
1236992,1784191280071
1238016,1784191280091
1239040,1784191280111
1240064,1784191280141
1241088,1784191280161
1242112,1784191280181
1243136,1784191280211
1244160,1784191280231
1245184,1784191280251
1246208,1784191280281
1247232,1784191280302
1248256,1784191280321
1249280,1784191280351
1250304,1784191280371
1251328,1784191280391
1252352,1784191280421
1253376,1784191280441
1254400,1784191280461
1255424,1784191280491
1256448,1784191280511
1257472,1784191280531
1258496,1784191280561
1259520,1784191280581
1260544,1784191280601
1261568,1784191280631
1262592,1784191280651
1263616,1784191280671
1264640,1784191280691
1265664,1784191280721
1266688,1784191280741
1267712,1784191280761
1268736,1784191280791
1269760,1784191280811
1270784,1784191280831
1271808,1784191280861
1272832,1784191280881
1273856,1784191280901
1274880,1784191280931
1275904,1784191280951
1276928,1784191280971
1277952,1784191281001
1278976,1784191281021
1280000,1784191281041
1281024,1784191281071
1282048,1784191281091
1283072,1784191281111
1284096,1784191281141
1285120,1784191281161
1286144,1784191281181
1287168,1784191281211
1288192,1784191281231
1289216,1784191281252
1290240,1784191281281
1291264,1784191281301
1292288,1784191281321
1293312,1784191281351
1294336,1784191281371
1295360,1784191281391
1296384,1784191281411
1297408,1784191281441
1298432,1784191281461
1299456,1784191281481
1300480,1784191281511
1301504,1784191281531
1302528,1784191281551
1303552,1784191281581
1304576,1784191281601
1305600,1784191281621
1306624,1784191281651
1307648,1784191281671
1308672,1784191281691
1309696,1784191281721
1310720,1784191281741
1311744,1784191281761
1312768,1784191281791
1313792,1784191281811
1314816,1784191281831
1315840,1784191281861
1316864,1784191281881
1317888,1784191281901
1318912,1784191281931
1319936,1784191281951
1320960,1784191281971
1321984,1784191282001
1323008,1784191282021
1324032,1784191282041
1325056,1784191282061
1326080,1784191282091
1327104,1784191282111
1328128,1784191282131
1329152,1784191282161
1330176,1784191282181
1331200,1784191282201
1332224,1784191282231
1333248,1784191282251
1334272,1784191282271
1335296,1784191282301
1336320,1784191282321
1337344,1784191282341
1338368,1784191282371
1339392,1784191282391
1340416,1784191282411
1341440,1784191282441
1342464,1784191282461
1343488,1784191282481
1344512,1784191282511
1345536,1784191282531
1346560,1784191282551
1347584,1784191282581
1348608,1784191282601
1349632,1784191282621
1350656,1784191282651
1351680,1784191282671
1352704,1784191282691
1353728,1784191282711
1354752,1784191282741
1355776,1784191282761
1356800,1784191282781
1357824,1784191282811
1358848,1784191282832
1359872,1784191282851
1360896,1784191282881
1361920,1784191282901
1362944,1784191282921
1363968,1784191282951
1364992,1784191282971
1366016,1784191282991
1367040,1784191283021
1368064,1784191283041
1369088,1784191283061
1370112,1784191283091
1371136,1784191283111
1372160,1784191283131
1373184,1784191283161
1374208,1784191283181
1375232,1784191283201
1376256,1784191283231
1377280,1784191283251
1378304,1784191283271
1379328,1784191283301
1380352,1784191283321
1381376,1784191283341
1382400,1784191283371
1383424,1784191283391
1384448,1784191283411
1385472,1784191283431
1386496,1784191283461
1387520,1784191283481
1388544,1784191283501
1389568,1784191283531
1390592,1784191283551
1391616,1784191283571
1392640,1784191283601
1393664,1784191283621
1394688,1784191283641
1395712,1784191283671
1396736,1784191283691
1397760,1784191283711
1398784,1784191283741
1399808,1784191283761
1400832,1784191283781
1401856,1784191283811
1402880,1784191283831
1403904,1784191283851
1404928,1784191283881
1405952,1784191283901
1406976,1784191283921
1408000,1784191283951
1409024,1784191283971
1410048,1784191283991
1411072,1784191284021
1412096,1784191284041
1413120,1784191284061
1414144,1784191284081
1415168,1784191284111
1416192,1784191284131
1417216,1784191284151
1418240,1784191284181
1419264,1784191284201
1420288,1784191284221
1421312,1784191284251
1422336,1784191284271
1423360,1784191284291
1424384,1784191284321
1425408,1784191284341
1426432,1784191284361
1427456,1784191284391
1428480,1784191284411
1429504,1784191284431
1430528,1784191284461
1431552,1784191284481
1432576,1784191284501
1433600,1784191284531
1434624,1784191284551
1435648,1784191284571
1436672,1784191284601
1437696,1784191284621
1438720,1784191284641
1439744,1784191284671
1440768,1784191284691
1441792,1784191284711
1442816,1784191284741
1443840,1784191284761
1444864,1784191284781
1445888,1784191284801
1446912,1784191284831
1447936,1784191284851
1448960,1784191284871
1449984,1784191284901
1451008,1784191284921
1452032,1784191284941
1453056,1784191284971
1454080,1784191284991
1455104,1784191285011
1456128,1784191285041
1457152,1784191285061
1458176,1784191285081
1459200,1784191285111
1460224,1784191285131
1461248,1784191285151
1462272,1784191285181
1463296,1784191285201
1464320,1784191285221
1465344,1784191285251
1466368,1784191285271
1467392,1784191285291
1468416,1784191285321
1469440,1784191285341
1470464,1784191285361
1471488,1784191285391
1472512,1784191285411
1473536,1784191285431
1474560,1784191285451
1475584,1784191285481
1476608,1784191285501
1477632,1784191285521
1478656,1784191285551
1479680,1784191285571
1480704,1784191285591
1481728,1784191285621
1482752,1784191285641
1483776,1784191285661
1484800,1784191285691
1485824,1784191285711
1486848,1784191285731
1487872,1784191285761
1488896,1784191285781
1489920,1784191285801
1490944,1784191285831
1491968,1784191285851
1492992,1784191285871
1494016,1784191285901
1495040,1784191285921
1496064,1784191285941
1497088,1784191285971
1498112,1784191285991
1499136,1784191286011
1500160,1784191286041
1501184,1784191286061
1502208,1784191286081
1503232,1784191286111
1504256,1784191286131
1505280,1784191286151
1506304,1784191286171
1507328,1784191286201
1508352,1784191286221
1509376,1784191286241
1510400,1784191286271
1511424,1784191286291
1512448,1784191286311
1513472,1784191286341
1514496,1784191286362
1515520,1784191286381
1516544,1784191286411
1517568,1784191286431
1518592,1784191286451
1519616,1784191286481
1520640,1784191286501
1521664,1784191286521
1522688,1784191286551
1523712,1784191286571
1524736,1784191286591
1525760,1784191286621
1526784,1784191286641
1527808,1784191286661
1528832,1784191286691
1529856,1784191286711
1530880,1784191286731
1531904,1784191286761
1532928,1784191286781
1533952,1784191286801
1534976,1784191286821
1536000,1784191286851
1537024,1784191286871
1538048,1784191286891
1539072,1784191286921
1540096,1784191286941
1541120,1784191286961
1542144,1784191286991
1543168,1784191287011
1544192,1784191287031
1545216,1784191287061
1546240,1784191287081
1547264,1784191287101
1548288,1784191287131
1549312,1784191287151
1550336,1784191287171
1551360,1784191287201
1552384,1784191287221
1553408,1784191287241
1554432,1784191287271
1555456,1784191287291
1556480,1784191287311
1557504,1784191287341
1558528,1784191287361
1559552,1784191287381
1560576,1784191287411
1561600,1784191287431
1562624,1784191287451
1563648,1784191287481
1564672,1784191287501
1565696,1784191287521
1566720,1784191287541
1567744,1784191287571
1568768,1784191287591
1569792,1784191287611
1570816,1784191287641
1571840,1784191287661
1572864,1784191287681
1573888,1784191287711
1574912,1784191287731
1575936,1784191287751
1576960,1784191287781
1577984,1784191287801
1579008,1784191287821
1580032,1784191287851
1581056,1784191287871
1582080,1784191287891
1583104,1784191287921
1584128,1784191287941
1585152,1784191287961
1586176,1784191287991
1587200,1784191288011
1588224,1784191288031
1589248,1784191288061
1590272,1784191288081
1591296,1784191288101
1592320,1784191288131
1593344,1784191288151
1594368,1784191288171
1595392,1784191288191
1596416,1784191288221
1597440,1784191288241
1598464,1784191288261
1599488,1784191288291
1600512,1784191288311
1601536,1784191288331
1602560,1784191288361
1603584,1784191288381
1604608,1784191288401
1605632,1784191288431
1606656,1784191288451
1607680,1784191288471
1608704,1784191288501
1609728,1784191288521
1610752,1784191288541
1611776,1784191288571
1612800,1784191288591
1613824,1784191288611
1614848,1784191288641
1615872,1784191288661
1616896,1784191288681
1617920,1784191288711
1618944,1784191288731
1619968,1784191288751
1620992,1784191288781
1622016,1784191288801
1623040,1784191288821
1624064,1784191288851
1625088,1784191288871
1626112,1784191288891
1627136,1784191288911
1628160,1784191288941
1629184,1784191288961
1630208,1784191288981
1631232,1784191289011
1632256,1784191289031
1633280,1784191289051
1634304,1784191289081
1635328,1784191289101
1636352,1784191289121
1637376,1784191289151
1638400,1784191289171
1639424,1784191289191
1640448,1784191289222
1641472,1784191289241
1642496,1784191289261
1643520,1784191289291
1644544,1784191289311
1645568,1784191289331
1646592,1784191289361
1647616,1784191289381
1648640,1784191289401
1649664,1784191289431
1650688,1784191289451
1651712,1784191289471
1652736,1784191289501
1653760,1784191289521
1654784,1784191289541
1655808,1784191289561
1656832,1784191289591
1657856,1784191289611
1658880,1784191289631
1659904,1784191289661
1660928,1784191289681
1661952,1784191289701
1662976,1784191289731
1664000,1784191289751
1665024,1784191289772
1666048,1784191289801
1667072,1784191289821
1668096,1784191289841
1669120,1784191289871
1670144,1784191289891
1671168,1784191289911
1672192,1784191289941
1673216,1784191289961
1674240,1784191289981
1675264,1784191290011
1676288,1784191290031
1677312,1784191290051
1678336,1784191290081
1679360,1784191290102
1680384,1784191290121
1681408,1784191290151
1682432,1784191290171
1683456,1784191290191
1684480,1784191290221
1685504,1784191290241
1686528,1784191290261
1687552,1784191290281
1688576,1784191290311
1689600,1784191290331
1690624,1784191290351
1691648,1784191290381
1692672,1784191290401
1693696,1784191290421
1694720,1784191290451
1695744,1784191290471
1696768,1784191290491
1697792,1784191290521
1698816,1784191290541
1699840,1784191290561
1700864,1784191290591
1701888,1784191290611
1702912,1784191290631
1703936,1784191290661
1704960,1784191290681
1705984,1784191290701
1707008,1784191290731
1708032,1784191290751
1709056,1784191290771
1710080,1784191290801
1711104,1784191290821
1712128,1784191290841
1713152,1784191290871
1714176,1784191290891
1715200,1784191290911
1716224,1784191290931
1717248,1784191290962
1718272,1784191290981
1719296,1784191291001
1720320,1784191291031
1721344,1784191291051
1722368,1784191291071
1723392,1784191291101
1724416,1784191291121
1725440,1784191291141
1726464,1784191291171
1727488,1784191291191
1728512,1784191291211
1729536,1784191291241
1730560,1784191291262
1731584,1784191291281
1732608,1784191291311
1733632,1784191291331
1734656,1784191291351
1735680,1784191291381
1736704,1784191291401
1737728,1784191291421
1738752,1784191291451
1739776,1784191291471
1740800,1784191291491
1741824,1784191291521
1742848,1784191291541
1743872,1784191291561
1744896,1784191291591
1745920,1784191291611
1746944,1784191291631
1747968,1784191291651
1748992,1784191291681
1750016,1784191291701
1751040,1784191291721
1752064,1784191291751
1753088,1784191291771
1754112,1784191291791
1755136,1784191291821
1756160,1784191291841
1757184,1784191291861
1758208,1784191291891
1759232,1784191291911
1760256,1784191291931
1761280,1784191291961
1762304,1784191291981
1763328,1784191292001
1764352,1784191292031
1765376,1784191292051
1766400,1784191292071
1767424,1784191292101
1768448,1784191292121
1769472,1784191292141
1770496,1784191292171
1771520,1784191292191
1772544,1784191292211
1773568,1784191292241
1774592,1784191292261
1775616,1784191292281
1776640,1784191292301
1777664,1784191292331
1778688,1784191292351
1779712,1784191292371
1780736,1784191292401
1781760,1784191292421
1782784,1784191292441
1783808,1784191292471
1784832,1784191292491
1785856,1784191292511
1786880,1784191292541
1787904,1784191292561
1788928,1784191292581
1789952,1784191292611
1790976,1784191292631
1792000,1784191292651
1793024,1784191292681
1794048,1784191292701
1795072,1784191292721
1796096,1784191292751
1797120,1784191292771
1798144,1784191292791
1799168,1784191292821
1800192,1784191292841
1801216,1784191292861
1802240,1784191292891
1803264,1784191292911
1804288,1784191292931
1805312,1784191292951
1806336,1784191292981
1807360,1784191293001
1808384,1784191293021
1809408,1784191293051
1810432,1784191293071
1811456,1784191293091
1812480,1784191293121
1813504,1784191293141
1814528,1784191293161
1815552,1784191293191
1816576,1784191293211
1817600,1784191293231
1818624,1784191293261
1819648,1784191293281
1820672,1784191293301
1821696,1784191293331
1822720,1784191293351
1823744,1784191293371
1824768,1784191293401
1825792,1784191293421
1826816,1784191293441
1827840,1784191293471
1828864,1784191293491
1829888,1784191293511
1830912,1784191293541
1831936,1784191293561
1832960,1784191293581
1833984,1784191293611
1835008,1784191293632
1836032,1784191293651
1837056,1784191293671
1838080,1784191293701
1839104,1784191293721
1840128,1784191293741
1841152,1784191293771
1842176,1784191293791
1843200,1784191293811
1844224,1784191293841
1845248,1784191293861
1846272,1784191293881
1847296,1784191293911
1848320,1784191293931
1849344,1784191293951
1850368,1784191293981
1851392,1784191294001
1852416,1784191294021
1853440,1784191294051
1854464,1784191294071
1855488,1784191294091
1856512,1784191294121
1857536,1784191294141
1858560,1784191294161
1859584,1784191294191
1860608,1784191294211
1861632,1784191294231
1862656,1784191294261
1863680,1784191294282
1864704,1784191294301
1865728,1784191294321
1866752,1784191294351
1867776,1784191294371
1868800,1784191294391
1869824,1784191294421
1870848,1784191294441
1871872,1784191294461
1872896,1784191294491
1873920,1784191294511
1874944,1784191294531
1875968,1784191294561
1876992,1784191294581
1878016,1784191294601
1879040,1784191294631
1880064,1784191294651
1881088,1784191294671
1882112,1784191294702
1883136,1784191294721
1884160,1784191294741
1885184,1784191294771
1886208,1784191294791
1887232,1784191294811
1888256,1784191294841
1889280,1784191294861
1890304,1784191294881
1891328,1784191294911
1892352,1784191294931
1893376,1784191294951
1894400,1784191294981
1895424,1784191295001
1896448,1784191295021
1897472,1784191295041
1898496,1784191295071
1899520,1784191295091
1900544,1784191295111
1901568,1784191295141
1902592,1784191295161
1903616,1784191295181
1904640,1784191295211
1905664,1784191295231
1906688,1784191295251
1907712,1784191295281
1908736,1784191295301
1909760,1784191295321
1910784,1784191295351
1911808,1784191295371
1912832,1784191295391
1913856,1784191295421
1914880,1784191295441
1915904,1784191295461
1916928,1784191295491
1917952,1784191295511
1918976,1784191295531
1920000,1784191295561
1921024,1784191295581
1922048,1784191295601
1923072,1784191295631
1924096,1784191295651
1925120,1784191295671
1926144,1784191295691
1927168,1784191295721
1928192,1784191295741
1929216,1784191295761
1930240,1784191295791
1931264,1784191295811
1932288,1784191295831
1933312,1784191295861
1934336,1784191295881
1935360,1784191295901
1936384,1784191295931
1937408,1784191295951
1938432,1784191295971
1939456,1784191296001
1940480,1784191296021
1941504,1784191296041
1942528,1784191296071
1943552,1784191296091
1944576,1784191296111
1945600,1784191296141
1946624,1784191296161
1947648,1784191296181
1948672,1784191296211
1949696,1784191296231
1950720,1784191296251
1951744,1784191296281
1952768,1784191296301
1953792,1784191296321
1954816,1784191296351
1955840,1784191296371
1956864,1784191296391
1957888,1784191296411
1958912,1784191296441
1959936,1784191296461
1960960,1784191296481
1961984,1784191296511
1963008,1784191296531
1964032,1784191296551
1965056,1784191296581
1966080,1784191296601
1967104,1784191296621
1968128,1784191296651
1969152,1784191296671
1970176,1784191296691
1971200,1784191296721
1972224,1784191296741
1973248,1784191296761
1974272,1784191296791
1975296,1784191296811
1976320,1784191296831
1977344,1784191296861
1978368,1784191296881
1979392,1784191296901
1980416,1784191296931
1981440,1784191296951
1982464,1784191296971
1983488,1784191297001
1984512,1784191297021
1985536,1784191297041
1986560,1784191297061
1987584,1784191297091
1988608,1784191297111
1989632,1784191297131
1990656,1784191297161
1991680,1784191297181
1992704,1784191297201
1993728,1784191297231
1994752,1784191297251
1995776,1784191297271
1996800,1784191297301
1997824,1784191297321
1998848,1784191297341
1999872,1784191297371
2000896,1784191297391
2001920,1784191297411
2002944,1784191297441
2003968,1784191297461
2004992,1784191297481
2006016,1784191297512
2007040,1784191297531
2008064,1784191297551
2009088,1784191297581
2010112,1784191297601
2011136,1784191297621
2012160,1784191297651
2013184,1784191297671
2014208,1784191297691
2015232,1784191297721
2016256,1784191297741
2017280,1784191297761
2018304,1784191297781
2019328,1784191297811
2020352,1784191297831
2021376,1784191297851
2022400,1784191297881
2023424,1784191297901
2024448,1784191297921
2025472,1784191297951
2026496,1784191297971
2027520,1784191297991
2028544,1784191298021
2029568,1784191298041
2030592,1784191298061
2031616,1784191298091
2032640,1784191298111
2033664,1784191298131
2034688,1784191298161
2035712,1784191298181
2036736,1784191298201
2037760,1784191298231
2038784,1784191298251
2039808,1784191298271
2040832,1784191298301
2041856,1784191298321
2042880,1784191298341
2043904,1784191298371
2044928,1784191298391
2045952,1784191298411
2046976,1784191298431
2048000,1784191298461
2049024,1784191298481
2050048,1784191298501
2051072,1784191298531
2052096,1784191298551
2053120,1784191298571
2054144,1784191298601
2055168,1784191298621
2056192,1784191298641
2057216,1784191298671
2058240,1784191298691
2059264,1784191298711
2060288,1784191298741
2061312,1784191298761
2062336,1784191298781
2063360,1784191298811
2064384,1784191298831
2065408,1784191298851
2066432,1784191298881
2067456,1784191298901
2068480,1784191298921
2069504,1784191298951
2070528,1784191298971
2071552,1784191298991
2072576,1784191299021
2073600,1784191299041
2074624,1784191299061
2075648,1784191299091
2076672,1784191299111
2077696,1784191299131
2078720,1784191299151
2079744,1784191299181
2080768,1784191299201
2081792,1784191299221
2082816,1784191299251
2083840,1784191299271
2084864,1784191299291
2085888,1784191299321
2086912,1784191299341
2087936,1784191299361
2088960,1784191299391
2089984,1784191299412
2091008,1784191299431
2092032,1784191299461
2093056,1784191299481
2094080,1784191299501
2095104,1784191299531
2096128,1784191299551
2097152,1784191299571
2098176,1784191299602
2099200,1784191299621
2100224,1784191299641
2101248,1784191299671
2102272,1784191299691
2103296,1784191299711
2104320,1784191299741
2105344,1784191299761
2106368,1784191299781
2107392,1784191299801
2108416,1784191299831
2109440,1784191299851
2110464,1784191299871
2111488,1784191299902
2112512,1784191299921
2113536,1784191299941
2114560,1784191299971
2115584,1784191299991
2116608,1784191300011
2117632,1784191300041
2118656,1784191300061
2119680,1784191300081
2120704,1784191300111
2121728,1784191300131
2122752,1784191300151
2123776,1784191300181
2124800,1784191300201
2125824,1784191300221
2126848,1784191300251
2127872,1784191300271
2128896,1784191300291
2129920,1784191300321
2130944,1784191300341
2131968,1784191300361
2132992,1784191300391
2134016,1784191300411
2135040,1784191300431
2136064,1784191300461
2137088,1784191300481
2138112,1784191300501
2139136,1784191300521
2140160,1784191300551
2141184,1784191300571
2142208,1784191300591
2143232,1784191300621
2144256,1784191300641
2145280,1784191300661
2146304,1784191300691
2147328,1784191300711
2148352,1784191300731
2149376,1784191300761
2150400,1784191300781
2151424,1784191300801
2152448,1784191300831
2153472,1784191300851
2154496,1784191300871
2155520,1784191300901
2156544,1784191300921
2157568,1784191300941
2158592,1784191300971
2159616,1784191300991
2160640,1784191301011
2161664,1784191301042
2162688,1784191301061
2163712,1784191301081
2164736,1784191301111
2165760,1784191301131
2166784,1784191301151
2167808,1784191301171
2168832,1784191301201
2169856,1784191301221
2170880,1784191301241
2171904,1784191301271
2172928,1784191301291
2173952,1784191301311
2174976,1784191301341
2176000,1784191301361
2177024,1784191301381
2178048,1784191301411
2179072,1784191301431
2180096,1784191301451
2181120,1784191301481
2182144,1784191301501
2183168,1784191301522
2184192,1784191301551
2185216,1784191301571
2186240,1784191301591
2187264,1784191301621
2188288,1784191301641
2189312,1784191301661
2190336,1784191301691
2191360,1784191301711
2192384,1784191301731
2193408,1784191301761
2194432,1784191301781
2195456,1784191301801
2196480,1784191301831
2197504,1784191301851
2198528,1784191301871
2199552,1784191301891
2200576,1784191301921
2201600,1784191301941
2202624,1784191301961
2203648,1784191301991
2204672,1784191302011
2205696,1784191302031
2206720,1784191302061
2207744,1784191302081
2208768,1784191302101
2209792,1784191302131
2210816,1784191302151
2211840,1784191302171
2212864,1784191302201
2213888,1784191302221
2214912,1784191302241
2215936,1784191302271
2216960,1784191302291
2217984,1784191302311
2219008,1784191302341
2220032,1784191302361
2221056,1784191302381
2222080,1784191302411
2223104,1784191302431
2224128,1784191302451
2225152,1784191302481
2226176,1784191302501
2227200,1784191302521
2228224,1784191302541
2229248,1784191302571
2230272,1784191302591
2231296,1784191302611
2232320,1784191302641
2233344,1784191302661
2234368,1784191302681
2235392,1784191302711
2236416,1784191302731
2237440,1784191302751
2238464,1784191302781
2239488,1784191302801
2240512,1784191302821
2241536,1784191302851
2242560,1784191302871
2243584,1784191302891
2244608,1784191302921
2245632,1784191302941
2246656,1784191302961
2247680,1784191302991
2248704,1784191303011
2249728,1784191303031
2250752,1784191303061
2251776,1784191303081
2252800,1784191303101
2253824,1784191303131
2254848,1784191303151
2255872,1784191303171
2256896,1784191303191
2257920,1784191303221
2258944,1784191303241
2259968,1784191303261
2260992,1784191303291
2262016,1784191303311
2263040,1784191303331
2264064,1784191303361
2265088,1784191303381
2266112,1784191303401
2267136,1784191303431
2268160,1784191303451
2269184,1784191303471
2270208,1784191303501
2271232,1784191303521
2272256,1784191303541
2273280,1784191303571
2274304,1784191303591
2275328,1784191303611
2276352,1784191303641
2277376,1784191303661
2278400,1784191303681
2279424,1784191303711
2280448,1784191303731
2281472,1784191303751
2282496,1784191303781
2283520,1784191303801
2284544,1784191303821
2285568,1784191303851
2286592,1784191303871
2287616,1784191303891
2288640,1784191303911
2289664,1784191303941
2290688,1784191303961
2291712,1784191303981
2292736,1784191304011
2293760,1784191304031
2294784,1784191304051
2295808,1784191304081
2296832,1784191304101
2297856,1784191304121
2298880,1784191304151
2299904,1784191304171
2300928,1784191304191
2301952,1784191304221
2302976,1784191304241
2304000,1784191304261
2305024,1784191304291
2306048,1784191304311
2307072,1784191304331
2308096,1784191304361
2309120,1784191304381
2310144,1784191304401
2311168,1784191304431
2312192,1784191304451
2313216,1784191304471
2314240,1784191304501
2315264,1784191304521
2316288,1784191304541
2317312,1784191304561
2318336,1784191304591
2319360,1784191304611
2320384,1784191304631
2321408,1784191304661
2322432,1784191304681
2323456,1784191304701
2324480,1784191304731
2325504,1784191304751
2326528,1784191304771
2327552,1784191304801
2328576,1784191304821
2329600,1784191304841
2330624,1784191304871
2331648,1784191304891
2332672,1784191304911
2333696,1784191304941
2334720,1784191304961
2335744,1784191304981
2336768,1784191305011
2337792,1784191305031
2338816,1784191305051
2339840,1784191305081
2340864,1784191305101
2341888,1784191305121
2342912,1784191305151
2343936,1784191305171
2344960,1784191305191
2345984,1784191305221
2347008,1784191305241
2348032,1784191305261
2349056,1784191305281
2350080,1784191305311
2351104,1784191305331
2352128,1784191305351
2353152,1784191305381
2354176,1784191305401
2355200,1784191305421
2356224,1784191305451
2357248,1784191305471
2358272,1784191305491
2359296,1784191305521
2360320,1784191305541
2361344,1784191305561
2362368,1784191305591
2363392,1784191305611
2364416,1784191305631
2365440,1784191305661
2366464,1784191305681
2367488,1784191305701
2368512,1784191305731
2369536,1784191305751
2370560,1784191305771
2371584,1784191305801
2372608,1784191305821
2373632,1784191305841
2374656,1784191305871
2375680,1784191305891
2376704,1784191305911
2377728,1784191305931
2378752,1784191305961
2379776,1784191305981
2380800,1784191306001
2381824,1784191306031
2382848,1784191306051
2383872,1784191306071
2384896,1784191306101
2385920,1784191306121
2386944,1784191306141
2387968,1784191306171
2388992,1784191306191
2390016,1784191306211
2391040,1784191306241
2392064,1784191306261
2393088,1784191306281
2394112,1784191306311
2395136,1784191306331
2396160,1784191306351
2397184,1784191306381
2398208,1784191306401
2399232,1784191306421
2400256,1784191306451
2401280,1784191306471
2402304,1784191306491
2403328,1784191306521
2404352,1784191306541
2405376,1784191306561
2406400,1784191306591
2407424,1784191306611
2408448,1784191306631
2409472,1784191306651
2410496,1784191306681
2411520,1784191306701
2412544,1784191306721
2413568,1784191306751
2414592,1784191306771
2415616,1784191306791
2416640,1784191306821
2417664,1784191306841
2418688,1784191306861
2419712,1784191306892
2420736,1784191306911
2421760,1784191306931
2422784,1784191306961
2423808,1784191306981
2424832,1784191307001
2425856,1784191307031
2426880,1784191307051
2427904,1784191307071
2428928,1784191307101
2429952,1784191307121
2430976,1784191307141
2432000,1784191307171
2433024,1784191307191
2434048,1784191307211
2435072,1784191307241
2436096,1784191307261
2437120,1784191307281
2438144,1784191307301
2439168,1784191307331
2440192,1784191307351
2441216,1784191307371
2442240,1784191307401
2443264,1784191307421
2444288,1784191307441
2445312,1784191307471
2446336,1784191307491
2447360,1784191307511
2448384,1784191307541
2449408,1784191307561
2450432,1784191307581
2451456,1784191307611
2452480,1784191307631
2453504,1784191307651
2454528,1784191307681
2455552,1784191307701
2456576,1784191307721
2457600,1784191307751
2458624,1784191307771
2459648,1784191307791
2460672,1784191307821
2461696,1784191307841
2462720,1784191307861
2463744,1784191307891
2464768,1784191307911
2465792,1784191307931
2466816,1784191307961
2467840,1784191307981
2468864,1784191308001
2469888,1784191308021
2470912,1784191308051
2471936,1784191308071
2472960,1784191308091
2473984,1784191308121
2475008,1784191308141
2476032,1784191308161
2477056,1784191308191
2478080,1784191308211
2479104,1784191308231
2480128,1784191308261
2481152,1784191308281
2482176,1784191308301
2483200,1784191308331
2484224,1784191308351
2485248,1784191308371
2486272,1784191308401
2487296,1784191308421
2488320,1784191308441
2489344,1784191308471
2490368,1784191308491
2491392,1784191308511
2492416,1784191308541
2493440,1784191308561
2494464,1784191308581
2495488,1784191308611
2496512,1784191308631
2497536,1784191308651
2498560,1784191308671
2499584,1784191308701
2500608,1784191308721
2501632,1784191308741
2502656,1784191308771
2503680,1784191308791
2504704,1784191308811
2505728,1784191308841
2506752,1784191308861
2507776,1784191308881
2508800,1784191308911
2509824,1784191308931
2510848,1784191308951
2511872,1784191308981
2512896,1784191309001
2513920,1784191309021
2514944,1784191309051
2515968,1784191309071
2516992,1784191309091
2518016,1784191309121
2519040,1784191309141
2520064,1784191309161
2521088,1784191309191
2522112,1784191309211
2523136,1784191309231
2524160,1784191309261
2525184,1784191309281
2526208,1784191309301
2527232,1784191309331
2528256,1784191309351
2529280,1784191309371
2530304,1784191309391
2531328,1784191309421
2532352,1784191309441
2533376,1784191309461
2534400,1784191309491
2535424,1784191309511
2536448,1784191309531
2537472,1784191309561
2538496,1784191309581
2539520,1784191309601
2540544,1784191309631
2541568,1784191309651
2542592,1784191309671
2543616,1784191309701
2544640,1784191309721
2545664,1784191309741
2546688,1784191309771
2547712,1784191309791
2548736,1784191309811
2549760,1784191309841
2550784,1784191309861
2551808,1784191309881
2552832,1784191309911
2553856,1784191309931
2554880,1784191309951
2555904,1784191309981
2556928,1784191310001
2557952,1784191310021
2558976,1784191310041
2560000,1784191310071
2561024,1784191310091
2562048,1784191310111
2563072,1784191310141
2564096,1784191310161
2565120,1784191310181
2566144,1784191310211
2567168,1784191310231
2568192,1784191310251
2569216,1784191310281
2570240,1784191310301
2571264,1784191310321
2572288,1784191310351
2573312,1784191310371
2574336,1784191310391
2575360,1784191310421
2576384,1784191310441
2577408,1784191310461
2578432,1784191310491
2579456,1784191310511
2580480,1784191310531
2581504,1784191310561
2582528,1784191310581
2583552,1784191310601
2584576,1784191310631
2585600,1784191310651
2586624,1784191310671
2587648,1784191310701
2588672,1784191310721
2589696,1784191310741
2590720,1784191310761
2591744,1784191310791
2592768,1784191310811
2593792,1784191310831
2594816,1784191310861
2595840,1784191310881
2596864,1784191310901
2597888,1784191310931
2598912,1784191310951
2599936,1784191310971
2600960,1784191311001
2601984,1784191311021
2603008,1784191311041
2604032,1784191311071
2605056,1784191311091
2606080,1784191311111
2607104,1784191311141
2608128,1784191311161
2609152,1784191311181
2610176,1784191311211
2611200,1784191311231
2612224,1784191311251
2613248,1784191311281
2614272,1784191311301
2615296,1784191311321
2616320,1784191311351
2617344,1784191311371
2618368,1784191311391
2619392,1784191311411
2620416,1784191311441
2621440,1784191311461
2622464,1784191311481
2623488,1784191311511
2624512,1784191311531
2625536,1784191311551
2626560,1784191311581
2627584,1784191311601
2628608,1784191311621
2629632,1784191311651
2630656,1784191311671
2631680,1784191311691
2632704,1784191311721
2633728,1784191311741
2634752,1784191311761
2635776,1784191311791
2636800,1784191311811
2637824,1784191311831
2638848,1784191311861
2639872,1784191311881
2640896,1784191311901
2641920,1784191311931
2642944,1784191311951
2643968,1784191311971
2644992,1784191312001
2646016,1784191312021
2647040,1784191312041
2648064,1784191312071
2649088,1784191312091
2650112,1784191312111
2651136,1784191312131
2652160,1784191312161
2653184,1784191312181
2654208,1784191312201
2655232,1784191312231
2656256,1784191312251
2657280,1784191312271
2658304,1784191312301
2659328,1784191312321
2660352,1784191312341
2661376,1784191312371
2662400,1784191312391
2663424,1784191312411
2664448,1784191312441
2665472,1784191312461
2666496,1784191312481
2667520,1784191312511
2668544,1784191312531
2669568,1784191312551
2670592,1784191312581
2671616,1784191312601
2672640,1784191312621
2673664,1784191312651
2674688,1784191312671
2675712,1784191312691
2676736,1784191312721
2677760,1784191312741
2678784,1784191312761
2679808,1784191312781
2680832,1784191312811
2681856,1784191312831
2682880,1784191312851
2683904,1784191312881
2684928,1784191312901
2685952,1784191312921
2686976,1784191312951
2688000,1784191312971
2689024,1784191312991
2690048,1784191313021
2691072,1784191313041
2692096,1784191313061
2693120,1784191313091
2694144,1784191313111
2695168,1784191313131
2696192,1784191313161
2697216,1784191313181
2698240,1784191313201
2699264,1784191313231
2700288,1784191313251
2701312,1784191313271
2702336,1784191313301
2703360,1784191313321
2704384,1784191313341
2705408,1784191313371
2706432,1784191313391
2707456,1784191313411
2708480,1784191313431
2709504,1784191313461
2710528,1784191313481
2711552,1784191313501
2712576,1784191313531
2713600,1784191313551
2714624,1784191313571
2715648,1784191313601
2716672,1784191313621
2717696,1784191313641
2718720,1784191313671
2719744,1784191313691
2720768,1784191313711
2721792,1784191313741
2722816,1784191313761
2723840,1784191313781
2724864,1784191313811
2725888,1784191313831
2726912,1784191313851
2727936,1784191313881
2728960,1784191313901
