FrameID,timestamp_ms
0,1784191416343
1024,1784191416363
2048,1784191416383
3072,1784191416413
4096,1784191416433
5120,1784191416453
6144,1784191416483
7168,1784191416503
8192,1784191416523
9216,1784191416554
10240,1784191416573
11264,1784191416594
12288,1784191416624
13312,1784191416643
14336,1784191416663
15360,1784191416694
16384,1784191416713
17408,1784191416733
18432,1784191416764
19456,1784191416784
20480,1784191416803
21504,1784191416833
22528,1784191416854
23552,1784191416874
24576,1784191416903
25600,1784191416924
26624,1784191416943
27648,1784191416973
28672,1784191416993
29696,1784191417013
30720,1784191417034
31744,1784191417063
32768,1784191417084
33792,1784191417104
34816,1784191417133
35840,1784191417153
36864,1784191417173
37888,1784191417203
38912,1784191417223
39936,1784191417243
40960,1784191417273
41984,1784191417294
43008,1784191417313
44032,1784191417343
45056,1784191417363
46080,1784191417383
47104,1784191417413
48128,1784191417434
49152,1784191417454
50176,1784191417484
51200,1784191417503
52224,1784191417523
53248,1784191417553
54272,1784191417573
55296,1784191417594
56320,1784191417623
57344,1784191417643
58368,1784191417663
59392,1784191417683
60416,1784191417713
61440,1784191417733
62464,1784191417753
63488,1784191417783
64512,1784191417803
65536,1784191417823
66560,1784191417854
67584,1784191417874
68608,1784191417893
69632,1784191417923
70656,1784191417943
71680,1784191417963
72704,1784191417993
73728,1784191418013
74752,1784191418034
75776,1784191418063
76800,1784191418083
77824,1784191418103
78848,1784191418134
79872,1784191418154
80896,1784191418173
81920,1784191418203
82944,1784191418223
83968,1784191418243
84992,1784191418273
86016,1784191418293
87040,1784191418314
88064,1784191418343
89088,1784191418363
90112,1784191418383
91136,1784191418404
92160,1784191418433
93184,1784191418453
94208,1784191418473
95232,1784191418503
96256,1784191418524
97280,1784191418544
98304,1784191418573
99328,1784191418593
100352,1784191418614
101376,1784191418643
102400,1784191418663
103424,1784191418684
104448,1784191418714
105472,1784191418733
106496,1784191418753
107520,1784191418783
108544,1784191418804
109568,1784191418824
110592,1784191418853
111616,1784191418873
112640,1784191418893
113664,1784191418924
114688,1784191418943
115712,1784191418963
116736,1784191418993
117760,1784191419013
118784,1784191419033
119808,1784191419054
120832,1784191419083
121856,1784191419103
122880,1784191419124
123904,1784191419153
124928,1784191419173
125952,1784191419193
126976,1784191419223
128000,1784191419243
129024,1784191419263
130048,1784191419294
131072,1784191419314
132096,1784191419333
133120,1784191419363
134144,1784191419383
135168,1784191419403
136192,1784191419434
137216,1784191419453
138240,1784191419473
139264,1784191419504
140288,1784191419523
141312,1784191419543
142336,1784191419573
143360,1784191419593
144384,1784191419613
145408,1784191419643
146432,1784191419663
147456,1784191419684
148480,1784191419713
149504,1784191419733
150528,1784191419753
151552,1784191419773
152576,1784191419803
153600,1784191419823
154624,1784191419843
155648,1784191419873
156672,1784191419894
157696,1784191419913
158720,1784191419943
159744,1784191419963
160768,1784191419983
161792,1784191420013
162816,1784191420033
163840,1784191420054
164864,1784191420083
165888,1784191420103
166912,1784191420123
167936,1784191420153
168960,1784191420173
169984,1784191420193
171008,1784191420224
172032,1784191420243
173056,1784191420263
174080,1784191420293
175104,1784191420313
176128,1784191420334
177152,1784191420363
178176,1784191420383
179200,1784191420403
180224,1784191420424
181248,1784191420454
182272,1784191420473
183296,1784191420493
184320,1784191420524
185344,1784191420543
186368,1784191420563
187392,1784191420594
188416,1784191420613
189440,1784191420633
190464,1784191420663
191488,1784191420684
192512,1784191420704
193536,1784191420734
194560,1784191420753
195584,1784191420773
196608,1784191420803
197632,1784191420824
198656,1784191420844
199680,1784191420874
200704,1784191420893
201728,1784191420913
202752,1784191420943
203776,1784191420964
204800,1784191420983
205824,1784191421013
206848,1784191421033
207872,1784191421053
208896,1784191421083
209920,1784191421104
210944,1784191421123
211968,1784191421143
212992,1784191421173
214016,1784191421193
215040,1784191421214
216064,1784191421243
217088,1784191421263
218112,1784191421283
219136,1784191421314
220160,1784191421333
221184,1784191421353
222208,1784191421383
223232,1784191421403
224256,1784191421423
225280,1784191421454
226304,1784191421473
227328,1784191421493
228352,1784191421523
229376,1784191421543
230400,1784191421563
231424,1784191421594
232448,1784191421614
233472,1784191421633
234496,1784191421663
235520,1784191421684
236544,1784191421703
237568,1784191421733
238592,1784191421753
239616,1784191421773
240640,1784191421793
241664,1784191421823
242688,1784191421843
243712,1784191421863
244736,1784191421894
245760,1784191421913
246784,1784191421933
247808,1784191421963
248832,1784191421983
249856,1784191422004
250880,1784191422033
251904,1784191422053
252928,1784191422073
253952,1784191422103
254976,1784191422123
256000,1784191422143
257024,1784191422174
258048,1784191422193
259072,1784191422213
260096,1784191422244
261120,1784191422263
262144,1784191422283
263168,1784191422313
264192,1784191422334
265216,1784191422353
266240,1784191422383
267264,1784191422403
268288,1784191422423
269312,1784191422454
270336,1784191422473
271360,1784191422493
272384,1784191422513
273408,1784191422543
274432,1784191422563
275456,1784191422583
276480,1784191422614
277504,1784191422634
278528,1784191422653
279552,1784191422683
280576,1784191422704
281600,1784191422723
282624,1784191422753
283648,1784191422773
284672,1784191422793
285696,1784191422824
286720,1784191422844
287744,1784191422863
288768,1784191422893
289792,1784191422913
290816,1784191422934
291840,1784191422963
292864,1784191422984
293888,1784191423003
294912,1784191423033
295936,1784191423053
296960,1784191423073
297984,1784191423103
299008,1784191423124
300032,1784191423143
301056,1784191423163
302080,1784191423193
303104,1784191423214
304128,1784191423233
305152,1784191423263
306176,1784191423283
307200,1784191423303
308224,1784191423333
309248,1784191423353
310272,1784191423373
311296,1784191423403
312320,1784191423424
313344,1784191423443
314368,1784191423473
315392,1784191423493
316416,1784191423513
317440,1784191423544
318464,1784191423563
319488,1784191423583
320512,1784191423613
321536,1784191423634
322560,1784191423653
323584,1784191423683
324608,1784191423703
325632,1784191423724
326656,1784191423753
327680,1784191423773
328704,1784191423794
329728,1784191423823
330752,1784191423843
331776,1784191423863
332800,1784191423884
333824,1784191423913
334848,1784191423933
335872,1784191423953
336896,1784191423983
337920,1784191424003
338944,1784191424024
339968,1784191424053
340992,1784191424073
342016,1784191424093
343040,1784191424123
344064,1784191424144
345088,1784191424164
346112,1784191424193
347136,1784191424213
348160,1784191424233
349184,1784191424263
350208,1784191424283
351232,1784191424303
352256,1784191424333
353280,1784191424353
354304,1784191424373
355328,1784191424404
356352,1784191424423
357376,1784191424443
358400,1784191424473
359424,1784191424493
360448,1784191424514
361472,1784191424533
362496,1784191424563
363520,1784191424583
364544,1784191424603
365568,1784191424633
366592,1784191424653
367616,1784191424673
368640,1784191424703
369664,1784191424723
370688,1784191424743
371712,1784191424773
372736,1784191424793
373760,1784191424813
374784,1784191424843
375808,1784191424863
376832,1784191424883
377856,1784191424914
378880,1784191424933
379904,1784191424953
380928,1784191424983
381952,1784191425003
382976,1784191425023
384000,1784191425053
385024,1784191425073
386048,1784191425094
387072,1784191425123
388096,1784191425143
389120,1784191425163
390144,1784191425193
391168,1784191425213
392192,1784191425233
393216,1784191425253
394240,1784191425284
395264,1784191425303
396288,1784191425323
397312,1784191425354
398336,1784191425374
399360,1784191425393
400384,1784191425423
401408,1784191425443
402432,1784191425463
403456,1784191425493
404480,1784191425514
405504,1784191425534
406528,1784191425563
407552,1784191425583
408576,1784191425603
409600,1784191425633
410624,1784191425653
411648,1784191425674
412672,1784191425703
413696,1784191425723
414720,1784191425743
415744,1784191425773
416768,1784191425793
417792,1784191425813
418816,1784191425843
419840,1784191425863
420864,1784191425883
421888,1784191425903
422912,1784191425934
423936,1784191425953
424960,1784191425973
425984,1784191426003
427008,1784191426023
428032,1784191426044
429056,1784191426073
430080,1784191426093
431104,1784191426113
432128,1784191426143
433152,1784191426164
434176,1784191426183
435200,1784191426213
436224,1784191426234
437248,1784191426254
438272,1784191426283
439296,1784191426303
440320,1784191426324
441344,1784191426353
442368,1784191426373
443392,1784191426393
444416,1784191426423
445440,1784191426443
446464,1784191426464
447488,1784191426493
448512,1784191426513
449536,1784191426533
450560,1784191426553
451584,1784191426583
452608,1784191426603
453632,1784191426623
454656,1784191426653
455680,1784191426673
456704,1784191426693
457728,1784191426723
458752,1784191426743
459776,1784191426763
460800,1784191426793
461824,1784191426813
462848,1784191426833
463872,1784191426863
464896,1784191426884
465920,1784191426903
466944,1784191426933
467968,1784191426953
468992,1784191426973
470016,1784191427003
471040,1784191427023
472064,1784191427043
473088,1784191427073
474112,1784191427094
475136,1784191427113
476160,1784191427143
477184,1784191427163
478208,1784191427183
479232,1784191427213
480256,1784191427233
481280,1784191427253
482304,1784191427273
483328,1784191427303
484352,1784191427323
485376,1784191427343
486400,1784191427373
487424,1784191427393
488448,1784191427413
489472,1784191427444
490496,1784191427463
491520,1784191427484
492544,1784191427513
493568,1784191427533
494592,1784191427553
495616,1784191427583
496640,1784191427603
497664,1784191427623
498688,1784191427654
499712,1784191427673
500736,1784191427693
501760,1784191427723
502784,1784191427744
503808,1784191427763
504832,1784191427793
505856,1784191427813
506880,1784191427833
507904,1784191427863
508928,1784191427883
509952,1784191427903
510976,1784191427923
512000,1784191427953
513024,1784191427973
514048,1784191427993
515072,1784191428023
516096,1784191428043
517120,1784191428063
518144,1784191428093
519168,1784191428114
520192,1784191428133
521216,1784191428163
522240,1784191428183
523264,1784191428203
524288,1784191428233
525312,1784191428253
526336,1784191428273
527360,1784191428303
528384,1784191428324
529408,1784191428344
530432,1784191428373
531456,1784191428393
532480,1784191428413
533504,1784191428443
534528,1784191428463
535552,1784191428483
536576,1784191428513
537600,1784191428533
538624,1784191428553
539648,1784191428583
540672,1784191428603
541696,1784191428623
542720,1784191428643
543744,1784191428674
544768,1784191428693
545792,1784191428713
546816,1784191428744
547840,1784191428763
548864,1784191428783
549888,1784191428813
550912,1784191428833
551936,1784191428854
552960,1784191428883
553984,1784191428903
555008,1784191428923
556032,1784191428954
557056,1784191428973
558080,1784191428993
559104,1784191429023
560128,1784191429043
561152,1784191429063
562176,1784191429093
563200,1784191429113
564224,1784191429133
565248,1784191429163
566272,1784191429183
567296,1784191429203
568320,1784191429233
569344,1784191429254
570368,1784191429274
571392,1784191429294
572416,1784191429323
573440,1784191429343
574464,1784191429363
575488,1784191429393
576512,1784191429413
577536,1784191429433
578560,1784191429463
579584,1784191429484
580608,1784191429504
581632,1784191429533
582656,1784191429553
583680,1784191429573
584704,1784191429603
585728,1784191429623
586752,1784191429643
587776,1784191429673
588800,1784191429693
589824,1784191429713
590848,1784191429743
591872,1784191429763
592896,1784191429783
593920,1784191429813
594944,1784191429833
595968,1784191429853
596992,1784191429884
598016,1784191429903
599040,1784191429923
600064,1784191429953
601088,1784191429973
602112,1784191429993
603136,1784191430013
604160,1784191430043
605184,1784191430063
606208,1784191430083
607232,1784191430113
608256,1784191430133
609280,1784191430154
610304,1784191430183
611328,1784191430203
612352,1784191430223
613376,1784191430253
614400,1784191430273
615424,1784191430293
616448,1784191430323
617472,1784191430343
618496,1784191430363
619520,1784191430393
620544,1784191430413
621568,1784191430433
622592,1784191430464
623616,1784191430483
624640,1784191430503
625664,1784191430533
626688,1784191430553
627712,1784191430573
628736,1784191430603
629760,1784191430623
630784,1784191430643
631808,1784191430663
632832,1784191430693
633856,1784191430713
634880,1784191430734
635904,1784191430763
636928,1784191430783
637952,1784191430803
638976,1784191430833
640000,1784191430853
641024,1784191430873
642048,1784191430903
643072,1784191430923
644096,1784191430944
645120,1784191430973
646144,1784191430993
647168,1784191431013
648192,1784191431043
649216,1784191431063
650240,1784191431083
651264,1784191431113
652288,1784191431134
653312,1784191431154
654336,1784191431183
655360,1784191431203
656384,1784191431223
657408,1784191431254
658432,1784191431273
659456,1784191431293
660480,1784191431324
661504,1784191431343
662528,1784191431363
663552,1784191431383
664576,1784191431414
665600,1784191431433
666624,1784191431453
667648,1784191431483
668672,1784191431503
669696,1784191431524
670720,1784191431553
671744,1784191431573
672768,1784191431593
673792,1784191431623
674816,1784191431643
675840,1784191431663
676864,1784191431693
677888,1784191431713
678912,1784191431733
679936,1784191431764
680960,1784191431783
681984,1784191431803
683008,1784191431833
684032,1784191431853
685056,1784191431874
686080,1784191431903
687104,1784191431923
688128,1784191431943
689152,1784191431973
690176,1784191431993
691200,1784191432013
692224,1784191432034
693248,1784191432063
694272,1784191432083
695296,1784191432104
696320,1784191432133
697344,1784191432153
698368,1784191432174
699392,1784191432203
700416,1784191432223
701440,1784191432243
702464,1784191432273
703488,1784191432293
704512,1784191432313
705536,1784191432343
706560,1784191432363
707584,1784191432383
708608,1784191432414
709632,1784191432433
710656,1784191432453
711680,1784191432483
712704,1784191432503
713728,1784191432523
714752,1784191432553
715776,1784191432573
716800,1784191432593
717824,1784191432623
718848,1784191432643
719872,1784191432663
720896,1784191432693
721920,1784191432713
722944,1784191432733
723968,1784191432753
724992,1784191432783
726016,1784191432803
727040,1784191432823
728064,1784191432853
729088,1784191432873
730112,1784191432893
731136,1784191432923
732160,1784191432943
733184,1784191432963
734208,1784191432993
735232,1784191433013
736256,1784191433033
737280,1784191433063
738304,1784191433083
739328,1784191433103
740352,1784191433133
741376,1784191433153
742400,1784191433173
743424,1784191433203
744448,1784191433223
745472,1784191433243
746496,1784191433273
747520,1784191433293
748544,1784191433313
749568,1784191433343
750592,1784191433363
751616,1784191433383
752640,1784191433403
753664,1784191433433
754688,1784191433453
755712,1784191433473
756736,1784191433503
757760,1784191433523
758784,1784191433543
759808,1784191433573
760832,1784191433593
761856,1784191433613
762880,1784191433643
763904,1784191433663
764928,1784191433683
765952,1784191433713
766976,1784191433733
768000,1784191433753
769024,1784191433783
770048,1784191433803
771072,1784191433823
772096,1784191433853
773120,1784191433873
774144,1784191433893
775168,1784191433923
776192,1784191433943
777216,1784191433963
778240,1784191433993
779264,1784191434013
780288,1784191434033
781312,1784191434063
782336,1784191434083
783360,1784191434104
784384,1784191434123
785408,1784191434153
786432,1784191434173
787456,1784191434193
788480,1784191434223
789504,1784191434243
790528,1784191434263
791552,1784191434293
792576,1784191434313
793600,1784191434333
794624,1784191434363
795648,1784191434383
796672,1784191434403
797696,1784191434433
798720,1784191434453
799744,1784191434473
800768,1784191434503
801792,1784191434523
802816,1784191434543
803840,1784191434573
804864,1784191434593
805888,1784191434613
806912,1784191434643
807936,1784191434663
808960,1784191434683
809984,1784191434713
811008,1784191434733
812032,1784191434753
813056,1784191434773
814080,1784191434803
815104,1784191434823
816128,1784191434843
817152,1784191434873
818176,1784191434893
819200,1784191434914
820224,1784191434943
821248,1784191434963
822272,1784191434983
823296,1784191435014
824320,1784191435033
825344,1784191435053
826368,1784191435083
827392,1784191435103
828416,1784191435123
829440,1784191435153
830464,1784191435174
831488,1784191435193
832512,1784191435224
833536,1784191435243
834560,1784191435263
835584,1784191435293
836608,1784191435313
837632,1784191435334
838656,1784191435363
839680,1784191435384
840704,1784191435403
841728,1784191435434
842752,1784191435454
843776,1784191435473
844800,1784191435493
845824,1784191435523
846848,1784191435543
847872,1784191435563
848896,1784191435593
849920,1784191435613
850944,1784191435633
851968,1784191435663
852992,1784191435683
854016,1784191435704
855040,1784191435733
856064,1784191435754
857088,1784191435773
858112,1784191435804
859136,1784191435823
860160,1784191435843
861184,1784191435873
862208,1784191435893
863232,1784191435913
864256,1784191435943
865280,1784191435964
866304,1784191435983
867328,1784191436014
868352,1784191436033
869376,1784191436054
870400,1784191436083
871424,1784191436103
872448,1784191436123
873472,1784191436143
874496,1784191436174
875520,1784191436193
876544,1784191436213
877568,1784191436243
878592,1784191436263
879616,1784191436283
880640,1784191436313
881664,1784191436333
882688,1784191436353
883712,1784191436383
884736,1784191436403
885760,1784191436424
886784,1784191436453
887808,1784191436474
888832,1784191436493
889856,1784191436524
890880,1784191436543
891904,1784191436563
892928,1784191436593
893952,1784191436613
894976,1784191436634
896000,1784191436663
897024,1784191436684
898048,1784191436703
899072,1784191436733
900096,1784191436753
901120,1784191436773
902144,1784191436794
903168,1784191436823
904192,1784191436844
905216,1784191436863
906240,1784191436894
907264,1784191436913
908288,1784191436933
909312,1784191436963
910336,1784191436983
911360,1784191437003
912384,1784191437033
913408,1784191437053
914432,1784191437073
915456,1784191437103
916480,1784191437123
917504,1784191437143
918528,1784191437173
919552,1784191437193
920576,1784191437213
921600,1784191437243
922624,1784191437263
923648,1784191437284
924672,1784191437313
925696,1784191437334
926720,1784191437353
927744,1784191437384
928768,1784191437403
929792,1784191437423
930816,1784191437453
931840,1784191437474
932864,1784191437493
933888,1784191437513
934912,1784191437543
935936,1784191437563
936960,1784191437584
937984,1784191437613
939008,1784191437634
940032,1784191437653
941056,1784191437683
942080,1784191437703
943104,1784191437723
944128,1784191437753
945152,1784191437773
946176,1784191437794
947200,1784191437823
948224,1784191437843
949248,1784191437863
950272,1784191437893
951296,1784191437913
952320,1784191437933
953344,1784191437963
954368,1784191437983
955392,1784191438004
956416,1784191438033
957440,1784191438054
958464,1784191438073
959488,1784191438104
960512,1784191438123
961536,1784191438143
962560,1784191438163
963584,1784191438193
964608,1784191438213
965632,1784191438233
966656,1784191438263
967680,1784191438283
968704,1784191438304
969728,1784191438333
970752,1784191438354
971776,1784191438373
972800,1784191438403
973824,1784191438423
974848,1784191438444
975872,1784191438473
976896,1784191438494
977920,1784191438513
978944,1784191438544
979968,1784191438563
980992,1784191438583
982016,1784191438613
983040,1784191438633
984064,1784191438653
985088,1784191438683
986112,1784191438703
987136,1784191438723
988160,1784191438753
989184,1784191438773
990208,1784191438794
991232,1784191438823
992256,1784191438844
993280,1784191438863
994304,1784191438883
995328,1784191438913
996352,1784191438933
997376,1784191438954
998400,1784191438983
999424,1784191439003
1000448,1784191439023
1001472,1784191439053
1002496,1784191439074
1003520,1784191439093
1004544,1784191439123
1005568,1784191439143
1006592,1784191439163
1007616,1784191439193
1008640,1784191439213
1009664,1784191439234
1010688,1784191439263
1011712,1784191439284
1012736,1784191439303
1013760,1784191439333
1014784,1784191439353
1015808,1784191439373
1016832,1784191439403
1017856,1784191439423
1018880,1784191439443
1019904,1784191439473
1020928,1784191439493
1021952,1784191439514
1022976,1784191439533
1024000,1784191439564
1025024,1784191439583
1026048,1784191439603
1027072,1784191439633
1028096,1784191439653
1029120,1784191439673
1030144,1784191439703
1031168,1784191439723
1032192,1784191439743
1033216,1784191439773
1034240,1784191439793
1035264,1784191439814
1036288,1784191439843
1037312,1784191439864
1038336,1784191439883
1039360,1784191439914
1040384,1784191439933
1041408,1784191439953
1042432,1784191439983
1043456,1784191440003
1044480,1784191440023
1045504,1784191440053
1046528,1784191440073
1047552,1784191440093
1048576,1784191440123
1049600,1784191440143
1050624,1784191440163
1051648,1784191440194
1052672,1784191440213
1053696,1784191440233
1054720,1784191440253
1055744,1784191440283
1056768,1784191440303
1057792,1784191440323
1058816,1784191440353
1059840,1784191440373
1060864,1784191440393
1061888,1784191440423
