FrameID,timestamp_ms
0,1784190952127
1024,1784190952147
2048,1784190952167
3072,1784190952197
4096,1784190952217
5120,1784190952237
6144,1784190952267
7168,1784190952287
8192,1784190952307
9216,1784190952337
10240,1784190952357
11264,1784190952377
12288,1784190952407
13312,1784190952427
14336,1784190952447
15360,1784190952477
16384,1784190952497
17408,1784190952517
18432,1784190952547
19456,1784190952567
20480,1784190952587
21504,1784190952617
22528,1784190952637
23552,1784190952657
24576,1784190952687
25600,1784190952707
26624,1784190952727
27648,1784190952757
28672,1784190952777
29696,1784190952797
30720,1784190952817
31744,1784190952847
32768,1784190952867
33792,1784190952887
34816,1784190952917
35840,1784190952937
36864,1784190952957
37888,1784190952987
38912,1784190953007
39936,1784190953027
40960,1784190953057
41984,1784190953077
43008,1784190953097
44032,1784190953127
45056,1784190953147
46080,1784190953167
47104,1784190953197
48128,1784190953217
49152,1784190953237
50176,1784190953267
51200,1784190953287
52224,1784190953307
53248,1784190953337
54272,1784190953357
55296,1784190953377
56320,1784190953407
57344,1784190953427
58368,1784190953447
59392,1784190953467
60416,1784190953497
61440,1784190953517
62464,1784190953537
63488,1784190953567
64512,1784190953587
65536,1784190953607
66560,1784190953637
67584,1784190953657
68608,1784190953677
69632,1784190953707
70656,1784190953727
71680,1784190953747
72704,1784190953777
73728,1784190953797
74752,1784190953818
75776,1784190953847
76800,1784190953868
77824,1784190953887
78848,1784190953917
79872,1784190953937
80896,1784190953957
81920,1784190953987
82944,1784190954007
83968,1784190954028
84992,1784190954057
86016,1784190954077
87040,1784190954097
88064,1784190954127
89088,1784190954147
90112,1784190954167
91136,1784190954187
92160,1784190954217
93184,1784190954237
94208,1784190954257
95232,1784190954287
96256,1784190954307
97280,1784190954327
98304,1784190954357
99328,1784190954377
100352,1784190954397
101376,1784190954427
102400,1784190954447
103424,1784190954467
104448,1784190954497
105472,1784190954517
106496,1784190954537
107520,1784190954567
108544,1784190954587
109568,1784190954607
110592,1784190954637
111616,1784190954657
112640,1784190954677
113664,1784190954707
114688,1784190954727
115712,1784190954747
116736,1784190954777
117760,1784190954797
118784,1784190954817
119808,1784190954838
120832,1784190954867
121856,1784190954887
122880,1784190954907
123904,1784190954937
124928,1784190954957
125952,1784190954978
126976,1784190955007
128000,1784190955027
129024,1784190955047
130048,1784190955077
131072,1784190955097
132096,1784190955117
133120,1784190955148
134144,1784190955167
135168,1784190955187
136192,1784190955217
137216,1784190955237
138240,1784190955257
139264,1784190955287
140288,1784190955307
141312,1784190955327
142336,1784190955357
143360,1784190955377
144384,1784190955397
145408,1784190955427
146432,1784190955447
147456,1784190955467
148480,1784190955497
149504,1784190955517
150528,1784190955537
151552,1784190955557
152576,1784190955587
153600,1784190955607
154624,1784190955627
155648,1784190955657
156672,1784190955677
157696,1784190955697
158720,1784190955727
159744,1784190955747
160768,1784190955767
161792,1784190955797
162816,1784190955817
163840,1784190955837
164864,1784190955867
165888,1784190955887
166912,1784190955907
167936,1784190955937
168960,1784190955957
169984,1784190955977
171008,1784190956007
172032,1784190956027
173056,1784190956047
174080,1784190956077
175104,1784190956097
176128,1784190956117
177152,1784190956147
178176,1784190956167
179200,1784190956187
180224,1784190956207
181248,1784190956237
182272,1784190956257
183296,1784190956277
184320,1784190956307
185344,1784190956327
186368,1784190956347
187392,1784190956377
188416,1784190956397
189440,1784190956417
190464,1784190956447
191488,1784190956467
192512,1784190956487
193536,1784190956517
194560,1784190956537
195584,1784190956557
196608,1784190956587
197632,1784190956607
198656,1784190956627
199680,1784190956657
200704,1784190956677
201728,1784190956697
202752,1784190956727
203776,1784190956747
204800,1784190956767
205824,1784190956797
206848,1784190956817
207872,1784190956837
208896,1784190956867
209920,1784190956887
210944,1784190956907
211968,1784190956927
212992,1784190956957
214016,1784190956977
215040,1784190956997
216064,1784190957027
217088,1784190957047
218112,1784190957067
219136,1784190957097
220160,1784190957117
221184,1784190957137
222208,1784190957167
223232,1784190957187
224256,1784190957207
225280,1784190957237
226304,1784190957257
227328,1784190957277
228352,1784190957307
229376,1784190957327
230400,1784190957347
231424,1784190957377
232448,1784190957397
233472,1784190957417
234496,1784190957447
235520,1784190957467
236544,1784190957487
237568,1784190957517
238592,1784190957537
239616,1784190957557
240640,1784190957577
241664,1784190957607
242688,1784190957627
243712,1784190957647
244736,1784190957678
245760,1784190957697
246784,1784190957717
247808,1784190957747
248832,1784190957767
249856,1784190957787
250880,1784190957817
251904,1784190957837
252928,1784190957857
253952,1784190957887
254976,1784190957907
256000,1784190957927
257024,1784190957957
258048,1784190957977
259072,1784190957997
260096,1784190958027
261120,1784190958047
262144,1784190958067
263168,1784190958097
264192,1784190958117
265216,1784190958137
266240,1784190958167
267264,1784190958187
268288,1784190958207
269312,1784190958237
270336,1784190958257
271360,1784190958277
272384,1784190958297
273408,1784190958327
274432,1784190958347
275456,1784190958367
276480,1784190958397
277504,1784190958417
278528,1784190958437
279552,1784190958467
280576,1784190958487
281600,1784190958507
282624,1784190958537
283648,1784190958557
284672,1784190958577
285696,1784190958607
286720,1784190958627
287744,1784190958647
288768,1784190958677
289792,1784190958697
290816,1784190958717
291840,1784190958747
292864,1784190958767
293888,1784190958787
294912,1784190958817
295936,1784190958837
296960,1784190958857
297984,1784190958887
299008,1784190958907
300032,1784190958927
301056,1784190958947
302080,1784190958977
303104,1784190958997
304128,1784190959017
305152,1784190959047
306176,1784190959067
307200,1784190959087
308224,1784190959117
309248,1784190959137
310272,1784190959157
311296,1784190959187
312320,1784190959207
313344,1784190959227
314368,1784190959257
315392,1784190959277
316416,1784190959297
317440,1784190959327
318464,1784190959347
319488,1784190959368
320512,1784190959397
321536,1784190959417
322560,1784190959437
323584,1784190959467
324608,1784190959487
325632,1784190959507
326656,1784190959537
327680,1784190959557
328704,1784190959577
329728,1784190959607
330752,1784190959627
331776,1784190959647
332800,1784190959667
333824,1784190959697
334848,1784190959717
335872,1784190959737
336896,1784190959767
337920,1784190959787
338944,1784190959807
339968,1784190959837
340992,1784190959857
342016,1784190959877
343040,1784190959907
344064,1784190959927
345088,1784190959947
346112,1784190959977
347136,1784190959997
348160,1784190960017
349184,1784190960047
350208,1784190960067
351232,1784190960087
352256,1784190960117
353280,1784190960137
354304,1784190960157
355328,1784190960187
356352,1784190960207
357376,1784190960227
358400,1784190960257
359424,1784190960277
360448,1784190960297
361472,1784190960317
362496,1784190960347
363520,1784190960367
364544,1784190960387
365568,1784190960417
366592,1784190960437
367616,1784190960457
368640,1784190960487
369664,1784190960507
370688,1784190960527
371712,1784190960557
372736,1784190960577
373760,1784190960597
374784,1784190960627
375808,1784190960647
376832,1784190960667
377856,1784190960697
378880,1784190960717
379904,1784190960737
380928,1784190960767
381952,1784190960787
382976,1784190960807
384000,1784190960837
385024,1784190960857
386048,1784190960877
387072,1784190960907
388096,1784190960927
389120,1784190960947
390144,1784190960977
391168,1784190960997
392192,1784190961017
393216,1784190961037
394240,1784190961067
395264,1784190961087
396288,1784190961107
397312,1784190961137
398336,1784190961157
399360,1784190961177
400384,1784190961207
401408,1784190961227
402432,1784190961247
403456,1784190961277
404480,1784190961297
405504,1784190961317
406528,1784190961347
407552,1784190961367
408576,1784190961387
409600,1784190961417
410624,1784190961437
411648,1784190961457
412672,1784190961487
413696,1784190961507
414720,1784190961527
415744,1784190961557
416768,1784190961577
417792,1784190961597
418816,1784190961627
419840,1784190961647
420864,1784190961667
421888,1784190961687
422912,1784190961717
423936,1784190961737
424960,1784190961757
425984,1784190961787
427008,1784190961807
428032,1784190961827
429056,1784190961857
430080,1784190961877
431104,1784190961897
432128,1784190961927
433152,1784190961947
434176,1784190961967
435200,1784190961997
436224,1784190962017
437248,1784190962037
438272,1784190962067
439296,1784190962087
440320,1784190962107
441344,1784190962137
442368,1784190962157
443392,1784190962177
444416,1784190962207
445440,1784190962227
446464,1784190962247
447488,1784190962277
448512,1784190962297
449536,1784190962317
450560,1784190962337
451584,1784190962367
452608,1784190962387
453632,1784190962407
454656,1784190962437
455680,1784190962457
456704,1784190962477
457728,1784190962507
458752,1784190962527
459776,1784190962547
460800,1784190962577
461824,1784190962597
462848,1784190962617
463872,1784190962647
464896,1784190962667
465920,1784190962687
466944,1784190962717
467968,1784190962738
468992,1784190962757
470016,1784190962787
471040,1784190962807
472064,1784190962827
473088,1784190962857
474112,1784190962877
475136,1784190962897
476160,1784190962927
477184,1784190962947
478208,1784190962967
479232,1784190962997
480256,1784190963017
481280,1784190963037
482304,1784190963057
483328,1784190963087
484352,1784190963107
485376,1784190963127
486400,1784190963157
487424,1784190963177
488448,1784190963197
489472,1784190963227
490496,1784190963247
491520,1784190963267
492544,1784190963297
493568,1784190963317
494592,1784190963337
495616,1784190963367
496640,1784190963387
497664,1784190963407
498688,1784190963437
499712,1784190963457
500736,1784190963477
501760,1784190963507
502784,1784190963527
503808,1784190963547
504832,1784190963577
505856,1784190963597
506880,1784190963617
507904,1784190963647
508928,1784190963667
509952,1784190963687
510976,1784190963707
512000,1784190963737
513024,1784190963757
514048,1784190963777
515072,1784190963807
516096,1784190963827
517120,1784190963847
518144,1784190963877
519168,1784190963897
520192,1784190963917
521216,1784190963947
522240,1784190963967
523264,1784190963987
524288,1784190964017
525312,1784190964037
526336,1784190964057
527360,1784190964087
528384,1784190964107
529408,1784190964127
530432,1784190964157
531456,1784190964177
532480,1784190964197
533504,1784190964227
534528,1784190964247
535552,1784190964267
536576,1784190964297
537600,1784190964317
538624,1784190964337
539648,1784190964367
540672,1784190964387
541696,1784190964407
542720,1784190964427
543744,1784190964457
544768,1784190964477
545792,1784190964497
546816,1784190964527
547840,1784190964547
548864,1784190964567
549888,1784190964597
550912,1784190964617
551936,1784190964637
552960,1784190964667
553984,1784190964687
555008,1784190964707
556032,1784190964737
557056,1784190964757
558080,1784190964777
559104,1784190964807
560128,1784190964827
561152,1784190964847
562176,1784190964877
563200,1784190964897
564224,1784190964917
565248,1784190964947
566272,1784190964967
567296,1784190964987
568320,1784190965017
569344,1784190965037
570368,1784190965057
571392,1784190965077
572416,1784190965107
573440,1784190965127
574464,1784190965147
575488,1784190965177
576512,1784190965197
577536,1784190965217
578560,1784190965247
579584,1784190965267
580608,1784190965287
581632,1784190965317
582656,1784190965337
583680,1784190965357
584704,1784190965387
585728,1784190965407
586752,1784190965427
587776,1784190965457
588800,1784190965477
589824,1784190965497
590848,1784190965527
591872,1784190965547
592896,1784190965567
593920,1784190965597
594944,1784190965617
595968,1784190965637
596992,1784190965667
598016,1784190965687
599040,1784190965707
600064,1784190965737
601088,1784190965757
602112,1784190965777
603136,1784190965797
604160,1784190965827
605184,1784190965847
606208,1784190965867
607232,1784190965897
608256,1784190965917
609280,1784190965937
610304,1784190965967
611328,1784190965987
612352,1784190966007
613376,1784190966037
614400,1784190966057
615424,1784190966077
616448,1784190966107
617472,1784190966127
618496,1784190966147
619520,1784190966177
620544,1784190966197
621568,1784190966217
622592,1784190966247
623616,1784190966267
624640,1784190966287
625664,1784190966317
626688,1784190966337
627712,1784190966357
628736,1784190966387
629760,1784190966407
630784,1784190966427
631808,1784190966447
632832,1784190966477
633856,1784190966497
634880,1784190966517
635904,1784190966547
636928,1784190966567
637952,1784190966587
638976,1784190966617
640000,1784190966637
641024,1784190966657
642048,1784190966687
643072,1784190966707
644096,1784190966727
645120,1784190966757
646144,1784190966777
647168,1784190966797
648192,1784190966827
649216,1784190966847
650240,1784190966867
651264,1784190966897
652288,1784190966917
653312,1784190966937
654336,1784190966967
655360,1784190966987
656384,1784190967007
657408,1784190967037
658432,1784190967057
659456,1784190967077
660480,1784190967107
661504,1784190967127
662528,1784190967147
663552,1784190967167
664576,1784190967197
665600,1784190967217
666624,1784190967237
667648,1784190967267
668672,1784190967287
669696,1784190967307
670720,1784190967337
671744,1784190967357
672768,1784190967377
673792,1784190967407
674816,1784190967427
675840,1784190967447
676864,1784190967477
677888,1784190967497
678912,1784190967517
679936,1784190967547
680960,1784190967567
681984,1784190967587
683008,1784190967617
684032,1784190967637
685056,1784190967657
686080,1784190967687
687104,1784190967707
688128,1784190967727
689152,1784190967757
690176,1784190967777
691200,1784190967797
692224,1784190967817
693248,1784190967847
694272,1784190967867
695296,1784190967887
696320,1784190967917
697344,1784190967937
698368,1784190967957
699392,1784190967987
700416,1784190968007
701440,1784190968027
702464,1784190968057
703488,1784190968077
704512,1784190968097
705536,1784190968127
706560,1784190968147
707584,1784190968167
708608,1784190968197
709632,1784190968217
710656,1784190968237
711680,1784190968267
712704,1784190968287
713728,1784190968307
714752,1784190968337
715776,1784190968357
716800,1784190968377
717824,1784190968407
718848,1784190968427
719872,1784190968447
720896,1784190968477
721920,1784190968497
722944,1784190968517
723968,1784190968537
724992,1784190968567
726016,1784190968587
727040,1784190968607
728064,1784190968637
729088,1784190968657
730112,1784190968677
731136,1784190968707
732160,1784190968727
733184,1784190968747
734208,1784190968777
735232,1784190968797
736256,1784190968817
737280,1784190968847
738304,1784190968867
739328,1784190968887
740352,1784190968917
741376,1784190968937
742400,1784190968957
743424,1784190968987
744448,1784190969007
745472,1784190969027
746496,1784190969057
747520,1784190969077
748544,1784190969097
749568,1784190969127
750592,1784190969147
751616,1784190969167
752640,1784190969187
753664,1784190969217
754688,1784190969237
755712,1784190969257
756736,1784190969287
757760,1784190969307
758784,1784190969327
759808,1784190969357
760832,1784190969377
761856,1784190969397
762880,1784190969427
763904,1784190969447
764928,1784190969467
765952,1784190969497
766976,1784190969517
768000,1784190969537
769024,1784190969567
770048,1784190969587
771072,1784190969607
772096,1784190969637
773120,1784190969657
774144,1784190969677
775168,1784190969707
776192,1784190969727
777216,1784190969747
778240,1784190969777
779264,1784190969797
780288,1784190969817
781312,1784190969847
782336,1784190969867
783360,1784190969887
784384,1784190969907
785408,1784190969937
786432,1784190969957
787456,1784190969977
788480,1784190970007
789504,1784190970027
790528,1784190970047
791552,1784190970077
792576,1784190970097
793600,1784190970117
794624,1784190970147
795648,1784190970167
796672,1784190970187
797696,1784190970217
798720,1784190970237
799744,1784190970257
800768,1784190970287
801792,1784190970307
802816,1784190970327
803840,1784190970357
804864,1784190970377
805888,1784190970397
806912,1784190970427
807936,1784190970447
808960,1784190970467
809984,1784190970497
811008,1784190970517
812032,1784190970537
813056,1784190970557
814080,1784190970587
815104,1784190970607
816128,1784190970627
817152,1784190970657
818176,1784190970677
819200,1784190970697
820224,1784190970727
821248,1784190970747
822272,1784190970767
823296,1784190970797
824320,1784190970817
825344,1784190970837
826368,1784190970867
827392,1784190970887
828416,1784190970907
829440,1784190970937
830464,1784190970957
831488,1784190970977
832512,1784190971007
833536,1784190971027
834560,1784190971047
835584,1784190971077
836608,1784190971097
837632,1784190971117
838656,1784190971147
839680,1784190971167
840704,1784190971187
841728,1784190971217
842752,1784190971237
843776,1784190971257
844800,1784190971277
845824,1784190971307
846848,1784190971327
847872,1784190971347
848896,1784190971377
849920,1784190971397
850944,1784190971417
851968,1784190971447
852992,1784190971467
854016,1784190971487
855040,1784190971517
856064,1784190971537
857088,1784190971557
858112,1784190971587
859136,1784190971607
860160,1784190971627
861184,1784190971657
862208,1784190971677
863232,1784190971697
864256,1784190971727
865280,1784190971747
866304,1784190971767
867328,1784190971797
868352,1784190971817
869376,1784190971837
870400,1784190971867
871424,1784190971887
872448,1784190971907
873472,1784190971927
874496,1784190971957
875520,1784190971977
876544,1784190971997
877568,1784190972027
878592,1784190972047
879616,1784190972067
880640,1784190972097
881664,1784190972117
882688,1784190972137
883712,1784190972167
884736,1784190972187
885760,1784190972207
886784,1784190972237
887808,1784190972257
888832,1784190972277
889856,1784190972307
890880,1784190972327
891904,1784190972347
892928,1784190972377
893952,1784190972397
894976,1784190972417
896000,1784190972447
897024,1784190972467
898048,1784190972487
899072,1784190972517
900096,1784190972537
901120,1784190972557
902144,1784190972577
903168,1784190972607
904192,1784190972627
905216,1784190972647
906240,1784190972677
907264,1784190972697
908288,1784190972717
909312,1784190972747
910336,1784190972767
911360,1784190972787
912384,1784190972817
913408,1784190972837
914432,1784190972857
915456,1784190972887
916480,1784190972907
917504,1784190972927
918528,1784190972957
919552,1784190972977
920576,1784190972997
921600,1784190973027
922624,1784190973047
923648,1784190973067
924672,1784190973097
925696,1784190973117
926720,1784190973137
927744,1784190973167
928768,1784190973187
929792,1784190973207
930816,1784190973237
931840,1784190973257
932864,1784190973277
933888,1784190973297
934912,1784190973327
935936,1784190973347
936960,1784190973367
937984,1784190973397
939008,1784190973417
940032,1784190973437
941056,1784190973467
942080,1784190973487
943104,1784190973507
944128,1784190973537
945152,1784190973557
946176,1784190973577
947200,1784190973607
948224,1784190973627
949248,1784190973647
950272,1784190973677
951296,1784190973697
952320,1784190973717
953344,1784190973747
954368,1784190973767
955392,1784190973787
956416,1784190973817
957440,1784190973837
958464,1784190973857
959488,1784190973887
960512,1784190973907
