FrameID,timestamp_ms
0,1784191481389
1024,1784191481409
2048,1784191481429
3072,1784191481459
4096,1784191481479
5120,1784191481500
6144,1784191481530
7168,1784191481549
8192,1784191481569
9216,1784191481599
10240,1784191481620
11264,1784191481640
12288,1784191481670
13312,1784191481689
14336,1784191481709
15360,1784191481740
16384,1784191481759
17408,1784191481779
18432,1784191481810
19456,1784191481829
20480,1784191481849
21504,1784191481879
22528,1784191481900
23552,1784191481920
24576,1784191481949
25600,1784191481970
26624,1784191481989
27648,1784191482020
28672,1784191482040
29696,1784191482059
30720,1784191482080
31744,1784191482109
32768,1784191482129
33792,1784191482149
34816,1784191482179
35840,1784191482199
36864,1784191482220
37888,1784191482250
38912,1784191482269
39936,1784191482289
40960,1784191482319
41984,1784191482339
43008,1784191482359
44032,1784191482389
45056,1784191482409
46080,1784191482429
47104,1784191482459
48128,1784191482479
49152,1784191482499
50176,1784191482529
51200,1784191482549
52224,1784191482569
53248,1784191482599
54272,1784191482619
55296,1784191482639
56320,1784191482669
57344,1784191482689
58368,1784191482709
59392,1784191482729
60416,1784191482759
61440,1784191482780
62464,1784191482799
63488,1784191482829
64512,1784191482849
65536,1784191482869
66560,1784191482900
67584,1784191482920
68608,1784191482939
69632,1784191482970
70656,1784191482989
71680,1784191483009
72704,1784191483039
73728,1784191483059
74752,1784191483080
75776,1784191483109
76800,1784191483129
77824,1784191483150
78848,1784191483180
79872,1784191483200
80896,1784191483219
81920,1784191483249
82944,1784191483270
83968,1784191483289
84992,1784191483319
86016,1784191483340
87040,1784191483359
88064,1784191483389
89088,1784191483409
90112,1784191483429
91136,1784191483450
92160,1784191483479
93184,1784191483499
94208,1784191483519
95232,1784191483549
96256,1784191483569
97280,1784191483590
98304,1784191483619
99328,1784191483639
100352,1784191483660
101376,1784191483690
102400,1784191483709
103424,1784191483729
104448,1784191483759
105472,1784191483780
106496,1784191483800
107520,1784191483829
108544,1784191483850
109568,1784191483869
110592,1784191483900
111616,1784191483919
112640,1784191483939
113664,1784191483969
114688,1784191483990
115712,1784191484009
116736,1784191484039
117760,1784191484059
118784,1784191484079
119808,1784191484099
120832,1784191484129
121856,1784191484149
122880,1784191484170
123904,1784191484200
124928,1784191484219
125952,1784191484239
126976,1784191484269
128000,1784191484290
129024,1784191484309
130048,1784191484340
131072,1784191484360
132096,1784191484379
133120,1784191484409
134144,1784191484429
135168,1784191484449
136192,1784191484479
137216,1784191484499
138240,1784191484519
139264,1784191484549
140288,1784191484569
141312,1784191484590
142336,1784191484619
143360,1784191484639
144384,1784191484659
145408,1784191484689
146432,1784191484710
147456,1784191484729
148480,1784191484759
149504,1784191484779
150528,1784191484799
151552,1784191484820
152576,1784191484849
153600,1784191484869
154624,1784191484890
155648,1784191484919
156672,1784191484939
157696,1784191484960
158720,1784191484989
159744,1784191485009
160768,1784191485030
161792,1784191485059
162816,1784191485079
163840,1784191485100
164864,1784191485130
165888,1784191485150
166912,1784191485170
167936,1784191485199
168960,1784191485220
169984,1784191485240
171008,1784191485270
172032,1784191485290
173056,1784191485309
174080,1784191485340
175104,1784191485360
176128,1784191485380
177152,1784191485409
178176,1784191485429
179200,1784191485450
180224,1784191485469
181248,1784191485499
182272,1784191485519
183296,1784191485540
184320,1784191485569
185344,1784191485590
186368,1784191485610
187392,1784191485639
188416,1784191485659
189440,1784191485679
190464,1784191485709
191488,1784191485729
192512,1784191485749
193536,1784191485780
194560,1784191485799
195584,1784191485819
196608,1784191485849
197632,1784191485869
198656,1784191485889
199680,1784191485919
200704,1784191485940
201728,1784191485959
202752,1784191485990
203776,1784191486009
204800,1784191486029
205824,1784191486060
206848,1784191486080
207872,1784191486099
208896,1784191486129
209920,1784191486149
210944,1784191486169
211968,1784191486189
212992,1784191486220
214016,1784191486239
215040,1784191486259
216064,1784191486289
217088,1784191486310
218112,1784191486330
219136,1784191486359
220160,1784191486379
221184,1784191486399
222208,1784191486430
223232,1784191486449
224256,1784191486470
225280,1784191486500
226304,1784191486519
227328,1784191486539
228352,1784191486569
229376,1784191486589
230400,1784191486609
231424,1784191486640
232448,1784191486659
233472,1784191486679
234496,1784191486710
235520,1784191486729
236544,1784191486749
237568,1784191486780
238592,1784191486800
239616,1784191486819
240640,1784191486839
241664,1784191486869
242688,1784191486889
243712,1784191486909
244736,1784191486939
245760,1784191486960
246784,1784191486979
247808,1784191487009
248832,1784191487029
249856,1784191487050
250880,1784191487079
251904,1784191487100
252928,1784191487119
253952,1784191487150
254976,1784191487169
256000,1784191487189
257024,1784191487219
258048,1784191487239
259072,1784191487259
260096,1784191487290
261120,1784191487309
262144,1784191487329
263168,1784191487359
264192,1784191487380
265216,1784191487399
266240,1784191487429
267264,1784191487449
268288,1784191487469
269312,1784191487499
270336,1784191487520
271360,1784191487539
272384,1784191487559
273408,1784191487589
274432,1784191487609
275456,1784191487630
276480,1784191487659
277504,1784191487679
278528,1784191487700
279552,1784191487729
280576,1784191487749
281600,1784191487769
282624,1784191487799
283648,1784191487819
284672,1784191487839
285696,1784191487869
286720,1784191487889
287744,1784191487910
288768,1784191487940
289792,1784191487960
290816,1784191487980
291840,1784191488009
292864,1784191488029
293888,1784191488049
294912,1784191488079
295936,1784191488099
296960,1784191488119
297984,1784191488150
299008,1784191488169
300032,1784191488189
301056,1784191488209
302080,1784191488239
303104,1784191488259
304128,1784191488279
305152,1784191488310
306176,1784191488329
307200,1784191488350
308224,1784191488379
309248,1784191488399
310272,1784191488419
311296,1784191488449
312320,1784191488469
313344,1784191488490
314368,1784191488519
315392,1784191488539
316416,1784191488559
317440,1784191488589
318464,1784191488609
319488,1784191488629
320512,1784191488659
321536,1784191488680
322560,1784191488699
323584,1784191488729
324608,1784191488749
325632,1784191488769
326656,1784191488799
327680,1784191488820
328704,1784191488839
329728,1784191488869
330752,1784191488889
331776,1784191488910
332800,1784191488930
333824,1784191488960
334848,1784191488979
335872,1784191488999
336896,1784191489029
337920,1784191489049
338944,1784191489069
339968,1784191489099
340992,1784191489119
342016,1784191489139
343040,1784191489169
344064,1784191489189
345088,1784191489209
346112,1784191489240
347136,1784191489260
348160,1784191489279
349184,1784191489310
350208,1784191489329
351232,1784191489350
352256,1784191489379
353280,1784191489399
354304,1784191489419
355328,1784191489449
356352,1784191489469
357376,1784191489489
358400,1784191489519
359424,1784191489539
360448,1784191489559
361472,1784191489579
362496,1784191489610
363520,1784191489630
364544,1784191489650
365568,1784191489679
366592,1784191489699
367616,1784191489719
368640,1784191489749
369664,1784191489770
370688,1784191489790
371712,1784191489819
372736,1784191489839
373760,1784191489859
374784,1784191489889
375808,1784191489910
376832,1784191489930
377856,1784191489959
378880,1784191489980
379904,1784191490000
380928,1784191490030
381952,1784191490049
382976,1784191490069
384000,1784191490099
385024,1784191490120
386048,1784191490140
387072,1784191490169
388096,1784191490189
389120,1784191490210
390144,1784191490239
391168,1784191490259
392192,1784191490279
393216,1784191490299
394240,1784191490329
395264,1784191490349
396288,1784191490369
397312,1784191490399
398336,1784191490419
399360,1784191490439
400384,1784191490469
401408,1784191490489
402432,1784191490509
403456,1784191490539
404480,1784191490559
405504,1784191490579
406528,1784191490610
407552,1784191490629
408576,1784191490649
409600,1784191490679
410624,1784191490699
411648,1784191490720
412672,1784191490749
413696,1784191490769
414720,1784191490789
415744,1784191490819
416768,1784191490839
417792,1784191490859
418816,1784191490890
419840,1784191490909
420864,1784191490930
421888,1784191490949
422912,1784191490979
423936,1784191490999
424960,1784191491019
425984,1784191491049
427008,1784191491069
428032,1784191491090
429056,1784191491119
430080,1784191491139
431104,1784191491159
432128,1784191491189
433152,1784191491209
434176,1784191491229
435200,1784191491259
436224,1784191491280
437248,1784191491299
438272,1784191491329
439296,1784191491350
440320,1784191491369
441344,1784191491399
442368,1784191491420
443392,1784191491439
444416,1784191491469
445440,1784191491490
446464,1784191491510
447488,1784191491539
448512,1784191491560
449536,1784191491580
450560,1784191491599
451584,1784191491629
452608,1784191491650
453632,1784191491670
454656,1784191491699
455680,1784191491719
456704,1784191491739
457728,1784191491770
458752,1784191491790
459776,1784191491809
460800,1784191491839
461824,1784191491860
462848,1784191491880
463872,1784191491910
464896,1784191491929
465920,1784191491949
466944,1784191491979
467968,1784191492000
468992,1784191492019
470016,1784191492049
471040,1784191492069
472064,1784191492089
473088,1784191492119
474112,1784191492140
475136,1784191492160
476160,1784191492189
477184,1784191492209
478208,1784191492230
479232,1784191492259
480256,1784191492280
481280,1784191492300
482304,1784191492319
483328,1784191492349
484352,1784191492369
485376,1784191492389
486400,1784191492419
487424,1784191492440
488448,1784191492459
489472,1784191492490
490496,1784191492510
491520,1784191492529
492544,1784191492559
493568,1784191492579
494592,1784191492600
495616,1784191492629
496640,1784191492649
497664,1784191492669
498688,1784191492699
499712,1784191492719
500736,1784191492739
501760,1784191492770
502784,1784191492789
503808,1784191492809
504832,1784191492839
505856,1784191492859
506880,1784191492879
507904,1784191492909
508928,1784191492929
509952,1784191492950
510976,1784191492969
512000,1784191492999
513024,1784191493020
514048,1784191493040
515072,1784191493069
516096,1784191493089
517120,1784191493109
518144,1784191493139
519168,1784191493159
520192,1784191493179
521216,1784191493209
522240,1784191493229
523264,1784191493249
524288,1784191493279
525312,1784191493300
526336,1784191493319
527360,1784191493349
528384,1784191493369
529408,1784191493389
530432,1784191493420
531456,1784191493440
532480,1784191493459
533504,1784191493489
534528,1784191493510
535552,1784191493529
536576,1784191493559
537600,1784191493580
538624,1784191493600
539648,1784191493630
540672,1784191493650
541696,1784191493669
542720,1784191493689
543744,1784191493719
544768,1784191493740
545792,1784191493759
546816,1784191493789
547840,1784191493810
548864,1784191493830
549888,1784191493859
550912,1784191493880
551936,1784191493899
552960,1784191493929
553984,1784191493949
555008,1784191493969
556032,1784191493999
557056,1784191494019
558080,1784191494039
559104,1784191494069
560128,1784191494090
561152,1784191494110
562176,1784191494139
563200,1784191494159
564224,1784191494180
565248,1784191494209
566272,1784191494229
567296,1784191494249
568320,1784191494279
569344,1784191494299
570368,1784191494319
571392,1784191494340
572416,1784191494369
573440,1784191494389
574464,1784191494409
575488,1784191494440
576512,1784191494459
577536,1784191494480
578560,1784191494509
579584,1784191494530
580608,1784191494550
581632,1784191494579
582656,1784191494599
583680,1784191494619
584704,1784191494649
585728,1784191494670
586752,1784191494689
587776,1784191494719
588800,1784191494740
589824,1784191494760
590848,1784191494789
591872,1784191494809
592896,1784191494829
593920,1784191494860
594944,1784191494879
595968,1784191494899
596992,1784191494930
598016,1784191494950
599040,1784191494969
600064,1784191494999
601088,1784191495019
602112,1784191495039
603136,1784191495060
604160,1784191495089
605184,1784191495109
606208,1784191495129
607232,1784191495160
608256,1784191495179
609280,1784191495199
610304,1784191495229
611328,1784191495249
612352,1784191495269
613376,1784191495300
614400,1784191495320
615424,1784191495339
616448,1784191495369
617472,1784191495390
618496,1784191495410
619520,1784191495439
620544,1784191495459
621568,1784191495479
622592,1784191495509
623616,1784191495529
624640,1784191495550
625664,1784191495579
626688,1784191495599
627712,1784191495620
628736,1784191495649
629760,1784191495669
630784,1784191495689
631808,1784191495709
632832,1784191495739
633856,1784191495760
634880,1784191495779
635904,1784191495809
636928,1784191495829
637952,1784191495849
638976,1784191495879
640000,1784191495899
641024,1784191495919
642048,1784191495949
643072,1784191495969
644096,1784191495989
645120,1784191496019
646144,1784191496039
647168,1784191496060
648192,1784191496089
649216,1784191496109
650240,1784191496129
651264,1784191496160
652288,1784191496179
653312,1784191496199
654336,1784191496229
655360,1784191496250
656384,1784191496269
657408,1784191496299
658432,1784191496319
659456,1784191496339
660480,1784191496369
661504,1784191496390
662528,1784191496409
663552,1784191496430
664576,1784191496460
665600,1784191496479
666624,1784191496500
667648,1784191496529
668672,1784191496549
669696,1784191496569
670720,1784191496600
671744,1784191496619
672768,1784191496639
673792,1784191496669
674816,1784191496689
675840,1784191496710
676864,1784191496739
677888,1784191496759
678912,1784191496779
679936,1784191496810
680960,1784191496829
681984,1784191496849
683008,1784191496879
684032,1784191496899
685056,1784191496919
686080,1784191496949
687104,1784191496969
688128,1784191496990
689152,1784191497019
690176,1784191497039
691200,1784191497059
692224,1784191497079
693248,1784191497109
694272,1784191497129
695296,1784191497149
696320,1784191497180
697344,1784191497200
698368,1784191497219
699392,1784191497249
700416,1784191497269
701440,1784191497289
702464,1784191497319
703488,1784191497339
704512,1784191497359
705536,1784191497390
706560,1784191497410
707584,1784191497429
708608,1784191497459
709632,1784191497479
710656,1784191497500
711680,1784191497529
712704,1784191497549
713728,1784191497569
714752,1784191497599
715776,1784191497619
716800,1784191497639
717824,1784191497669
718848,1784191497689
719872,1784191497709
720896,1784191497739
721920,1784191497759
722944,1784191497780
723968,1784191497799
724992,1784191497829
726016,1784191497849
727040,1784191497869
728064,1784191497899
729088,1784191497920
730112,1784191497940
731136,1784191497969
732160,1784191497989
733184,1784191498009
734208,1784191498039
735232,1784191498059
736256,1784191498079
737280,1784191498110
738304,1784191498129
739328,1784191498149
740352,1784191498179
741376,1784191498200
742400,1784191498219
743424,1784191498249
744448,1784191498269
745472,1784191498290
746496,1784191498319
747520,1784191498339
748544,1784191498359
749568,1784191498390
750592,1784191498409
751616,1784191498429
752640,1784191498449
753664,1784191498479
754688,1784191498499
755712,1784191498520
756736,1784191498549
757760,1784191498569
758784,1784191498589
759808,1784191498619
760832,1784191498639
761856,1784191498659
762880,1784191498689
763904,1784191498709
764928,1784191498729
765952,1784191498759
766976,1784191498779
768000,1784191498799
769024,1784191498829
770048,1784191498849
771072,1784191498870
772096,1784191498900
773120,1784191498919
774144,1784191498939
775168,1784191498969
776192,1784191498989
777216,1784191499010
778240,1784191499040
779264,1784191499059
780288,1784191499080
781312,1784191499109
782336,1784191499129
783360,1784191499150
784384,1784191499170
785408,1784191499199
786432,1784191499219
787456,1784191499239
788480,1784191499270
789504,1784191499289
790528,1784191499309
791552,1784191499339
792576,1784191499360
793600,1784191499379
794624,1784191499409
795648,1784191499429
796672,1784191499449
797696,1784191499479
798720,1784191499500
799744,1784191499519
800768,1784191499550
801792,1784191499570
802816,1784191499589
803840,1784191499620
804864,1784191499639
805888,1784191499659
806912,1784191499689
807936,1784191499709
808960,1784191499730
809984,1784191499759
811008,1784191499780
812032,1784191499799
813056,1784191499820
814080,1784191499849
815104,1784191499870
816128,1784191499889
817152,1784191499920
818176,1784191499939
819200,1784191499960
820224,1784191499989
821248,1784191500010
822272,1784191500030
823296,1784191500060
824320,1784191500079
825344,1784191500100
826368,1784191500130
827392,1784191500149
828416,1784191500169
829440,1784191500199
830464,1784191500219
831488,1784191500240
832512,1784191500269
833536,1784191500289
834560,1784191500309
835584,1784191500339
836608,1784191500359
837632,1784191500380
838656,1784191500409
839680,1784191500430
840704,1784191500449
841728,1784191500479
842752,1784191500499
843776,1784191500520
844800,1784191500539
845824,1784191500570
846848,1784191500589
847872,1784191500609
848896,1784191500639
849920,1784191500659
850944,1784191500680
851968,1784191500709
852992,1784191500730
854016,1784191500749
855040,1784191500780
856064,1784191500799
857088,1784191500820
858112,1784191500849
859136,1784191500870
860160,1784191500889
861184,1784191500920
862208,1784191500939
863232,1784191500959
864256,1784191500989
865280,1784191501009
866304,1784191501030
867328,1784191501059
868352,1784191501080
869376,1784191501099
870400,1784191501129
871424,1784191501149
872448,1784191501169
873472,1784191501190
874496,1784191501219
875520,1784191501239
876544,1784191501260
877568,1784191501289
878592,1784191501310
879616,1784191501329
880640,1784191501360
881664,1784191501380
882688,1784191501399
883712,1784191501430
884736,1784191501449
885760,1784191501470
886784,1784191501499
887808,1784191501520
888832,1784191501539
889856,1784191501570
890880,1784191501589
891904,1784191501609
892928,1784191501639
893952,1784191501659
894976,1784191501680
896000,1784191501709
897024,1784191501730
898048,1784191501749
899072,1784191501780
900096,1784191501799
901120,1784191501820
902144,1784191501839
903168,1784191501869
904192,1784191501889
905216,1784191501909
906240,1784191501939
907264,1784191501959
908288,1784191501979
909312,1784191502009
910336,1784191502029
911360,1784191502050
912384,1784191502079
913408,1784191502100
914432,1784191502119
915456,1784191502150
916480,1784191502169
917504,1784191502190
918528,1784191502219
919552,1784191502239
920576,1784191502260
921600,1784191502289
922624,1784191502309
923648,1784191502329
924672,1784191502360
925696,1784191502379
926720,1784191502399
927744,1784191502429
928768,1784191502450
929792,1784191502469
930816,1784191502500
931840,1784191502519
932864,1784191502540
933888,1784191502559
934912,1784191502590
935936,1784191502610
936960,1784191502629
937984,1784191502659
939008,1784191502680
940032,1784191502699
941056,1784191502730
942080,1784191502749
943104,1784191502770
944128,1784191502799
945152,1784191502820
946176,1784191502839
947200,1784191502869
948224,1784191502890
949248,1784191502909
950272,1784191502940
951296,1784191502959
952320,1784191502979
953344,1784191503009
954368,1784191503029
955392,1784191503050
956416,1784191503079
957440,1784191503100
958464,1784191503119
959488,1784191503150
960512,1784191503169
961536,1784191503189
962560,1784191503209
963584,1784191503240
964608,1784191503259
965632,1784191503279
966656,1784191503309
967680,1784191503329
968704,1784191503350
969728,1784191503379
970752,1784191503400
971776,1784191503419
972800,1784191503450
973824,1784191503469
974848,1784191503490
975872,1784191503519
976896,1784191503540
977920,1784191503559
978944,1784191503589
979968,1784191503610
980992,1784191503629
982016,1784191503660
983040,1784191503679
984064,1784191503700
985088,1784191503729
986112,1784191503750
987136,1784191503769
988160,1784191503800
989184,1784191503819
990208,1784191503839
991232,1784191503869
992256,1784191503889
993280,1784191503910
994304,1784191503929
995328,1784191503960
996352,1784191503979
997376,1784191504000
998400,1784191504029
999424,1784191504049
1000448,1784191504070
1001472,1784191504099
1002496,1784191504120
1003520,1784191504139
1004544,1784191504170
1005568,1784191504189
1006592,1784191504209
1007616,1784191504239
1008640,1784191504259
1009664,1784191504279
1010688,1784191504309
1011712,1784191504329
1012736,1784191504350
1013760,1784191504379
1014784,1784191504400
1015808,1784191504419
1016832,1784191504449
1017856,1784191504469
1018880,1784191504489
1019904,1784191504519
1020928,1784191504539
1021952,1784191504560
1022976,1784191504579
1024000,1784191504610
1025024,1784191504629
1026048,1784191504649
1027072,1784191504679
1028096,1784191504699
1029120,1784191504720
1030144,1784191504749
1031168,1784191504770
1032192,1784191504789
1033216,1784191504820
1034240,1784191504839
1035264,1784191504859
1036288,1784191504889
1037312,1784191504909
1038336,1784191504930
1039360,1784191504960
1040384,1784191504979
1041408,1784191504999
1042432,1784191505029
1043456,1784191505049
1044480,1784191505070
1045504,1784191505099
1046528,1784191505120
1047552,1784191505139
1048576,1784191505170
1049600,1784191505189
1050624,1784191505209
1051648,1784191505239
1052672,1784191505259
1053696,1784191505280
1054720,1784191505299
1055744,1784191505330
1056768,1784191505349
1057792,1784191505369
1058816,1784191505399
1059840,1784191505420
1060864,1784191505440
1061888,1784191505469
1062912,1784191505490
1063936,1784191505509
1064960,1784191505540
1065984,1784191505559
1067008,1784191505580
1068032,1784191505609
1069056,1784191505630
1070080,1784191505649
1071104,1784191505680
1072128,1784191505699
1073152,1784191505719
1074176,1784191505749
1075200,1784191505769
1076224,1784191505790
1077248,1784191505819
1078272,1784191505840
1079296,1784191505859
1080320,1784191505890
1081344,1784191505909
1082368,1784191505929
1083392,1784191505950
1084416,1784191505980
1085440,1784191505999
1086464,1784191506019
1087488,1784191506049
1088512,1784191506069
1089536,1784191506090
1090560,1784191506119
1091584,1784191506140
1092608,1784191506159
1093632,1784191506190
1094656,1784191506209
1095680,1784191506230
1096704,1784191506259
1097728,1784191506280
1098752,1784191506299
1099776,1784191506330
1100800,1784191506349
1101824,1784191506369
1102848,1784191506400
1103872,1784191506419
1104896,1784191506440
1105920,1784191506470
1106944,1784191506490
1107968,1784191506509
1108992,1784191506540
1110016,1784191506559
1111040,1784191506579
1112064,1784191506609
1113088,1784191506630
1114112,1784191506649
1115136,1784191506670
1116160,1784191506699
1117184,1784191506720
1118208,1784191506739
1119232,1784191506770
1120256,1784191506789
1121280,1784191506809
1122304,1784191506839
1123328,1784191506859
1124352,1784191506879
1125376,1784191506909
1126400,1784191506929
1127424,1784191506950
1128448,1784191506979
1129472,1784191507000
1130496,1784191507019
1131520,1784191507050
1132544,1784191507069
1133568,1784191507089
1134592,1784191507119
1135616,1784191507139
1136640,1784191507160
1137664,1784191507189
1138688,1784191507210
1139712,1784191507229
1140736,1784191507259
1141760,1784191507279
1142784,1784191507299
1143808,1784191507320
1144832,1784191507349
1145856,1784191507370
1146880,1784191507389
1147904,1784191507420
1148928,1784191507439
1149952,1784191507459
1150976,1784191507489
1152000,1784191507509
1153024,1784191507530
1154048,1784191507559
1155072,1784191507580
1156096,1784191507599
1157120,1784191507629
1158144,1784191507649
1159168,1784191507669
1160192,1784191507699
1161216,1784191507720
1162240,1784191507739
1163264,1784191507770
1164288,1784191507789
1165312,1784191507809
1166336,1784191507839
1167360,1784191507860
1168384,1784191507879
1169408,1784191507910
1170432,1784191507929
1171456,1784191507949
1172480,1784191507979
1173504,1784191507999
1174528,1784191508019
1175552,1784191508039
