FrameID,timestamp_ms
0,1784196226428
1024,1784196226448
2048,1784196226468
3072,1784196226498
4096,1784196226519
5120,1784196226539
6144,1784196226569
7168,1784196226589
8192,1784196226608
9216,1784196226639
10240,1784196226659
11264,1784196226679
12288,1784196226709
13312,1784196226729
14336,1784196226749
15360,1784196226779
16384,1784196226799
17408,1784196226819
18432,1784196226848
19456,1784196226869
20480,1784196226889
21504,1784196226919
22528,1784196226939
23552,1784196226959
24576,1784196226989
25600,1784196227009
26624,1784196227028
27648,1784196227058
28672,1784196227078
29696,1784196227099
30720,1784196227119
31744,1784196227149
32768,1784196227169
33792,1784196227189
34816,1784196227218
35840,1784196227239
36864,1784196227259
37888,1784196227288
38912,1784196227309
39936,1784196227329
40960,1784196227359
41984,1784196227378
43008,1784196227399
44032,1784196227429
45056,1784196227448
46080,1784196227469
47104,1784196227499
48128,1784196227519
49152,1784196227539
50176,1784196227569
51200,1784196227589
52224,1784196227609
53248,1784196227639
54272,1784196227659
55296,1784196227679
56320,1784196227708
57344,1784196227729
58368,1784196227749
59392,1784196227769
60416,1784196227798
61440,1784196227819
62464,1784196227839
63488,1784196227869
64512,1784196227888
65536,1784196227909
66560,1784196227939
67584,1784196227958
68608,1784196227978
69632,1784196228009
70656,1784196228029
71680,1784196228049
72704,1784196228078
73728,1784196228099
74752,1784196228120
75776,1784196228148
76800,1784196228169
77824,1784196228189
78848,1784196228219
79872,1784196228238
80896,1784196228258
81920,1784196228289
82944,1784196228309
83968,1784196228329
84992,1784196228359
86016,1784196228379
87040,1784196228399
88064,1784196228429
89088,1784196228449
90112,1784196228469
91136,1784196228489
92160,1784196228519
93184,1784196228539
94208,1784196228559
95232,1784196228589
96256,1784196228609
97280,1784196228629
98304,1784196228659
99328,1784196228679
100352,1784196228699
101376,1784196228729
102400,1784196228749
103424,1784196228768
104448,1784196228799
105472,1784196228819
106496,1784196228839
107520,1784196228869
108544,1784196228889
109568,1784196228909
110592,1784196228939
111616,1784196228959
112640,1784196228979
113664,1784196229009
114688,1784196229028
115712,1784196229049
116736,1784196229079
117760,1784196229099
118784,1784196229119
119808,1784196229139
120832,1784196229168
121856,1784196229188
122880,1784196229209
123904,1784196229239
124928,1784196229259
125952,1784196229279
126976,1784196229309
128000,1784196229329
129024,1784196229349
130048,1784196229379
131072,1784196229399
132096,1784196229419
133120,1784196229449
134144,1784196229469
135168,1784196229489
136192,1784196229518
137216,1784196229539
138240,1784196229559
139264,1784196229589
140288,1784196229609
141312,1784196229628
142336,1784196229659
143360,1784196229679
144384,1784196229699
145408,1784196229729
146432,1784196229749
147456,1784196229769
148480,1784196229799
149504,1784196229819
150528,1784196229838
151552,1784196229859
152576,1784196229889
153600,1784196229909
154624,1784196229929
155648,1784196229959
156672,1784196229979
157696,1784196229999
158720,1784196230029
159744,1784196230048
160768,1784196230068
161792,1784196230099
162816,1784196230119
163840,1784196230139
164864,1784196230169
165888,1784196230189
166912,1784196230209
167936,1784196230239
168960,1784196230259
169984,1784196230279
171008,1784196230309
172032,1784196230329
173056,1784196230349
174080,1784196230379
175104,1784196230399
176128,1784196230419
177152,1784196230448
178176,1784196230469
179200,1784196230489
180224,1784196230509
181248,1784196230539
182272,1784196230559
183296,1784196230579
184320,1784196230609
185344,1784196230628
186368,1784196230649
187392,1784196230679
188416,1784196230699
189440,1784196230719
190464,1784196230749
191488,1784196230769
192512,1784196230789
193536,1784196230819
194560,1784196230839
195584,1784196230859
196608,1784196230889
197632,1784196230908
198656,1784196230929
199680,1784196230959
200704,1784196230979
201728,1784196230999
202752,1784196231028
203776,1784196231049
204800,1784196231069
205824,1784196231099
206848,1784196231118
207872,1784196231139
208896,1784196231169
209920,1784196231188
210944,1784196231208
211968,1784196231228
212992,1784196231259
214016,1784196231279
215040,1784196231299
216064,1784196231329
217088,1784196231349
218112,1784196231369
219136,1784196231399
220160,1784196231419
221184,1784196231439
222208,1784196231468
223232,1784196231489
224256,1784196231509
225280,1784196231539
226304,1784196231559
227328,1784196231579
228352,1784196231609
229376,1784196231628
230400,1784196231649
231424,1784196231679
232448,1784196231699
233472,1784196231719
234496,1784196231748
235520,1784196231768
236544,1784196231789
237568,1784196231819
238592,1784196231839
239616,1784196231859
240640,1784196231879
241664,1784196231909
242688,1784196231929
243712,1784196231948
244736,1784196231979
245760,1784196231999
246784,1784196232019
247808,1784196232049
248832,1784196232069
249856,1784196232089
250880,1784196232119
251904,1784196232139
252928,1784196232159
253952,1784196232189
254976,1784196232209
256000,1784196232229
257024,1784196232259
258048,1784196232279
259072,1784196232299
260096,1784196232329
261120,1784196232348
262144,1784196232369
263168,1784196232399
264192,1784196232418
265216,1784196232438
266240,1784196232469
267264,1784196232489
268288,1784196232509
269312,1784196232539
270336,1784196232559
271360,1784196232579
272384,1784196232599
273408,1784196232629
274432,1784196232648
275456,1784196232669
276480,1784196232699
277504,1784196232718
278528,1784196232739
279552,1784196232769
280576,1784196232789
281600,1784196232808
282624,1784196232839
283648,1784196232859
284672,1784196232878
285696,1784196232909
286720,1784196232929
287744,1784196232949
288768,1784196232979
289792,1784196232999
290816,1784196233018
291840,1784196233049
292864,1784196233069
293888,1784196233089
294912,1784196233119
295936,1784196233138
296960,1784196233159
297984,1784196233190
299008,1784196233209
300032,1784196233229
301056,1784196233249
302080,1784196233279
303104,1784196233299
304128,1784196233319
305152,1784196233348
306176,1784196233369
307200,1784196233389
308224,1784196233419
309248,1784196233439
310272,1784196233459
311296,1784196233489
312320,1784196233509
313344,1784196233529
314368,1784196233559
315392,1784196233579
316416,1784196233598
317440,1784196233629
318464,1784196233649
319488,1784196233669
320512,1784196233699
321536,1784196233718
322560,1784196233739
323584,1784196233769
324608,1784196233789
325632,1784196233809
326656,1784196233839
327680,1784196233859
328704,1784196233879
329728,1784196233908
330752,1784196233929
331776,1784196233949
332800,1784196233969
333824,1784196233999
334848,1784196234019
335872,1784196234039
336896,1784196234069
337920,1784196234088
338944,1784196234109
339968,1784196234139
340992,1784196234159
342016,1784196234179
343040,1784196234209
344064,1784196234229
345088,1784196234249
346112,1784196234278
347136,1784196234298
348160,1784196234319
349184,1784196234349
350208,1784196234368
351232,1784196234389
352256,1784196234419
353280,1784196234438
354304,1784196234458
355328,1784196234489
356352,1784196234509
357376,1784196234529
358400,1784196234559
359424,1784196234579
360448,1784196234598
361472,1784196234619
362496,1784196234649
363520,1784196234669
364544,1784196234689
365568,1784196234719
366592,1784196234738
367616,1784196234759
368640,1784196234789
369664,1784196234809
370688,1784196234828
371712,1784196234858
372736,1784196234879
373760,1784196234899
374784,1784196234929
375808,1784196234949
376832,1784196234969
377856,1784196234998
378880,1784196235019
379904,1784196235039
380928,1784196235069
381952,1784196235089
382976,1784196235108
384000,1784196235139
385024,1784196235159
386048,1784196235179
387072,1784196235208
388096,1784196235229
389120,1784196235249
390144,1784196235278
391168,1784196235298
392192,1784196235319
393216,1784196235339
394240,1784196235369
395264,1784196235388
396288,1784196235409
397312,1784196235438
398336,1784196235458
399360,1784196235478
400384,1784196235509
401408,1784196235529
402432,1784196235549
403456,1784196235579
404480,1784196235599
405504,1784196235618
406528,1784196235649
407552,1784196235669
408576,1784196235689
409600,1784196235719
410624,1784196235739
411648,1784196235758
412672,1784196235788
413696,1784196235809
414720,1784196235829
415744,1784196235859
416768,1784196235878
417792,1784196235899
418816,1784196235928
419840,1784196235948
420864,1784196235969
421888,1784196235989
422912,1784196236019
423936,1784196236039
424960,1784196236059
425984,1784196236089
427008,1784196236109
428032,1784196236128
429056,1784196236159
430080,1784196236179
431104,1784196236198
432128,1784196236228
433152,1784196236249
434176,1784196236269
435200,1784196236298
436224,1784196236319
437248,1784196236339
438272,1784196236369
439296,1784196236389
440320,1784196236409
441344,1784196236438
442368,1784196236459
443392,1784196236479
444416,1784196236509
445440,1784196236528
446464,1784196236549
447488,1784196236579
448512,1784196236599
449536,1784196236618
450560,1784196236638
451584,1784196236669
452608,1784196236689
453632,1784196236709
454656,1784196236738
455680,1784196236759
456704,1784196236779
457728,1784196236809
458752,1784196236829
459776,1784196236848
460800,1784196236879
461824,1784196236899
462848,1784196236919
463872,1784196236949
464896,1784196236969
465920,1784196236989
466944,1784196237018
467968,1784196237038
468992,1784196237059
470016,1784196237089
471040,1784196237109
472064,1784196237128
473088,1784196237159
474112,1784196237179
475136,1784196237199
476160,1784196237229
477184,1784196237249
478208,1784196237269
479232,1784196237299
480256,1784196237318
481280,1784196237338
482304,1784196237359
483328,1784196237389
484352,1784196237409
485376,1784196237429
486400,1784196237459
487424,1784196237478
488448,1784196237499
489472,1784196237529
490496,1784196237549
491520,1784196237568
492544,1784196237599
493568,1784196237619
494592,1784196237638
495616,1784196237668
496640,1784196237689
497664,1784196237709
498688,1784196237739
499712,1784196237759
500736,1784196237779
501760,1784196237809
502784,1784196237829
503808,1784196237849
504832,1784196237879
505856,1784196237899
506880,1784196237919
507904,1784196237949
508928,1784196237969
509952,1784196237989
510976,1784196238009
512000,1784196238038
513024,1784196238058
514048,1784196238079
515072,1784196238109
516096,1784196238129
517120,1784196238149
518144,1784196238179
519168,1784196238200
520192,1784196238218
521216,1784196238249
522240,1784196238269
523264,1784196238289
524288,1784196238318
525312,1784196238338
526336,1784196238359
527360,1784196238389
528384,1784196238409
529408,1784196238429
530432,1784196238459
531456,1784196238479
532480,1784196238498
533504,1784196238530
534528,1784196238549
535552,1784196238569
536576,1784196238599
537600,1784196238619
538624,1784196238639
539648,1784196238669
540672,1784196238689
541696,1784196238709
542720,1784196238729
543744,1784196238759
544768,1784196238779
545792,1784196238799
546816,1784196238829
547840,1784196238849
548864,1784196238868
549888,1784196238899
550912,1784196238919
551936,1784196238939
552960,1784196238969
553984,1784196238989
555008,1784196239009
556032,1784196239039
557056,1784196239059
558080,1784196239079
559104,1784196239108
560128,1784196239129
561152,1784196239148
562176,1784196239179
563200,1784196239198
564224,1784196239219
565248,1784196239248
566272,1784196239269
567296,1784196239289
568320,1784196239319
569344,1784196239339
570368,1784196239359
571392,1784196239379
572416,1784196239409
573440,1784196239428
574464,1784196239449
575488,1784196239478
576512,1784196239499
577536,1784196239519
578560,1784196239549
579584,1784196239569
580608,1784196239589
581632,1784196239619
582656,1784196239639
583680,1784196239659
584704,1784196239689
585728,1784196239709
586752,1784196239729
587776,1784196239759
588800,1784196239778
589824,1784196239799
590848,1784196239828
591872,1784196239849
592896,1784196239869
593920,1784196239899
594944,1784196239919
595968,1784196239939
596992,1784196239969
598016,1784196239989
599040,1784196240008
600064,1784196240038
601088,1784196240058
602112,1784196240078
603136,1784196240098
604160,1784196240128
605184,1784196240149
606208,1784196240169
607232,1784196240198
608256,1784196240219
609280,1784196240238
610304,1784196240269
611328,1784196240288
612352,1784196240309
613376,1784196240338
614400,1784196240359
615424,1784196240379
616448,1784196240409
617472,1784196240429
618496,1784196240448
619520,1784196240479
620544,1784196240498
621568,1784196240519
622592,1784196240548
623616,1784196240569
624640,1784196240589
625664,1784196240619
626688,1784196240639
627712,1784196240659
628736,1784196240689
629760,1784196240709
630784,1784196240729
631808,1784196240749
632832,1784196240779
633856,1784196240799
634880,1784196240818
635904,1784196240849
636928,1784196240868
637952,1784196240889
638976,1784196240919
640000,1784196240939
641024,1784196240958
642048,1784196240989
643072,1784196241009
644096,1784196241029
645120,1784196241059
646144,1784196241079
647168,1784196241099
648192,1784196241129
649216,1784196241149
650240,1784196241168
651264,1784196241199
652288,1784196241218
653312,1784196241239
654336,1784196241268
655360,1784196241289
656384,1784196241309
657408,1784196241339
658432,1784196241359
659456,1784196241379
660480,1784196241409
661504,1784196241428
662528,1784196241449
663552,1784196241469
664576,1784196241499
665600,1784196241519
666624,1784196241539
667648,1784196241569
668672,1784196241589
669696,1784196241609
670720,1784196241639
671744,1784196241659
672768,1784196241678
673792,1784196241709
674816,1784196241728
675840,1784196241749
676864,1784196241778
677888,1784196241799
678912,1784196241819
679936,1784196241849
680960,1784196241869
681984,1784196241889
683008,1784196241919
684032,1784196241939
685056,1784196241959
686080,1784196241989
687104,1784196242009
688128,1784196242029
689152,1784196242059
690176,1784196242078
691200,1784196242099
692224,1784196242119
693248,1784196242148
694272,1784196242169
695296,1784196242189
696320,1784196242219
697344,1784196242239
698368,1784196242259
699392,1784196242289
700416,1784196242309
701440,1784196242329
702464,1784196242359
703488,1784196242379
704512,1784196242398
705536,1784196242429
706560,1784196242449
707584,1784196242469
708608,1784196242499
709632,1784196242518
710656,1784196242539
711680,1784196242569
712704,1784196242589
713728,1784196242609
714752,1784196242639
715776,1784196242659
716800,1784196242678
717824,1784196242709
718848,1784196242728
719872,1784196242749
720896,1784196242778
721920,1784196242799
722944,1784196242819
723968,1784196242839
724992,1784196242869
726016,1784196242888
727040,1784196242908
728064,1784196242939
729088,1784196242959
730112,1784196242979
731136,1784196243009
732160,1784196243029
733184,1784196243049
734208,1784196243079
735232,1784196243099
736256,1784196243118
737280,1784196243149
738304,1784196243168
739328,1784196243189
740352,1784196243218
741376,1784196243239
742400,1784196243259
743424,1784196243289
744448,1784196243309
745472,1784196243329
746496,1784196243359
747520,1784196243379
748544,1784196243399
749568,1784196243429
750592,1784196243449
751616,1784196243469
752640,1784196243489
753664,1784196243519
754688,1784196243539
755712,1784196243559
756736,1784196243589
757760,1784196243609
758784,1784196243629
759808,1784196243659
760832,1784196243679
761856,1784196243699
762880,1784196243729
763904,1784196243749
764928,1784196243768
765952,1784196243799
766976,1784196243819
768000,1784196243839
769024,1784196243869
770048,1784196243889
771072,1784196243909
772096,1784196243939
773120,1784196243959
774144,1784196243978
775168,1784196244009
776192,1784196244029
777216,1784196244048
778240,1784196244079
779264,1784196244099
780288,1784196244119
781312,1784196244149
782336,1784196244169
783360,1784196244189
784384,1784196244209
785408,1784196244239
786432,1784196244259
787456,1784196244279
788480,1784196244308
789504,1784196244329
790528,1784196244349
791552,1784196244379
792576,1784196244399
793600,1784196244419
794624,1784196244449
795648,1784196244469
796672,1784196244489
797696,1784196244519
798720,1784196244539
799744,1784196244559
800768,1784196244589
801792,1784196244609
802816,1784196244628
803840,1784196244659
804864,1784196244678
805888,1784196244699
806912,1784196244728
807936,1784196244749
808960,1784196244769
809984,1784196244799
811008,1784196244819
812032,1784196244839
813056,1784196244859
814080,1784196244889
815104,1784196244909
816128,1784196244929
817152,1784196244959
818176,1784196244979
819200,1784196244999
820224,1784196245029
821248,1784196245049
822272,1784196245069
823296,1784196245098
824320,1784196245119
825344,1784196245139
826368,1784196245169
827392,1784196245189
828416,1784196245209
829440,1784196245239
830464,1784196245259
831488,1784196245279
832512,1784196245309
833536,1784196245329
834560,1784196245348
835584,1784196245379
836608,1784196245399
837632,1784196245419
838656,1784196245449
839680,1784196245469
840704,1784196245488
841728,1784196245519
842752,1784196245539
843776,1784196245559
844800,1784196245579
845824,1784196245609
846848,1784196245629
847872,1784196245649
848896,1784196245679
849920,1784196245699
850944,1784196245719
851968,1784196245749
852992,1784196245769
854016,1784196245788
855040,1784196245819
856064,1784196245838
857088,1784196245859
858112,1784196245888
859136,1784196245909
860160,1784196245929
861184,1784196245959
862208,1784196245979
863232,1784196245999
864256,1784196246029
865280,1784196246049
866304,1784196246069
867328,1784196246099
868352,1784196246119
869376,1784196246138
870400,1784196246169
871424,1784196246188
872448,1784196246209
873472,1784196246229
874496,1784196246259
875520,1784196246279
876544,1784196246299
877568,1784196246329
878592,1784196246349
879616,1784196246369
880640,1784196246399
881664,1784196246419
882688,1784196246439
883712,1784196246469
884736,1784196246489
885760,1784196246509
886784,1784196246539
887808,1784196246559
888832,1784196246578
889856,1784196246609
890880,1784196246628
891904,1784196246649
892928,1784196246678
893952,1784196246699
894976,1784196246719
896000,1784196246749
897024,1784196246769
898048,1784196246789
899072,1784196246819
900096,1784196246838
901120,1784196246859
902144,1784196246879
903168,1784196246909
904192,1784196246929
905216,1784196246949
906240,1784196246979
907264,1784196246998
908288,1784196247019
909312,1784196247048
910336,1784196247069
911360,1784196247089
912384,1784196247119
913408,1784196247139
914432,1784196247158
915456,1784196247189
916480,1784196247209
917504,1784196247229
918528,1784196247259
919552,1784196247279
920576,1784196247298
921600,1784196247329
922624,1784196247348
923648,1784196247369
924672,1784196247398
925696,1784196247419
926720,1784196247439
927744,1784196247469
928768,1784196247488
929792,1784196247509
930816,1784196247539
931840,1784196247558
932864,1784196247579
933888,1784196247599
934912,1784196247628
935936,1784196247648
936960,1784196247669
937984,1784196247698
939008,1784196247719
940032,1784196247739
941056,1784196247768
942080,1784196247788
943104,1784196247809
944128,1784196247838
945152,1784196247859
946176,1784196247879
947200,1784196247909
948224,1784196247929
949248,1784196247949
950272,1784196247979
951296,1784196247998
952320,1784196248018
953344,1784196248049
954368,1784196248068
955392,1784196248088
